/*--------------------------------*- C++ -*----------------------------------*\
  =========                 |
  \\      /  F ield         | OpenFOAM: The Open Source CFD Toolbox
   \\    /   O peration     | Website:  https://openfoam.org
    \\  /    A nd           | Version:  7
     \\/     M anipulation  |
\*---------------------------------------------------------------------------*/
FoamFile
{
    version     2.0;
    format      ascii;
    class       surfaceScalarField;
    location    "20";
    object      phi;
}
// * * * * * * * * * * * * * * * * * * * * * * * * * * * * * * * * * * * * * //

dimensions      [0 3 -1 0 0 0 0];

internalField   nonuniform List<scalar> 
6320
(
6.06076e-06
-5.12341e-05
-0.000170592
6.33201e-06
-5.75661e-05
2.52477e-05
-0.000189507
-0.000345507
6.59376e-06
-6.41599e-05
2.62034e-05
-0.000209117
5.94015e-05
-0.000378706
0.000106742
-0.000574173
-0.000796624
6.8443e-06
-7.10042e-05
2.71057e-05
-0.000229378
6.12747e-05
-0.000412875
0.000109806
-0.000622703
0.000173056
-0.000859875
0.000251224
-0.00112504
-0.00141842
7.08165e-06
-7.80859e-05
2.79474e-05
-0.000250244
6.29956e-05
-0.000447923
0.000112571
-0.000672279
0.000176899
-0.000924203
0.000256016
-0.00120416
0.000349699
-0.0015121
0.000457393
-0.00184738
-0.00220866
7.30365e-06
-8.53895e-05
2.87201e-05
-0.000271661
6.45466e-05
-0.000483749
0.000115008
-0.000722741
0.000180189
-0.000989383
0.000259958
-0.00128393
0.000353901
-0.00160605
0.000461256
-0.00195474
0.000580856
-0.00232826
0.000711105
-0.00272411
-0.00313903
7.50793e-06
-9.28974e-05
2.94154e-05
-0.000293568
6.59096e-05
-0.000520244
0.000117087
-0.000773918
0.000182881
-0.00105518
0.000262988
-0.00136404
0.000356801
-0.00169986
0.000463349
-0.00206128
0.000581258
-0.00244617
0.000708742
-0.0028516
0.000843624
-0.00327391
0.0009834
-0.0037088
-0.00415142
7.69207e-06
-0.00010059
3.00244e-05
-0.0003159
6.70659e-05
-0.000557285
0.000118777
-0.000825629
0.000184932
-0.00112133
0.00026505
-0.00144415
0.000358329
-0.00179314
0.000463594
-0.00216655
0.000579275
-0.00256185
0.000703411
-0.00297573
0.000833697
-0.0034042
0.000967566
-0.00384267
0.00110231
-0.00428617
0.00123523
-0.00472959
-0.00516739
0.00136373
7.85356e-06
-0.000108443
3.05383e-05
-0.000338585
6.79974e-05
-0.000594744
0.000120047
-0.000877679
0.000186299
-0.00118758
0.00026609
-0.00152394
0.000358422
-0.00188547
0.000461925
-0.00227005
0.000574845
-0.00267477
0.000695066
-0.00309596
0.00082018
-0.00352931
0.000947587
-0.00397008
0.00107463
-0.00441322
0.00119876
-0.00485372
-0.00528625
0.00131762
7.98992e-06
-0.000116433
3.09484e-05
-0.000361544
6.86862e-05
-0.000632482
0.00012087
-0.000929863
0.000186943
-0.00125366
0.000266058
-0.00160306
0.000357028
-0.00197644
0.000458292
-0.00237132
0.000567928
-0.00278441
0.000683688
-0.00321172
0.000803087
-0.00364871
0.000923522
-0.00409051
0.00104242
-0.00453211
0.00115739
-0.00496868
-0.00539521
0.00126634
8.09873e-06
-0.000124532
3.12463e-05
-0.000384691
6.91158e-05
-0.000670351
0.000121219
-0.000981967
0.000186829
-0.00131927
0.000264915
-0.00168115
0.000354103
-0.00206563
0.000452658
-0.00246987
0.000558503
-0.00289025
0.000669284
-0.0033225
0.000782465
-0.00376189
0.00089547
-0.00420351
0.00100583
-0.00464247
0.00111134
-0.0050742
-0.00549405
0.00121019
8.17768e-06
-0.000132709
3.14243e-05
-0.000407938
6.92708e-05
-0.000708198
0.000121072
-0.00103377
0.000185927
-0.00138412
0.000262628
-0.00175785
0.000349619
-0.00215262
0.000445003
-0.00256526
0.000546572
-0.00299182
0.000651886
-0.00342781
0.000758392
-0.0038684
0.000863564
-0.00430869
0.000965065
-0.00474398
0.00106089
-0.00517003
-0.00558266
0.0011495
8.22462e-06
-0.000140934
3.14751e-05
-0.000431188
6.91378e-05
-0.000745861
0.000120408
-0.00108504
0.000184214
-0.00144793
0.000259171
-0.0018328
0.000343557
-0.00223701
0.000435325
-0.00265702
0.000532158
-0.00308865
0.000631557
-0.00352721
0.000730976
-0.00396782
0.000827968
-0.00440568
0.000920349
-0.00483636
0.00100633
-0.00525601
-0.00566096
0.00108463
8.23756e-06
-0.000149172
3.13925e-05
-0.000454343
6.8705e-05
-0.000783173
0.000119211
-0.00113554
0.000181671
-0.00151039
0.000254531
-0.00190566
0.000335913
-0.00231839
0.00042364
-0.00274475
0.000515305
-0.00318032
0.000608379
-0.00362029
0.000700349
-0.00405979
0.000788873
-0.0044942
0.000871935
-0.00491942
0.000947968
-0.00533204
-0.00572894
0.00101595
8.21477e-06
-0.000157386
3.1171e-05
-0.0004773
6.79631e-05
-0.000819965
0.000117469
-0.00118505
0.000178286
-0.00157121
0.000248702
-0.00197608
0.000326695
-0.00239638
0.000409977
-0.00282803
0.000496077
-0.00326642
0.000582459
-0.00370667
0.00066667
-0.004144
0.000746493
-0.00457403
0.000820095
-0.00499302
0.000886136
-0.00539808
-0.00578665
0.000943845
8.15611e-06
-0.000165542
3.08092e-05
-0.000499953
6.69091e-05
-0.000856065
0.00011518
-0.00123332
0.000174063
-0.00163009
0.000241697
-0.00204371
0.000315933
-0.00247062
0.000394395
-0.00290649
0.000474567
-0.00334659
0.000553934
-0.00378603
0.000630126
-0.00422019
0.000701069
-0.00464497
0.000765125
-0.00505708
0.000821181
-0.00545414
-0.00583417
0.000868704
8.05789e-06
-0.0001736
3.02985e-05
-0.000522193
6.55309e-05
-0.000891297
0.000112331
-0.00128012
0.000168991
-0.00168675
0.000233516
-0.00210824
0.000303647
-0.00254075
0.000376938
-0.00297978
0.000450856
-0.00342051
0.000522929
-0.00385811
0.000590889
-0.00428815
0.000652824
-0.0047069
0.000707298
-0.00511155
0.000753421
-0.00550026
-0.00587163
0.000790883
7.9205e-06
-0.000181521
2.96396e-05
-0.000543912
6.38303e-05
-0.000925488
0.000108927
-0.00132522
0.000163086
-0.00174091
0.000224189
-0.00216934
0.00028989
-0.00260645
0.000357691
-0.00304759
0.000425068
-0.00348789
0.000489611
-0.00392265
0.000549175
-0.00434771
0.000602023
-0.00475975
0.000646922
-0.00515645
0.000683201
-0.00553654
-0.00589919
0.00071076
7.74334e-06
-0.000189264
2.88314e-05
-0.000565
6.1808e-05
-0.000958465
0.000104975
-0.00136838
0.000156363
-0.0017923
0.000213752
-0.00222673
0.00027472
-0.00266742
0.000336746
-0.00310961
0.000397331
-0.00354847
0.000454151
-0.00397947
0.000505201
-0.00439876
0.000548924
-0.00480347
0.000584294
-0.00519182
0.000610853
-0.0055631
-0.00591703
0.000628689
7.52613e-06
-0.00019679
2.78744e-05
-0.000585349
5.94672e-05
-0.000990058
0.000100485
-0.0014094
0.000148847
-0.00184066
0.000202244
-0.00228013
0.000258205
-0.00272338
0.000314202
-0.00316561
0.000367785
-0.00360205
0.000416731
-0.00402842
0.000459189
-0.00444122
0.000493788
-0.00483807
0.000519709
-0.00521774
0.000536695
-0.00558008
-0.00592534
0.00054501
7.26891e-06
-0.000204059
2.677e-05
-0.00060485
5.68139e-05
-0.0010201
9.54708e-05
-0.00144806
0.000140565
-0.00188575
0.000189716
-0.00232928
0.000240422
-0.00277408
0.00029017
-0.00321536
0.000336577
-0.00364846
0.00037754
-0.00406938
0.000411366
-0.00447505
0.000436877
-0.00486358
0.000453456
-0.00523432
0.000461035
-0.00558766
-0.00592435
0.000460042
6.97207e-06
-0.000211031
2.5521e-05
-0.000623399
5.38565e-05
-0.00104844
8.9952e-05
-0.00148415
0.000131552
-0.00192735
0.000176225
-0.00237395
0.000221457
-0.00281932
0.00026477
-0.00325867
0.000303865
-0.00368756
0.00033677
-0.00410228
0.00036196
-0.00450024
0.000378448
-0.00488007
0.000385814
-0.00524168
0.00038417
-0.00558602
-0.00591427
0.000374089
6.63633e-06
-0.000217668
2.41312e-05
-0.000640894
5.06056e-05
-0.00107491
8.39508e-05
-0.0015175
0.000121848
-0.00196525
0.000161834
-0.00241394
0.000201403
-0.00285888
0.000238128
-0.00329539
0.000269811
-0.00371924
0.000294619
-0.00412709
0.0003112
-0.00451682
0.000318757
-0.00488763
0.000317055
-0.00523998
0.000306377
-0.00557534
-0.00589532
0.000287431
6.2627e-06
-0.00022393
2.26057e-05
-0.000657237
4.70743e-05
-0.00109938
7.74932e-05
-0.00154792
0.000111498
-0.00199925
0.000146613
-0.00244905
0.000180357
-0.00289263
0.000210375
-0.00332541
0.00023458
-0.00374345
0.000251286
-0.0041438
0.000259314
-0.00452485
0.00025805
-0.00488636
0.000247439
-0.00522937
0.000227922
-0.00555582
-0.00586774
0.000200333
5.85253e-06
-0.000229783
2.09505e-05
-0.000672335
4.32775e-05
-0.00112171
7.06082e-05
-0.00157525
0.000100551
-0.0020292
0.000130635
-0.00247914
0.000158424
-0.00292042
0.000181647
-0.00334864
0.000198341
-0.00376014
0.00020697
-0.00415243
0.000206526
-0.0045244
0.000196571
-0.00487641
0.000177216
-0.00521002
0.000149044
-0.00552765
-0.00583173
0.00011304
5.4074e-06
-0.00023519
1.91725e-05
-0.0006861
3.92323e-05
-0.00114177
6.33279e-05
-0.00159934
8.90589e-05
-0.00205493
0.000113978
-0.00250406
0.00013571
-0.00294215
0.000152084
-0.00336501
0.000161264
-0.00376932
0.00016187
-0.00415303
0.000153059
-0.00451559
0.00013456
-0.00485791
0.000106644
-0.0051821
6.99698e-05
-0.00549098
-0.0057872
2.54406e-05
4.92921e-06
-0.000240119
1.72795e-05
-0.00069845
3.49571e-05
-0.00115944
5.56866e-05
-0.00162007
7.70768e-05
-0.00207632
9.67226e-05
-0.0025237
0.000112325
-0.00295775
0.000121824
-0.00337451
0.000123519
-0.00377102
0.000116182
-0.0041457
9.91291e-05
-0.00449854
7.22446e-05
-0.00483102
3.59682e-05
-0.00514583
-8.76862e-06
-0.00544624
-0.00573472
-6.12553e-05
4.42005e-06
-0.00024454
1.52803e-05
-0.00070931
3.04717e-05
-0.00117464
4.77202e-05
-0.00163732
6.46621e-05
-0.00209326
7.8951e-05
-0.00253799
8.83799e-05
-0.00296718
9.10073e-05
-0.00337713
8.52741e-05
-0.00376528
7.01e-05
-0.00413052
4.49469e-05
-0.00447339
9.84191e-06
-0.00479592
-3.46585e-05
-0.00510133
-8.76143e-05
-0.00539329
-0.00567465
-0.000147683
3.88223e-06
-0.000248422
1.31839e-05
-0.000718612
2.57971e-05
-0.00118725
3.94664e-05
-0.00165099
5.18732e-05
-0.00210567
6.07466e-05
-0.00254686
6.39845e-05
-0.00297042
5.97734e-05
-0.00337292
4.66957e-05
-0.0037522
2.38132e-05
-0.00410764
-9.27815e-06
-0.00444029
-5.24283e-05
-0.00475277
-0.000104964
-0.00504879
-0.000165796
-0.00533245
-0.00560689
-0.000233551
3.31822e-06
-0.00025174
1.10001e-05
-0.000726294
2.09549e-05
-0.0011972
3.09635e-05
-0.001661
3.87694e-05
-0.00211347
4.21928e-05
-0.00255029
3.92486e-05
-0.00296747
2.82584e-05
-0.00336193
7.9461e-06
-0.00373189
-2.24923e-05
-0.0040772
-6.33422e-05
-0.00439944
-0.000114352
-0.00470176
-0.000174747
-0.00498839
-0.00024332
-0.00526388
-0.00553161
-0.000318599
2.73063e-06
-0.000254471
8.73889e-06
-0.000732302
1.59674e-05
-0.00120443
2.22502e-05
-0.00166728
2.54096e-05
-0.00211663
2.33715e-05
-0.00254825
1.4279e-05
-0.00295838
-3.40532e-06
-0.00334425
-3.08179e-05
-0.00370448
-6.8636e-05
-0.00403938
-0.000117045
-0.00435103
-0.000175717
-0.00464309
-0.000243804
-0.00492031
-0.000319988
-0.0051877
-0.00544894
-0.000402662
2.12221e-06
-0.000256593
6.41054e-06
-0.00073659
1.08571e-05
-0.00120888
1.33652e-05
-0.00166979
1.18521e-05
-0.00211512
4.36304e-06
-0.00254076
-1.08214e-05
-0.0029432
-3.50923e-05
-0.00331998
-6.94458e-05
-0.00367013
-0.000114444
-0.00399439
-0.000170193
-0.00429529
-0.000236316
-0.00457697
-0.000311923
-0.0048447
-0.000395608
-0.00510401
-0.00535897
-0.000485577
1.49581e-06
-0.000258089
4.02549e-06
-0.00073912
5.64618e-06
-0.0012105
4.34664e-06
-0.00166849
-1.84632e-06
-0.00210893
-1.47564e-05
-0.00252785
-3.59546e-05
-0.002922
-6.66816e-05
-0.00328925
-0.000107796
-0.00362901
-0.000159752
-0.00394243
-0.000222595
-0.00423244
-0.000295936
-0.00450362
-0.000378887
-0.00476175
-0.000469983
-0.00501292
-0.00526176
-0.000567191
8.55028e-07
-0.000258944
1.59388e-06
-0.000739859
3.56759e-07
-0.00120926
-4.76845e-06
-0.00166337
-1.56319e-05
-0.00209806
-3.39131e-05
-0.00250957
-6.10284e-05
-0.00289488
-9.80632e-05
-0.00325222
-0.000145738
-0.00358134
-0.000204406
-0.00388376
-0.000274071
-0.00416278
-0.000354367
-0.00442333
-0.000444467
-0.00467165
-0.000542905
-0.00491448
-0.00515731
-0.000647353
1.99075e-07
-0.000259143
-8.74133e-07
-0.000738786
-4.98937e-06
-0.00120515
-1.3944e-05
-0.00165441
-2.94517e-05
-0.00208255
-5.30387e-05
-0.00248598
-8.59583e-05
-0.00286196
-0.000129137
-0.00320904
-0.000183154
-0.00352732
-0.000248269
-0.00381865
-0.000324451
-0.0040866
-0.000411395
-0.00433638
-0.000508414
-0.00457463
-0.000614143
-0.00480875
-4.6726e-07
-0.000258675
-3.36787e-06
-0.000735885
-1.03712e-05
-0.00119814
-2.31453e-05
-0.00164164
-4.32568e-05
-0.00206244
-7.20693e-05
-0.00245717
-0.000110667
-0.00282337
-0.000159814
-0.00315989
-0.000219946
-0.00346719
-0.000291222
-0.00374737
-0.000373585
-0.00400423
-0.000466817
-0.00424315
-0.000570456
-0.00447099
-1.13678e-06
-0.000257539
-5.87775e-06
-0.000731144
-1.57683e-05
-0.00118825
-3.23393e-05
-0.00162507
-5.70006e-05
-0.00203778
-9.09462e-05
-0.00242322
-0.000135087
-0.00277923
-0.000190018
-0.00310496
-0.000256031
-0.00340117
-0.000333174
-0.00367023
-0.000421355
-0.00391605
-0.000520445
-0.00414406
-1.81245e-06
-0.000255726
-8.39429e-06
-0.000724562
-2.11608e-05
-0.00117549
-4.14942e-05
-0.00160473
-7.06392e-05
-0.00200864
-0.000109615
-0.00238425
-0.000159155
-0.00272968
-0.000219686
-0.00304443
-0.000291348
-0.00332951
-0.000374068
-0.00358751
-0.000467687
-0.00382243
-0.00403962
-2.49001e-06
-0.000253236
-1.09079e-05
-0.000716144
-2.65294e-05
-0.00115987
-5.05794e-05
-0.00158068
-8.4131e-05
-0.00197509
-0.000128025
-0.00234036
-0.000182817
-0.00267489
-0.000248764
-0.00297848
-0.000325854
-0.00325242
-0.000413878
-0.00349948
-0.000512568
-0.00372374
-3.16666e-06
-0.00025007
-1.34092e-05
-0.000705902
-3.18553e-05
-0.00114142
-5.95654e-05
-0.00155297
-9.7436e-05
-0.00193721
-0.000146127
-0.00229166
-0.00020602
-0.002615
-0.000277205
-0.0029073
-0.000359521
-0.00317011
-0.000452617
-0.00340639
-3.83783e-06
-0.000246232
-1.58853e-05
-0.000693854
-3.7115e-05
-0.00112019
-6.84171e-05
-0.00152167
-0.000110508
-0.00189512
-0.000163869
-0.0022383
-0.000228706
-0.00255016
-0.000304955
-0.00283105
-0.000392314
-0.00308275
-0.0033084
-4.50453e-06
-0.000241727
-1.83342e-05
-0.000680025
-4.23007e-05
-0.00109622
-7.71188e-05
-0.00148685
-0.000123324
-0.00184892
-0.000181217
-0.00218041
-0.000250839
-0.00248054
-0.000331977
-0.00274991
-0.000424205
-0.00299052
-5.16227e-06
-0.000236565
-2.07436e-05
-0.000664443
-4.73896e-05
-0.00106958
-8.56371e-05
-0.00144861
-0.000135839
-0.00179872
-0.00019812
-0.00211813
-0.000272357
-0.0024063
-0.0003582
-0.00266407
-5.80857e-06
-0.000230756
-2.31049e-05
-0.000647147
-5.2365e-05
-0.00104032
-9.39457e-05
-0.00140702
-0.000148018
-0.00174464
-0.000214532
-0.00205162
-0.000293208
-0.00232763
-0.00257371
-6.44102e-06
-0.000224315
-2.54098e-05
-0.000628178
-5.72108e-05
-0.00100852
-0.00010202
-0.00136222
-0.000159827
-0.00168684
-0.000230411
-0.00198103
-0.00031334
-0.0022447
-7.05735e-06
-0.000217258
-2.76507e-05
-0.000607585
-6.19119e-05
-0.000974255
-0.000109836
-0.00131429
-0.000171235
-0.00162544
-0.000245719
-0.00190655
-0.00215771
-7.65537e-06
-0.000209603
-2.98203e-05
-0.00058542
-6.64542e-05
-0.000937621
-0.000117374
-0.00126337
-0.000182214
-0.0015606
-0.000260422
-0.00182834
-8.23305e-06
-0.00020137
-3.19118e-05
-0.000561741
-7.08248e-05
-0.000898708
-0.000124612
-0.00120958
-0.000192737
-0.00149247
-0.00174659
-8.78848e-06
-0.000192581
-3.39188e-05
-0.000536611
-7.50116e-05
-0.000857615
-0.000131534
-0.00115306
-0.000202783
-0.00142122
-0.00166147
-9.31992e-06
-0.000183261
-3.58357e-05
-0.000510095
-7.90038e-05
-0.000814447
-0.000138124
-0.00109394
-0.000212331
-0.00134702
-9.82574e-06
-0.000173435
-3.76572e-05
-0.000482264
-8.27915e-05
-0.000769313
-0.000144366
-0.00103237
-0.00127002
-1.03045e-05
-0.000163131
-3.93784e-05
-0.00045319
-8.63656e-05
-0.000722326
-0.000150249
-0.000968483
-0.00119041
-1.07547e-05
-0.000152376
-4.09949e-05
-0.000422949
-8.9718e-05
-0.000673603
-0.000155759
-0.000902442
-1.11752e-05
-0.000141201
-4.25026e-05
-0.000391622
-9.2841e-05
-0.000623264
-0.000834396
-1.15648e-05
-0.000129636
-4.38979e-05
-0.000359289
-9.57279e-05
-0.000571434
-0.000764503
-1.19224e-05
-0.000117714
-4.51772e-05
-0.000326034
-9.83724e-05
-0.000518239
-0.000692921
-1.22471e-05
-0.000105467
-4.63375e-05
-0.000291944
-0.000100769
-0.000463808
-0.000619811
-1.2538e-05
-9.29287e-05
-4.73761e-05
-0.000257106
-0.000102912
-0.000408272
-1.27943e-05
-8.01343e-05
-4.82904e-05
-0.00022161
-0.000351764
-1.30153e-05
-6.71191e-05
-4.90782e-05
-0.000185547
-0.000294421
-1.32004e-05
-5.39187e-05
-4.97376e-05
-0.000149009
-0.000236379
-1.33491e-05
-4.05696e-05
-5.02671e-05
-0.000112091
-0.000177777
-1.34609e-05
-2.71087e-05
-5.06653e-05
-7.4887e-05
-0.000118752
-1.35357e-05
-1.3573e-05
-5.09313e-05
-3.74914e-05
-5.94466e-05
-1.35731e-05
1.78279e-12
-5.10644e-05
4.96399e-12
7.92525e-12
-1.35731e-05
1.35731e-05
-5.10644e-05
3.74914e-05
5.94466e-05
-1.35357e-05
2.71087e-05
-5.09313e-05
7.48871e-05
0.000118752
-1.34609e-05
4.05696e-05
-5.06653e-05
0.000112091
0.000177777
-1.33491e-05
5.39187e-05
-5.02671e-05
0.000149009
0.000236379
-1.32004e-05
6.71191e-05
-4.97376e-05
0.000185547
0.000294421
-1.30153e-05
8.01344e-05
-4.90782e-05
0.00022161
0.000351764
-1.27943e-05
9.29287e-05
-4.82904e-05
0.000257106
0.000408272
-1.2538e-05
0.000105467
-4.73761e-05
0.000291944
-0.000102912
0.000463808
0.000619811
-1.22471e-05
0.000117714
-4.63375e-05
0.000326034
-0.000100769
0.000518239
0.000692921
-1.19224e-05
0.000129636
-4.51772e-05
0.000359289
-9.83724e-05
0.000571434
0.000764503
-1.15648e-05
0.000141201
-4.38979e-05
0.000391622
-9.57279e-05
0.000623264
0.000834396
-1.11752e-05
0.000152376
-4.25026e-05
0.000422949
-9.2841e-05
0.000673603
0.000902442
-1.07547e-05
0.000163131
-4.09949e-05
0.00045319
-8.9718e-05
0.000722326
-0.000155759
0.000968483
0.00119041
-1.03045e-05
0.000173435
-3.93784e-05
0.000482264
-8.63656e-05
0.000769313
-0.000150249
0.00103237
0.00127002
-9.82575e-06
0.000183261
-3.76572e-05
0.000510095
-8.27915e-05
0.000814447
-0.000144366
0.00109394
0.00134702
-9.31992e-06
0.000192581
-3.58357e-05
0.000536611
-7.90038e-05
0.000857615
-0.000138124
0.00115306
-0.000212331
0.00142122
0.00166147
-8.78848e-06
0.00020137
-3.39188e-05
0.000561741
-7.50116e-05
0.000898708
-0.000131534
0.00120958
-0.000202783
0.00149247
0.00174659
-8.23305e-06
0.000209603
-3.19118e-05
0.00058542
-7.08248e-05
0.000937621
-0.000124612
0.00126337
-0.000192737
0.0015606
0.00182834
-7.65537e-06
0.000217258
-2.98203e-05
0.000607585
-6.64542e-05
0.000974255
-0.000117374
0.00131429
-0.000182214
0.00162544
-0.000260422
0.00190655
0.00215771
-7.05735e-06
0.000224315
-2.76507e-05
0.000628178
-6.19119e-05
0.00100852
-0.000109836
0.00136222
-0.000171235
0.00168684
-0.000245719
0.00198103
0.0022447
-6.44103e-06
0.000230756
-2.54098e-05
0.000647147
-5.72108e-05
0.00104032
-0.00010202
0.00140702
-0.000159827
0.00174464
-0.000230411
0.00205162
-0.00031334
0.00232763
0.00257371
-5.80857e-06
0.000236565
-2.31049e-05
0.000664443
-5.2365e-05
0.00106958
-9.39457e-05
0.00144861
-0.000148018
0.00179872
-0.000214532
0.00211813
-0.000293208
0.00240631
0.00266407
-5.16227e-06
0.000241727
-2.07436e-05
0.000680025
-4.73896e-05
0.00109622
-8.56371e-05
0.00148685
-0.000135839
0.00184892
-0.00019812
0.00218041
-0.000272357
0.00248054
-0.0003582
0.00274991
0.00299052
-4.50453e-06
0.000246232
-1.83342e-05
0.000693854
-4.23007e-05
0.00112019
-7.71188e-05
0.00152167
-0.000123324
0.00189512
-0.000181217
0.0022383
-0.000250839
0.00255016
-0.000331977
0.00283105
-0.000424205
0.00308275
0.0033084
-3.83783e-06
0.00025007
-1.58853e-05
0.000705902
-3.7115e-05
0.00114142
-6.84171e-05
0.00155297
-0.000110508
0.00193721
-0.000163869
0.00229166
-0.000228706
0.002615
-0.000304955
0.0029073
-0.000392314
0.00317011
0.00340639
-3.16666e-06
0.000253236
-1.34092e-05
0.000716144
-3.18553e-05
0.00115987
-5.95654e-05
0.00158068
-9.74361e-05
0.00197509
-0.000146127
0.00234036
-0.00020602
0.00267489
-0.000277205
0.00297848
-0.000359521
0.00325242
-0.000452617
0.00349948
0.00372374
-2.49001e-06
0.000255726
-1.09079e-05
0.000724562
-2.65294e-05
0.00117549
-5.05794e-05
0.00160473
-8.41311e-05
0.00200864
-0.000128025
0.00238425
-0.000182817
0.00272968
-0.000248764
0.00304443
-0.000325854
0.00332951
-0.000413878
0.00358751
-0.000512568
0.00382243
0.00403962
-1.81245e-06
0.000257539
-8.39429e-06
0.000731144
-2.11608e-05
0.00118825
-4.14942e-05
0.00162507
-7.06392e-05
0.00203778
-0.000109615
0.00242322
-0.000159155
0.00277923
-0.000219686
0.00310496
-0.000291348
0.00340117
-0.000374068
0.00367023
-0.000467687
0.00391605
0.00414406
-1.13678e-06
0.000258675
-5.87775e-06
0.000735885
-1.57683e-05
0.00119814
-3.23393e-05
0.00164164
-5.70006e-05
0.00206244
-9.09462e-05
0.00245717
-0.000135087
0.00282337
-0.000190018
0.00315989
-0.000256031
0.00346719
-0.000333174
0.00374737
-0.000421355
0.00400423
-0.000520445
0.00424315
0.00447099
-4.6726e-07
0.000259143
-3.36787e-06
0.000738786
-1.03712e-05
0.00120515
-2.31453e-05
0.00165441
-4.32568e-05
0.00208255
-7.20693e-05
0.00248598
-0.000110667
0.00286196
-0.000159814
0.00320904
-0.000219946
0.00352732
-0.000291222
0.00381865
-0.000373585
0.0040866
-0.000466817
0.00433638
-0.000570456
0.00457463
0.00480875
1.99075e-07
0.000258944
-8.74134e-07
0.000739859
-4.98937e-06
0.00120926
-1.3944e-05
0.00166337
-2.94517e-05
0.00209806
-5.30387e-05
0.00250957
-8.59584e-05
0.00289488
-0.000129137
0.00325222
-0.000183154
0.00358134
-0.000248269
0.00388376
-0.000324451
0.00416278
-0.000411395
0.00442333
-0.000508415
0.00467165
-0.000614143
0.00491448
0.00515731
8.55028e-07
0.000258089
1.59388e-06
0.00073912
3.56759e-07
0.0012105
-4.76845e-06
0.00166849
-1.56319e-05
0.00210893
-3.39131e-05
0.00252785
-6.10284e-05
0.002922
-9.80632e-05
0.00328925
-0.000145738
0.00362901
-0.000204406
0.00394243
-0.000274071
0.00423244
-0.000354367
0.00450362
-0.000444467
0.00476175
-0.000542905
0.00501292
0.00526176
-0.000647353
1.49581e-06
0.000256593
4.02549e-06
0.00073659
5.64618e-06
0.00120888
4.34664e-06
0.00166979
-1.84632e-06
0.00211512
-1.47564e-05
0.00254076
-3.59546e-05
0.0029432
-6.66816e-05
0.00331998
-0.000107796
0.00367013
-0.000159752
0.00399439
-0.000222595
0.00429529
-0.000295936
0.00457697
-0.000378887
0.0048447
-0.000469983
0.00510401
0.00535897
-0.000567191
2.12221e-06
0.000254471
6.41054e-06
0.000732302
1.08571e-05
0.00120443
1.33652e-05
0.00166728
1.18521e-05
0.00211663
4.36304e-06
0.00254825
-1.08214e-05
0.00295838
-3.50923e-05
0.00334425
-6.94458e-05
0.00370448
-0.000114444
0.00403938
-0.000170193
0.00435103
-0.000236316
0.00464309
-0.000311923
0.00492031
-0.000395608
0.0051877
0.00544894
-0.000485577
2.73063e-06
0.00025174
8.73889e-06
0.000726294
1.59674e-05
0.0011972
2.22502e-05
0.001661
2.54096e-05
0.00211347
2.33715e-05
0.00255029
1.4279e-05
0.00296747
-3.40533e-06
0.00336193
-3.0818e-05
0.00373189
-6.8636e-05
0.0040772
-0.000117045
0.00439944
-0.000175717
0.00470176
-0.000243804
0.00498839
-0.000319988
0.00526388
0.00553161
-0.000402662
3.31822e-06
0.000248422
1.10001e-05
0.000718612
2.09549e-05
0.00118725
3.09635e-05
0.00165099
3.87693e-05
0.00210567
4.21928e-05
0.00254686
3.92486e-05
0.00297042
2.82583e-05
0.00337292
7.9461e-06
0.0037522
-2.24923e-05
0.00410764
-6.33422e-05
0.00444029
-0.000114352
0.00475277
-0.000174747
0.00504879
-0.00024332
0.00533245
0.00560689
-0.0003186
3.88223e-06
0.00024454
1.31839e-05
0.00070931
2.57971e-05
0.00117464
3.94664e-05
0.00163732
5.18732e-05
0.00209326
6.07466e-05
0.00253799
6.39845e-05
0.00296718
5.97734e-05
0.00337713
4.66957e-05
0.00376528
2.38132e-05
0.00413052
-9.27816e-06
0.00447339
-5.24283e-05
0.00479592
-0.000104964
0.00510133
-0.000165796
0.00539329
0.00567465
-0.000233551
4.42005e-06
0.000240119
1.52803e-05
0.00069845
3.04717e-05
0.00115944
4.77202e-05
0.00162007
6.46621e-05
0.00207632
7.8951e-05
0.0025237
8.83799e-05
0.00295775
9.10073e-05
0.00337451
8.52741e-05
0.00377102
7.01e-05
0.0041457
4.49469e-05
0.00449854
9.8419e-06
0.00483102
-3.46585e-05
0.00514583
-8.76143e-05
0.00544624
0.00573472
-0.000147683
4.92921e-06
0.00023519
1.72795e-05
0.0006861
3.49571e-05
0.00114177
5.56866e-05
0.00159934
7.70768e-05
0.00205493
9.67226e-05
0.00250406
0.000112325
0.00294215
0.000121824
0.00336501
0.000123519
0.00376932
0.000116182
0.00415303
9.91291e-05
0.00451559
7.22446e-05
0.00485791
3.59682e-05
0.0051821
-8.76864e-06
0.00549098
0.0057872
-6.12553e-05
5.4074e-06
0.000229783
1.91725e-05
0.000672335
3.92323e-05
0.00112171
6.33279e-05
0.00157525
8.90589e-05
0.0020292
0.000113978
0.00247914
0.00013571
0.00292042
0.000152084
0.00334864
0.000161264
0.00376014
0.00016187
0.00415243
0.000153059
0.0045244
0.00013456
0.00487641
0.000106644
0.00521002
6.99698e-05
0.00552765
0.00583173
2.54406e-05
5.85253e-06
0.00022393
2.09505e-05
0.000657237
4.32775e-05
0.00109938
7.06082e-05
0.00154792
0.000100551
0.00199925
0.000130635
0.00244905
0.000158424
0.00289263
0.000181647
0.00332541
0.000198341
0.00374345
0.00020697
0.0041438
0.000206526
0.00452485
0.000196571
0.00488636
0.000177216
0.00522937
0.000149044
0.00555582
0.00586774
0.00011304
6.2627e-06
0.000217668
2.26057e-05
0.000640894
4.70743e-05
0.00107491
7.74932e-05
0.0015175
0.000111498
0.00196525
0.000146613
0.00241394
0.000180357
0.00285888
0.000210375
0.00329539
0.00023458
0.00371924
0.000251286
0.00412709
0.000259314
0.00451682
0.00025805
0.00488763
0.000247439
0.00523998
0.000227922
0.00557534
0.00589532
0.000200333
6.63633e-06
0.000211031
2.41312e-05
0.000623399
5.06056e-05
0.00104844
8.39508e-05
0.00148415
0.000121848
0.00192735
0.000161834
0.00237395
0.000201403
0.00281932
0.000238128
0.00325867
0.000269811
0.00368756
0.000294619
0.00410228
0.0003112
0.00450024
0.000318757
0.00488007
0.000317055
0.00524168
0.000306377
0.00558602
0.00591427
0.000287431
6.97207e-06
0.000204059
2.5521e-05
0.00060485
5.38565e-05
0.0010201
8.9952e-05
0.00144806
0.000131552
0.00188575
0.000176225
0.00232928
0.000221457
0.00277408
0.00026477
0.00321536
0.000303865
0.00364846
0.00033677
0.00406938
0.00036196
0.00447505
0.000378448
0.00486358
0.000385814
0.00523432
0.00038417
0.00558766
0.00592435
0.000374089
7.26891e-06
0.00019679
2.677e-05
0.000585349
5.68139e-05
0.000990058
9.54708e-05
0.0014094
0.000140565
0.00184066
0.000189716
0.00228013
0.000240422
0.00272338
0.00029017
0.00316561
0.000336577
0.00360205
0.00037754
0.00402842
0.000411366
0.00444122
0.000436877
0.00483807
0.000453456
0.00521774
0.000461035
0.00558008
0.00592534
0.000460042
7.52613e-06
0.000189264
2.78744e-05
0.000565
5.94672e-05
0.000958465
0.000100485
0.00136838
0.000148847
0.0017923
0.000202244
0.00222673
0.000258205
0.00266742
0.000314202
0.00310961
0.000367785
0.00354847
0.000416731
0.00397947
0.000459189
0.00439876
0.000493788
0.00480347
0.000519709
0.00519182
0.000536695
0.0055631
0.00591703
0.000545009
7.74334e-06
0.000181521
2.88314e-05
0.000543912
6.1808e-05
0.000925488
0.000104975
0.00132522
0.000156363
0.00174091
0.000213752
0.00216934
0.00027472
0.00260645
0.000336746
0.00304759
0.000397331
0.00348789
0.000454151
0.00392265
0.000505201
0.00434771
0.000548924
0.00475975
0.000584294
0.00515645
0.000610853
0.00553654
0.00589919
0.000628689
7.9205e-06
0.0001736
2.96396e-05
0.000522193
6.38303e-05
0.000891298
0.000108927
0.00128012
0.000163086
0.00168675
0.000224189
0.00210824
0.00028989
0.00254075
0.000357691
0.00297979
0.000425068
0.00342051
0.000489611
0.00385811
0.000549175
0.00428815
0.000602023
0.0047069
0.000646922
0.00511155
0.000683201
0.00550026
0.00587163
0.00071076
8.05789e-06
0.000165542
3.02985e-05
0.000499953
6.55309e-05
0.000856065
0.000112331
0.00123332
0.000168991
0.00163009
0.000233516
0.00204371
0.000303647
0.00247062
0.000376938
0.00290649
0.000450856
0.00334659
0.000522929
0.00378603
0.000590889
0.00422019
0.000652824
0.00464497
0.000707298
0.00505708
0.000753421
0.00545414
0.00583417
0.000790883
8.15611e-06
0.000157386
3.08092e-05
0.0004773
6.69091e-05
0.000819965
0.00011518
0.00118505
0.000174063
0.00157121
0.000241697
0.00197608
0.000315933
0.00239638
0.000394395
0.00282803
0.000474567
0.00326642
0.000553934
0.00370667
0.000630126
0.004144
0.000701069
0.00457403
0.000765125
0.00499302
0.000821181
0.00539808
0.00578665
0.000868704
8.21477e-06
0.000149172
3.1171e-05
0.000454343
6.79631e-05
0.000783173
0.000117469
0.00113554
0.000178286
0.00151039
0.000248702
0.00190566
0.000326695
0.00231839
0.000409977
0.00274475
0.000496077
0.00318032
0.000582459
0.00362029
0.00066667
0.00405979
0.000746493
0.0044942
0.000820095
0.00491942
0.000886136
0.00533204
0.00572894
0.000943845
8.23756e-06
0.000140934
3.13925e-05
0.000431188
6.8705e-05
0.000745861
0.000119211
0.00108504
0.000181671
0.00144793
0.000254531
0.0018328
0.000335913
0.00223701
0.00042364
0.00265702
0.000515305
0.00308865
0.000608379
0.00352721
0.000700349
0.00396782
0.000788873
0.00440568
0.000871935
0.00483636
0.000947968
0.00525601
0.00566096
0.00101595
8.22462e-06
0.000132709
3.14751e-05
0.000407938
6.91378e-05
0.000708198
0.000120408
0.00103377
0.000184214
0.00138412
0.000259171
0.00175785
0.000343557
0.00215262
0.000435325
0.00256526
0.000532158
0.00299182
0.000631557
0.00342781
0.000730976
0.0038684
0.000827968
0.00430869
0.000920349
0.00474398
0.00100633
0.00517003
0.00558266
0.00108463
8.17768e-06
0.000124532
3.14243e-05
0.000384691
6.92708e-05
0.000670351
0.000121072
0.000981967
0.000185927
0.00131927
0.000262628
0.00168115
0.000349619
0.00206563
0.000445003
0.00246987
0.000546572
0.00289025
0.000651886
0.0033225
0.000758392
0.00376189
0.000863564
0.00420351
0.000965065
0.00464247
0.00106089
0.0050742
0.00549405
0.0011495
8.09873e-06
0.000116433
3.12463e-05
0.000361544
6.91158e-05
0.000632482
0.000121219
0.000929863
0.000186829
0.00125366
0.000264915
0.00160306
0.000354103
0.00197644
0.000452658
0.00237132
0.000558503
0.00278441
0.000669284
0.00321172
0.000782465
0.00364871
0.00089547
0.00409051
0.00100583
0.00453211
0.00111134
0.00496868
0.00539521
0.00121019
7.98992e-06
0.000108443
3.09484e-05
0.000338585
6.86862e-05
0.000594744
0.00012087
0.000877679
0.000186943
0.00118758
0.000266058
0.00152394
0.000357028
0.00188547
0.000458292
0.00227005
0.000567928
0.00267477
0.000683688
0.00309596
0.000803087
0.00352931
0.000923522
0.00397008
0.00104242
0.00441322
0.00115739
0.00485372
0.00528625
0.00126634
7.85356e-06
0.00010059
3.05383e-05
0.0003159
6.79974e-05
0.000557285
0.000120047
0.000825629
0.000186299
0.00112133
0.00026609
0.00144415
0.000358422
0.00179314
0.000461925
0.00216655
0.000574845
0.00256185
0.000695066
0.00297573
0.00082018
0.0034042
0.000947587
0.00384267
0.00107463
0.00428617
0.00119876
0.00472959
0.00516739
0.00131762
7.69207e-06
9.28974e-05
3.00244e-05
0.000293568
6.70659e-05
0.000520244
0.000118777
0.000773918
0.000184932
0.00105518
0.00026505
0.00136404
0.000358329
0.00169986
0.000463594
0.00206128
0.000579275
0.00244617
0.000703411
0.0028516
0.000833697
0.00327391
0.000967566
0.0037088
0.00110231
0.00415142
0.00123523
0.00136373
7.50793e-06
8.53895e-05
2.94154e-05
0.000271661
6.59096e-05
0.000483749
0.000117087
0.000722741
0.000182881
0.000989383
0.000262988
0.00128393
0.000356801
0.00160605
0.000463349
0.00195474
0.000581258
0.00232826
0.000708742
0.00272411
0.000843624
0.0009834
7.30365e-06
7.80859e-05
2.87201e-05
0.000250244
6.45466e-05
0.000447923
0.000115008
0.000672279
0.000180189
0.000924203
0.000259958
0.00120416
0.000353901
0.0015121
0.000461256
0.00184738
0.000580856
7.08165e-06
7.10042e-05
2.79474e-05
0.000229378
6.29956e-05
0.000412875
0.000112571
0.000622703
0.000176899
0.000859875
0.000256016
0.00112504
0.000349699
0.00141842
6.8443e-06
6.41599e-05
2.71057e-05
0.000209117
6.12747e-05
0.000378706
0.000109806
0.000574173
0.000173056
0.000796625
0.000251224
6.59376e-06
5.75661e-05
2.62034e-05
0.000189507
5.94015e-05
0.000345507
0.000106742
6.33201e-06
5.12341e-05
2.52477e-05
0.000170592
6.06076e-06
0.00500416
0.000946208
-0.00500653
0.00499589
0.00102423
0.0049813
0.00109922
0.00496001
0.00117079
0.00493164
0.00123856
0.00489583
0.00130215
0.00485228
0.00136118
0.00141531
0.0052539
0.00094112
-0.00524881
0.00525384
0.00102428
0.00524822
0.00110484
0.00523662
0.00118239
0.00521862
0.00125656
0.00519382
0.00132695
0.00516184
0.00139316
0.00145483
0.00549792
0.000928973
-0.00548577
0.00550579
0.00101641
0.00550895
0.00110167
0.00550698
0.00118436
0.00549943
0.00126411
0.00548586
0.00134052
0.00546582
0.00141319
0.00148174
0.00573695
0.000910549
-0.00571852
0.00575201
0.00100135
0.0057633
0.00109038
0.00577037
0.00117729
0.00577277
0.00126171
0.00577003
0.00134326
0.00576168
0.00142154
0.00149617
0.00597268
0.000886853
-0.00594898
0.00599395
0.000980078
0.00601241
0.00107193
0.00602762
0.00116208
0.00603915
0.00125019
0.00604652
0.00133589
0.00604924
0.00141882
0.00149859
0.00620722
0.000858989
-0.00617935
0.00623357
0.000953726
0.00625805
0.00104744
0.00628028
0.00113985
0.00629983
0.00123063
0.00631626
0.00131947
0.00632907
0.001406
0.00148988
0.00644277
0.000828044
-0.00641182
0.00647304
0.000923452
0.00650234
0.00101814
0.00653032
0.00111187
0.00655661
0.00120434
0.0065808
0.00129528
0.00660244
0.00138437
0.00147127
0.00668148
0.000795003
-0.00664844
0.00671459
0.000890344
0.00674752
0.000985213
0.00678
0.00107939
0.00681169
0.00117265
0.00684225
0.00126472
0.00687128
0.00135534
0.00144421
0.00692526
0.000760691
-0.00689095
0.00696027
0.000855338
0.00699578
0.000949702
0.00703158
0.0010436
0.00706741
0.00113682
0.00710297
0.00122916
0.00713794
0.00132037
0.00141021
0.00717571
0.000725748
-0.00714077
0.00721186
0.000819193
0.00724907
0.000912488
0.00728719
0.00100548
0.00732603
0.00109799
0.00736535
0.00118984
0.00740489
0.00128083
0.00137075
0.00743413
0.000690652
-0.00739903
0.00747083
0.000782487
0.00750906
0.00087426
0.0075487
0.000965839
0.0075896
0.00105708
0.00763162
0.00114783
0.00767453
0.00123792
0.00132716
0.00770152
0.000655735
-0.0076666
0.00773837
0.000745638
0.0077771
0.000835532
0.00781763
0.000925303
0.00785988
0.00101483
0.00790373
0.00110398
0.00794904
0.00119261
0.00128058
0.00797871
0.000621223
-0.0079442
0.00801542
0.000708934
0.00805428
0.000796665
0.00809527
0.000884316
0.00813832
0.00097178
0.00818336
0.00105894
0.00823028
0.00114569
0.00123189
0.00826637
0.000587261
-0.00823241
0.00830274
0.000672566
0.0083415
0.000757906
0.00838263
0.000843187
0.0084261
0.000928316
0.00847185
0.00101319
0.00851983
0.00109771
0.00118176
0.00856508
0.000553933
-0.00853175
0.00860099
0.000636654
0.00863948
0.000719411
0.00868055
0.000802119
0.00872417
0.000884694
0.00877032
0.000967043
0.00881896
0.00104907
0.00113069
0.00887537
0.000521298
-0.00884273
0.00891075
0.000601271
0.00894888
0.000681279
0.00898976
0.000761242
0.00903337
0.000841078
0.00907971
0.000920706
0.00912874
0.00100004
0.00107899
0.00919774
0.000489375
-0.00916582
0.00923256
0.000566455
0.00927027
0.000643563
0.00931089
0.000720626
0.0093544
0.000797566
0.0094008
0.000874307
0.00945007
0.000950769
0.00102687
0.00953272
0.000458172
-0.00950151
0.00956695
0.000532216
0.00960423
0.000606284
0.00964455
0.000680305
0.00968791
0.000754205
0.00973431
0.000827912
0.00978373
0.000901351
0.000974446
0.00988083
0.00042768
-0.00985033
0.00991449
0.000498552
0.00995133
0.000569444
0.00999135
0.000640286
0.0100345
0.00071101
0.0100809
0.000781545
0.0101304
0.000851822
0.000921769
0.0102426
0.000397877
-0.0102128
0.0102758
0.000465444
0.0103122
0.000533026
0.0103519
0.000600557
0.0103949
0.000667972
0.0104413
0.000735204
0.0104909
0.000802186
0.000868851
0.0106188
0.000368738
-0.0105896
0.0106514
0.000432865
0.0106874
0.000497004
0.0107269
0.000561092
0.0107698
0.000625066
0.0108161
0.000688864
0.0108659
0.000752422
0.000815676
0.0110099
0.000340228
-0.0109814
0.011042
0.00040078
0.0110777
0.000461341
0.0111169
0.000521853
0.0111597
0.000582255
0.0112061
0.000642488
0.011256
0.000702492
0.000762207
0.0114169
0.000312308
-0.0113889
0.0114485
0.000369148
0.0114838
0.000425996
0.0115229
0.000482796
0.0115657
0.000539493
0.0116121
0.000596028
0.0116623
0.000652347
0.000708392
0.0118404
0.000284934
-0.011813
0.0118716
0.000337923
0.0119067
0.000390919
0.0119456
0.000443871
0.0119884
0.000496724
0.012035
0.000549427
0.0120854
0.000601927
0.00065417
0.0122815
0.000258056
-0.0122546
0.0123124
0.000307051
0.0123473
0.000356055
0.0123861
0.000405016
0.0124289
0.000453888
0.0124758
0.00050262
0.0125265
0.000551163
0.000599468
0.0127413
0.000231618
-0.0127148
0.0127718
0.000276475
0.0128066
0.00032134
0.0128454
0.000366168
0.0128884
0.000410913
0.0129355
0.000455531
0.0129867
0.000499977
0.000544204
0.0132209
0.00020556
-0.0131948
0.0132512
0.000246128
0.0132859
0.000286705
0.0133248
0.00032725
0.013368
0.000367721
0.0134154
0.000408078
0.0134671
0.000448279
0.000488283
0.0137217
0.000179812
-0.013696
0.0137519
0.000215936
0.0137865
0.000252071
0.0138256
0.000288178
0.0138691
0.000324221
0.013917
0.000360164
0.0139693
0.000395969
0.000431599
0.0142453
0.000154296
-0.0142198
0.0142754
0.000185816
0.0143101
0.000217346
0.0143494
0.000248855
0.0143934
0.00028031
0.0144418
0.000311679
0.0144949
0.000342929
0.000374027
0.0147934
0.000128925
-0.014768
0.0148235
0.000155672
0.0148584
0.00018243
0.0148981
0.000209172
0.0149425
0.000235871
0.0149917
0.000262498
0.0150456
0.000289025
0.000315426
0.0153679
0.000103596
-0.0153426
0.0153982
0.000125394
0.0154334
0.000147203
0.0154736
0.000169001
0.0155187
0.000190765
0.0155687
0.000212473
0.0156237
0.000234102
0.000255629
0.0159713
7.81922e-05
-0.0159459
0.0160018
9.48536e-05
0.0160375
0.000111526
0.0160783
0.000128192
0.0161242
0.000144834
0.0161753
0.000161435
0.0162314
0.000177977
0.000194442
0.0166059
5.25774e-05
-0.0165802
0.0166368
6.39044e-05
0.0166731
7.52401e-05
0.0167147
8.65733e-05
0.0167616
9.78915e-05
0.0168139
0.000109183
0.0168714
0.000120436
0.000131638
0.0172747
2.65814e-05
-0.0172487
0.0173062
3.23614e-05
0.0173433
3.81471e-05
0.017386
4.39319e-05
0.0174341
4.97103e-05
0.0174879
5.54756e-05
0.0175471
6.12221e-05
0.0176118
6.69431e-05
7.26329e-05
0.0179807
-0.0179541
0.0180131
0.0180512
0.0180951
0.0181448
0.0182003
0.0182615
0.0183285
0.00442957
-0.000697692
0.00447898
-0.000616602
0.00452735
-0.000533945
0.00457455
-0.000449863
0.00462045
-0.000364495
0.00466489
-0.000277988
0.0047077
-0.000190495
0.00474863
-0.000102186
0.0047876
-1.35349e-05
0.00482434
7.63002e-05
0.00485855
0.000166124
0.00488998
0.000256001
0.00491836
0.00034571
0.00494339
0.000435012
0.00496475
0.000523646
0.00498211
0.000611331
0.00499511
0.000697762
0.00500338
0.000782617
0.000865555
0.00465944
-0.000742866
0.00470427
-0.000661426
0.00474862
-0.000578297
0.00479237
-0.000493617
0.00483539
-0.000407513
0.00487752
-0.000320119
0.00491861
-0.000231577
0.00495846
-0.000142043
0.00499671
-5.17838e-05
0.00503376
3.92564e-05
0.00506873
0.000131147
0.0051016
0.00022313
0.00513213
0.000315186
0.00516002
0.000407117
0.00518499
0.00049868
0.0052067
0.000589616
0.00522482
0.000679642
0.00523899
0.000768455
0.000855732
0.00489529
-0.000782923
0.00493537
-0.00070151
0.00497539
-0.000618317
0.00501525
-0.000533472
0.00505483
-0.000447091
0.005094
-0.000359295
0.00513263
-0.000270209
0.00517055
-0.00017996
0.00520742
-8.86583e-05
0.00524417
2.5102e-06
0.00527898
9.63403e-05
0.00531249
0.00018962
0.00534438
0.000283297
0.00537438
0.00037711
0.00540223
0.00047083
0.00542763
0.00056422
0.00545025
0.00065702
0.00546975
0.000748951
0.000839713
0.00513952
-0.00081784
0.0051747
-0.000736684
0.00521009
-0.000653708
0.00524564
-0.000569026
0.0052813
-0.000482745
0.00531697
-0.000394971
0.00535259
-0.000305822
0.00538805
-0.000215421
0.00542331
-0.000123917
0.0054574
-3.15853e-05
0.00549171
6.20284e-05
0.00552512
0.000156215
0.00555756
0.00025086
0.00558882
0.000345843
0.00561869
0.000440968
0.00564689
0.000536021
0.00567314
0.000630769
0.00569713
0.000724959
0.000818321
0.00539153
-0.000847793
0.0054219
-0.000767051
0.00545268
-0.00068449
0.00548387
-0.00060021
0.00551543
-0.000514307
0.00554733
-0.000426875
0.00557953
-0.000338019
0.00561196
-0.000247846
0.00564451
-0.000156475
0.00567699
-6.40583e-05
0.00570972
2.92994e-05
0.00574216
0.000123774
0.00577426
0.000218756
0.00580588
0.000314225
0.00583682
0.000410029
0.00586686
0.00050598
0.00589575
0.000601873
0.00592323
0.000697483
0.000792567
0.00565075
-0.000872999
0.00567651
-0.000792809
0.00570284
-0.000710825
0.00572977
-0.000627138
0.00575729
-0.000541832
0.00578541
-0.000454992
0.0058141
-0.000366709
0.00584333
-0.000277077
0.00587305
-0.00018619
0.00590312
-9.41316e-05
0.0059342
-1.78536e-06
0.00596507
9.29062e-05
0.00599623
0.000187594
0.00602751
0.000282953
0.00605873
0.000378801
0.00608975
0.000474968
0.00612034
0.000571275
0.0061503
0.000667528
0.000763513
0.00591716
-0.000893654
0.00593851
-0.000814158
0.00596059
-0.000732907
0.00598344
-0.000649984
0.00600708
-0.000565468
0.00603152
-0.000479439
0.0060568
-0.00039198
0.0060829
-0.000303178
0.00610983
-0.000213126
0.00613763
-0.000121933
0.00616563
-2.97801e-05
0.00619494
6.35922e-05
0.00622483
0.000157712
0.00625528
0.000252504
0.0062862
0.000347877
0.00631748
0.000443692
0.00634896
0.000539793
0.00638047
0.000636011
0.000732164
0.00619099
-0.000909927
0.0062081
-0.000831274
0.00622611
-0.000750913
0.00624505
-0.000668922
0.00626495
-0.000585373
0.00628586
-0.000500344
0.00630779
-0.000413911
0.00633077
-0.000326155
0.0063548
-0.000237162
0.00637989
-0.00014702
0.00640594
-5.58347e-05
0.00643319
3.63496e-05
0.00646142
0.000129474
0.00649063
0.0002233
0.00652074
0.00031776
0.0065517
0.00041274
0.00658338
0.000508104
0.00661568
0.000603711
0.000699404
0.0064726
-0.000921954
0.00648563
-0.000844305
0.00649971
-0.000764997
0.00651489
-0.000684103
0.00653121
-0.000601695
0.00654871
-0.000517845
0.00656743
-0.000432626
0.00658739
-0.000346114
0.00660862
-0.000258389
0.00663113
-0.000169531
0.00665492
-7.96281e-05
0.00668013
1.11369e-05
0.00670658
0.000103023
0.00673434
0.000195548
0.00676336
0.000288741
0.0067936
0.000382497
0.006825
0.0004767
0.00685749
0.000571225
0.00066594
0.00676245
-0.000929856
0.00677152
-0.000853374
0.00678181
-0.000775285
0.00679336
-0.000695659
0.00680623
-0.000614564
0.00682046
-0.000532069
0.00683608
-0.000448246
0.00685313
-0.000363168
0.00687165
-0.000276908
0.00689166
-0.000189544
0.00691319
-0.000101158
0.00693625
-1.19245e-05
0.0069609
7.83804e-05
0.00698709
0.000169353
0.00701484
0.000260996
0.00704412
0.000353218
0.0070749
0.000445917
0.00710714
0.000538986
0.000632307
0.00705716
-0.00100727
0.00706105
-0.000933737
0.00706626
-0.000858591
0.00707287
-0.000781889
0.00708091
-0.0007037
0.00709043
-0.000624089
0.00710149
-0.000543124
0.00711411
-0.000460872
0.00712835
-0.000377406
0.00714424
-0.000292797
0.00716181
-0.000207119
0.00718111
-0.000120449
0.00720207
-3.28902e-05
0.00722488
5.55705e-05
0.00724946
0.000144773
0.00727583
0.000234629
0.00730398
0.000325064
0.00733392
0.000415983
0.00736561
0.000507292
0.000598887
0.00736892
-0.00100578
0.00736888
-0.000933694
0.00737034
-0.000860051
0.00737335
-0.000784904
0.00737797
-0.00070832
0.00738425
-0.000630362
0.00739222
-0.000551096
0.00740194
-0.000470588
0.00741343
-0.000388906
0.00742676
-0.00030612
0.00744194
-0.000222301
0.00745902
-0.000137524
0.007478
-5.18723e-05
0.00749897
3.46023e-05
0.0075219
0.000121836
0.00754683
0.000209701
0.00757376
0.00029813
0.00760271
0.00038704
0.00763366
0.000476341
0.000565941
0.00769031
-0.00100029
0.00768643
-0.000929818
0.00768422
-0.000857843
0.00768374
-0.000784417
0.00768502
-0.000709604
0.00768812
-0.000633465
0.00769309
-0.000556064
0.00769997
-0.000477464
0.0077088
-0.000397733
0.00771961
-0.000316938
0.00773246
-0.000235147
0.00774737
-0.000152432
0.00776437
-6.88712e-05
0.00778353
1.54394e-05
0.00780482
0.000100548
0.00782828
0.000186237
0.00785394
0.00027247
0.00788181
0.00035917
0.0079119
0.000446255
0.000533638
0.0080218
-0.000990886
0.00801417
-0.000922195
0.00800838
-0.00085205
0.00800447
-0.000780507
0.00800249
-0.000707626
0.00800249
-0.000633468
0.00800452
-0.000558093
0.00800862
-0.000481564
0.00801483
-0.000403944
0.0080232
-0.0003253
0.00803375
-0.000245697
0.00804652
-0.000165204
0.00806153
-8.38874e-05
0.00807898
-2.00462e-06
0.00809861
8.09121e-05
0.00812061
0.000164245
0.00814497
0.000248109
0.00817171
0.000332423
0.00820086
0.000417109
0.000502085
0.00836384
-0.00097766
0.00835255
-0.000910904
0.00834325
-0.000842748
0.00833599
-0.000773247
0.00833082
-0.000702457
0.00832779
-0.000630438
0.00832695
-0.000557248
0.00832833
-0.000482948
0.00833199
-0.0004076
0.00833796
-0.000331267
0.00834627
-0.000254015
0.00835698
-0.00017591
0.00837011
-9.70206e-05
0.00838555
-1.74398e-05
0.00840361
6.28556e-05
0.00842415
0.0001437
0.00844722
0.000225041
0.00847283
0.000306812
0.008501
0.000388937
0.000471339
0.0087169
-0.000960686
0.00870202
-0.000896021
0.00868928
-0.00083001
0.00867874
-0.000762704
0.00867044
-0.00069416
0.00866444
-0.000624433
0.00866077
-0.000553582
0.00865949
-0.000481663
0.00866062
-0.000408738
0.00866423
-0.000334868
0.00867033
-0.000260115
0.00867896
-0.000184544
0.00869016
-0.000108221
0.00870394
-3.12178e-05
0.00872037
4.64247e-05
0.00873945
0.000124616
0.00876121
0.000203283
0.00878567
0.000282358
0.00881283
0.000361769
0.000441443
0.00908143
-0.00094004
0.00906303
-0.000877618
0.00904692
-0.000813901
0.00903316
-0.000748942
0.00902179
-0.000682793
0.00901287
-0.000615509
0.00900643
-0.000547145
0.00900252
-0.000477758
0.00900119
-0.000407405
0.00900247
-0.000336145
0.00900639
-0.00026404
0.009013
-0.00019115
0.00902232
-0.000117541
0.00903438
-4.32772e-05
0.00904922
3.15838e-05
0.00906686
0.000106978
0.00908732
0.000182823
0.00911062
0.000259056
0.00913678
0.000335607
0.000412407
0.00945791
-0.000915794
0.00943605
-0.00085576
0.00941663
-0.000794485
0.00939971
-0.000732018
0.00938533
-0.000668412
0.00937354
-0.000603717
0.00936438
-0.000537986
0.0093579
-0.000471276
0.00935413
-0.00040364
0.00935312
-0.000335137
0.00935491
-0.000265824
0.00935952
-0.000195761
0.00936698
-0.000125009
0.00937734
-5.36319e-05
0.00939062
1.83056e-05
0.00940683
9.07625e-05
0.00942601
0.000163644
0.00944817
0.000236894
0.00947334
0.000310445
0.00038423
0.00984684
-0.000888015
0.00982159
-0.000830511
0.00979893
-0.000771821
0.0097789
-0.000711989
0.00976155
-0.000651067
0.00974694
-0.000589104
0.0097351
-0.00052615
0.00972609
-0.000462259
0.00971993
-0.000397483
0.00971667
-0.000331878
0.00971635
-0.0002655
0.00971899
-0.000198406
0.00972464
-0.000130654
0.00973331
-6.23055e-05
0.00974506
6.5601e-06
0.00975987
7.59494e-05
0.00977779
0.000145728
0.00979883
0.000215855
0.009823
0.000286268
0.0003569
0.0102488
-0.000856765
0.0102202
-0.00080193
0.0101943
-0.000745962
0.0101713
-0.000688906
0.010151
-0.000630807
0.0101336
-0.000571715
0.0101191
-0.000511679
0.0101076
-0.000450747
0.0100991
-0.000388972
0.0100936
-0.000326407
0.0100912
-0.000263104
0.010092
-0.000199119
0.0100958
-0.000134507
0.0101028
-6.93268e-05
0.0101131
-3.6671e-06
0.0101265
6.25107e-05
0.0101432
0.000129047
0.0101631
0.000195915
0.0101863
0.000263052
0.000330396
0.0106643
-0.000822104
0.0106325
-0.000770072
0.0106035
-0.000716962
0.0105774
-0.000662815
0.0105543
-0.000607678
0.0105341
-0.000551594
0.0105171
-0.000494612
0.0105031
-0.000436779
0.0104923
-0.000378143
0.0104846
-0.000318756
0.0104802
-0.000258668
0.010479
-0.000197932
0.0104811
-0.0001366
0.0104865
-7.47295e-05
0.0104952
-1.23807e-05
0.0105073
5.04146e-05
0.0105228
0.000113574
0.0105417
0.000177044
0.0105639
0.00024077
0.000304689
0.0110942
-0.000784086
0.0110591
-0.000734988
0.011027
-0.000684867
0.010998
-0.000633763
0.010972
-0.000581719
0.0109492
-0.00052878
0.0109296
-0.000474987
0.0109132
-0.000420388
0.0109001
-0.000365029
0.0108903
-0.000308958
0.0108838
-0.000252222
0.0108808
-0.000194873
0.0108811
-0.00013696
0.0108849
-7.8536e-05
0.0108922
-1.96559e-05
0.010903
3.96367e-05
0.0109173
9.92782e-05
0.0109351
0.000159215
0.0109565
0.00021939
0.000279749
0.0115391
-0.000742762
0.0115009
-0.000696724
0.0114657
-0.000649721
0.0114337
-0.00060179
0.011405
-0.000552972
0.0113795
-0.000503308
0.0113574
-0.00045284
0.0113386
-0.00040161
0.0113232
-0.000349663
0.0113113
-0.000297044
0.0113029
-0.000243799
0.011298
-0.000189974
0.0112966
-0.000135619
0.0112989
-8.07809e-05
0.0113047
-2.55121e-05
0.0113142
3.01422e-05
0.0113274
8.61271e-05
0.0113442
0.000142389
0.0113647
0.000198877
0.000255536
0.0119999
-0.000698177
0.0119585
-0.000655323
0.0119204
-0.000611563
0.0118855
-0.000566933
0.011854
-0.00052147
0.0118259
-0.000475213
0.0118013
-0.000428202
0.0117801
-0.000380476
0.0117626
-0.000332077
0.0117486
-0.000283047
0.0117382
-0.000233429
0.0117315
-0.000183269
0.0117285
-0.000132609
0.0117292
-8.14977e-05
0.0117337
-2.9981e-05
0.0117419
2.1895e-05
0.011754
7.40828e-05
0.0117698
0.00012653
0.0117895
0.000179189
0.000232008
0.0124776
-0.000650372
0.0124331
-0.000610823
0.012392
-0.00057043
0.0123543
-0.000529227
0.01232
-0.000487247
0.0122893
-0.000444528
0.0122623
-0.000401105
0.0122388
-0.000357016
0.012219
-0.0003123
0.012203
-0.000266996
0.0121907
-0.000221145
0.0121822
-0.000174787
0.0121776
-0.000127964
0.0121768
-8.07202e-05
0.0121799
-3.30982e-05
0.0121869
1.48577e-05
0.0121979
6.31057e-05
0.0122128
0.000111595
0.0122317
0.000160282
0.000209119
0.0129732
-0.000599381
0.0129256
-0.000563257
0.0128815
-0.000526353
0.012841
-0.0004887
0.0128041
-0.000450331
0.0127709
-0.000411279
0.0127413
-0.000371576
0.0127156
-0.000331259
0.0126936
-0.000290362
0.0126756
-0.000248922
0.0126614
-0.000206976
0.0126512
-0.000164561
0.0126449
-0.000121718
0.0126427
-7.8484e-05
0.0126445
-3.49009e-05
0.0126503
8.99013e-06
0.0126603
5.3153e-05
0.0126744
9.75391e-05
0.0126925
0.000142108
0.000186817
0.0134879
-0.000545233
0.0134373
-0.000512651
0.0133903
-0.000479357
0.013347
-0.00044538
0.0133074
-0.000410748
0.0132716
-0.000375492
0.0132397
-0.000339642
0.0132117
-0.000303231
0.0131876
-0.000266289
0.0131675
-0.000228852
0.0131515
-0.000190952
0.0131396
-0.000152624
0.0131317
-0.000113903
0.0131281
-7.48261e-05
0.0131286
-3.54286e-05
0.0131333
4.24853e-06
0.0131423
4.41789e-05
0.0131556
8.43124e-05
0.013173
0.000124614
0.000165044
0.0140231
-0.000487951
0.0139695
-0.000459028
0.0139196
-0.000429464
0.0138735
-0.000399285
0.0138313
-0.000368518
0.013793
-0.000337188
0.0137587
-0.000305325
0.0137284
-0.000272955
0.0137022
-0.000240109
0.0136802
-0.000206815
0.0136623
-0.000173104
0.0136487
-0.000139008
0.0136393
-0.000104557
0.0136343
-6.9785e-05
0.0136336
-3.47233e-05
0.0136373
5.78168e-07
0.0136453
3.61335e-05
0.0136578
7.18601e-05
0.0136746
0.00010774
0.000143736
0.0145803
-0.000427551
0.0145237
-0.000402403
0.0144709
-0.00037669
0.0144221
-0.000350435
0.0143772
-0.00032366
0.0143364
-0.000296389
0.0142997
-0.000268646
0.0142672
-0.000240456
0.014239
-0.000211845
0.014215
-0.000182839
0.0141954
-0.000153465
0.0141801
-0.000123749
0.0141693
-9.37195e-05
0.0141629
-6.3405e-05
0.014161
-3.28346e-05
0.0141636
-2.04094e-06
0.0141708
2.89581e-05
0.0141825
6.01201e-05
0.0141988
9.14181e-05
0.000122822
0.0151612
-0.000364044
0.0151016
-0.000342788
0.015046
-0.000321047
0.0149944
-0.00029884
0.0149469
-0.000276187
0.0149036
-0.000253108
0.0148646
-0.000229623
0.0148299
-0.000205754
0.0147996
-0.000181523
0.0147737
-0.000156952
0.0147523
-0.000132064
0.0147354
-0.000106881
0.0147231
-8.14284e-05
0.0147155
-5.573e-05
0.0147124
-2.98102e-05
0.0147141
-3.69561e-06
0.0147205
2.25929e-05
0.0147315
4.90249e-05
0.0147474
7.55756e-05
0.000102219
0.0157678
-0.000297434
0.0157052
-0.000280188
0.0156467
-0.000262542
0.0155923
-0.000244511
0.0155423
-0.000226112
0.0154965
-0.00020736
0.0154552
-0.000188274
0.0154183
-0.00016887
0.0153859
-0.000149167
0.0153582
-0.000129182
0.015335
-0.000108935
0.0153166
-8.84443e-05
0.0153029
-6.77294e-05
0.015294
-4.68104e-05
0.0152899
-2.57077e-05
0.0152906
-4.44204e-06
0.0152963
1.69673e-05
0.0153068
3.84973e-05
0.0153222
6.0127e-05
8.18346e-05
0.0164021
-0.000227724
0.0163365
-0.000214607
0.0162751
-0.00020118
0.0162181
-0.000187455
0.0161654
-0.000173445
0.0161172
-0.000159162
0.0160736
-0.000144618
0.0160345
-0.000129828
0.0160002
-0.000114806
0.0159706
-9.95648e-05
0.0159457
-8.41194e-05
0.0159258
-6.84844e-05
0.0159107
-5.26748e-05
0.0159006
-3.6706e-05
0.0158955
-2.05937e-05
0.0158954
-4.35403e-06
0.0159004
1.19984e-05
0.0159104
2.84458e-05
0.0159256
4.4972e-05
6.15602e-05
0.0170666
-0.000154915
0.0169981
-0.000146047
0.0169338
-0.000136967
0.0168741
-0.00012768
0.0168188
-0.000118196
0.0167682
-0.000108524
0.0167222
-9.86721e-05
0.0166811
-8.86498e-05
0.0166447
-7.84666e-05
0.0166133
-6.81317e-05
0.0165868
-5.76554e-05
0.0165654
-4.70477e-05
0.016549
-3.63188e-05
0.0165378
-2.54792e-05
0.0165317
-1.45397e-05
0.0165309
-3.51115e-06
0.0165353
7.59577e-06
0.016545
1.87697e-05
0.0165599
2.99989e-05
4.12725e-05
0.0177639
-7.90094e-05
0.0176924
-7.45159e-05
0.0176253
-6.99115e-05
0.0175628
-6.52001e-05
0.017505
-6.03859e-05
0.017452
-5.54738e-05
0.0174038
-5.04679e-05
0.0173605
-4.53732e-05
0.0173222
-4.01945e-05
0.017289
-3.49367e-05
0.017261
-2.96052e-05
0.0172381
-2.42047e-05
0.0172205
-1.87409e-05
0.0172083
-1.32192e-05
0.0172014
-7.64502e-06
0.0171999
-2.02425e-06
0.0172039
3.63822e-06
0.0172133
9.33575e-06
0.0172282
1.5063e-05
2.08137e-05
0.0184972
0.0184226
0.0183527
0.0182875
0.0182271
0.0181717
0.0181212
0.0180758
0.0180356
0.0180007
0.0179711
0.0179469
0.0179281
0.0179149
0.0179073
0.0179053
0.0179089
0.0179182
0.0179333
0.0184972
7.90094e-05
0.0184226
7.45159e-05
0.0183527
6.99115e-05
0.0182875
6.52001e-05
0.0182271
6.03859e-05
0.0181717
5.54738e-05
0.0181212
5.04679e-05
0.0180758
4.53732e-05
0.0180356
4.01945e-05
0.0180007
3.49367e-05
0.0179711
2.96052e-05
0.0179469
2.42047e-05
0.0179281
1.87409e-05
0.0179149
1.32193e-05
0.0179073
7.64502e-06
0.0179053
2.02426e-06
0.0179089
-3.63822e-06
0.0179182
-9.33574e-06
0.0179333
-1.5063e-05
-2.08137e-05
0.0179541
0.0177639
0.000154915
0.0176924
0.000146047
0.0176253
0.000136967
0.0175628
0.00012768
0.017505
0.000118196
0.017452
0.000108524
0.0174038
9.86721e-05
0.0173605
8.86498e-05
0.0173222
7.84666e-05
0.017289
6.81317e-05
0.017261
5.76554e-05
0.0172381
4.70477e-05
0.0172205
3.63188e-05
0.0172083
2.54792e-05
0.0172014
1.45397e-05
0.0171999
3.51116e-06
0.0172039
-7.59577e-06
0.0172133
-1.87697e-05
0.0172282
-2.99989e-05
-4.12725e-05
0.0172487
0.0170666
0.000227724
0.0169981
0.000214607
0.0169338
0.00020118
0.0168741
0.000187456
0.0168188
0.000173445
0.0167682
0.000159162
0.0167222
0.000144618
0.0166811
0.000129828
0.0166447
0.000114806
0.0166133
9.95648e-05
0.0165868
8.41194e-05
0.0165654
6.84844e-05
0.016549
5.26748e-05
0.0165378
3.67061e-05
0.0165317
2.05937e-05
0.0165309
4.35403e-06
0.0165353
-1.19984e-05
0.016545
-2.84458e-05
0.0165599
-4.4972e-05
-6.15602e-05
0.0165802
0.0164021
0.000297434
0.0163365
0.000280188
0.0162751
0.000262542
0.0162181
0.000244511
0.0161654
0.000226112
0.0161172
0.00020736
0.0160736
0.000188274
0.0160345
0.00016887
0.0160002
0.000149167
0.0159706
0.000129182
0.0159457
0.000108935
0.0159258
8.84443e-05
0.0159107
6.77294e-05
0.0159006
4.68104e-05
0.0158955
2.57077e-05
0.0158954
4.44205e-06
0.0159004
-1.69673e-05
0.0159104
-3.84973e-05
0.0159256
-6.0127e-05
-8.18346e-05
0.0159459
0.0157678
0.000364044
0.0157052
0.000342788
0.0156467
0.000321047
0.0155923
0.00029884
0.0155423
0.000276187
0.0154965
0.000253108
0.0154552
0.000229623
0.0154183
0.000205754
0.0153859
0.000181523
0.0153582
0.000156952
0.015335
0.000132064
0.0153166
0.000106881
0.0153029
8.14284e-05
0.015294
5.57301e-05
0.0152899
2.98103e-05
0.0152906
3.69562e-06
0.0152963
-2.25929e-05
0.0153068
-4.90249e-05
0.0153222
-7.55756e-05
-0.000102219
0.0153426
0.0151612
0.000427551
0.0151016
0.000402403
0.015046
0.00037669
0.0149944
0.000350435
0.0149469
0.00032366
0.0149036
0.000296389
0.0148646
0.000268646
0.0148299
0.000240456
0.0147996
0.000211845
0.0147737
0.000182839
0.0147523
0.000153465
0.0147354
0.000123749
0.0147231
9.37195e-05
0.0147155
6.3405e-05
0.0147124
3.28346e-05
0.0147141
2.04095e-06
0.0147205
-2.89581e-05
0.0147315
-6.01201e-05
0.0147474
-9.14181e-05
-0.000122822
0.014768
0.0145803
0.000487951
0.0145237
0.000459028
0.0144709
0.000429464
0.0144221
0.000399285
0.0143772
0.000368518
0.0143364
0.000337188
0.0142997
0.000305325
0.0142672
0.000272955
0.014239
0.000240109
0.014215
0.000206815
0.0141954
0.000173104
0.0141801
0.000139008
0.0141693
0.000104557
0.0141629
6.9785e-05
0.014161
3.47233e-05
0.0141636
-5.78158e-07
0.0141708
-3.61335e-05
0.0141825
-7.18601e-05
0.0141988
-0.00010774
-0.000143736
0.0142198
0.0140231
0.000545233
0.0139695
0.000512651
0.0139196
0.000479357
0.0138735
0.00044538
0.0138313
0.000410748
0.013793
0.000375492
0.0137587
0.000339642
0.0137284
0.000303231
0.0137022
0.000266289
0.0136802
0.000228852
0.0136623
0.000190952
0.0136487
0.000152624
0.0136393
0.000113903
0.0136343
7.48262e-05
0.0136336
3.54287e-05
0.0136373
-4.24852e-06
0.0136453
-4.41789e-05
0.0136578
-8.43124e-05
0.0136746
-0.000124614
-0.000165044
0.013696
0.0134879
0.000599381
0.0134373
0.000563257
0.0133903
0.000526353
0.013347
0.0004887
0.0133074
0.000450331
0.0132716
0.000411279
0.0132397
0.000371576
0.0132117
0.000331259
0.0131876
0.000290362
0.0131675
0.000248922
0.0131515
0.000206976
0.0131396
0.000164561
0.0131317
0.000121718
0.0131281
7.8484e-05
0.0131286
3.49009e-05
0.0131333
-8.99012e-06
0.0131423
-5.31529e-05
0.0131556
-9.75391e-05
0.013173
-0.000142108
-0.000186817
0.0131948
0.0129732
0.000650372
0.0129256
0.000610823
0.0128815
0.00057043
0.012841
0.000529227
0.0128041
0.000487247
0.0127709
0.000444528
0.0127413
0.000401105
0.0127156
0.000357016
0.0126936
0.0003123
0.0126756
0.000266996
0.0126614
0.000221145
0.0126512
0.000174787
0.0126449
0.000127964
0.0126427
8.07202e-05
0.0126445
3.30982e-05
0.0126503
-1.48577e-05
0.0126603
-6.31057e-05
0.0126744
-0.000111595
0.0126925
-0.000160282
-0.000209119
0.0127148
0.0124776
0.000698177
0.0124331
0.000655323
0.012392
0.000611563
0.0123543
0.000566933
0.01232
0.00052147
0.0122893
0.000475213
0.0122623
0.000428202
0.0122388
0.000380476
0.012219
0.000332077
0.012203
0.000283047
0.0121907
0.000233429
0.0121822
0.000183269
0.0121776
0.000132609
0.0121768
8.14978e-05
0.0121799
2.99811e-05
0.0121869
-2.1895e-05
0.0121979
-7.40828e-05
0.0122128
-0.00012653
0.0122317
-0.000179189
-0.000232008
0.0122546
0.0119999
0.000742762
0.0119585
0.000696724
0.0119204
0.000649721
0.0118855
0.00060179
0.011854
0.000552972
0.0118259
0.000503308
0.0118013
0.00045284
0.0117801
0.00040161
0.0117626
0.000349663
0.0117486
0.000297044
0.0117382
0.000243799
0.0117315
0.000189974
0.0117285
0.000135619
0.0117292
8.07809e-05
0.0117337
2.55121e-05
0.0117419
-3.01422e-05
0.011754
-8.61271e-05
0.0117698
-0.000142389
0.0117895
-0.000198877
-0.000255536
0.011813
0.0115391
0.000784086
0.0115009
0.000734988
0.0114657
0.000684867
0.0114337
0.000633763
0.011405
0.000581719
0.0113795
0.00052878
0.0113574
0.000474987
0.0113386
0.000420388
0.0113232
0.000365029
0.0113113
0.000308958
0.0113029
0.000252222
0.011298
0.000194873
0.0112966
0.00013696
0.0112989
7.8536e-05
0.0113047
1.96559e-05
0.0113142
-3.96366e-05
0.0113274
-9.92782e-05
0.0113442
-0.000159214
0.0113647
-0.00021939
-0.000279749
0.0113889
0.0110942
0.000822104
0.0110591
0.000770072
0.011027
0.000716962
0.010998
0.000662815
0.010972
0.000607678
0.0109492
0.000551594
0.0109296
0.000494612
0.0109132
0.000436779
0.0109001
0.000378143
0.0108903
0.000318756
0.0108838
0.000258668
0.0108808
0.000197932
0.0108811
0.0001366
0.0108849
7.47295e-05
0.0108922
1.23807e-05
0.010903
-5.04145e-05
0.0109173
-0.000113574
0.0109351
-0.000177044
0.0109565
-0.00024077
-0.000304689
0.0109814
0.0106643
0.000856765
0.0106325
0.00080193
0.0106035
0.000745962
0.0105774
0.000688906
0.0105543
0.000630807
0.0105341
0.000571715
0.0105171
0.000511679
0.0105031
0.000450747
0.0104923
0.000388972
0.0104846
0.000326407
0.0104802
0.000263104
0.010479
0.000199119
0.0104811
0.000134507
0.0104865
6.93269e-05
0.0104952
3.66712e-06
0.0105073
-6.25106e-05
0.0105228
-0.000129047
0.0105417
-0.000195915
0.0105639
-0.000263052
-0.000330396
0.0105896
0.0102488
0.000888015
0.0102202
0.000830511
0.0101943
0.000771821
0.0101713
0.000711989
0.010151
0.000651067
0.0101336
0.000589104
0.0101191
0.00052615
0.0101076
0.000462259
0.0100991
0.000397483
0.0100936
0.000331879
0.0100912
0.0002655
0.010092
0.000198406
0.0100958
0.000130654
0.0101028
6.23055e-05
0.0101131
-6.56008e-06
0.0101265
-7.59494e-05
0.0101432
-0.000145728
0.0101631
-0.000215855
0.0101863
-0.000286268
-0.0003569
0.0102128
0.00984684
0.000915794
0.00982159
0.00085576
0.00979893
0.000794485
0.0097789
0.000732019
0.00976155
0.000668412
0.00974694
0.000603717
0.0097351
0.000537986
0.00972609
0.000471276
0.00971993
0.00040364
0.00971667
0.000335137
0.00971635
0.000265824
0.00971899
0.000195761
0.00972464
0.000125009
0.00973331
5.36319e-05
0.00974506
-1.83056e-05
0.00975987
-9.07625e-05
0.00977779
-0.000163644
0.00979883
-0.000236894
0.009823
-0.000310445
-0.00038423
0.00985033
0.00945791
0.00094004
0.00943605
0.000877618
0.00941663
0.000813901
0.00939971
0.000748942
0.00938533
0.000682793
0.00937354
0.000615509
0.00936438
0.000547145
0.0093579
0.000477758
0.00935413
0.000407405
0.00935312
0.000336145
0.00935491
0.00026404
0.00935952
0.00019115
0.00936698
0.000117541
0.00937734
4.32772e-05
0.00939062
-3.15837e-05
0.00940683
-0.000106978
0.00942601
-0.000182823
0.00944817
-0.000259056
0.00947334
-0.000335607
-0.000412407
0.00950151
0.00908143
0.000960686
0.00906303
0.000896021
0.00904692
0.00083001
0.00903316
0.000762704
0.00902179
0.00069416
0.00901287
0.000624433
0.00900643
0.000553582
0.00900252
0.000481663
0.00900119
0.000408738
0.00900247
0.000334868
0.00900639
0.000260115
0.009013
0.000184544
0.00902232
0.000108221
0.00903438
3.12178e-05
0.00904922
-4.64246e-05
0.00906686
-0.000124616
0.00908732
-0.000203283
0.00911062
-0.000282358
0.00913678
-0.000361769
-0.000441443
0.00916582
0.0087169
0.00097766
0.00870202
0.000910904
0.00868928
0.000842748
0.00867874
0.000773247
0.00867044
0.000702457
0.00866444
0.000630438
0.00866077
0.000557248
0.00865949
0.000482948
0.00866063
0.0004076
0.00866423
0.000331267
0.00867033
0.000254015
0.00867896
0.00017591
0.00869016
9.70206e-05
0.00870394
1.74398e-05
0.00872037
-6.28556e-05
0.00873945
-0.0001437
0.00876121
-0.000225041
0.00878567
-0.000306812
0.00881283
-0.000388937
-0.000471339
0.00884273
0.00836384
0.000990886
0.00835255
0.000922195
0.00834325
0.00085205
0.00833599
0.000780507
0.00833082
0.000707626
0.00832779
0.000633468
0.00832695
0.000558093
0.00832833
0.000481564
0.00833199
0.000403944
0.00833796
0.0003253
0.00834627
0.000245697
0.00835698
0.000165204
0.00837011
8.38874e-05
0.00838555
2.00464e-06
0.00840361
-8.09121e-05
0.00842415
-0.000164245
0.00844722
-0.000248109
0.00847283
-0.000332423
0.008501
-0.000417109
-0.000502085
0.00853175
0.0080218
0.00100029
0.00801417
0.000929818
0.00800838
0.000857843
0.00800447
0.000784417
0.00800249
0.000709604
0.00800249
0.000633465
0.00800452
0.000556064
0.00800862
0.000477464
0.00801483
0.000397733
0.0080232
0.000316938
0.00803375
0.000235147
0.00804652
0.000152432
0.00806153
6.88712e-05
0.00807898
-1.54394e-05
0.00809861
-0.000100548
0.00812061
-0.000186237
0.00814497
-0.00027247
0.00817171
-0.00035917
0.00820086
-0.000446255
-0.000533638
0.00823241
0.00769031
0.00100578
0.00768643
0.000933694
0.00768422
0.000860051
0.00768374
0.000784904
0.00768502
0.00070832
0.00768812
0.000630362
0.00769309
0.000551096
0.00769997
0.000470588
0.0077088
0.000388906
0.00771961
0.00030612
0.00773246
0.000222301
0.00774737
0.000137524
0.00776437
5.18723e-05
0.00778353
-3.46022e-05
0.00780482
-0.000121836
0.00782828
-0.000209701
0.00785394
-0.00029813
0.00788181
-0.00038704
0.0079119
-0.000476341
-0.000565941
0.0079442
0.00736892
0.00100727
0.00736888
0.000933737
0.00737034
0.000858591
0.00737335
0.000781889
0.00737797
0.0007037
0.00738425
0.000624089
0.00739222
0.000543124
0.00740194
0.000460872
0.00741343
0.000377406
0.00742676
0.000292797
0.00744194
0.000207119
0.00745902
0.000120449
0.007478
3.28903e-05
0.00749897
-5.55705e-05
0.0075219
-0.000144773
0.00754683
-0.000234629
0.00757376
-0.000325064
0.00760271
-0.000415983
0.00763366
-0.000507292
-0.000598887
0.0076666
0.00705716
0.00100467
0.00706105
0.000929856
0.00706626
0.000853374
0.00707287
0.000775285
0.00708091
0.000695659
0.00709043
0.000614564
0.00710149
0.000532069
0.00711411
0.000448246
0.00712835
0.000363168
0.00714424
0.000276908
0.00716181
0.000189544
0.00718111
0.000101158
0.00720207
1.19246e-05
0.00722488
-7.83804e-05
0.00724946
-0.000169353
0.00727583
-0.000260996
0.00730398
-0.000353218
0.00733392
-0.000445917
0.00736561
-0.000538986
-0.000632307
0.00739903
0.00675455
0.000997882
0.00676245
0.000921954
0.00677152
0.000844305
0.00678181
0.000764997
0.00679336
0.000684103
0.00680623
0.000601695
0.00682046
0.000517845
0.00683608
0.000432626
0.00685313
0.000346114
0.00687165
0.000258389
0.00689166
0.000169531
0.00691319
7.96281e-05
0.00693625
-1.11369e-05
0.0069609
-0.000103023
0.00698709
-0.000195548
0.00701484
-0.000288741
0.00704412
-0.000382497
0.0070749
-0.0004767
0.00710714
-0.000571225
-0.00066594
0.00714077
0.00646057
0.000986805
0.0064726
0.000909927
0.00648563
0.000831274
0.00649971
0.000750913
0.00651489
0.000668922
0.00653121
0.000585373
0.00654871
0.000500344
0.00656743
0.000413911
0.00658739
0.000326155
0.00660862
0.000237162
0.00663113
0.00014702
0.00665492
5.58347e-05
0.00668013
-3.63496e-05
0.00670658
-0.000129474
0.00673434
-0.0002233
0.00676336
-0.00031776
0.0067936
-0.00041274
0.006825
-0.000508104
0.00685749
-0.000603711
-0.000699404
0.00689095
0.00617472
0.000971327
0.00619099
0.000893654
0.0062081
0.000814158
0.00622611
0.000732907
0.00624505
0.000649984
0.00626495
0.000565468
0.00628586
0.000479439
0.00630779
0.00039198
0.00633077
0.000303178
0.0063548
0.000213126
0.00637989
0.000121933
0.00640594
2.97802e-05
0.00643319
-6.35922e-05
0.00646142
-0.000157712
0.00649063
-0.000252504
0.00652074
-0.000347877
0.0065517
-0.000443692
0.00658338
-0.000539793
0.00661568
-0.000636011
-0.000732164
0.00664844
0.00589651
0.00095132
0.00591716
0.000872999
0.00593851
0.000792809
0.00596059
0.000710825
0.00598344
0.000627138
0.00600708
0.000541832
0.00603152
0.000454992
0.0060568
0.000366709
0.0060829
0.000277077
0.00610983
0.00018619
0.00613763
9.41316e-05
0.00616563
1.78538e-06
0.00619494
-9.29062e-05
0.00622483
-0.000187594
0.00625528
-0.000282953
0.0062862
-0.000378801
0.00631748
-0.000474968
0.00634896
-0.000571275
0.00638047
-0.000667528
-0.000763513
0.00641182
0.00562554
0.00565075
0.000847793
0.00567651
0.000767051
0.00570284
0.00068449
0.00572977
0.00060021
0.00575729
0.000514307
0.00578541
0.000426875
0.0058141
0.000338019
0.00584333
0.000247846
0.00587305
0.000156475
0.00590312
6.40583e-05
0.0059342
-2.92994e-05
0.00596507
-0.000123774
0.00599623
-0.000218756
0.00602751
-0.000314225
0.00605873
-0.000410029
0.00608975
-0.00050598
0.00612034
-0.000601873
0.0061503
-0.000697483
-0.000792567
0.00617935
0.00539153
0.00081784
0.0054219
0.000736684
0.00545268
0.000653708
0.00548387
0.000569026
0.00551543
0.000482745
0.00554733
0.000394971
0.00557953
0.000305822
0.00561196
0.000215421
0.00564451
0.000123917
0.00567699
3.15853e-05
0.00570972
-6.20284e-05
0.00574216
-0.000156215
0.00577426
-0.00025086
0.00580588
-0.000345843
0.00583682
-0.000440968
0.00586686
-0.000536021
0.00589575
-0.000630769
0.00592323
-0.000724959
-0.000818321
0.00594898
0.00513952
0.000782923
0.0051747
0.00070151
0.00521009
0.000618317
0.00524564
0.000533472
0.0052813
0.000447091
0.00531697
0.000359295
0.00535259
0.000270209
0.00538805
0.00017996
0.00542331
8.86583e-05
0.0054574
-2.51018e-06
0.00549171
-9.63402e-05
0.00552512
-0.00018962
0.00555756
-0.000283297
0.00558882
-0.00037711
0.00561869
-0.00047083
0.00564689
-0.00056422
0.00567314
-0.00065702
0.00569713
-0.000748951
-0.000839713
0.00571852
0.00489529
0.000742866
0.00493537
0.000661426
0.00497539
0.000578297
0.00501525
0.000493617
0.00505483
0.000407513
0.005094
0.000320119
0.00513263
0.000231577
0.00517055
0.000142043
0.00520742
5.17839e-05
0.00524417
-3.92564e-05
0.00527898
-0.000131147
0.00531249
-0.00022313
0.00534438
-0.000315186
0.00537438
-0.000407117
0.00540223
-0.00049868
0.00542763
-0.000589616
0.00545025
-0.000679642
0.00546975
-0.000768455
-0.000855732
0.00548577
0.00465944
0.000697692
0.00470427
0.000616602
0.00474862
0.000533945
0.00479237
0.000449863
0.00483539
0.000364495
0.00487752
0.000277988
0.00491861
0.000190495
0.00495846
0.000102186
0.00499671
1.35349e-05
0.00503376
-7.63002e-05
0.00506873
-0.000166124
0.0051016
-0.000256001
0.00513213
-0.00034571
0.00516002
-0.000435012
0.00518499
-0.000523646
0.0052067
-0.000611331
0.00522482
-0.000697762
0.00523899
-0.000782617
-0.000865555
0.00524881
0.00442957
0.00447898
0.00452735
0.00457455
0.00462045
0.00466489
0.0047077
0.00474863
0.0047876
0.00482434
0.00485855
0.00488998
0.00491836
0.00494339
0.00496475
0.00498211
0.00499511
0.00500338
0.00500653
0.0179807
-2.65814e-05
0.0180131
-3.23614e-05
0.0180512
-3.81471e-05
0.0180951
-4.39319e-05
0.0181448
-4.97103e-05
0.0182003
-5.54756e-05
0.0182615
-6.12221e-05
-6.69431e-05
0.0172747
-5.25774e-05
0.0173062
-6.39044e-05
0.0173433
-7.52401e-05
0.017386
-8.65733e-05
0.0174341
-9.78915e-05
0.0174879
-0.000109183
0.0175471
-0.000120436
-0.000131638
0.0166059
-7.81922e-05
0.0166368
-9.48536e-05
0.0166731
-0.000111526
0.0167147
-0.000128192
0.0167616
-0.000144834
0.0168139
-0.000161435
0.0168714
-0.000177977
-0.000194442
0.0159713
-0.000103596
0.0160018
-0.000125394
0.0160375
-0.000147203
0.0160783
-0.000169001
0.0161242
-0.000190765
0.0161753
-0.000212473
0.0162314
-0.000234102
-0.000255629
0.0153679
-0.000128925
0.0153982
-0.000155672
0.0154334
-0.00018243
0.0154736
-0.000209172
0.0155187
-0.000235871
0.0155687
-0.000262498
0.0156237
-0.000289025
-0.000315426
0.0147934
-0.000154296
0.0148235
-0.000185816
0.0148584
-0.000217346
0.0148981
-0.000248855
0.0149425
-0.00028031
0.0149917
-0.000311679
0.0150456
-0.000342929
-0.000374027
0.0142453
-0.000179812
0.0142754
-0.000215936
0.0143101
-0.000252071
0.0143494
-0.000288178
0.0143934
-0.000324221
0.0144418
-0.000360164
0.0144949
-0.000395969
-0.000431599
0.0137217
-0.00020556
0.0137519
-0.000246128
0.0137865
-0.000286705
0.0138256
-0.00032725
0.0138691
-0.000367721
0.013917
-0.000408078
0.0139693
-0.000448279
-0.000488283
0.0132209
-0.000231618
0.0132512
-0.000276475
0.0132859
-0.00032134
0.0133248
-0.000366168
0.013368
-0.000410913
0.0134154
-0.000455531
0.0134671
-0.000499977
-0.000544204
0.0127413
-0.000258056
0.0127718
-0.000307051
0.0128066
-0.000356055
0.0128454
-0.000405016
0.0128884
-0.000453888
0.0129355
-0.00050262
0.0129867
-0.000551163
-0.000599468
0.0122815
-0.000284934
0.0123124
-0.000337923
0.0123473
-0.000390919
0.0123861
-0.000443871
0.0124289
-0.000496724
0.0124758
-0.000549427
0.0125265
-0.000601927
-0.00065417
0.0118404
-0.000312308
0.0118716
-0.000369148
0.0119067
-0.000425996
0.0119456
-0.000482796
0.0119884
-0.000539493
0.012035
-0.000596028
0.0120854
-0.000652347
-0.000708392
0.0114169
-0.000340228
0.0114485
-0.00040078
0.0114838
-0.000461341
0.0115229
-0.000521853
0.0115657
-0.000582255
0.0116121
-0.000642488
0.0116623
-0.000702492
-0.000762207
0.0110099
-0.000368738
0.011042
-0.000432865
0.0110777
-0.000497004
0.0111169
-0.000561092
0.0111597
-0.000625066
0.0112061
-0.000688864
0.011256
-0.000752422
-0.000815676
0.0106188
-0.000397877
0.0106514
-0.000465444
0.0106874
-0.000533026
0.0107269
-0.000600557
0.0107698
-0.000667972
0.0108161
-0.000735204
0.0108659
-0.000802186
-0.000868851
0.0102426
-0.00042768
0.0102758
-0.000498552
0.0103122
-0.000569444
0.0103519
-0.000640286
0.0103949
-0.00071101
0.0104413
-0.000781545
0.0104909
-0.000851822
-0.000921769
0.00988083
-0.000458172
0.00991449
-0.000532216
0.00995133
-0.000606284
0.00999135
-0.000680305
0.0100345
-0.000754205
0.0100809
-0.000827912
0.0101304
-0.000901351
-0.000974446
0.00953272
-0.000489375
0.00956695
-0.000566455
0.00960423
-0.000643563
0.00964455
-0.000720626
0.00968791
-0.000797566
0.00973431
-0.000874307
0.00978373
-0.000950769
-0.00102687
0.00919774
-0.000521298
0.00923256
-0.000601271
0.00927027
-0.000681279
0.00931089
-0.000761242
0.0093544
-0.000841078
0.0094008
-0.000920706
0.00945007
-0.00100004
-0.00107899
0.00887537
-0.000553933
0.00891075
-0.000636654
0.00894888
-0.000719411
0.00898976
-0.000802119
0.00903337
-0.000884694
0.00907971
-0.000967043
0.00912874
-0.00104907
-0.00113069
0.00856508
-0.000587261
0.00860099
-0.000672566
0.00863948
-0.000757906
0.00868055
-0.000843187
0.00872417
-0.000928316
0.00877032
-0.00101319
0.00881896
-0.00109771
-0.00118176
0.00826637
-0.000621223
0.00830274
-0.000708934
0.0083415
-0.000796665
0.00838263
-0.000884316
0.0084261
-0.00097178
0.00847185
-0.00105894
0.00851983
-0.00114569
-0.00123189
0.00797871
-0.000655735
0.00801542
-0.000745638
0.00805428
-0.000835532
0.00809527
-0.000925303
0.00813832
-0.00101483
0.00818336
-0.00110398
0.00823028
-0.00119261
-0.00128058
0.00770152
-0.000690652
0.00773837
-0.000782487
0.0077771
-0.00087426
0.00781763
-0.000965839
0.00785988
-0.00105708
0.00790373
-0.00114783
0.00794904
-0.00123792
-0.00132716
0.00743413
-0.000725748
0.00747083
-0.000819193
0.00750906
-0.000912488
0.0075487
-0.00100548
0.0075896
-0.00109799
0.00763162
-0.00118984
0.00767453
-0.00128083
-0.00137075
0.00717571
-0.000760691
0.00721186
-0.000855338
0.00724907
-0.000949702
0.00728719
-0.0010436
0.00732603
-0.00113682
0.00736535
-0.00122916
0.00740489
-0.00132037
-0.00141021
0.00692526
-0.000795003
0.00696027
-0.000890344
0.00699578
-0.000985213
0.00703158
-0.00107939
0.00706741
-0.00117265
0.00710297
-0.00126472
0.00713794
-0.00135534
-0.00144421
0.00668148
-0.000828043
0.00671459
-0.000923452
0.00674752
-0.00101814
0.00678
-0.00111187
0.00681169
-0.00120434
0.00684225
-0.00129528
0.00687128
-0.00138437
-0.00147127
0.00644277
-0.000858989
0.00647304
-0.000953726
0.00650234
-0.00104744
0.00653032
-0.00113985
0.00655661
-0.00123063
0.0065808
-0.00131947
0.00660244
-0.001406
-0.00148988
0.00620722
-0.000886853
0.00623357
-0.000980078
0.00625805
-0.00107193
0.00628028
-0.00116208
0.00629983
-0.00125019
0.00631626
-0.00133589
0.00632907
-0.00141882
-0.00149859
0.00597268
-0.000910549
0.00599395
-0.00100135
0.00601241
-0.00109038
0.00602762
-0.00117729
0.00603915
-0.00126171
0.00604652
-0.00134326
0.00604924
-0.00142154
-0.00149617
0.00573695
-0.000928973
0.00575201
-0.00101641
0.0057633
-0.00110167
0.00577037
-0.00118436
0.00577277
-0.00126411
0.00577003
-0.00134052
0.00576168
-0.00141319
-0.00148174
0.00549792
-0.00094112
0.00550579
-0.00102428
0.00550895
-0.00110484
0.00550698
-0.00118239
0.00549943
-0.00125656
0.00548586
-0.00132695
0.00546582
-0.00139316
-0.00145483
0.0052539
-0.000946208
0.00525384
-0.00102423
0.00524822
-0.00109922
0.00523662
-0.00117079
0.00521862
-0.00123856
0.00519382
-0.00130215
0.00516184
-0.00136118
-0.00141531
0.00500416
0.00499589
0.0049813
0.00496001
0.00493164
0.00489583
0.00485228
)
;

boundaryField
{
    inlet
    {
        type            calculated;
        value           nonuniform 0();
    }
    outlet
    {
        type            calculated;
        value           nonuniform 0();
    }
    cylinder
    {
        type            calculated;
        value           uniform 0;
    }
    top
    {
        type            symmetryPlane;
        value           uniform 0;
    }
    bottom
    {
        type            symmetryPlane;
        value           uniform 0;
    }
    defaultFaces
    {
        type            empty;
        value           nonuniform 0();
    }
    procBoundary1to0
    {
        type            processor;
        value           nonuniform List<scalar> 
158
(
-0.00504555
-0.000725909
-0.000683423
-0.00469578
-0.000630299
-0.00436114
-0.000572134
-0.000621819
-0.00393037
-0.000556076
-0.00362028
-0.000490306
-0.000526951
-0.00320565
-0.000455113
-0.00289361
-0.000383562
-0.000408004
-0.00247905
-0.00033271
-0.000351278
-0.00206685
-0.00027449
-0.000287896
-0.000300618
-0.00157319
-0.000221363
-0.000229862
-0.000237813
-0.00110835
-0.000160887
-0.000165622
-0.000169955
-0.000173878
-0.000177384
-0.000545339
-0.000104797
-0.000106421
-0.00010778
-0.00010887
-0.00010969
-0.000110237
-0.000110511
-0.000110511
-0.000110237
-0.00010969
-0.00010887
-0.00010778
-0.000106421
-0.000104797
-0.000545339
-0.000177384
-0.000173878
-0.000169955
-0.000165622
-0.000160887
-0.00110835
-0.000237813
-0.000229862
-0.000221363
-0.00157319
-0.000300618
-0.000287896
-0.00027449
-0.00206685
-0.000351278
-0.00033271
-0.00247905
-0.000408004
-0.000383562
-0.00289361
-0.000455113
-0.00320565
-0.000526951
-0.000490306
-0.00362028
-0.000556076
-0.00393037
-0.000621819
-0.000572134
-0.00436114
-0.000630299
-0.00469578
-0.000683423
-0.00504555
-0.000725909
-0.00437923
-0.00461427
-0.00485523
-0.00510461
-0.00536158
-0.00562554
-0.00589651
-0.00617472
-0.00646057
-0.00675455
0.00100467
-0.00705457
-0.00737041
-0.0076958
-0.0080312
-0.00837707
-0.00873388
-0.00910208
-0.00948215
-0.00987462
-0.01028
-0.010699
-0.0111322
-0.0115804
-0.0120445
-0.0125254
-0.0130242
-0.0135421
-0.0140804
-0.0146407
-0.0152247
-0.0158344
-0.0164718
-0.0171394
-0.0178398
-0.0185762
-0.0185762
-0.0178398
-0.0171394
-0.0164718
-0.0158344
-0.0152247
-0.0146407
-0.0140804
-0.0135421
-0.0130242
-0.0125254
-0.0120445
-0.0115804
-0.0111322
-0.010699
-0.01028
-0.00987462
-0.00948215
-0.00910208
-0.00873388
-0.00837707
-0.0080312
-0.0076958
-0.00737041
-0.00705457
-0.00674776
-0.00644949
-0.00615924
-0.0058765
-0.00560086
0.000926631
-0.00536158
-0.00510461
-0.00485523
-0.00461427
-0.00437923
)
;
    }
    procBoundary1to2
    {
        type            processor;
        value           nonuniform List<scalar> 
115
(
4.51734e-05
0.000152407
2.42454e-05
0.000313363
5.73922e-05
0.000526832
0.00073466
0.000168707
0.00104688
0.00132537
0.000344269
0.00173969
0.00208791
0.000578146
0.00259386
0.00300015
0.00084998
0.00356902
0.00400948
0.00112534
0.00459667
0.00503889
0.00459667
0.00503889
0.00313903
0.00356902
0.00112534
0.00400948
0.00220866
0.000711105
0.00259386
0.000457393
0.00173969
0.00104688
0.000344269
0.00132537
0.000526832
0.000168707
0.00073466
5.73922e-05
0.000313363
4.51734e-05
2.42454e-05
0.000152407
0.00480069
0.00512232
0.00543891
0.00574725
0.00604682
0.00633778
0.00662105
0.00689834
0.00717194
0.00744435
0.00771811
0.00799562
0.00827897
0.00856995
0.00887003
0.00918044
0.00950219
0.00983615
0.0101831
0.0105438
0.010919
0.0113095
0.0117161
0.0121396
0.0125812
0.0130419
0.013523
0.014026
0.0145524
0.0151042
0.0156835
0.0162926
0.0169342
-0.000142777
0.0176819
0.0184011
0.0183285
0.0176118
0.0169342
0.0162926
0.0156835
0.0151042
0.0145524
0.014026
0.013523
0.0130419
0.0125812
0.0121396
0.0117161
0.0113095
0.010919
0.0105438
0.0101831
0.00983615
0.00950219
0.00918044
0.00887003
0.00856995
0.00827897
0.00799562
0.00771811
0.00744435
0.00717194
0.00689834
0.00662105
0.00633778
0.00604682
0.00574725
0.00543891
0.00512232
0.00480069
)
;
    }
}


// ************************************************************************* //
