/*--------------------------------*- C++ -*----------------------------------*\
  =========                 |
  \\      /  F ield         | OpenFOAM: The Open Source CFD Toolbox
   \\    /   O peration     | Website:  https://openfoam.org
    \\  /    A nd           | Version:  7
     \\/     M anipulation  |
\*---------------------------------------------------------------------------*/
FoamFile
{
    version     2.0;
    format      ascii;
    class       volScalarField;
    location    "55";
    object      p;
}
// * * * * * * * * * * * * * * * * * * * * * * * * * * * * * * * * * * * * * //

dimensions      [0 2 -2 0 0 0 0];

internalField   nonuniform List<scalar> 
8500
(
-0.138725
-0.139747
-0.140371
-0.140905
-0.141373
-0.141777
-0.142133
-0.142454
-0.142747
-0.143021
-0.143279
-0.143525
-0.14376
-0.143987
-0.144207
-0.144422
-0.144633
-0.144846
-0.14506
-0.14528
-0.138764
-0.139781
-0.140401
-0.140933
-0.141398
-0.141799
-0.142153
-0.142471
-0.142762
-0.143033
-0.143289
-0.143532
-0.143765
-0.14399
-0.144207
-0.14442
-0.14463
-0.144841
-0.145055
-0.145272
-0.138846
-0.139855
-0.14047
-0.140998
-0.141459
-0.141856
-0.142206
-0.14252
-0.142807
-0.143074
-0.143326
-0.143565
-0.143794
-0.144015
-0.144228
-0.144437
-0.144644
-0.144852
-0.145063
-0.145275
-0.138972
-0.13997
-0.140578
-0.1411
-0.141555
-0.141947
-0.142291
-0.1426
-0.142882
-0.143144
-0.14339
-0.143623
-0.143847
-0.144061
-0.144269
-0.144472
-0.144674
-0.144879
-0.145085
-0.145289
-0.13914
-0.140125
-0.140725
-0.141238
-0.141687
-0.142072
-0.142409
-0.142711
-0.142986
-0.14324
-0.143479
-0.143706
-0.143921
-0.144129
-0.144329
-0.144525
-0.144719
-0.144919
-0.145119
-0.145311
-0.13935
-0.140318
-0.140909
-0.141413
-0.141853
-0.142229
-0.142558
-0.142852
-0.143118
-0.143364
-0.143594
-0.143811
-0.144018
-0.144216
-0.144407
-0.144594
-0.144779
-0.144971
-0.145163
-0.145341
-0.139601
-0.140551
-0.141129
-0.141623
-0.142053
-0.142419
-0.142738
-0.143022
-0.143278
-0.143514
-0.143733
-0.14394
-0.144135
-0.144322
-0.144502
-0.144677
-0.144852
-0.145035
-0.145217
-0.145376
-0.139891
-0.14082
-0.141386
-0.141868
-0.142286
-0.142641
-0.142949
-0.14322
-0.143465
-0.143689
-0.143896
-0.14409
-0.144272
-0.144445
-0.144612
-0.144774
-0.144935
-0.145107
-0.145278
-0.145416
-0.14022
-0.141126
-0.141678
-0.142146
-0.142551
-0.142893
-0.143188
-0.143447
-0.143678
-0.143887
-0.14408
-0.14426
-0.144427
-0.144585
-0.144735
-0.144882
-0.145028
-0.145187
-0.145344
-0.145456
-0.140585
-0.141468
-0.142004
-0.142458
-0.142848
-0.143175
-0.143455
-0.143699
-0.143915
-0.144109
-0.144286
-0.144449
-0.144599
-0.144739
-0.144871
-0.144999
-0.145128
-0.145272
-0.145413
-0.145496
-0.140987
-0.141843
-0.142362
-0.1428
-0.143174
-0.143486
-0.14375
-0.143978
-0.144176
-0.144353
-0.144511
-0.144655
-0.144786
-0.144906
-0.145018
-0.145125
-0.145233
-0.14536
-0.145483
-0.145532
-0.141423
-0.142252
-0.142753
-0.143174
-0.143531
-0.143825
-0.144071
-0.14428
-0.14446
-0.144617
-0.144755
-0.144878
-0.144986
-0.145084
-0.145172
-0.145256
-0.14534
-0.145447
-0.14555
-0.145561
-0.141893
-0.142693
-0.143175
-0.143577
-0.143915
-0.144191
-0.144417
-0.144606
-0.144765
-0.1449
-0.145016
-0.145115
-0.145199
-0.145271
-0.145333
-0.14539
-0.145448
-0.145533
-0.145612
-0.145579
-0.142394
-0.143165
-0.143627
-0.144009
-0.144327
-0.144582
-0.144788
-0.144954
-0.14509
-0.145202
-0.145293
-0.145366
-0.145423
-0.145467
-0.145499
-0.145526
-0.145554
-0.145613
-0.145666
-0.145584
-0.142926
-0.143666
-0.144108
-0.144469
-0.144766
-0.144999
-0.145181
-0.145324
-0.145435
-0.14552
-0.145584
-0.145629
-0.145656
-0.145668
-0.145668
-0.145661
-0.145656
-0.145685
-0.14571
-0.14557
-0.143487
-0.144197
-0.144617
-0.144956
-0.14523
-0.145439
-0.145597
-0.145714
-0.145798
-0.145855
-0.145889
-0.145902
-0.145897
-0.145875
-0.145838
-0.145794
-0.14575
-0.145746
-0.14574
-0.145535
-0.144077
-0.144756
-0.145153
-0.14547
-0.145719
-0.145903
-0.146034
-0.146123
-0.146177
-0.146204
-0.146206
-0.146186
-0.146145
-0.146084
-0.146008
-0.145922
-0.145836
-0.145794
-0.145755
-0.145471
-0.144694
-0.145342
-0.145716
-0.146009
-0.146232
-0.146389
-0.146492
-0.146551
-0.146574
-0.146567
-0.146535
-0.146478
-0.146398
-0.146297
-0.146177
-0.146045
-0.145911
-0.145826
-0.145751
-0.145374
-0.145338
-0.145954
-0.146305
-0.146572
-0.146769
-0.146897
-0.146969
-0.146996
-0.146985
-0.146944
-0.146874
-0.146778
-0.146657
-0.146511
-0.146343
-0.14616
-0.145973
-0.145839
-0.145726
-0.145224
-0.146009
-0.146593
-0.146919
-0.147161
-0.147329
-0.147426
-0.147466
-0.147459
-0.147412
-0.147332
-0.147223
-0.147086
-0.14692
-0.146726
-0.146506
-0.146268
-0.146021
-0.145833
-0.145679
-0.145001
-0.146705
-0.147259
-0.147559
-0.147773
-0.147911
-0.147977
-0.147982
-0.147938
-0.147853
-0.147733
-0.147582
-0.1474
-0.147187
-0.146941
-0.146666
-0.146367
-0.146055
-0.145805
-0.145612
-0.144807
-0.147428
-0.14795
-0.148225
-0.14841
-0.148516
-0.148547
-0.148516
-0.148433
-0.148308
-0.148146
-0.14795
-0.147721
-0.147457
-0.147157
-0.146822
-0.146457
-0.146074
-0.145753
-0.145481
-0.144579
-0.148176
-0.148667
-0.148916
-0.149071
-0.149144
-0.149139
-0.149068
-0.148945
-0.148776
-0.14857
-0.148327
-0.148049
-0.147732
-0.147375
-0.146976
-0.14654
-0.146078
-0.145679
-0.145326
-0.144272
-0.148951
-0.149411
-0.149632
-0.149756
-0.149794
-0.14975
-0.149639
-0.149472
-0.149258
-0.149005
-0.148713
-0.148383
-0.148011
-0.147594
-0.147128
-0.146617
-0.146068
-0.145582
-0.145146
-0.143891
-0.149753
-0.150182
-0.150375
-0.150467
-0.150467
-0.150383
-0.150228
-0.150015
-0.149754
-0.149451
-0.149108
-0.148724
-0.148296
-0.147816
-0.14728
-0.146688
-0.146046
-0.145463
-0.144936
-0.143436
-0.150584
-0.150982
-0.151146
-0.151202
-0.151164
-0.151037
-0.150836
-0.150575
-0.150263
-0.149908
-0.149512
-0.149073
-0.148586
-0.148041
-0.147433
-0.146757
-0.146015
-0.145324
-0.144699
-0.142899
-0.151444
-0.151811
-0.151944
-0.151965
-0.151885
-0.151712
-0.151463
-0.15115
-0.150786
-0.150377
-0.149926
-0.14943
-0.148882
-0.148271
-0.147588
-0.146826
-0.145978
-0.145167
-0.144436
-0.142277
-0.152336
-0.152671
-0.152772
-0.152755
-0.152631
-0.15241
-0.152109
-0.151743
-0.151323
-0.150858
-0.15035
-0.149795
-0.149185
-0.148508
-0.147749
-0.146897
-0.145938
-0.144997
-0.144153
-0.141563
-0.153261
-0.153564
-0.153632
-0.153574
-0.153403
-0.153131
-0.152776
-0.152353
-0.151875
-0.151351
-0.150784
-0.150168
-0.149496
-0.148752
-0.147917
-0.146974
-0.145901
-0.144817
-0.143855
-0.140756
-0.154222
-0.154491
-0.154524
-0.154423
-0.154204
-0.153877
-0.153464
-0.152981
-0.152443
-0.151857
-0.151228
-0.150551
-0.149816
-0.149003
-0.148093
-0.14706
-0.145869
-0.144634
-0.143551
-0.139855
-0.155221
-0.155456
-0.155452
-0.155306
-0.155033
-0.15465
-0.154175
-0.153629
-0.153026
-0.152377
-0.151684
-0.150944
-0.150144
-0.149264
-0.148278
-0.147156
-0.145847
-0.144454
-0.143247
-0.138864
-0.156262
-0.156462
-0.156418
-0.156223
-0.155895
-0.15545
-0.154911
-0.154298
-0.153628
-0.152911
-0.152152
-0.151347
-0.150482
-0.149535
-0.148475
-0.147265
-0.14584
-0.144281
-0.142952
-0.137792
-0.157349
-0.15751
-0.157424
-0.157177
-0.15679
-0.15628
-0.155672
-0.154988
-0.154247
-0.153461
-0.152633
-0.151761
-0.15083
-0.149816
-0.148683
-0.147389
-0.145851
-0.144123
-0.14267
-0.136656
-0.158484
-0.158605
-0.158474
-0.158172
-0.157721
-0.157142
-0.156461
-0.155703
-0.154887
-0.154027
-0.153128
-0.152187
-0.151189
-0.150107
-0.148904
-0.147529
-0.145882
-0.143989
-0.142403
-0.135481
-0.159673
-0.15975
-0.159571
-0.15921
-0.158691
-0.158039
-0.157281
-0.156444
-0.15555
-0.154613
-0.153639
-0.152626
-0.151559
-0.150411
-0.149139
-0.147687
-0.145938
-0.14389
-0.142151
-0.134316
-0.160921
-0.16095
-0.160719
-0.160295
-0.159704
-0.158974
-0.158134
-0.157214
-0.156237
-0.155219
-0.154167
-0.15308
-0.151943
-0.150728
-0.149389
-0.147867
-0.146024
-0.143844
-0.141915
-0.133245
-0.162231
-0.162209
-0.161922
-0.16143
-0.160762
-0.159949
-0.159023
-0.158016
-0.156952
-0.155849
-0.154716
-0.153552
-0.152343
-0.151061
-0.149658
-0.148073
-0.146146
-0.143873
-0.141663
-0.132318
-0.163609
-0.163532
-0.163184
-0.16262
-0.16187
-0.160969
-0.159952
-0.158853
-0.157697
-0.156506
-0.155289
-0.154045
-0.152763
-0.151413
-0.149951
-0.148314
-0.146323
-0.14402
-0.1413
-0.131425
-0.165062
-0.164923
-0.16451
-0.163868
-0.163031
-0.162037
-0.160925
-0.159728
-0.158478
-0.157194
-0.155889
-0.154563
-0.153205
-0.151789
-0.150273
-0.148601
-0.146593
-0.144392
-0.140911
-0.130982
-0.166596
-0.166389
-0.165905
-0.16518
-0.164251
-0.163159
-0.161945
-0.160647
-0.159297
-0.157917
-0.156521
-0.15511
-0.153674
-0.152192
-0.150628
-0.148942
-0.146981
-0.145093
-0.141273
-0.134904
-0.168215
-0.167934
-0.167374
-0.16656
-0.165533
-0.164337
-0.163017
-0.161614
-0.16016
-0.158681
-0.15719
-0.155691
-0.154176
-0.152628
-0.151017
-0.149329
-0.147445
-0.145972
-0.142901
-0.149719
-0.169928
-0.169565
-0.168923
-0.168013
-0.166882
-0.165578
-0.164147
-0.162634
-0.161073
-0.15949
-0.157901
-0.156312
-0.154716
-0.153098
-0.151439
-0.149744
-0.147923
-0.146802
-0.143936
-0.153327
-0.171741
-0.171287
-0.170556
-0.169546
-0.168304
-0.166886
-0.16534
-0.163712
-0.16204
-0.160351
-0.158662
-0.156979
-0.155297
-0.153606
-0.151891
-0.150177
-0.148376
-0.147438
-0.14452
-0.153862
-0.17366
-0.173106
-0.17228
-0.171162
-0.169805
-0.168266
-0.1666
-0.164855
-0.163068
-0.161269
-0.159477
-0.157697
-0.155926
-0.154155
-0.152374
-0.150619
-0.148796
-0.147893
-0.144891
-0.153562
-0.175693
-0.175029
-0.174101
-0.172868
-0.171389
-0.169726
-0.167935
-0.166067
-0.164163
-0.162252
-0.160353
-0.158472
-0.156607
-0.154749
-0.152888
-0.151065
-0.149176
-0.148187
-0.145061
-0.152613
-0.177847
-0.177062
-0.176024
-0.17467
-0.173062
-0.171269
-0.16935
-0.167356
-0.165331
-0.163305
-0.161296
-0.15931
-0.157344
-0.155388
-0.15343
-0.151511
-0.149512
-0.148336
-0.145041
-0.151214
-0.179211
-0.178055
-0.176573
-0.174831
-0.172903
-0.17085
-0.168728
-0.166579
-0.164434
-0.162311
-0.160216
-0.158141
-0.156074
-0.154
-0.151952
-0.1498
-0.148355
-0.144858
-0.149556
-0.1802
-0.178583
-0.176701
-0.174633
-0.172443
-0.170188
-0.167912
-0.165646
-0.163405
-0.161192
-0.158998
-0.156806
-0.154594
-0.152384
-0.150038
-0.148262
-0.144539
-0.147767
-0.180706
-0.178678
-0.176465
-0.174134
-0.171744
-0.169338
-0.166945
-0.164581
-0.162244
-0.159919
-0.157584
-0.155209
-0.152804
-0.150226
-0.148072
-0.144105
-0.145932
-0.182948
-0.180767
-0.178405
-0.17593
-0.1734
-0.170861
-0.168339
-0.165844
-0.163372
-0.160902
-0.158404
-0.15584
-0.153208
-0.150362
-0.147799
-0.143572
-0.144101
-0.182976
-0.18046
-0.177836
-0.175164
-0.172487
-0.16983
-0.167197
-0.164578
-0.161946
-0.159263
-0.156483
-0.153591
-0.150447
-0.147454
-0.142953
-0.142307
-0.182634
-0.179859
-0.177041
-0.174222
-0.171422
-0.168641
-0.165862
-0.163048
-0.160156
-0.157131
-0.153948
-0.150477
-0.147043
-0.142258
-0.140562
-0.182003
-0.179036
-0.176069
-0.173118
-0.170178
-0.167221
-0.164204
-0.161075
-0.157776
-0.154273
-0.150451
-0.146572
-0.141492
-0.138872
-0.181153
-0.178031
-0.174921
-0.171806
-0.168652
-0.165408
-0.162014
-0.158411
-0.154561
-0.150366
-0.146041
-0.140659
-0.13723
-0.180112
-0.176829
-0.173523
-0.17015
-0.166651
-0.162964
-0.159026
-0.154804
-0.150218
-0.145452
-0.139762
-0.135628
-0.178842
-0.175325
-0.171708
-0.167925
-0.163913
-0.159612
-0.154995
-0.150003
-0.144801
-0.138799
-0.13405
-0.177206
-0.173317
-0.16922
-0.16485
-0.160158
-0.155125
-0.149717
-0.144085
-0.13777
-0.132483
-0.174966
-0.170522
-0.165765
-0.160654
-0.155188
-0.149354
-0.1433
-0.136673
-0.13091
-0.166642
-0.161089
-0.155174
-0.148909
-0.142442
-0.135503
-0.129317
-0.161452
-0.155075
-0.148376
-0.141504
-0.134256
-0.12769
-0.154884
-0.14775
-0.140481
-0.132928
-0.126014
-0.139368
-0.131514
-0.124278
-0.130009
-0.122472
-0.130853
-0.123237
-0.140313
-0.132382
-0.125067
-0.155984
-0.148791
-0.141455
-0.133823
-0.126827
-0.16263
-0.156205
-0.149448
-0.142507
-0.13518
-0.12853
-0.173085
-0.167884
-0.162296
-0.156335
-0.150013
-0.143477
-0.136457
-0.130187
-0.176268
-0.171811
-0.167033
-0.161891
-0.156381
-0.150492
-0.14437
-0.137661
-0.131811
-0.178529
-0.174637
-0.170532
-0.166145
-0.161425
-0.156352
-0.15089
-0.145191
-0.138794
-0.133418
-0.180175
-0.176663
-0.173047
-0.16926
-0.165235
-0.16091
-0.156256
-0.151213
-0.145945
-0.139861
-0.135021
-0.181448
-0.178174
-0.174876
-0.171508
-0.168009
-0.164313
-0.160355
-0.156101
-0.151466
-0.146636
-0.140864
-0.136638
-0.182488
-0.179376
-0.176277
-0.173174
-0.170029
-0.166788
-0.163391
-0.159772
-0.155894
-0.151653
-0.147267
-0.141804
-0.138282
-0.183336
-0.180378
-0.177423
-0.174487
-0.171561
-0.168616
-0.165608
-0.162479
-0.15917
-0.155642
-0.151778
-0.14784
-0.142681
-0.139967
-0.183966
-0.181197
-0.17839
-0.175585
-0.172802
-0.170039
-0.167276
-0.164475
-0.161587
-0.158557
-0.155354
-0.151845
-0.148356
-0.143494
-0.141703
-0.184307
-0.181795
-0.179179
-0.17652
-0.173859
-0.171221
-0.16861
-0.166011
-0.163395
-0.160722
-0.157941
-0.155034
-0.151857
-0.148811
-0.144237
-0.143495
-0.184282
-0.182102
-0.179744
-0.177278
-0.174763
-0.172242
-0.169742
-0.167272
-0.164824
-0.162374
-0.15989
-0.157331
-0.154688
-0.151815
-0.149203
-0.144906
-0.145338
-0.183805
-0.182042
-0.180015
-0.177807
-0.175487
-0.173112
-0.170727
-0.16836
-0.166023
-0.163714
-0.161413
-0.159097
-0.156731
-0.154321
-0.15172
-0.149522
-0.145489
-0.147219
-0.181541
-0.17992
-0.178039
-0.175978
-0.1738
-0.171563
-0.16931
-0.167071
-0.164861
-0.16268
-0.160515
-0.158346
-0.156147
-0.153937
-0.151574
-0.149758
-0.145974
-0.149106
-0.180559
-0.179395
-0.17791
-0.17617
-0.17425
-0.172211
-0.170108
-0.167985
-0.165871
-0.163782
-0.161721
-0.159678
-0.157639
-0.155583
-0.15354
-0.151376
-0.149896
-0.146344
-0.150947
-0.179212
-0.178408
-0.177362
-0.176006
-0.174401
-0.172617
-0.170713
-0.168742
-0.166745
-0.164752
-0.16278
-0.160832
-0.158903
-0.156978
-0.155042
-0.153133
-0.151127
-0.149922
-0.146577
-0.152658
-0.177056
-0.176372
-0.175436
-0.174202
-0.172726
-0.171074
-0.169301
-0.167457
-0.165583
-0.163709
-0.161849
-0.16001
-0.158185
-0.156362
-0.154527
-0.152719
-0.150828
-0.149815
-0.146646
-0.154109
-0.175019
-0.174444
-0.173611
-0.172491
-0.171139
-0.169613
-0.167967
-0.166247
-0.164494
-0.162734
-0.160985
-0.159249
-0.157522
-0.15579
-0.15404
-0.152303
-0.150482
-0.149561
-0.146522
-0.155109
-0.173093
-0.172617
-0.17188
-0.170869
-0.169634
-0.168229
-0.166705
-0.165106
-0.16347
-0.161823
-0.16018
-0.158544
-0.156909
-0.15526
-0.15358
-0.151888
-0.150094
-0.149143
-0.146193
-0.155457
-0.171271
-0.170886
-0.170238
-0.169329
-0.168205
-0.166916
-0.16551
-0.164028
-0.162505
-0.160967
-0.159427
-0.157888
-0.156341
-0.154769
-0.153148
-0.15148
-0.149669
-0.148541
-0.145647
-0.154964
-0.169546
-0.169243
-0.168678
-0.167865
-0.166847
-0.165669
-0.164375
-0.163005
-0.161593
-0.16016
-0.158721
-0.157275
-0.155813
-0.154313
-0.152744
-0.151085
-0.149215
-0.14774
-0.144645
-0.151395
-0.167911
-0.167684
-0.167195
-0.166473
-0.165554
-0.164481
-0.163295
-0.162034
-0.160727
-0.159397
-0.158054
-0.156699
-0.155319
-0.153889
-0.152368
-0.150715
-0.148772
-0.146884
-0.143048
-0.136631
-0.166359
-0.166201
-0.165784
-0.165146
-0.164321
-0.163348
-0.162265
-0.161107
-0.159902
-0.15867
-0.157422
-0.156154
-0.154854
-0.153492
-0.152023
-0.150386
-0.148399
-0.146201
-0.142708
-0.13273
-0.164884
-0.16479
-0.164438
-0.16388
-0.163144
-0.162266
-0.16128
-0.160221
-0.159113
-0.157976
-0.156818
-0.155635
-0.154412
-0.153118
-0.151705
-0.150106
-0.148138
-0.145842
-0.143114
-0.133184
-0.16348
-0.163443
-0.163155
-0.16267
-0.162018
-0.161229
-0.160336
-0.159371
-0.158356
-0.157309
-0.156237
-0.155136
-0.153989
-0.152764
-0.151412
-0.149867
-0.147965
-0.145701
-0.143486
-0.13408
-0.162142
-0.162158
-0.161927
-0.161512
-0.160938
-0.160233
-0.159429
-0.158553
-0.157627
-0.156666
-0.155677
-0.154654
-0.15358
-0.152424
-0.151138
-0.149658
-0.147841
-0.145671
-0.14374
-0.135003
-0.160863
-0.160929
-0.160752
-0.160401
-0.159901
-0.159276
-0.158555
-0.157763
-0.156921
-0.156042
-0.155132
-0.154184
-0.153182
-0.152095
-0.150876
-0.149468
-0.147747
-0.145711
-0.143971
-0.136063
-0.159639
-0.159752
-0.159625
-0.159335
-0.158904
-0.158354
-0.157711
-0.156999
-0.156237
-0.155436
-0.154601
-0.153726
-0.152793
-0.151774
-0.150625
-0.149294
-0.147677
-0.145797
-0.14421
-0.137212
-0.158466
-0.158623
-0.158543
-0.15831
-0.157944
-0.157464
-0.156894
-0.156258
-0.155571
-0.154845
-0.154082
-0.153276
-0.152411
-0.151459
-0.150382
-0.149133
-0.147625
-0.145912
-0.144458
-0.138366
-0.157339
-0.157538
-0.157502
-0.157322
-0.157017
-0.156603
-0.156103
-0.155538
-0.154922
-0.154266
-0.153572
-0.152834
-0.152035
-0.15115
-0.150146
-0.148981
-0.147587
-0.146044
-0.144715
-0.139477
-0.156254
-0.156493
-0.156499
-0.15637
-0.156122
-0.15577
-0.155335
-0.154837
-0.154289
-0.1537
-0.153072
-0.152398
-0.151664
-0.150846
-0.149916
-0.148839
-0.147562
-0.146185
-0.144979
-0.140519
-0.15521
-0.155487
-0.155532
-0.15545
-0.155256
-0.154962
-0.154589
-0.154154
-0.15367
-0.153145
-0.15258
-0.151968
-0.151298
-0.150547
-0.149691
-0.148704
-0.147544
-0.146328
-0.145246
-0.141476
-0.154202
-0.154517
-0.154599
-0.154561
-0.154417
-0.154178
-0.153863
-0.153488
-0.153065
-0.1526
-0.152095
-0.151545
-0.150937
-0.150253
-0.149472
-0.148575
-0.147532
-0.146468
-0.145508
-0.142339
-0.153228
-0.153579
-0.153697
-0.153701
-0.153605
-0.153418
-0.153157
-0.152838
-0.152472
-0.152065
-0.151619
-0.151127
-0.15058
-0.149962
-0.149257
-0.148449
-0.147522
-0.1466
-0.145758
-0.143103
-0.152287
-0.152674
-0.152826
-0.152869
-0.152817
-0.152679
-0.152469
-0.152204
-0.151892
-0.15154
-0.151149
-0.150715
-0.150228
-0.149675
-0.149044
-0.148325
-0.147508
-0.146717
-0.145989
-0.14377
-0.151376
-0.151799
-0.151983
-0.152064
-0.152054
-0.151961
-0.1518
-0.151585
-0.151324
-0.151025
-0.150688
-0.150309
-0.14988
-0.149392
-0.148834
-0.1482
-0.147489
-0.146817
-0.146196
-0.14434
-0.150494
-0.150952
-0.151167
-0.151284
-0.151314
-0.151264
-0.151148
-0.15098
-0.150769
-0.15052
-0.150233
-0.149908
-0.149536
-0.14911
-0.148623
-0.148072
-0.14746
-0.146896
-0.146374
-0.14482
-0.149641
-0.150134
-0.150379
-0.150529
-0.150597
-0.150587
-0.150514
-0.150391
-0.150226
-0.150024
-0.149787
-0.149512
-0.149195
-0.14883
-0.148411
-0.147938
-0.147419
-0.146952
-0.146521
-0.145215
-0.148816
-0.149342
-0.149617
-0.149799
-0.149902
-0.14993
-0.149898
-0.149817
-0.149695
-0.149538
-0.149348
-0.149123
-0.148858
-0.14855
-0.148196
-0.147798
-0.147363
-0.146981
-0.14664
-0.145529
-0.148018
-0.148578
-0.14888
-0.149094
-0.14923
-0.149294
-0.1493
-0.149258
-0.149177
-0.149063
-0.148917
-0.148739
-0.148525
-0.148272
-0.147979
-0.147649
-0.147292
-0.146983
-0.146733
-0.145759
-0.147247
-0.147841
-0.14817
-0.148412
-0.148581
-0.148678
-0.148719
-0.148715
-0.148673
-0.148599
-0.148495
-0.148361
-0.148194
-0.147993
-0.147758
-0.147492
-0.147205
-0.14697
-0.146778
-0.145919
-0.146503
-0.147131
-0.147486
-0.147756
-0.147954
-0.148083
-0.148158
-0.148188
-0.148182
-0.148146
-0.148082
-0.147989
-0.147867
-0.147715
-0.147533
-0.147326
-0.147103
-0.146929
-0.146772
-0.146114
-0.145787
-0.146448
-0.146828
-0.147125
-0.147351
-0.14751
-0.147615
-0.147678
-0.147707
-0.147706
-0.147678
-0.147625
-0.147545
-0.147438
-0.147305
-0.147151
-0.146985
-0.146865
-0.146748
-0.146246
-0.145099
-0.145793
-0.146197
-0.146519
-0.146772
-0.146958
-0.147093
-0.147186
-0.147246
-0.147278
-0.147285
-0.147268
-0.147227
-0.147162
-0.147074
-0.146969
-0.146854
-0.14678
-0.146702
-0.146314
-0.14444
-0.145166
-0.145594
-0.145939
-0.146217
-0.146429
-0.146591
-0.146713
-0.146802
-0.146864
-0.146903
-0.14692
-0.146915
-0.146888
-0.146842
-0.14678
-0.146711
-0.146678
-0.146636
-0.14634
-0.143811
-0.144569
-0.145018
-0.145386
-0.145687
-0.145924
-0.146111
-0.146258
-0.146375
-0.146465
-0.146534
-0.146582
-0.146609
-0.146618
-0.146609
-0.146586
-0.146558
-0.146561
-0.146552
-0.146333
-0.143213
-0.144001
-0.144472
-0.144861
-0.145184
-0.145443
-0.145653
-0.145825
-0.145966
-0.146082
-0.146178
-0.146254
-0.146312
-0.146352
-0.146377
-0.14639
-0.146398
-0.146433
-0.146453
-0.1463
-0.142646
-0.143464
-0.143955
-0.144364
-0.144708
-0.144988
-0.145219
-0.145412
-0.145576
-0.145716
-0.145837
-0.145939
-0.146024
-0.146093
-0.146148
-0.146192
-0.146232
-0.146295
-0.146343
-0.146247
-0.142113
-0.14296
-0.14347
-0.143897
-0.144259
-0.144558
-0.144809
-0.145023
-0.145207
-0.145369
-0.145511
-0.145637
-0.145746
-0.145841
-0.145924
-0.145996
-0.146064
-0.146151
-0.146224
-0.146178
-0.141615
-0.142488
-0.143016
-0.14346
-0.14384
-0.144156
-0.144425
-0.144657
-0.14486
-0.145041
-0.145204
-0.14535
-0.145482
-0.145599
-0.145706
-0.145803
-0.145896
-0.146004
-0.1461
-0.146097
-0.141152
-0.14205
-0.142595
-0.143055
-0.14345
-0.143783
-0.144067
-0.144315
-0.144536
-0.144734
-0.144914
-0.145079
-0.14523
-0.145369
-0.145496
-0.145615
-0.14573
-0.145858
-0.145973
-0.146009
-0.140726
-0.141648
-0.142207
-0.142682
-0.143092
-0.143438
-0.143737
-0.144
-0.144235
-0.144449
-0.144645
-0.144827
-0.144995
-0.145151
-0.145297
-0.145436
-0.14557
-0.145713
-0.145847
-0.145917
-0.140338
-0.141281
-0.141855
-0.142343
-0.142765
-0.143124
-0.143436
-0.143711
-0.14396
-0.144187
-0.144397
-0.144593
-0.144776
-0.144948
-0.145111
-0.145266
-0.145416
-0.145574
-0.145723
-0.145823
-0.13999
-0.140952
-0.141538
-0.142037
-0.142471
-0.142841
-0.143164
-0.143451
-0.14371
-0.143949
-0.144171
-0.14438
-0.144576
-0.144761
-0.144938
-0.145107
-0.145272
-0.145442
-0.145605
-0.145732
-0.139682
-0.140662
-0.141258
-0.141767
-0.14221
-0.14259
-0.142922
-0.143219
-0.143488
-0.143737
-0.143969
-0.144188
-0.144395
-0.144592
-0.14478
-0.144962
-0.145139
-0.14532
-0.145495
-0.145644
-0.139416
-0.14041
-0.141015
-0.141532
-0.141984
-0.142372
-0.142712
-0.143016
-0.143293
-0.14355
-0.143791
-0.144019
-0.144236
-0.144442
-0.14464
-0.144831
-0.145019
-0.145209
-0.145395
-0.145563
-0.139192
-0.140197
-0.14081
-0.141334
-0.141793
-0.142187
-0.142533
-0.142844
-0.143128
-0.143391
-0.143639
-0.143874
-0.144098
-0.144312
-0.144518
-0.144717
-0.144913
-0.14511
-0.145305
-0.14549
-0.139011
-0.140025
-0.140644
-0.141173
-0.141637
-0.142036
-0.142387
-0.142703
-0.142992
-0.14326
-0.143513
-0.143753
-0.143983
-0.144203
-0.144415
-0.144621
-0.144823
-0.145026
-0.145228
-0.145426
-0.138873
-0.139894
-0.140516
-0.14105
-0.141516
-0.141919
-0.142274
-0.142593
-0.142885
-0.143157
-0.143414
-0.143658
-0.143891
-0.144115
-0.144332
-0.144542
-0.144749
-0.144957
-0.145164
-0.145372
-0.138779
-0.139804
-0.140428
-0.140964
-0.141432
-0.141837
-0.142193
-0.142514
-0.142809
-0.143083
-0.143341
-0.143587
-0.143823
-0.14405
-0.144269
-0.144483
-0.144693
-0.144903
-0.145115
-0.14533
-0.13873
-0.139755
-0.14038
-0.140915
-0.141385
-0.141789
-0.142147
-0.142468
-0.142763
-0.143037
-0.143297
-0.143543
-0.14378
-0.144007
-0.144228
-0.144442
-0.144654
-0.144866
-0.14508
-0.145299
-0.145548
-0.145775
-0.146015
-0.146248
-0.146478
-0.146705
-0.146928
-0.147144
-0.147352
-0.147551
-0.147737
-0.147908
-0.148063
-0.148196
-0.145557
-0.145781
-0.146026
-0.146264
-0.146501
-0.146736
-0.146969
-0.147197
-0.14742
-0.147636
-0.147842
-0.148037
-0.148217
-0.14838
-0.145587
-0.145804
-0.146052
-0.146294
-0.146537
-0.14678
-0.147022
-0.147263
-0.1475
-0.147732
-0.147958
-0.148175
-0.14838
-0.148572
-0.145638
-0.145842
-0.146093
-0.146338
-0.146586
-0.146836
-0.147087
-0.147339
-0.14759
-0.147838
-0.148083
-0.148322
-0.148553
-0.148773
-0.145708
-0.145894
-0.146147
-0.146394
-0.146646
-0.146903
-0.147162
-0.147425
-0.147688
-0.147953
-0.148216
-0.148476
-0.148732
-0.14898
-0.145796
-0.14596
-0.146214
-0.146462
-0.146718
-0.146979
-0.147247
-0.147519
-0.147795
-0.148075
-0.148356
-0.148637
-0.148917
-0.149193
-0.145902
-0.146037
-0.146292
-0.146541
-0.146798
-0.147065
-0.147339
-0.147621
-0.147909
-0.148203
-0.148501
-0.148803
-0.149106
-0.149409
-0.146022
-0.146125
-0.146379
-0.146627
-0.146887
-0.147157
-0.147438
-0.147728
-0.148028
-0.148336
-0.148651
-0.148972
-0.149298
-0.149627
-0.146155
-0.14622
-0.146475
-0.146721
-0.146981
-0.147255
-0.147542
-0.14784
-0.14815
-0.148471
-0.148802
-0.149143
-0.149491
-0.149845
-0.146299
-0.146323
-0.146576
-0.14682
-0.147081
-0.147358
-0.147649
-0.147955
-0.148275
-0.148608
-0.148955
-0.149313
-0.149683
-0.150062
-0.146452
-0.14643
-0.146682
-0.146924
-0.147183
-0.147462
-0.147758
-0.148071
-0.1484
-0.148745
-0.149106
-0.149482
-0.149873
-0.150276
-0.150689
-0.146613
-0.146541
-0.14679
-0.147029
-0.147287
-0.147568
-0.147867
-0.148186
-0.148524
-0.14888
-0.149255
-0.149648
-0.150058
-0.150484
-0.150925
-0.14678
-0.146652
-0.1469
-0.147134
-0.14739
-0.147672
-0.147975
-0.148299
-0.148645
-0.149012
-0.1494
-0.149809
-0.150238
-0.150686
-0.151152
-0.146951
-0.146762
-0.147008
-0.147238
-0.147492
-0.147774
-0.148079
-0.148409
-0.148762
-0.149138
-0.149539
-0.149963
-0.15041
-0.15088
-0.151371
-0.147126
-0.14687
-0.147114
-0.14734
-0.14759
-0.147872
-0.148179
-0.148513
-0.148872
-0.149258
-0.14967
-0.150108
-0.150573
-0.151063
-0.151578
-0.147305
-0.146973
-0.147216
-0.147436
-0.147682
-0.147964
-0.148273
-0.14861
-0.148975
-0.149369
-0.149792
-0.150244
-0.150725
-0.151235
-0.151773
-0.147487
-0.147069
-0.147313
-0.147528
-0.147769
-0.148049
-0.148358
-0.148698
-0.149069
-0.14947
-0.149903
-0.150368
-0.150864
-0.151393
-0.151953
-0.147675
-0.147158
-0.147403
-0.147612
-0.147847
-0.148126
-0.148435
-0.148777
-0.149152
-0.14956
-0.150002
-0.150478
-0.15099
-0.151536
-0.152117
-0.147884
-0.147237
-0.147485
-0.147689
-0.147917
-0.148193
-0.148502
-0.148845
-0.149223
-0.149637
-0.150087
-0.150575
-0.1511
-0.151663
-0.152264
-0.14813
-0.147303
-0.147558
-0.147757
-0.147977
-0.148249
-0.148557
-0.148901
-0.149282
-0.149701
-0.150158
-0.150655
-0.151193
-0.151772
-0.152392
-0.148282
-0.147386
-0.147623
-0.147816
-0.148027
-0.148293
-0.148599
-0.148943
-0.149326
-0.149749
-0.150213
-0.150719
-0.151268
-0.151863
-0.1525
-0.148451
-0.147468
-0.147676
-0.147866
-0.148065
-0.148327
-0.148628
-0.148971
-0.149355
-0.149781
-0.15025
-0.150766
-0.151324
-0.151933
-0.152587
-0.153287
-0.148651
-0.147538
-0.147719
-0.147906
-0.148091
-0.148347
-0.148643
-0.148983
-0.149367
-0.149796
-0.15027
-0.150792
-0.151362
-0.151982
-0.152652
-0.153371
-0.148872
-0.147602
-0.147754
-0.147937
-0.148106
-0.148353
-0.148644
-0.14898
-0.149363
-0.149793
-0.150271
-0.150799
-0.151378
-0.15201
-0.152695
-0.153431
-0.149116
-0.147663
-0.14778
-0.147959
-0.148109
-0.148346
-0.148629
-0.148961
-0.149341
-0.149771
-0.150252
-0.150785
-0.151372
-0.152015
-0.152713
-0.153466
-0.149386
-0.147727
-0.147797
-0.147971
-0.1481
-0.148324
-0.148598
-0.148923
-0.149301
-0.14973
-0.150212
-0.15075
-0.151344
-0.151996
-0.152707
-0.153476
-0.149687
-0.147795
-0.147808
-0.147976
-0.148079
-0.148287
-0.148551
-0.148868
-0.149241
-0.149668
-0.150151
-0.150693
-0.151293
-0.151954
-0.152677
-0.153459
-0.150022
-0.147873
-0.147812
-0.147972
-0.148045
-0.148236
-0.148486
-0.148794
-0.149161
-0.149586
-0.150069
-0.150613
-0.151218
-0.151887
-0.15262
-0.153416
-0.150392
-0.147963
-0.147812
-0.14796
-0.147999
-0.148168
-0.148404
-0.1487
-0.14906
-0.149481
-0.149964
-0.150509
-0.151119
-0.151795
-0.152538
-0.153346
-0.154218
-0.150794
-0.14807
-0.147808
-0.147941
-0.14794
-0.148084
-0.148302
-0.148586
-0.148937
-0.149354
-0.149835
-0.150382
-0.150996
-0.151678
-0.152429
-0.153249
-0.154134
-0.151222
-0.148194
-0.147803
-0.147912
-0.147866
-0.147981
-0.14818
-0.148449
-0.148791
-0.149203
-0.149682
-0.150229
-0.150847
-0.151534
-0.152294
-0.153123
-0.154021
-0.151662
-0.148333
-0.147795
-0.147873
-0.147774
-0.147858
-0.148035
-0.148289
-0.148621
-0.149026
-0.149503
-0.150051
-0.150671
-0.151364
-0.152131
-0.15297
-0.153879
-0.152092
-0.148478
-0.147786
-0.147821
-0.147663
-0.147711
-0.147866
-0.148103
-0.148425
-0.148824
-0.149298
-0.149847
-0.150469
-0.151167
-0.15194
-0.152787
-0.153707
-0.152475
-0.148612
-0.14777
-0.14775
-0.147527
-0.147537
-0.147668
-0.147889
-0.1482
-0.148594
-0.149066
-0.149614
-0.150239
-0.150941
-0.15172
-0.152575
-0.153504
-0.152762
-0.148702
-0.147737
-0.147652
-0.147358
-0.147329
-0.147439
-0.147644
-0.147945
-0.148333
-0.148803
-0.149353
-0.14998
-0.150686
-0.15147
-0.152332
-0.15327
-0.154278
-0.152868
-0.148683
-0.147663
-0.147511
-0.147146
-0.14708
-0.147171
-0.147364
-0.147656
-0.148041
-0.14851
-0.14906
-0.149691
-0.150401
-0.15119
-0.152059
-0.153005
-0.154023
-0.152678
-0.148496
-0.147543
-0.147331
-0.146893
-0.146794
-0.146871
-0.147054
-0.147341
-0.147722
-0.148191
-0.148743
-0.149376
-0.15009
-0.150884
-0.151759
-0.152712
-0.153738
-0.152156
-0.14815
-0.147394
-0.147129
-0.146619
-0.146486
-0.146551
-0.146726
-0.147005
-0.147381
-0.147848
-0.148399
-0.149034
-0.14975
-0.150547
-0.151425
-0.152382
-0.153414
-0.151119
-0.147279
-0.146985
-0.146768
-0.146218
-0.146062
-0.146126
-0.1463
-0.146577
-0.146952
-0.147419
-0.147972
-0.14861
-0.149329
-0.150131
-0.151014
-0.151977
-0.153015
-0.147348
-0.144403
-0.145717
-0.145877
-0.145397
-0.145283
-0.145403
-0.145624
-0.145933
-0.146336
-0.14683
-0.14741
-0.148073
-0.148816
-0.149641
-0.150547
-0.15153
-0.152589
-0.133067
-0.137658
-0.143603
-0.144737
-0.144411
-0.144373
-0.144598
-0.144901
-0.145266
-0.145714
-0.14625
-0.146869
-0.14757
-0.14835
-0.149211
-0.150152
-0.151171
-0.152264
-0.153425
-0.131463
-0.134672
-0.141512
-0.143137
-0.142768
-0.142726
-0.143086
-0.143533
-0.144
-0.144528
-0.145134
-0.145819
-0.146579
-0.147414
-0.148323
-0.149306
-0.150362
-0.151485
-0.15267
-0.131286
-0.132801
-0.138798
-0.140766
-0.140617
-0.140648
-0.141129
-0.141724
-0.142316
-0.142943
-0.143639
-0.144406
-0.145241
-0.146142
-0.14711
-0.148145
-0.149244
-0.150401
-0.15161
-0.130778
-0.130997
-0.135574
-0.137632
-0.137842
-0.138034
-0.138627
-0.139362
-0.140094
-0.140843
-0.141646
-0.142513
-0.143439
-0.144422
-0.145463
-0.146561
-0.147712
-0.148912
-0.150151
-0.129049
-0.128823
-0.13198
-0.133843
-0.13438
-0.134792
-0.135506
-0.136374
-0.137255
-0.138144
-0.139073
-0.140055
-0.141087
-0.142166
-0.143292
-0.144464
-0.145678
-0.146928
-0.148206
-0.125835
-0.125825
-0.127883
-0.129432
-0.130224
-0.130892
-0.131755
-0.132755
-0.133783
-0.13482
-0.135886
-0.136993
-0.13814
-0.139325
-0.140546
-0.1418
-0.143084
-0.144392
-0.145715
-0.12129
-0.121818
-0.123198
-0.124473
-0.125461
-0.126391
-0.127428
-0.128561
-0.12973
-0.130911
-0.132114
-0.133348
-0.134612
-0.135904
-0.137222
-0.138561
-0.139919
-0.141288
-0.142659
-0.115724
-0.116882
-0.117959
-0.119077
-0.120226
-0.121398
-0.122618
-0.123888
-0.125187
-0.126502
-0.127835
-0.12919
-0.130565
-0.131959
-0.133368
-0.134789
-0.136217
-0.137645
-0.139063
-0.109496
-0.111236
-0.11227
-0.113356
-0.11465
-0.116034
-0.117433
-0.11884
-0.120262
-0.1217
-0.123151
-0.124616
-0.126091
-0.127577
-0.129068
-0.130562
-0.132053
-0.133534
-0.134994
-0.102905
-0.105119
-0.106259
-0.107411
-0.108848
-0.110415
-0.11198
-0.113521
-0.11506
-0.116609
-0.118166
-0.119728
-0.121293
-0.122859
-0.124422
-0.125978
-0.127523
-0.129047
-0.130541
-0.0961643
-0.0987342
-0.100054
-0.101332
-0.10291
-0.104636
-0.10635
-0.108019
-0.109669
-0.11132
-0.112972
-0.114622
-0.116265
-0.1179
-0.119525
-0.121134
-0.122722
-0.124281
-0.125802
-0.0894142
-0.0922393
-0.0937588
-0.0951903
-0.0969076
-0.0987726
-0.10062
-0.102408
-0.104162
-0.105907
-0.107645
-0.109372
-0.111085
-0.112782
-0.114458
-0.116112
-0.117736
-0.119324
-0.120866
-0.0827426
-0.0857432
-0.0874551
-0.0890457
-0.0908944
-0.0928814
-0.0948461
-0.0967429
-0.0985943
-0.100425
-0.102241
-0.104039
-0.105814
-0.107565
-0.109288
-0.11098
-0.112635
-0.114247
-0.115805
-0.076202
-0.0793187
-0.081202
-0.0829428
-0.0849111
-0.0870045
-0.0890719
-0.091066
-0.0930059
-0.0949157
-0.0968029
-0.0986646
-0.100497
-0.102296
-0.104061
-0.105788
-0.107471
-0.109103
-0.110676
-0.0698234
-0.0730126
-0.0750409
-0.0769154
-0.0789887
-0.0811735
-0.0833294
-0.0854091
-0.0874284
-0.0894099
-0.0913616
-0.0932812
-0.0951646
-0.0970091
-0.0988122
-0.100571
-0.102279
-0.103931
-0.105518
-0.0636247
-0.0668541
-0.0690007
-0.070989
-0.0731514
-0.0754129
-0.0776436
-0.0797971
-0.0818861
-0.0839313
-0.0859406
-0.0879123
-0.0898423
-0.0917278
-0.0935662
-0.0953543
-0.0970872
-0.0987586
-0.10036
-0.0576168
-0.0608619
-0.0631014
-0.0651832
-0.0674186
-0.0697423
-0.0720345
-0.0742498
-0.0763984
-0.0784989
-0.0805588
-0.0825765
-0.0845482
-0.0864708
-0.0883417
-0.0901576
-0.0919138
-0.0936042
-0.0952213
-0.0518068
-0.0550481
-0.0573579
-0.0595136
-0.061806
-0.064178
-0.0665187
-0.068784
-0.0709818
-0.0731288
-0.0752318
-0.0772894
-0.0792975
-0.0812531
-0.0831533
-0.0849949
-0.0867733
-0.0884826
-0.0901156
-0.0461999
-0.0494212
-0.051781
-0.0539927
-0.0563271
-0.058734
-0.0611105
-0.0634142
-0.0656509
-0.0678354
-0.0699739
-0.0720646
-0.0741037
-0.0760878
-0.0780139
-0.0798787
-0.0816777
-0.0834053
-0.0850545
-0.0407996
-0.0439872
-0.0463792
-0.0486305
-0.0509928
-0.0534218
-0.0558222
-0.0581532
-0.0604186
-0.0626316
-0.0647976
-0.0669148
-0.068979
-0.0709868
-0.072935
-0.0748201
-0.0766378
-0.0783825
-0.0800477
-0.0356083
-0.0387503
-0.0411589
-0.0434349
-0.0458123
-0.0482516
-0.0506646
-0.0530121
-0.0552964
-0.0575291
-0.0597147
-0.0618513
-0.0639347
-0.0659611
-0.0679272
-0.0698294
-0.0716634
-0.0734237
-0.0751041
-0.030627
-0.0337133
-0.0361246
-0.0384121
-0.0407928
-0.0432316
-0.0456466
-0.0480006
-0.0502944
-0.0525382
-0.0547357
-0.0568849
-0.0589813
-0.061021
-0.0630006
-0.0649163
-0.0667638
-0.0685377
-0.070232
-0.0258552
-0.0288774
-0.0312792
-0.0335666
-0.03594
-0.0383683
-0.0407758
-0.043127
-0.0454215
-0.0476682
-0.0498702
-0.0520251
-0.0541285
-0.0561762
-0.0581647
-0.06009
-0.0619478
-0.0637329
-0.0654395
-0.0212917
-0.0242425
-0.0266245
-0.0289012
-0.031258
-0.033667
-0.0360583
-0.038398
-0.0406852
-0.0429271
-0.0451264
-0.0472805
-0.049385
-0.0514354
-0.053428
-0.055359
-0.0572237
-0.0590173
-0.0607339
-0.0169336
-0.0198076
-0.0221606
-0.0244176
-0.0267495
-0.0291314
-0.0314987
-0.0338193
-0.0360915
-0.0383215
-0.0405115
-0.0426587
-0.0447585
-0.0468064
-0.0487986
-0.050731
-0.0525992
-0.0543982
-0.0561225
-0.0127775
-0.0155702
-0.0178865
-0.020116
-0.0224159
-0.0247638
-0.0271002
-0.0293949
-0.0316454
-0.0338571
-0.0360316
-0.038166
-0.0402557
-0.0422961
-0.0442833
-0.0462131
-0.0480812
-0.0498825
-0.0516117
-0.00881913
-0.0115272
-0.0138005
-0.0159957
-0.0182574
-0.0205656
-0.0228652
-0.0251278
-0.0273507
-0.0295383
-0.0316917
-0.0338079
-0.0358824
-0.0379106
-0.0398883
-0.0418116
-0.0436759
-0.0454763
-0.0472076
-0.00505345
-0.00767467
-0.0098998
-0.0120551
-0.0142736
-0.016537
-0.0187947
-0.0210201
-0.02321
-0.0253682
-0.0274955
-0.0295887
-0.0316433
-0.0336548
-0.035619
-0.0375318
-0.0393888
-0.041185
-0.0429155
-0.00147508
-0.00400817
-0.00618089
-0.00829174
-0.0104627
-0.0126773
-0.0148888
-0.0170725
-0.019225
-0.0213493
-0.0234459
-0.0255118
-0.0275423
-0.0295331
-0.0314798
-0.0333785
-0.0352246
-0.0370136
-0.0387402
0.00192171
-0.000522697
-0.0026398
-0.00470251
-0.00682254
-0.008985
-0.011147
-0.0132853
-0.0153964
-0.017483
-0.0195451
-0.0215797
-0.0235823
-0.0255486
-0.0274743
-0.0293554
-0.0311875
-0.032966
-0.0346859
0.00514292
0.00278704
0.00072792
-0.00128381
-0.00335031
-0.00545807
-0.00756768
-0.00965758
-0.0117243
-0.0137698
-0.015794
-0.017794
-0.0197654
-0.0217039
-0.0236053
-0.0254657
-0.0272806
-0.0290457
-0.0307561
0.00819466
0.00592657
0.00392704
0.00196841
-4.26443e-05
-0.00209382
-0.00414898
-0.00618813
-0.00820778
-0.0102095
-0.0121932
-0.0141557
-0.016093
-0.0180008
-0.019875
-0.0217117
-0.0235068
-0.0252557
-0.0269538
0.0110831
0.00890158
0.00696258
0.00505848
0.00310418
0.00111087
-0.00088836
-0.00287501
-0.00484563
-0.00680151
-0.00874227
-0.010665
-0.0125658
-0.0144403
-0.0162848
-0.0180954
-0.0198679
-0.021598
-0.0232814
0.0138144
0.0117178
0.00983971
0.007991
0.0060942
0.00415948
0.00221713
0.000284197
-0.00163596
-0.00354434
-0.00544046
-0.00732153
-0.00918368
-0.0110229
-0.0128355
-0.0146176
-0.0163653
-0.0180745
-0.0197406
0.0163947
0.014381
0.0125637
0.0107707
0.00893164
0.00705579
0.00517076
0.00329226
0.00142352
-0.000436222
-0.00228639
-0.00412432
-0.0059463
-0.00774854
-0.00952737
-0.0112791
-0.013
-0.014686
-0.0163329
0.01883
0.0168969
0.0151398
0.0134024
0.0116209
0.00980375
0.00797607
0.00615227
0.00433546
0.00252506
0.000721712
-0.00107203
-0.00285265
-0.00461653
-0.00636014
-0.00807998
-0.00977236
-0.0114334
-0.0130591
0.021126
0.0192711
0.0175732
0.015891
0.0141665
0.0124075
0.0106368
0.00886756
0.00710278
0.00534203
0.00358599
0.0018371
9.86599e-05
-0.00162587
-0.00333314
-0.00501976
-0.00668223
-0.00831683
-0.00991967
0.0232886
0.021509
0.0198692
0.0182413
0.0165729
0.0148712
0.0131567
0.0114416
0.00972864
0.00801749
0.00630888
0.00460513
0.00290935
0.00122482
-0.000445287
-0.00209773
-0.00372917
-0.00533604
-0.00691463
0.025323
0.0236161
0.0220329
0.020458
0.0188447
0.017199
0.0155399
0.0138781
0.0122163
0.0105544
0.00889302
0.0072344
0.00558144
0.00393722
0.00230478
0.000687184
-0.000912381
-0.00249053
-0.00404372
0.0272346
0.0255974
0.024069
0.022546
0.0209862
0.0193953
0.0177901
0.0161806
0.0145692
0.0129559
0.0113412
0.00972741
0.00811713
0.00651328
0.00491872
0.00333635
0.00176921
0.000220514
-0.00130637
0.0290284
0.0274578
0.0259824
0.0245097
0.0230018
0.021464
0.0199114
0.0183529
0.0167908
0.0152251
0.0136564
0.0120868
0.0105188
0.0089551
0.00739836
0.00585135
0.00431693
0.00279816
0.00129823
0.0307092
0.0292021
0.0277777
0.0263534
0.0248958
0.0234094
0.0219076
0.0203986
0.0188845
0.0173652
0.0158416
0.0143154
0.012789
0.0112649
0.0097457
0.00823391
0.00673227
0.00524364
0.00377108
0.0322814
0.0308346
0.0294591
0.0280815
0.0266722
0.0252352
0.0237825
0.0223213
0.0208536
0.0193795
0.0178997
0.0164159
0.0149302
0.0134451
0.0119628
0.0104859
0.00901683
0.00755835
0.00611332
0.0337492
0.0323598
0.0310309
0.029698
0.0283349
0.0269452
0.0255397
0.0241245
0.0227016
0.0212711
0.0198337
0.018391
0.016945
0.0154979
0.0140519
0.0126092
0.0111723
0.00974373
0.0083262
0.0351167
0.0337813
0.0324968
0.0312065
0.0298876
0.0285431
0.0271825
0.0258115
0.0244315
0.023043
0.0216465
0.0202435
0.0188359
0.0174257
0.0160149
0.0146057
0.0132004
0.0118013
0.010411
0.0363875
0.0351031
0.0338605
0.0326107
0.0313337
0.0300322
0.0287144
0.0273853
0.0260465
0.024698
0.0233407
0.0219759
0.0206053
0.0192307
0.017854
0.0164774
0.0151028
0.0137325
0.012369
0.037565
0.0363283
0.0351254
0.0339138
0.0326764
0.0314155
0.0301383
0.0288491
0.0275492
0.026239
0.0249191
0.0235907
0.0222554
0.020915
0.0195712
0.0182259
0.0168811
0.0155388
0.0142014
0.0386522
0.0374602
0.0362944
0.0351188
0.0339186
0.032696
0.031457
0.0302054
0.0289424
0.0276683
0.0263838
0.02509
0.0237884
0.0224806
0.0211682
0.0198529
0.0185367
0.0172214
0.0159093
0.039652
0.0385014
0.0373703
0.0362283
0.035063
0.0338762
0.032673
0.0314566
0.0302282
0.0289882
0.027737
0.0264759
0.0252061
0.0239292
0.0226465
0.0213599
0.0200709
0.0187815
0.0174936
0.0405666
0.0394544
0.0383555
0.0372447
0.0361119
0.0349583
0.0337884
0.0326049
0.0314088
0.0302005
0.0289806
0.0277501
0.0265101
0.0252622
0.0240076
0.0227479
0.0214848
0.0202198
0.018955
0.0413983
0.0403212
0.039252
0.03817
0.0370671
0.0359442
0.0348051
0.0336519
0.0324858
0.0313069
0.0301159
0.0289138
0.0277017
0.0264808
0.0252524
0.0240179
0.0227789
0.021537
0.020294
0.0421485
0.0411035
0.0400613
0.0390057
0.0379301
0.0368353
0.0357243
0.034599
0.0334603
0.0323084
0.0311441
0.0299681
0.0287816
0.0275856
0.0263814
0.0251703
0.0239538
0.0227333
0.0215105
0.0428187
0.0418025
0.0407847
0.039753
0.038702
0.0376326
0.0365471
0.035447
0.0343331
0.0332058
0.0320657
0.0309135
0.0297502
0.028577
0.0273949
0.0262051
0.0250091
0.0238082
0.022604
0.0434094
0.0424188
0.0414228
0.0404123
0.0393834
0.0383366
0.0372738
0.0361962
0.0351045
0.0339991
0.0328806
0.0317497
0.0306074
0.0294545
0.0282922
0.0271217
0.0259442
0.024761
0.0235737
0.0439211
0.0429527
0.0419758
0.0409838
0.0399741
0.0389472
0.0379042
0.0368464
0.0357741
0.0346879
0.0335884
0.0324762
0.0313522
0.0302173
0.0290725
0.0279189
0.0267577
0.0255902
0.0244178
0.0443533
0.0434038
0.0424431
0.041467
0.0404737
0.0394636
0.0384376
0.0373965
0.0363408
0.035271
0.0341877
0.0330915
0.0319832
0.0308636
0.0297338
0.0285947
0.0274476
0.0262935
0.025134
0.0447045
0.0437706
0.0428232
0.04186
0.0408801
0.0398838
0.0388717
0.0378444
0.0368023
0.0357461
0.034676
0.033593
0.0324976
0.0313907
0.0302732
0.0291461
0.0280105
0.0268676
0.0257187
0.0449744
0.0440523
0.043115
0.0421618
0.0411922
0.0402065
0.039205
0.0381883
0.0371567
0.0361107
0.0350509
0.033978
0.0328925
0.0317953
0.0306873
0.0295695
0.0284428
0.0273085
0.0261678
0.0451567
0.044243
0.0433129
0.0423666
0.0414042
0.0404258
0.0394318
0.0384223
0.037398
0.0363592
0.0353066
0.0342406
0.033162
0.0320716
0.0309702
0.0298587
0.0287383
0.0276099
0.0264749
0.0452546
0.0443444
0.0434175
0.0424744
0.0415154
0.0405406
0.03955
0.0385442
0.0375234
0.0364882
0.035439
0.0343765
0.0333014
0.0322144
0.0311163
0.0300081
0.0288908
0.0277654
0.0266334
-0.111253
-0.113228
-0.115092
-0.116845
-0.118488
-0.120026
-0.12146
-0.122796
-0.124041
-0.125203
-0.126296
-0.127335
-0.128338
-0.129326
-0.130326
-0.131368
-0.132489
-0.133734
-0.135169
-0.136887
-0.139027
-0.14182
-0.146092
-0.15307
-0.102339
-0.104573
-0.106724
-0.108794
-0.110791
-0.112719
-0.114587
-0.116403
-0.11818
-0.119931
-0.121673
-0.123424
-0.125207
-0.127045
-0.128965
-0.130994
-0.133162
-0.135495
-0.138016
-0.140741
-0.143675
-0.146776
-0.15008
-0.15535
-0.0938068
-0.0962554
-0.0986427
-0.100973
-0.103253
-0.105487
-0.107682
-0.109845
-0.111984
-0.114108
-0.116224
-0.118343
-0.120473
-0.122623
-0.124803
-0.12702
-0.129281
-0.131591
-0.13396
-0.136397
-0.138926
-0.141614
-0.144341
-0.149816
-0.0855033
-0.0880747
-0.0905938
-0.0930637
-0.0954878
-0.0978697
-0.100213
-0.102523
-0.104802
-0.107056
-0.109292
-0.111514
-0.113731
-0.115952
-0.118188
-0.120453
-0.122764
-0.125144
-0.127618
-0.130218
-0.132968
-0.135965
-0.138817
-0.144198
-0.0774904
-0.0801343
-0.0827336
-0.0852909
-0.087809
-0.0902909
-0.09274
-0.09516
-0.0975553
-0.0999309
-0.102293
-0.104648
-0.107005
-0.109372
-0.111762
-0.114185
-0.116655
-0.119185
-0.121787
-0.124475
-0.12724
-0.130189
-0.132861
-0.137667
-0.0698181
-0.0725025
-0.0751502
-0.0777636
-0.080345
-0.0828973
-0.0854234
-0.0879265
-0.0904103
-0.0928785
-0.0953356
-0.0977862
-0.100235
-0.102689
-0.105152
-0.107632
-0.110135
-0.11267
-0.115245
-0.117878
-0.120561
-0.123414
-0.126031
-0.130296
-0.0651808
-0.0678453
-0.0704811
-0.0730901
-0.0756742
-0.0782357
-0.0807768
-0.0833
-0.0858079
-0.0883033
-0.0907893
-0.0932694
-0.0957477
-0.0982287
-0.100718
-0.103222
-0.10575
-0.108309
-0.110914
-0.113557
-0.116332
-0.118919
-0.122637
-0.0581692
-0.0608249
-0.0634562
-0.0660645
-0.0686513
-0.0712183
-0.0737672
-0.0762999
-0.0788184
-0.0813251
-0.0838223
-0.086313
-0.0888003
-0.0912877
-0.0937794
-0.0962796
-0.0987934
-0.101325
-0.103885
-0.106463
-0.109128
-0.111664
-0.114905
-0.0514733
-0.0541014
-0.056709
-0.059297
-0.0618668
-0.0644196
-0.0669568
-0.0694798
-0.0719901
-0.0744894
-0.0769794
-0.079462
-0.0819392
-0.0844132
-0.0868864
-0.0893614
-0.0918415
-0.0943297
-0.0968329
-0.0993461
-0.101912
-0.104402
-0.10728
-0.0450928
-0.0476788
-0.0502476
-0.0527999
-0.0553367
-0.057859
-0.0603678
-0.062864
-0.0653488
-0.0678233
-0.0702886
-0.072746
-0.0751969
-0.0776427
-0.0800852
-0.0825261
-0.0849678
-0.0874122
-0.0898636
-0.092319
-0.0948018
-0.0972426
-0.0998597
-0.0390233
-0.0415558
-0.0440739
-0.0465782
-0.0490694
-0.0515483
-0.0540156
-0.0564721
-0.0589186
-0.0613558
-0.0637846
-0.066206
-0.0686207
-0.07103
-0.0734347
-0.0758362
-0.0782355
-0.0806339
-0.0830337
-0.0854336
-0.0878444
-0.0902353
-0.0926718
-0.0332591
-0.0357294
-0.0381878
-0.0406348
-0.0430709
-0.0454967
-0.0479129
-0.0503199
-0.0527184
-0.0551089
-0.057492
-0.0598685
-0.0622388
-0.0646036
-0.0669636
-0.0693195
-0.071672
-0.0740219
-0.0763704
-0.0787172
-0.0810656
-0.0834066
-0.0857195
-0.0277925
-0.0301943
-0.0325863
-0.0349689
-0.0373427
-0.039708
-0.0420653
-0.0444151
-0.0467578
-0.0490939
-0.0514238
-0.0537479
-0.0560667
-0.0583806
-0.0606901
-0.0629956
-0.0652975
-0.0675964
-0.0698928
-0.0721869
-0.0744781
-0.076768
-0.0789927
-0.0226144
-0.024943
-0.0272637
-0.0295768
-0.0318827
-0.0341818
-0.0364745
-0.0387612
-0.0410421
-0.0433177
-0.0455883
-0.0478542
-0.0501157
-0.0523733
-0.0546271
-0.0568776
-0.0591249
-0.0613694
-0.0636114
-0.0658512
-0.0680865
-0.0703236
-0.0724796
-0.0177144
-0.0199667
-0.0222126
-0.0244525
-0.0266867
-0.0289155
-0.0311392
-0.0333582
-0.0355728
-0.0377832
-0.0399896
-0.0421925
-0.0443921
-0.0465886
-0.0487822
-0.0509732
-0.0531619
-0.0553483
-0.0575327
-0.0597156
-0.0618938
-0.0640752
-0.066171
-0.0130816
-0.0152555
-0.0174244
-0.0195886
-0.0217484
-0.023904
-0.0260557
-0.0282038
-0.0303485
-0.0324901
-0.0346288
-0.0367649
-0.0388986
-0.0410301
-0.0431596
-0.0452874
-0.0474135
-0.0495382
-0.0516616
-0.0537841
-0.0559027
-0.058025
-0.0600625
-0.00870446
-0.010799
-0.0128897
-0.0149767
-0.0170604
-0.0191409
-0.0212185
-0.0232934
-0.0253658
-0.0274361
-0.0295043
-0.0315708
-0.0336356
-0.0356991
-0.0377613
-0.0398226
-0.0418829
-0.0439425
-0.0460015
-0.0480603
-0.0501161
-0.0521759
-0.0541536
-0.00457134
-0.00658628
-0.00859826
-0.0106075
-0.0126142
-0.0146186
-0.0166209
-0.0186212
-0.0206199
-0.0226172
-0.0246131
-0.0266079
-0.0286017
-0.0305949
-0.0325875
-0.0345796
-0.0365715
-0.0385633
-0.0405551
-0.0425472
-0.0445371
-0.0465312
-0.0484466
-0.000670592
-0.00260631
-0.00453981
-0.00647127
-0.00840089
-0.0103289
-0.0122554
-0.0141806
-0.0161048
-0.018028
-0.0199506
-0.0218725
-0.023794
-0.0257154
-0.0276366
-0.0295579
-0.0314794
-0.0334013
-0.0353237
-0.0372468
-0.0391684
-0.0410943
-0.0429448
0.00300932
0.00115192
-0.000703848
-0.00255815
-0.00441116
-0.00626304
-0.00811396
-0.00996409
-0.0118136
-0.0136626
-0.0155113
-0.0173599
-0.0192085
-0.0210571
-0.0229061
-0.0247555
-0.0266055
-0.0284562
-0.0303076
-0.0321601
-0.0340116
-0.0358675
-0.0376512
0.00647967
0.00469926
0.00292003
0.00114183
-0.000635494
-0.00241209
-0.0041881
-0.00596367
-0.00773896
-0.00951409
-0.0112892
-0.0130645
-0.01484
-0.0166159
-0.0183923
-0.0201695
-0.0219473
-0.0237261
-0.0255059
-0.0272869
-0.0290673
-0.0308519
-0.0325676
0.00975141
0.00804634
0.0063421
0.00463857
0.0029356
0.00123308
-0.00046913
-0.00217116
-0.00387313
-0.00557516
-0.00727739
-0.00897993
-0.0106829
-0.0123864
-0.0140906
-0.0157956
-0.0175015
-0.0192084
-0.0209163
-0.0226257
-0.0243345
-0.0260476
-0.0276948
0.0128351
0.0112035
0.00957239
0.00794179
0.00631155
0.00468155
0.00305167
0.00142182
-0.00020812
-0.00183826
-0.00346871
-0.00509957
-0.00673095
-0.00836296
-0.00999569
-0.0116292
-0.0132637
-0.0148992
-0.0165358
-0.0181737
-0.0198113
-0.0214529
-0.0230318
0.0157409
0.0141806
0.0126206
0.011061
0.00950161
0.00794232
0.00638304
0.0048237
0.00326419
0.00170442
0.000144292
-0.00141628
-0.00297738
-0.00453911
-0.00610155
-0.00766479
-0.00922891
-0.010794
-0.0123601
-0.0139275
-0.0154946
-0.0170655
-0.0185768
0.0184785
0.0169872
0.0154962
0.0140054
0.0125148
0.0110242
0.00953354
0.0080428
0.00655188
0.0050607
0.00356917
0.00207722
0.000584777
-0.000908238
-0.0024019
-0.00389628
-0.00539145
-0.00688749
-0.00838443
-0.00988247
-0.0113803
-0.0128815
-0.0143264
0.0210571
0.0196325
0.0182082
0.0167839
0.0153598
0.0139357
0.0125116
0.0110874
0.00966305
0.00823846
0.00681358
0.00538834
0.0039627
0.00253657
0.00110991
-0.000317347
-0.00174526
-0.0031739
-0.00460328
-0.00603359
-0.0074636
-0.00889674
-0.0102767
0.0234856
0.0221252
0.020765
0.019405
0.0180451
0.0166853
0.0153255
0.0139656
0.0126056
0.0112454
0.00988509
0.00852449
0.0071636
0.00580235
0.0044407
0.0030786
0.00171601
0.000352876
-0.00101082
-0.00237523
-0.00373927
-0.00510607
-0.00642295
0.0257721
0.0244735
0.0231752
0.0218769
0.0205789
0.0192809
0.017983
0.0166851
0.0153872
0.0140893
0.0127912
0.011493
0.0101947
0.00889617
0.00759739
0.00629833
0.00499895
0.00369923
0.00239915
0.00109858
-0.000201515
-0.00150399
-0.00275972
0.0279247
0.0266854
0.0254463
0.0242074
0.0229687
0.0217302
0.0204919
0.0192536
0.0180155
0.0167774
0.0155393
0.0143012
0.0130632
0.0118251
0.0105869
0.00934861
0.00811022
0.00687168
0.00563299
0.00439405
0.00315571
0.00191538
0.000718666
0.0299507
0.0287681
0.0275858
0.0264039
0.0252221
0.0240407
0.0228594
0.0216784
0.0204976
0.019317
0.0181365
0.0169562
0.015776
0.014596
0.0134161
0.0122363
0.0110565
0.00987682
0.00869719
0.00751756
0.00633865
0.00515815
0.0040182
0.031857
0.0307287
0.0296008
0.0284733
0.027346
0.0262192
0.0250926
0.0239664
0.0228405
0.021715
0.0205897
0.0194648
0.0183401
0.0172158
0.0160917
0.0149679
0.0138444
0.0127212
0.0115982
0.0104755
0.00935364
0.00823056
0.00714506
0.0336503
0.0325739
0.0314979
0.0304223
0.0293472
0.0282725
0.0271982
0.0261244
0.025051
0.0239781
0.0229057
0.0218337
0.0207621
0.019691
0.0186204
0.0175503
0.0164806
0.0154114
0.0143426
0.0132743
0.0122071
0.0111389
0.0101055
0.0353367
0.0343097
0.0332832
0.0322572
0.0312318
0.0302069
0.0291825
0.0281587
0.0271355
0.0261128
0.0250907
0.0240693
0.0230484
0.0220282
0.0210086
0.0199896
0.0189713
0.0179537
0.0169367
0.0159204
0.0149052
0.0138896
0.0129058
0.036922
0.0359421
0.0349627
0.033984
0.0330059
0.0320284
0.0310516
0.0300754
0.0290999
0.0281251
0.0271511
0.0261778
0.0252052
0.0242334
0.0232624
0.0222923
0.0213229
0.0203544
0.0193867
0.0184199
0.0174544
0.0164887
0.0155523
0.0384115
0.0374764
0.0365419
0.0356082
0.0346751
0.0337427
0.0328111
0.0318802
0.0309502
0.030021
0.0290926
0.0281651
0.0272385
0.0263127
0.025388
0.0244642
0.0235413
0.0226195
0.0216988
0.020779
0.0198606
0.0189424
0.018051
0.0398105
0.0389179
0.0380261
0.037135
0.0362446
0.0353551
0.0344665
0.0335787
0.0326918
0.0318058
0.0309208
0.0300368
0.0291538
0.0282718
0.0273909
0.0265112
0.0256325
0.024755
0.0238787
0.0230036
0.02213
0.0212568
0.0204079
0.0411235
0.0402713
0.0394199
0.0385693
0.0377196
0.0368707
0.0360228
0.0351759
0.0343299
0.033485
0.0326411
0.0317983
0.0309566
0.0301161
0.0292768
0.0284388
0.0276019
0.0267664
0.0259322
0.0250993
0.0242681
0.0234375
0.022629
0.0423551
0.0415412
0.0407281
0.0399159
0.0391046
0.0382942
0.0374849
0.0366766
0.0358694
0.0350633
0.0342584
0.0334546
0.0326521
0.0318508
0.0310509
0.0302523
0.029455
0.0286592
0.0278648
0.0270718
0.0262806
0.0254903
0.0247199
0.0435094
0.0427316
0.0419548
0.0411789
0.040404
0.0396301
0.0388573
0.0380856
0.037315
0.0365456
0.0357775
0.0350106
0.0342451
0.0334809
0.0327181
0.0319567
0.0311968
0.0304384
0.0296816
0.0289263
0.0281728
0.0274204
0.026686
0.0445901
0.0438466
0.0431041
0.0423625
0.041622
0.0408825
0.0401441
0.039407
0.038671
0.0379363
0.0372029
0.0364708
0.0357402
0.0350109
0.0342832
0.0335569
0.0328322
0.0321091
0.0313876
0.0306678
0.0299498
0.0292331
0.0285326
0.0456011
0.0448899
0.0441796
0.0434704
0.0427623
0.0420553
0.0413495
0.0406449
0.0399415
0.0392395
0.0385388
0.0378395
0.0371417
0.0364454
0.0357506
0.0350573
0.0343657
0.0336758
0.0329875
0.0323011
0.0316164
0.0309333
0.0302646
0.0465455
0.0458647
0.045185
0.0445063
0.0438287
0.0431522
0.042477
0.0418031
0.0411304
0.0404591
0.0397892
0.0391207
0.0384538
0.0377883
0.0371245
0.0364623
0.0358018
0.035143
0.0344859
0.0338307
0.0331773
0.0325256
0.0318867
0.0474265
0.0467744
0.0461233
0.0454732
0.0448244
0.0441767
0.0435302
0.042885
0.0422412
0.0415987
0.0409577
0.0403182
0.0396802
0.0390438
0.038409
0.0377758
0.0371444
0.0365147
0.0358869
0.0352609
0.0346368
0.0340144
0.0334034
0.048247
0.0476218
0.0469976
0.0463745
0.0457525
0.0451318
0.0445123
0.0438941
0.0432773
0.0426619
0.0420479
0.0414354
0.0408245
0.0402152
0.0396076
0.0390016
0.0383974
0.037795
0.0371944
0.0365957
0.0359989
0.0354038
0.034819
0.0490097
0.0484097
0.0478106
0.0472127
0.046616
0.0460205
0.0454262
0.0448333
0.0442417
0.0436516
0.0430629
0.0424758
0.0418902
0.0413062
0.0407239
0.0401433
0.0395644
0.0389873
0.0384121
0.0378388
0.0372674
0.0366979
0.0361372
0.0497171
0.0491405
0.0485651
0.0479907
0.0474175
0.0468455
0.0462748
0.0457054
0.0451374
0.0445709
0.0440057
0.0434421
0.0428801
0.0423197
0.041761
0.0412039
0.0406486
0.0400951
0.0395435
0.0389937
0.0384459
0.0379
0.0373619
0.0498168
0.0492632
0.0487108
0.0481595
0.0476094
0.0470606
0.0465132
0.045967
0.0454224
0.0448791
0.0443374
0.0437972
0.0432587
0.0427218
0.0421866
0.0416531
0.0411215
0.0405917
0.0400637
0.0395377
0.0390135
0.0384963
0.0504404
0.0499072
0.0493751
0.0488442
0.0483144
0.0477859
0.0472587
0.0467329
0.0462085
0.0456855
0.045164
0.0446441
0.0441257
0.043609
0.043094
0.0425807
0.0420691
0.0415594
0.0410515
0.0405456
0.0400415
0.0395434
0.0510133
0.050499
0.0499857
0.0494735
0.0489626
0.0484528
0.0479444
0.0474373
0.0469315
0.0464272
0.0459243
0.045423
0.0449232
0.0444251
0.0439286
0.0434338
0.0429407
0.0424494
0.0419599
0.0414723
0.0409865
0.040506
0.0515373
0.0510403
0.0505443
0.0500494
0.0495557
0.0490632
0.0485719
0.0480819
0.0475933
0.0471061
0.0466203
0.046136
0.0456532
0.045172
0.0446924
0.0442145
0.0437383
0.0432638
0.042791
0.0423201
0.041851
0.0413866
0.0520139
0.0515327
0.0510525
0.0505734
0.0500954
0.0496186
0.049143
0.0486687
0.0481957
0.047724
0.0472537
0.0467849
0.0463176
0.0458517
0.0453875
0.0449248
0.0444639
0.0440045
0.043547
0.0430911
0.0426371
0.042187
0.052444
0.0519772
0.0515114
0.0510466
0.0505829
0.0501203
0.0496589
0.0491987
0.0487398
0.0482822
0.0478259
0.047371
0.0469176
0.0464656
0.0460151
0.0455662
0.0451189
0.0446732
0.0442292
0.0437869
0.0433462
0.0429091
0.0528293
0.0523754
0.0519224
0.0514705
0.0510195
0.0505697
0.050121
0.0496734
0.0492271
0.048782
0.0483382
0.0478957
0.0474547
0.047015
0.0465767
0.04614
0.0457048
0.0452711
0.044839
0.0444086
0.0439798
0.043554
0.0531697
0.0527273
0.0522858
0.0518452
0.0514056
0.0509671
0.0505296
0.0500932
0.049658
0.0492239
0.0487911
0.0483595
0.0479293
0.0475004
0.0470728
0.0466467
0.0462221
0.0457989
0.0453772
0.0449571
0.0445385
0.0441225
0.0534666
0.0530342
0.0526026
0.0521719
0.0517421
0.0513134
0.0508856
0.0504588
0.0500332
0.0496086
0.0491852
0.048763
0.0483421
0.0479224
0.047504
0.0470869
0.0466712
0.0462569
0.045844
0.0454326
0.0450227
0.0446149
0.0537192
0.0532954
0.0528723
0.0524501
0.0520287
0.0516082
0.0511887
0.0507701
0.0503525
0.049936
0.0495205
0.0491062
0.048693
0.0482809
0.0478701
0.0474605
0.0470522
0.0466452
0.0462395
0.0458351
0.0454322
0.0450311
0.0539278
0.0535109
0.0530947
0.0526793
0.0522647
0.051851
0.051438
0.051026
0.0506149
0.0502048
0.0497956
0.0493875
0.0489804
0.0485744
0.0481695
0.0477658
0.0473632
0.0469619
0.0465617
0.0461629
0.0457653
0.0453693
0.0540925
0.0536813
0.0532707
0.0528607
0.0524515
0.0520429
0.0516352
0.0512282
0.0508221
0.0504168
0.0500124
0.0496089
0.0492063
0.0488047
0.0484041
0.0480045
0.0476059
0.0472084
0.046812
0.0464167
0.0460226
0.0456298
0.0542072
0.0537996
0.0533926
0.0529863
0.0525805
0.0521754
0.051771
0.0513673
0.0509644
0.0505622
0.0501608
0.0497603
0.0493606
0.0489617
0.0485638
0.0481668
0.0477707
0.0473756
0.0469815
0.0465884
0.0461963
0.0458053
0.0542849
0.0538799
0.0534753
0.0530712
0.0526676
0.0522645
0.0518619
0.0514599
0.0510584
0.0506576
0.0502574
0.0498578
0.0494589
0.0490606
0.0486631
0.0482663
0.0478702
0.0474749
0.0470804
0.0466867
0.0462938
0.0459018
0.0537118
0.0533
0.0528885
0.0524773
0.0520667
0.0516564
0.0512466
0.0508373
0.0504285
0.0500202
0.0496125
0.0492054
0.0487988
0.0483929
0.0479876
0.0475829
0.0471789
0.0467757
0.0463731
0.0459713
0.0455702
0.04517
0.0447705
0.0536397
0.0532251
0.0528111
0.0523975
0.0519845
0.0515721
0.0511604
0.0507492
0.0503388
0.049929
0.04952
0.0491117
0.0487042
0.0482975
0.0478916
0.0474866
0.0470824
0.0466792
0.0462769
0.0458755
0.0454751
0.0450757
0.0446773
0.0535349
0.0531166
0.0526989
0.0522817
0.0518652
0.0514493
0.0510341
0.0506196
0.0502059
0.049793
0.0493808
0.0489695
0.0485591
0.0481495
0.0477409
0.0473332
0.0469265
0.0465208
0.0461161
0.0457125
0.04531
0.0449085
0.0445084
0.0533849
0.0529609
0.0525375
0.0521149
0.0516929
0.0512717
0.0508513
0.0504316
0.0500129
0.049595
0.049178
0.048762
0.048347
0.0479329
0.04752
0.0471081
0.0466973
0.0462876
0.0458791
0.0454718
0.0450657
0.0446608
0.0442575
0.0531952
0.0527642
0.052334
0.0519044
0.0514757
0.0510477
0.0506206
0.0501944
0.0497691
0.0493448
0.0489215
0.0484992
0.048078
0.0476579
0.0472389
0.0468211
0.0464045
0.0459891
0.045575
0.0451621
0.0447506
0.0443404
0.0439321
0.0529659
0.0525264
0.0520876
0.0516495
0.0512124
0.0507761
0.0503407
0.0499063
0.049473
0.0490406
0.0486093
0.0481792
0.0477502
0.0473224
0.0468958
0.0464704
0.0460464
0.0456237
0.0452023
0.0447824
0.0443639
0.0439468
0.0435319
0.0526966
0.052247
0.0517983
0.0513504
0.0509034
0.0504574
0.0500123
0.0495683
0.0491253
0.0486835
0.0482428
0.0478033
0.047365
0.046928
0.0464922
0.0460579
0.0456249
0.0451933
0.0447631
0.0443345
0.0439073
0.0434817
0.0430586
0.0523878
0.0519268
0.0514667
0.0510074
0.0505492
0.0500919
0.0496357
0.0491805
0.0487265
0.0482736
0.047822
0.0473716
0.0469225
0.0464748
0.0460284
0.0455834
0.0451399
0.0446978
0.0442573
0.0438184
0.043381
0.0429453
0.0425125
0.0520383
0.0515645
0.0510916
0.0506196
0.0501486
0.0496787
0.0492098
0.0487421
0.0482756
0.0478103
0.0473463
0.0468835
0.0464222
0.0459622
0.0455037
0.0450466
0.0445911
0.0441371
0.0436847
0.0432339
0.0427848
0.0423374
0.0418934
0.051648
0.0511599
0.0506728
0.0501866
0.0497015
0.0492175
0.0487346
0.0482528
0.0477723
0.0472931
0.0468152
0.0463387
0.0458635
0.0453898
0.0449176
0.044447
0.0439779
0.0435104
0.0430446
0.0425805
0.0421181
0.0416574
0.0412008
0.0512154
0.0507117
0.0502089
0.0497071
0.0492064
0.0487068
0.0482084
0.0477112
0.0472153
0.0467207
0.0462274
0.0457356
0.0452452
0.0447563
0.044269
0.0437832
0.043299
0.0428166
0.0423358
0.0418568
0.0413796
0.0409041
0.0404333
0.0507395
0.0502186
0.0496988
0.0491799
0.0486622
0.0481456
0.0476303
0.0471162
0.0466033
0.0460919
0.0455818
0.0450732
0.044566
0.0440604
0.0435564
0.043054
0.0425533
0.0420542
0.041557
0.0410615
0.0405679
0.0400761
0.0395896
0.0502186
0.0496792
0.0491408
0.0486034
0.0480672
0.0475322
0.0469984
0.0464658
0.0459346
0.0454048
0.0448764
0.0443495
0.0438241
0.0433002
0.042778
0.0422574
0.0417386
0.0412215
0.0407062
0.0401927
0.0396811
0.0391713
0.0386677
0.0496511
0.0490916
0.0485332
0.0479759
0.0474197
0.0468647
0.046311
0.0457585
0.0452074
0.0446577
0.0441094
0.0435627
0.0430175
0.0424738
0.0419319
0.0413915
0.040853
0.0403162
0.0397812
0.0392481
0.0387169
0.0381876
0.0376653
0.0490349
0.048454
0.047874
0.0472952
0.0467175
0.046141
0.0455658
0.0449919
0.0444194
0.0438482
0.0432785
0.0427104
0.0421438
0.0415788
0.0410154
0.0404538
0.0398939
0.0393358
0.0387796
0.0382252
0.0376728
0.0371223
0.0365797
0.0483681
0.0477641
0.0471611
0.0465592
0.0459584
0.0453589
0.0447606
0.0441637
0.0435681
0.042974
0.0423813
0.0417901
0.0412005
0.0406125
0.0400262
0.0394416
0.0388588
0.0382777
0.0376985
0.0371212
0.0365459
0.0359724
0.035408
0.0476481
0.0470194
0.0463918
0.0457652
0.0451399
0.0445157
0.0438928
0.0432712
0.042651
0.0420321
0.0414148
0.040799
0.0401847
0.0395721
0.0389611
0.0383519
0.0377444
0.0371387
0.0365348
0.0359329
0.0353329
0.0347347
0.0341469
0.0468724
0.0462175
0.0455635
0.0449107
0.044259
0.0436086
0.0429594
0.0423115
0.0416649
0.0410198
0.0403761
0.0397339
0.0390933
0.0384543
0.037817
0.0371813
0.0365474
0.0359153
0.0352851
0.0346567
0.0340303
0.0334057
0.0327927
0.0460382
0.0453553
0.0446734
0.0439926
0.043313
0.0426345
0.0419573
0.0412814
0.0406068
0.0399336
0.0392618
0.0385916
0.0379229
0.0372557
0.0365902
0.0359264
0.0352644
0.0346041
0.0339456
0.033289
0.0326343
0.0319813
0.0313414
0.0451424
0.0444298
0.0437182
0.0430077
0.0422983
0.0415901
0.0408831
0.0401774
0.039473
0.03877
0.0380684
0.0373682
0.0366696
0.0359725
0.0352771
0.0345833
0.0338912
0.0332008
0.0325122
0.0318255
0.0311407
0.0304574
0.0297889
0.0441816
0.0434375
0.0426945
0.0419525
0.0412116
0.0404718
0.0397333
0.0389959
0.0382599
0.0375252
0.0367919
0.03606
0.0353296
0.0346007
0.0338734
0.0331477
0.0324237
0.0317013
0.0309807
0.0302619
0.029545
0.0288295
0.0281305
0.0431523
0.0423749
0.0415985
0.0408232
0.0400489
0.0392757
0.0385037
0.0377329
0.0369634
0.0361951
0.0354282
0.0346627
0.0338985
0.0331359
0.0323748
0.0316152
0.0308573
0.030101
0.0293463
0.0285934
0.0278425
0.0270928
0.0263614
0.0420506
0.0412381
0.0404265
0.0396158
0.0388062
0.0379977
0.0371903
0.0363841
0.0355791
0.0347753
0.0339728
0.0331716
0.0323719
0.0315735
0.0307766
0.0299811
0.0291872
0.0283949
0.0276042
0.0268152
0.026028
0.025242
0.0244762
0.0408724
0.0400227
0.0391739
0.038326
0.0374791
0.0366333
0.0357885
0.0349448
0.0341023
0.033261
0.0324209
0.0315821
0.0307446
0.0299084
0.0290736
0.0282403
0.0274084
0.0265779
0.0257491
0.0249218
0.0240963
0.0232717
0.0224696
0.0396133
0.0387243
0.0378363
0.0369491
0.0360629
0.0351777
0.0342935
0.0334103
0.0325283
0.0316473
0.0307676
0.029889
0.0290116
0.0281356
0.0272608
0.0263873
0.0255152
0.0246446
0.0237753
0.0229076
0.0220416
0.0211763
0.0203358
0.0382684
0.0373381
0.0364087
0.0354802
0.0345525
0.0336258
0.0327
0.0317753
0.0308515
0.0299288
0.0290072
0.0280868
0.0271674
0.0262493
0.0253323
0.0244166
0.0235021
0.022589
0.0216772
0.0207667
0.019858
0.0189497
0.0180686
0.0368328
0.035859
0.0348861
0.033914
0.0329427
0.0319723
0.0310028
0.0300342
0.0290666
0.0281
0.0271343
0.0261697
0.0252062
0.0242437
0.0232823
0.0223221
0.021363
0.0204051
0.0194485
0.018493
0.0175392
0.0165856
0.0156618
0.0353008
0.0342813
0.0332626
0.0322447
0.0312276
0.0302113
0.0291958
0.0281812
0.0271675
0.0261546
0.0251427
0.0241317
0.0231217
0.0221127
0.0211046
0.0200976
0.0190916
0.0180866
0.0170828
0.01608
0.0150788
0.0140776
0.0131087
0.0336669
0.0325994
0.0315326
0.0304666
0.0294013
0.0283368
0.0272731
0.0262101
0.025148
0.0240867
0.0230262
0.0219665
0.0209077
0.0198497
0.0187927
0.0177365
0.0166813
0.0156269
0.0145735
0.0135211
0.0124701
0.0114188
0.0104026
0.0319246
0.0308067
0.0296896
0.0285731
0.0274573
0.0263423
0.0252279
0.0241143
0.0230014
0.0218893
0.0207779
0.0196672
0.0185573
0.0174481
0.0163397
0.015232
0.0141252
0.0130191
0.0119138
0.0108093
0.00970616
0.00860242
0.00753665
0.0300676
0.0288969
0.0277269
0.0265576
0.025389
0.024221
0.0230537
0.021887
0.020721
0.0195557
0.018391
0.017227
0.0160635
0.0149008
0.0137387
0.0125772
0.0114163
0.0102561
0.00909654
0.00793757
0.00677994
0.00562138
0.00450371
0.0280886
0.0268627
0.0256375
0.0244129
0.023189
0.0219657
0.020743
0.0195209
0.0182994
0.0170785
0.0158582
0.0146384
0.0134192
0.0122004
0.0109823
0.00976458
0.0085474
0.00733071
0.00611452
0.00489876
0.00368427
0.00246852
0.00129665
0.0259805
0.0246968
0.0234139
0.0221316
0.0208499
0.0195689
0.0182884
0.0170085
0.0157292
0.0144503
0.013172
0.0118941
0.0106167
0.00933969
0.00806311
0.00678691
0.00551109
0.00423562
0.0029605
0.00168563
0.000411972
-0.000863252
-0.00209157
0.0237352
0.0223913
0.0210482
0.0197057
0.0183639
0.0170227
0.015682
0.0143419
0.0130023
0.0116632
0.0103245
0.00898626
0.00764836
0.00631081
0.00497356
0.00363659
0.00229987
0.000963372
-0.000372911
-0.0017091
-0.00304413
-0.00438104
-0.00566798
0.0213446
0.019938
0.0185321
0.017127
0.0157226
0.0143188
0.0129156
0.011513
0.0101109
0.00870917
0.00730789
0.00590698
0.00450638
0.00310605
0.00170595
0.000306043
-0.00109372
-0.00249338
-0.00389294
-0.00529257
-0.00669105
-0.0080917
-0.00943934
0.0187998
0.0173279
0.0158569
0.0143868
0.0129174
0.0114487
0.0099807
0.00851326
0.00704635
0.0055799
0.00411385
0.00264815
0.00118274
-0.000282442
-0.00174745
-0.00321233
-0.00467714
-0.00614195
-0.00760675
-0.00907174
-0.0105356
-0.0120019
-0.0134121
0.0160917
0.0145522
0.0130136
0.0114761
0.00993947
0.00840365
0.00686858
0.00533417
0.00380035
0.00226705
0.000734191
-0.000798296
-0.00233049
-0.00386245
-0.00539425
-0.00692596
-0.00845764
-0.00998937
-0.0115212
-0.0130532
-0.0145841
-0.0161177
-0.0175922
0.0132105
0.011601
0.00999264
0.0083855
0.00677943
0.00517436
0.00357017
0.00196679
0.000364111
-0.00123794
-0.00283946
-0.00444054
-0.00604126
-0.00764171
-0.00924196
-0.0108421
-0.0124422
-0.0140424
-0.0156427
-0.0172433
-0.0188426
-0.0204448
-0.021985
0.0101464
0.00846453
0.00678425
0.0051054
0.0034279
0.00175161
7.64349e-05
-0.00159774
-0.00327102
-0.0049435
-0.00661531
-0.00828653
-0.00995728
-0.0116276
-0.0132977
-0.0149676
-0.0166375
-0.0183073
-0.0199772
-0.0216474
-0.0233161
-0.024988
-0.0265949
0.0068886
0.00513245
0.00337823
0.00162581
-0.000124936
-0.00187414
-0.00362194
-0.00536845
-0.00711379
-0.00885811
-0.0106015
-0.0123441
-0.0140861
-0.0158274
-0.0175684
-0.019309
-0.0210494
-0.0227896
-0.0245298
-0.0262703
-0.0280091
-0.0297511
-0.0314253
0.00342637
0.00159409
-0.000235782
-0.00206339
-0.00388888
-0.00571242
-0.00753415
-0.00935421
-0.0111728
-0.0129899
-0.0148059
-0.0166207
-0.0184346
-0.0202476
-0.02206
-0.0238718
-0.0256832
-0.0274942
-0.029305
-0.0311158
-0.0329247
-0.0347368
-0.0364784
-0.000251597
-0.00216153
-0.00406843
-0.0059725
-0.00787389
-0.0097728
-0.0116694
-0.0135638
-0.0154562
-0.0173469
-0.0192358
-0.0211233
-0.0230094
-0.0248943
-0.0267781
-0.0286611
-0.0305433
-0.0324248
-0.0343058
-0.0361867
-0.038065
-0.0399466
-0.0417548
-0.00216415
-0.00415682
-0.00614552
-0.00813045
-0.0101118
-0.0120898
-0.0140646
-0.0160365
-0.0180056
-0.0199721
-0.0219362
-0.0238981
-0.025858
-0.0278161
-0.0297724
-0.0317272
-0.0336807
-0.035633
-0.0375842
-0.0395344
-0.0414841
-0.0434308
-0.0453807
-0.0472542
-0.00622806
-0.00830108
-0.0103692
-0.0124326
-0.0144916
-0.0165463
-0.0185971
-0.0206441
-0.0226876
-0.0247277
-0.0267648
-0.0287989
-0.0308304
-0.0328594
-0.0348861
-0.0369107
-0.0389334
-0.0409543
-0.0429737
-0.0449916
-0.0470084
-0.0490215
-0.0510378
-0.0529748
-0.0105426
-0.0126962
-0.0148437
-0.0169854
-0.0191217
-0.0212526
-0.0233787
-0.0254999
-0.0276168
-0.0297294
-0.0318381
-0.0339431
-0.0360447
-0.0381429
-0.0402382
-0.0423307
-0.0444207
-0.0465082
-0.0485936
-0.0506768
-0.0527585
-0.0548358
-0.0569161
-0.0589147
-0.0151203
-0.0173539
-0.0195802
-0.0217993
-0.0240116
-0.0262175
-0.0284172
-0.0306111
-0.0327995
-0.0349826
-0.0371608
-0.0393344
-0.0415036
-0.0436687
-0.0458301
-0.0479879
-0.0501424
-0.0522939
-0.0544426
-0.0565886
-0.0587326
-0.0608716
-0.0630134
-0.0650731
-0.0199736
-0.0222859
-0.0245891
-0.0268837
-0.02917
-0.0314485
-0.0337194
-0.0359832
-0.0382403
-0.0404909
-0.0427356
-0.0449745
-0.0472082
-0.0494369
-0.0516609
-0.0538808
-0.0560967
-0.058309
-0.0605181
-0.0627243
-0.064928
-0.0671271
-0.0693279
-0.0714516
-0.0251147
-0.0275031
-0.0298805
-0.0322475
-0.0346045
-0.036952
-0.0392904
-0.0416203
-0.043942
-0.046256
-0.0485629
-0.050863
-0.0531569
-0.055445
-0.0577278
-0.0600057
-0.0622794
-0.0645493
-0.0668159
-0.0690799
-0.0713416
-0.0736006
-0.0758586
-0.0780559
-0.0305553
-0.0330158
-0.0354632
-0.037898
-0.0403209
-0.0427324
-0.0451331
-0.0475236
-0.0499046
-0.0522765
-0.0546401
-0.056996
-0.0593448
-0.0616873
-0.064024
-0.0663558
-0.0686834
-0.0710076
-0.0733292
-0.0756496
-0.0779687
-0.0802901
-0.0826046
-0.0848959
-0.0363062
-0.0388331
-0.0413444
-0.0438408
-0.046323
-0.0487917
-0.0512477
-0.0536918
-0.0561248
-0.0585474
-0.0609606
-0.0633653
-0.0657623
-0.0681528
-0.0705377
-0.0729183
-0.0752958
-0.0776715
-0.0800467
-0.0824238
-0.0848017
-0.0871916
-0.0895628
-0.0919848
-0.0423771
-0.0449626
-0.0475296
-0.0500789
-0.0526115
-0.0551285
-0.0576306
-0.0601191
-0.0625949
-0.0650592
-0.0675132
-0.0699581
-0.0723952
-0.0748261
-0.0772522
-0.0796754
-0.0820976
-0.0845213
-0.0869485
-0.0893836
-0.091824
-0.0942931
-0.0967224
-0.0993329
-0.0487762
-0.0514098
-0.0540214
-0.0566122
-0.0591835
-0.0617364
-0.0642724
-0.0667927
-0.069299
-0.0717928
-0.0742758
-0.0767499
-0.079217
-0.0816792
-0.0841389
-0.0865987
-0.0890612
-0.0915299
-0.0940079
-0.0965025
-0.0990088
-0.10157
-0.104057
-0.106938
-0.0555107
-0.0581788
-0.0608209
-0.0634387
-0.0660335
-0.068607
-0.0711609
-0.0736971
-0.0762174
-0.078724
-0.0812193
-0.0837058
-0.0861866
-0.0886649
-0.0911444
-0.0936293
-0.0961242
-0.0986343
-0.101164
-0.103724
-0.106304
-0.108974
-0.111518
-0.114772
-0.0625846
-0.0652695
-0.0679239
-0.0705498
-0.0731492
-0.0757241
-0.0782769
-0.0808099
-0.0833256
-0.0858268
-0.0883164
-0.0907977
-0.0932742
-0.0957502
-0.0982305
-0.100721
-0.103228
-0.105761
-0.108327
-0.110942
-0.113597
-0.116388
-0.118995
-0.122735
-0.0699985
-0.0726762
-0.0753176
-0.0779251
-0.0805013
-0.0830491
-0.0855714
-0.0880716
-0.0905534
-0.0930209
-0.0954785
-0.097931
-0.100384
-0.102842
-0.105313
-0.107802
-0.110317
-0.112867
-0.115459
-0.118112
-0.12082
-0.1237
-0.126349
-0.130648
-0.077757
-0.0803981
-0.0829954
-0.0855515
-0.0880692
-0.0905516
-0.0930024
-0.0954253
-0.0978249
-0.100206
-0.102576
-0.104941
-0.107309
-0.10969
-0.112096
-0.114538
-0.117029
-0.119584
-0.122214
-0.124933
-0.127734
-0.130721
-0.133438
-0.138288
-0.0858604
-0.0884334
-0.090955
-0.0934285
-0.0958575
-0.0982455
-0.100597
-0.102915
-0.105205
-0.107473
-0.109723
-0.111963
-0.1142
-0.116443
-0.118705
-0.120998
-0.123342
-0.125757
-0.128269
-0.130912
-0.133708
-0.136755
-0.139661
-0.145095
-0.0942582
-0.0967131
-0.0991078
-0.101447
-0.103737
-0.105983
-0.108192
-0.110371
-0.112528
-0.114671
-0.11681
-0.118954
-0.121112
-0.123294
-0.125508
-0.127762
-0.130064
-0.132419
-0.134836
-0.137325
-0.139909
-0.142656
-0.145444
-0.150981
-0.102888
-0.105134
-0.107297
-0.109382
-0.111395
-0.113342
-0.115231
-0.117071
-0.118873
-0.120653
-0.122425
-0.124211
-0.12603
-0.127908
-0.129871
-0.131946
-0.134163
-0.136548
-0.139124
-0.141907
-0.144902
-0.148067
-0.151435
-0.156771
-0.111902
-0.113894
-0.115776
-0.117549
-0.119216
-0.120779
-0.122242
-0.123609
-0.124887
-0.126087
-0.12722
-0.128301
-0.129349
-0.130387
-0.131438
-0.132534
-0.133711
-0.135015
-0.136509
-0.138287
-0.140489
-0.143345
-0.147678
-0.154723
0.044111
0.043183
0.0422377
0.0412755
0.0402967
0.0393012
0.0382894
0.0372614
0.0362177
0.0351587
0.034085
0.0329971
0.0318957
0.0307815
0.0296554
0.0285182
0.0273711
0.0262152
0.0440163
0.0430849
0.0421363
0.0411708
0.0401885
0.0391895
0.0381739
0.0371423
0.0360949
0.0350322
0.0339548
0.0328632
0.0317581
0.0306403
0.0295106
0.02837
0.0272195
0.0260602
0.0438406
0.0429006
0.0419447
0.0409722
0.0399826
0.038976
0.0379529
0.0369136
0.0358587
0.0347886
0.0337037
0.0326047
0.0314924
0.0303674
0.0292306
0.028083
0.0269257
0.0257598
0.0435804
0.0426285
0.0416623
0.0406796
0.0396794
0.038662
0.0376279
0.0365778
0.0355121
0.0344312
0.0333356
0.0322261
0.0311032
0.0299678
0.0288209
0.0276633
0.0264962
0.0253208
0.0432419
0.0422744
0.0412947
0.0402987
0.0392848
0.0382533
0.037205
0.0361407
0.0350609
0.033966
0.0328565
0.0317331
0.0305966
0.0294478
0.0282876
0.0271171
0.0259373
0.0247496
0.0428257
0.0418391
0.0408429
0.0398309
0.0388003
0.0377515
0.0366858
0.0356043
0.0345073
0.0333954
0.032269
0.0311289
0.0299758
0.0288107
0.0276345
0.0264482
0.0252531
0.0240505
0.0423333
0.0413243
0.0403088
0.0392779
0.0382277
0.0371587
0.0360727
0.0349709
0.0338539
0.0327221
0.031576
0.0304163
0.0292439
0.0280597
0.0268647
0.0256602
0.0244472
0.0232273
0.0417651
0.0407304
0.0396929
0.0386404
0.0375678
0.0364759
0.0353667
0.0342418
0.033102
0.0319475
0.0307789
0.029597
0.0284026
0.0271968
0.0259806
0.0247553
0.0235221
0.0222826
0.0411209
0.0400574
0.0389953
0.0379186
0.036821
0.0357033
0.0345681
0.0334175
0.0322522
0.0310724
0.0298787
0.028672
0.0274532
0.0262233
0.0249836
0.0237353
0.0224797
0.0212184
0.0404003
0.0393048
0.0382154
0.0371122
0.0359869
0.0348407
0.033677
0.032498
0.0313046
0.030097
0.0288758
0.0276419
0.0263962
0.0251401
0.0238746
0.0226012
0.0213212
0.0200362
0.0396021
0.0384716
0.0373524
0.0362201
0.0350647
0.0338874
0.0326926
0.0314827
0.0302587
0.029021
0.02777
0.0265066
0.0252319
0.0239473
0.022654
0.0213535
0.0200472
0.0187369
0.0387247
0.0375561
0.0364047
0.035241
0.034053
0.0328423
0.0316138
0.0303707
0.0291139
0.0278436
0.0265605
0.0252655
0.0239598
0.0226448
0.0213218
0.0199924
0.0186581
0.0173208
0.0377664
0.0365567
0.0353706
0.0341733
0.0329503
0.0317037
0.0304393
0.0291605
0.0278686
0.0265638
0.0252465
0.0239179
0.0225792
0.0212319
0.0198775
0.0185176
0.0171538
0.0157881
0.0367247
0.0354709
0.0342479
0.0330147
0.0317545
0.0304697
0.029167
0.0278505
0.0265214
0.0251799
0.0238266
0.0224625
0.0210891
0.0197079
0.0183205
0.0169286
0.015534
0.0141387
0.035597
0.0342962
0.033034
0.0317628
0.0304632
0.029138
0.0277948
0.0264385
0.0250702
0.0236902
0.0222991
0.0208978
0.0194881
0.0180715
0.0166498
0.0152247
0.0137982
0.0123722
0.0343804
0.0330296
0.031726
0.0304147
0.0290737
0.027706
0.0263203
0.0249221
0.0235129
0.0220927
0.020662
0.0192221
0.0177747
0.0163215
0.0148642
0.0134049
0.0119455
0.0104881
0.0330715
0.0316679
0.0303206
0.0289675
0.027583
0.0261707
0.0247406
0.0232989
0.021847
0.020385
0.0189134
0.0174335
0.0159472
0.0144562
0.0129626
0.0114683
0.00997534
0.00848601
0.0316666
0.0302073
0.0288145
0.0274175
0.0259878
0.0245291
0.0230528
0.0215658
0.0200697
0.0185646
0.0170508
0.0155299
0.0140037
0.0124742
0.0109435
0.00941359
0.00788673
0.00636521
0.0301619
0.028644
0.0272036
0.0257612
0.0242845
0.0227777
0.0212536
0.0197199
0.0181783
0.0166289
0.015072
0.0135091
0.0119423
0.0103737
0.00880547
0.00723977
0.00567887
0.00412518
0.028553
0.0269737
0.025484
0.0239946
0.0224693
0.0209128
0.0193395
0.0177578
0.0161697
0.0145751
0.0129742
0.0113688
0.009761
0.00815304
0.00654719
0.00494571
0.00335096
0.00176544
0.0268353
0.0251919
0.0236512
0.0221135
0.0205383
0.0189308
0.017307
0.0156763
0.0140409
0.0124003
0.0107551
0.00910681
0.00745784
0.00581054
0.00416727
0.00253038
0.000902303
-0.00071439
0.0250038
0.0232937
0.0217006
0.0201134
0.0184871
0.0168274
0.0151523
0.0134718
0.0117884
0.0101016
0.00841184
0.00672076
0.00503083
0.00334459
0.00166446
-7.12241e-06
-0.00166765
-0.00331449
0.0230534
0.0212741
0.0196272
0.0179897
0.0163114
0.0145987
0.0128714
0.0111407
0.00940919
0.00767614
0.00594195
0.00420841
0.0024781
0.00075366
-0.000962388
-0.00266755
-0.00435927
-0.00603485
0.0209785
0.0191276
0.0174259
0.0157374
0.0140065
0.0122402
0.0104604
0.00867943
0.00689982
0.00512087
0.00334283
0.00156761
-0.000202116
-0.00196359
-0.00371422
-0.00545144
-0.00717267
-0.00887518
0.0187733
0.0168486
0.0150914
0.0133517
0.0115678
0.00974768
0.00791531
0.00608422
0.00425708
0.00243296
0.000612057
-0.00120367
-0.00301142
-0.00480833
-0.00659174
-0.00835908
-0.0101077
-0.0118349
0.0164318
0.0144311
0.0126181
0.0108271
0.00899039
0.00711659
0.00523202
0.00335149
0.00147774
-0.000390341
-0.00225269
-0.00410727
-0.00595118
-0.00778146
-0.00959542
-0.0113905
-0.0131639
-0.0149131
0.0139475
0.0118691
0.0100002
0.00815859
0.00626949
0.00434252
0.00240656
0.000477683
-0.00144125
-0.00335162
-0.0052535
-0.0071448
-0.0090225
-0.0108836
-0.0127254
-0.0145452
-0.0163405
-0.0181086
0.0113139
0.00915639
0.00723206
0.00534071
0.00340018
0.00142107
-0.000565016
-0.00254061
-0.00450279
-0.00645326
-0.00839223
-0.0103176
-0.0122262
-0.014115
-0.0159813
-0.0178226
-0.0196361
-0.0214195
0.00852434
0.00628644
0.00430766
0.00236812
0.00037765
-0.00165207
-0.00368646
-0.0057066
-0.00770954
-0.00969734
-0.0116704
-0.0136266
-0.0155627
-0.0174756
-0.0193627
-0.0212214
-0.0230492
-0.0248437
0.00557181
0.00325279
0.00122112
-0.000764465
-0.00280282
-0.00488105
-0.00696133
-0.00902325
-0.0110638
-0.0130856
-0.0150892
-0.0170723
-0.0190319
-0.0209648
-0.0228683
-0.02474
-0.0265776
-0.0283786
0.00244935
4.89234e-05
-0.0020334
-0.00406222
-0.00614577
-0.00826976
-0.0103929
-0.0124932
-0.0145677
-0.0166194
-0.0186492
-0.020655
-0.0226335
-0.0245815
-0.0264966
-0.0283764
-0.0302187
-0.0320212
-0.00085008
-0.00333164
-0.00546164
-0.00753012
-0.00965545
-0.0118218
-0.013984
-0.0161186
-0.0182226
-0.0202996
-0.0223509
-0.0243742
-0.0263663
-0.0283242
-0.0302454
-0.0321278
-0.0339693
-0.0357677
-0.00433343
-0.00689522
-0.00906908
-0.0111728
-0.0133358
-0.0155403
-0.0177372
-0.0199011
-0.0220295
-0.0241265
-0.0261936
-0.0282289
-0.0302289
-0.0321908
-0.0341122
-0.0359911
-0.0378257
-0.0396142
-0.00800753
-0.0106479
-0.0128609
-0.0149946
-0.0171902
-0.0194279
-0.0216542
-0.0238419
-0.0259888
-0.0280998
-0.0301766
-0.0322175
-0.034219
-0.0361784
-0.0380936
-0.0399626
-0.0417839
-0.0435559
-0.0118789
-0.0145954
-0.0168417
-0.0189991
-0.0212215
-0.0234866
-0.0257363
-0.0279414
-0.0301002
-0.0322183
-0.0342981
-0.0363377
-0.0383338
-0.0402838
-0.0421857
-0.0440379
-0.0458391
-0.0475878
-0.0492829
-0.0159538
-0.018743
-0.0210157
-0.0231896
-0.0254318
-0.0277177
-0.0299839
-0.0321992
-0.0343625
-0.0364804
-0.0385556
-0.0405865
-0.0425698
-0.0445029
-0.0463842
-0.0482123
-0.049986
-0.0517044
-0.0533664
-0.0202377
-0.0230952
-0.0253862
-0.0275681
-0.0298225
-0.0321216
-0.0343964
-0.036614
-0.0387738
-0.0408833
-0.042946
-0.0449602
-0.0469227
-0.0488311
-0.050684
-0.0524803
-0.0542191
-0.0558997
-0.0575213
-0.0247357
-0.0276557
-0.0299558
-0.0321361
-0.0343939
-0.0366977
-0.0389726
-0.0411836
-0.043331
-0.0454236
-0.0474651
-0.0494541
-0.0513875
-0.0532631
-0.0550796
-0.0568362
-0.0585323
-0.0601673
-0.0617411
-0.0294516
-0.0324274
-0.0347257
-0.0368937
-0.0391451
-0.0414442
-0.0437097
-0.0459046
-0.0480302
-0.0500965
-0.0521079
-0.054063
-0.0559588
-0.0577931
-0.0595649
-0.0612737
-0.0629191
-0.0645008
-0.0660191
-0.0343886
-0.0374119
-0.0396963
-0.0418399
-0.044074
-0.0463581
-0.0486039
-0.0507726
-0.0528664
-0.0548968
-0.0568687
-0.0587808
-0.0606301
-0.0624145
-0.0641333
-0.0657861
-0.0673728
-0.0688934
-0.0703483
-0.0395483
-0.0426096
-0.0448662
-0.0469722
-0.0491771
-0.0514351
-0.0536502
-0.0557818
-0.0578334
-0.0598179
-0.0617408
-0.0636007
-0.0653946
-0.0671206
-0.068778
-0.0703667
-0.0718867
-0.0733382
-0.0747219
-0.0449314
-0.0480195
-0.0502329
-0.0522866
-0.0544494
-0.0566693
-0.0588422
-0.0609254
-0.062924
-0.0648524
-0.0667167
-0.0685152
-0.070245
-0.071904
-0.0734918
-0.0750084
-0.0764537
-0.0778283
-0.079133
-0.050537
-0.0536392
-0.055792
-0.0577772
-0.0598842
-0.0620533
-0.0641718
-0.066195
-0.0681297
-0.069992
-0.0717881
-0.0735163
-0.0751734
-0.0767573
-0.0782675
-0.079704
-0.081067
-0.0823568
-0.0835747
-0.0563632
-0.0594643
-0.0615369
-0.0634361
-0.0654727
-0.067578
-0.0696298
-0.0715811
-0.0734411
-0.0752272
-0.076946
-0.0785954
-0.0801715
-0.0816724
-0.0830973
-0.0844462
-0.0857191
-0.0869166
-0.0880398
-0.0624063
-0.0654881
-0.0674587
-0.0692532
-0.0712042
-0.0732324
-0.0752047
-0.0770726
-0.0788472
-0.0805477
-0.0821805
-0.0837428
-0.0852304
-0.0866407
-0.087973
-0.0892269
-0.0904023
-0.0914997
-0.0925203
-0.0686606
-0.0717003
-0.0735447
-0.0752152
-0.0770655
-0.0790031
-0.0808833
-0.0826561
-0.0843352
-0.0859413
-0.0874801
-0.0889479
-0.0903395
-0.0916522
-0.0928847
-0.0940364
-0.0951069
-0.0960964
-0.0970062
-0.0751167
-0.0780839
-0.0797767
-0.0813048
-0.0830398
-0.0848733
-0.0866488
-0.0883155
-0.0898899
-0.0913935
-0.0928309
-0.0941971
-0.0954859
-0.0966941
-0.09782
-0.0988623
-0.0998201
-0.100694
-0.101484
-0.0817579
-0.0846112
-0.086128
-0.0874987
-0.0891056
-0.0908218
-0.0924799
-0.0940301
-0.0954915
-0.0968855
-0.0982149
-0.0994727
-0.100652
-0.101749
-0.102761
-0.103687
-0.104524
-0.105273
-0.105934
-0.0885547
-0.0912372
-0.0925589
-0.0937654
-0.0952347
-0.0968201
-0.098348
-0.0997721
-0.101114
-0.102392
-0.103607
-0.10475
-0.105813
-0.106792
-0.107683
-0.108483
-0.109191
-0.109806
-0.110328
-0.0954555
-0.0978905
-0.0990123
-0.100062
-0.101389
-0.102829
-0.104214
-0.105504
-0.10672
-0.107877
-0.108972
-0.109993
-0.110933
-0.111786
-0.112548
-0.113215
-0.113784
-0.114255
-0.114628
-0.102374
-0.104463
-0.105408
-0.106333
-0.107517
-0.108796
-0.110024
-0.111174
-0.112262
-0.113293
-0.114259
-0.115152
-0.115961
-0.116681
-0.117306
-0.11783
-0.118251
-0.118568
-0.11878
-0.10917
-0.1108
-0.111642
-0.112505
-0.11355
-0.114647
-0.115706
-0.116714
-0.117671
-0.11857
-0.119402
-0.120158
-0.12083
-0.121409
-0.121888
-0.122262
-0.122526
-0.12268
-0.122724
-0.11563
-0.116695
-0.117589
-0.11849
-0.119397
-0.120287
-0.121169
-0.122037
-0.122861
-0.123623
-0.124314
-0.124927
-0.125455
-0.125887
-0.126214
-0.126431
-0.126534
-0.12652
-0.12639
-0.121456
-0.121908
-0.123116
-0.124185
-0.124943
-0.125601
-0.126307
-0.12704
-0.127731
-0.12835
-0.128893
-0.129361
-0.129741
-0.130023
-0.130197
-0.130257
-0.130197
-0.130016
-0.129716
-0.126282
-0.126215
-0.128113
-0.129472
-0.130051
-0.130461
-0.131005
-0.131612
-0.132167
-0.132639
-0.133037
-0.13336
-0.133596
-0.133732
-0.133758
-0.133667
-0.133453
-0.133115
-0.132653
-0.129792
-0.129525
-0.132537
-0.134231
-0.134576
-0.134748
-0.135158
-0.135648
-0.136066
-0.136395
-0.136654
-0.136843
-0.136947
-0.13695
-0.136842
-0.136615
-0.136265
-0.135787
-0.135183
-0.131818
-0.132007
-0.136458
-0.138373
-0.138414
-0.138388
-0.138696
-0.139071
-0.139355
-0.139556
-0.139697
-0.139771
-0.139761
-0.139652
-0.139432
-0.139094
-0.138629
-0.138036
-0.137313
-0.132604
-0.1341
-0.139996
-0.141849
-0.141556
-0.141391
-0.141609
-0.141866
-0.142031
-0.142128
-0.142174
-0.142159
-0.14206
-0.141865
-0.14156
-0.141135
-0.140583
-0.1399
-0.139085
-0.133031
-0.13623
-0.143001
-0.14454
-0.144049
-0.143834
-0.143957
-0.144091
-0.144157
-0.144178
-0.144158
-0.144077
-0.143917
-0.143661
-0.143296
-0.142811
-0.142197
-0.141448
-0.140565
-0.134841
-0.139422
-0.145324
-0.146395
-0.145968
-0.145777
-0.145788
-0.145802
-0.145789
-0.145754
-0.145684
-0.145558
-0.145355
-0.145058
-0.144652
-0.144124
-0.143466
-0.142672
-0.141741
-0.149116
-0.14618
-0.147462
-0.14756
-0.146979
-0.146713
-0.14662
-0.146553
-0.146487
-0.146411
-0.146305
-0.146146
-0.145914
-0.145591
-0.145162
-0.144615
-0.143941
-0.143133
-0.152912
-0.149086
-0.148762
-0.148481
-0.147827
-0.147514
-0.147359
-0.147241
-0.147135
-0.147022
-0.14688
-0.146684
-0.146415
-0.146056
-0.145592
-0.14501
-0.144303
-0.143464
-0.153982
-0.149983
-0.149194
-0.14886
-0.148239
-0.147941
-0.147778
-0.147648
-0.147531
-0.147405
-0.147244
-0.147028
-0.146735
-0.14635
-0.145859
-0.14525
-0.144516
-0.143651
-0.15453
-0.150345
-0.149354
-0.149067
-0.148511
-0.148239
-0.148079
-0.147948
-0.147827
-0.147692
-0.147519
-0.147286
-0.146976
-0.146572
-0.14606
-0.145431
-0.144677
-0.143793
-0.154742
-0.150539
-0.149474
-0.149241
-0.148751
-0.148505
-0.148351
-0.14822
-0.148094
-0.147951
-0.147765
-0.147518
-0.147191
-0.146769
-0.146239
-0.145593
-0.144821
-0.143922
-0.154649
-0.150555
-0.149538
-0.149366
-0.14894
-0.148724
-0.14858
-0.148452
-0.148325
-0.148174
-0.147977
-0.147717
-0.147375
-0.146937
-0.146392
-0.14573
-0.144944
-0.144033
-0.154369
-0.150453
-0.149553
-0.149438
-0.149076
-0.148891
-0.14876
-0.148639
-0.148512
-0.148356
-0.148151
-0.147879
-0.147524
-0.147073
-0.146515
-0.145841
-0.145044
-0.153982
-0.150297
-0.14954
-0.149473
-0.149168
-0.149014
-0.148899
-0.148785
-0.148659
-0.1485
-0.148288
-0.148007
-0.147642
-0.14718
-0.146612
-0.145928
-0.145123
-0.15354
-0.150121
-0.149513
-0.149481
-0.149227
-0.149101
-0.149001
-0.148895
-0.148772
-0.14861
-0.148392
-0.148104
-0.147731
-0.147261
-0.146685
-0.145995
-0.145185
-0.153078
-0.149944
-0.149475
-0.149467
-0.149258
-0.149157
-0.14907
-0.148973
-0.148852
-0.148689
-0.148467
-0.148174
-0.147795
-0.147319
-0.146737
-0.146043
-0.145231
-0.152618
-0.149772
-0.149427
-0.149435
-0.149265
-0.149185
-0.149111
-0.149021
-0.148903
-0.148739
-0.148515
-0.148218
-0.147835
-0.147356
-0.146772
-0.146076
-0.145265
-0.152176
-0.149611
-0.14937
-0.149388
-0.14925
-0.149189
-0.149126
-0.149042
-0.148927
-0.148764
-0.148539
-0.14824
-0.147855
-0.147374
-0.14679
-0.146096
-0.145289
-0.151756
-0.149458
-0.149304
-0.149326
-0.149217
-0.149171
-0.149117
-0.14904
-0.148928
-0.148766
-0.148541
-0.148242
-0.147857
-0.147377
-0.146795
-0.146106
-0.151364
-0.149313
-0.149228
-0.149252
-0.149167
-0.149134
-0.149088
-0.149017
-0.148908
-0.148748
-0.148524
-0.148226
-0.147843
-0.147366
-0.146789
-0.146106
-0.150998
-0.149171
-0.149141
-0.149165
-0.149102
-0.149079
-0.14904
-0.148975
-0.148869
-0.148712
-0.148491
-0.148195
-0.147816
-0.147345
-0.146775
-0.146101
-0.150657
-0.14903
-0.149043
-0.149068
-0.149022
-0.149009
-0.148976
-0.148916
-0.148814
-0.14866
-0.148443
-0.148152
-0.147778
-0.147314
-0.146753
-0.146091
-0.150337
-0.148887
-0.148935
-0.148959
-0.148929
-0.148924
-0.148898
-0.148842
-0.148745
-0.148596
-0.148383
-0.148098
-0.147732
-0.147277
-0.146728
-0.146079
-0.150037
-0.148739
-0.148817
-0.14884
-0.148825
-0.148826
-0.148806
-0.148756
-0.148664
-0.14852
-0.148314
-0.148036
-0.147679
-0.147235
-0.146699
-0.146067
-0.149776
-0.148566
-0.14869
-0.148712
-0.148709
-0.148718
-0.148703
-0.148659
-0.148573
-0.148435
-0.148236
-0.147968
-0.147622
-0.147191
-0.146671
-0.146057
-0.149573
-0.148358
-0.14855
-0.148577
-0.148585
-0.1486
-0.148592
-0.148553
-0.148474
-0.148344
-0.148154
-0.147896
-0.147562
-0.147146
-0.146643
-0.149204
-0.148252
-0.148402
-0.148433
-0.148452
-0.148474
-0.148473
-0.148441
-0.148369
-0.148248
-0.148068
-0.147821
-0.147502
-0.147102
-0.146619
-0.148882
-0.148111
-0.148246
-0.148284
-0.148313
-0.148342
-0.148348
-0.148324
-0.14826
-0.148148
-0.14798
-0.147747
-0.147443
-0.147061
-0.146598
-0.148598
-0.147951
-0.148082
-0.148129
-0.148169
-0.148206
-0.14822
-0.148204
-0.14815
-0.148048
-0.147892
-0.147674
-0.147386
-0.147025
-0.146584
-0.148327
-0.147785
-0.147914
-0.147972
-0.148022
-0.148067
-0.148089
-0.148082
-0.148038
-0.147949
-0.147806
-0.147603
-0.147335
-0.146994
-0.146577
-0.148062
-0.147614
-0.147744
-0.147812
-0.147873
-0.147927
-0.147958
-0.147961
-0.147928
-0.147851
-0.147723
-0.147538
-0.147289
-0.14697
-0.146579
-0.147804
-0.14744
-0.147574
-0.147652
-0.147724
-0.147787
-0.147828
-0.147842
-0.147821
-0.147758
-0.147646
-0.147478
-0.14725
-0.146955
-0.14659
-0.147554
-0.147266
-0.147404
-0.147494
-0.147577
-0.14765
-0.147702
-0.147727
-0.147719
-0.14767
-0.147574
-0.147426
-0.147219
-0.146949
-0.146612
-0.147312
-0.147093
-0.147238
-0.147339
-0.147433
-0.147516
-0.147579
-0.147617
-0.147622
-0.147589
-0.147511
-0.147382
-0.147198
-0.146954
-0.146645
-0.147079
-0.146924
-0.147076
-0.147189
-0.147294
-0.147389
-0.147463
-0.147513
-0.147533
-0.147516
-0.147456
-0.147348
-0.147188
-0.14697
-0.146691
-0.146858
-0.146761
-0.146921
-0.147045
-0.147162
-0.147268
-0.147355
-0.147418
-0.147452
-0.147452
-0.147411
-0.147325
-0.147189
-0.146999
-0.14675
-0.146648
-0.146605
-0.146773
-0.146909
-0.147038
-0.147156
-0.147255
-0.147332
-0.147381
-0.147398
-0.147377
-0.147313
-0.147202
-0.14704
-0.146452
-0.146459
-0.146635
-0.146783
-0.146924
-0.147053
-0.147165
-0.147256
-0.147321
-0.147356
-0.147355
-0.147314
-0.147228
-0.147094
-0.146272
-0.146323
-0.146508
-0.146668
-0.14682
-0.146961
-0.147086
-0.147191
-0.147272
-0.147325
-0.147345
-0.147327
-0.147267
-0.147163
-0.14611
-0.1462
-0.146393
-0.146565
-0.146729
-0.146881
-0.147019
-0.147139
-0.147236
-0.147307
-0.147347
-0.147353
-0.14732
-0.147245
-0.145966
-0.146091
-0.146292
-0.146475
-0.14665
-0.146814
-0.146965
-0.147099
-0.147213
-0.147302
-0.147363
-0.147393
-0.147386
-0.147341
-0.145842
-0.145997
-0.146206
-0.146399
-0.146585
-0.146761
-0.146924
-0.147073
-0.147202
-0.14731
-0.147393
-0.147446
-0.147467
-0.147451
-0.145739
-0.145919
-0.146135
-0.146338
-0.146534
-0.146721
-0.146897
-0.14706
-0.147206
-0.147332
-0.147436
-0.147513
-0.14756
-0.147575
-0.145657
-0.145857
-0.146081
-0.146292
-0.146498
-0.146696
-0.146884
-0.147061
-0.147223
-0.147367
-0.147492
-0.147593
-0.147667
-0.147712
-0.145598
-0.145813
-0.146042
-0.146262
-0.146477
-0.146685
-0.146885
-0.147075
-0.147253
-0.147416
-0.147561
-0.147686
-0.147787
-0.147861
-0.145562
-0.145785
-0.146021
-0.146247
-0.14647
-0.146688
-0.146899
-0.147103
-0.147296
-0.147477
-0.147643
-0.147791
-0.147919
-0.148023
)
;

boundaryField
{
    inlet
    {
        type            zeroGradient;
    }
    outlet
    {
        type            fixedValue;
        value           nonuniform 0();
    }
    cylinder
    {
        type            zeroGradient;
    }
    top
    {
        type            symmetryPlane;
    }
    bottom
    {
        type            symmetryPlane;
    }
    defaultFaces
    {
        type            empty;
    }
    procBoundary2to1
    {
        type            processor;
        value           nonuniform List<scalar> 
199
(
-0.180128
-0.180128
-0.181482
-0.181482
-0.182466
-0.182466
-0.184857
-0.185314
-0.185314
-0.185308
-0.185308
-0.184934
-0.184934
-0.184275
-0.184275
-0.183395
-0.183395
-0.182312
-0.182312
-0.180956
-0.180956
-0.179158
-0.179158
-0.176644
-0.171819
-0.171819
-0.16747
-0.16747
-0.161732
-0.161732
-0.154592
-0.147024
-0.147024
-0.138159
-0.138159
-0.128407
-0.120584
-0.120584
-0.129228
-0.121329
-0.121329
-0.139077
-0.139077
-0.155664
-0.148037
-0.148037
-0.162882
-0.162882
-0.174339
-0.168685
-0.168685
-0.177927
-0.177927
-0.180466
-0.180466
-0.182278
-0.182278
-0.183639
-0.183639
-0.184724
-0.184724
-0.185602
-0.185602
-0.186261
-0.186261
-0.186637
-0.186637
-0.186646
-0.186646
-0.186195
-0.186195
-0.185228
-0.18283
-0.18283
-0.181493
-0.181493
-0.109166
-0.100018
-0.0912926
-0.0828765
-0.0747996
-0.067095
-0.0624856
-0.0624856
-0.0554876
-0.0488234
-0.0424885
-0.0364756
-0.0307762
-0.0253804
-0.0202774
-0.0154555
-0.0109024
-0.00660576
-0.00255321
0.00126755
0.00486853
0.00826141
0.0114574
0.0144674
0.0173018
0.0199701
0.022482
0.0248462
0.027071
0.0291643
0.0311336
0.0329857
0.0347272
0.0363642
0.0379024
0.0393472
0.0407037
0.0419764
0.0431698
0.0442879
0.0453345
0.0463132
0.0472272
0.0480796
0.0488733
0.0496108
0.0502946
0.0503714
0.0503714
0.0509746
0.0515287
0.0520353
0.052496
0.0529118
0.0532841
0.053613
0.0538998
0.0541438
0.0543453
0.0545044
0.0546153
0.0546903
0.0541241
0.0540548
0.0539537
0.0538095
0.0536269
0.0534062
0.0531469
0.0528496
0.052513
0.052137
0.0517201
0.0512613
0.050759
0.0502115
0.0496169
0.0489731
0.0482778
0.0475284
0.0467221
0.0458559
0.0449266
0.0439305
0.0428641
0.041723
0.040503
0.0391994
0.0378073
0.036321
0.0347351
0.0330432
0.0312389
0.0293152
0.0272648
0.0250799
0.0227521
0.0202726
0.0176324
0.0148215
0.0118299
0.00864682
0.00526123
0.00166153
0.00166153
-0.00016729
-0.00414987
-0.00838267
-0.0128789
-0.0176519
-0.022715
-0.0280812
-0.0337629
-0.0397721
-0.0461195
-0.0528153
-0.0598675
-0.0672823
-0.0750694
-0.0832327
-0.0917388
-0.100557
-0.1098
)
;
    }
    procBoundary2to3
    {
        type            processor;
        value           nonuniform List<scalar> 
211
(
-0.148307
-0.148523
-0.148748
-0.14898
-0.149219
-0.149462
-0.149708
-0.149956
-0.150203
-0.150448
-0.150448
-0.15111
-0.151376
-0.151633
-0.151879
-0.152114
-0.152335
-0.152541
-0.152729
-0.152899
-0.15305
-0.153179
-0.153179
-0.154027
-0.154134
-0.154215
-0.15427
-0.154298
-0.154299
-0.154273
-0.154273
-0.155146
-0.155079
-0.154981
-0.154853
-0.154693
-0.154502
-0.154502
-0.15535
-0.155105
-0.15483
-0.154513
-0.154121
-0.153716
-0.153716
-0.154642
-0.153903
-0.152857
-0.151418
-0.149498
-0.147039
-0.144018
-0.140457
-0.136419
-0.131992
-0.127272
-0.122349
-0.117298
-0.112178
-0.10703
-0.101883
-0.0967559
-0.0916637
-0.0866173
-0.0816257
-0.0766973
-0.0718399
-0.0670608
-0.0623672
-0.0577658
-0.0532628
-0.0488639
-0.0445745
-0.0403992
-0.0363421
-0.0324068
-0.0285963
-0.0249131
-0.0213593
-0.0179363
-0.0146452
-0.0114867
-0.00846105
-0.00556822
-0.00280789
-0.000179485
0.00231776
0.00468477
0.00692255
0.00903217
0.0110147
0.0128712
0.0146025
0.0162093
0.0176923
0.0190516
0.0202872
0.0213983
0.0223839
0.0232421
0.0239704
0.0245652
0.0250221
0.0253346
0.0254958
0.0250517
0.0248934
0.0245867
0.0241384
0.0235553
0.0228417
0.0220017
0.0210381
0.019953
0.018748
0.0174242
0.0159822
0.0144223
0.0127446
0.0109489
0.00903504
0.00700267
0.00485151
0.00258127
0.000191778
-0.00231699
-0.00494488
-0.00769149
-0.0105561
-0.0135379
-0.0166353
-0.0198467
-0.0231699
-0.0266022
-0.0301407
-0.0337817
-0.0375212
-0.0413546
-0.045277
-0.045277
-0.0509233
-0.0549714
-0.0590838
-0.0632537
-0.0674742
-0.0717383
-0.0760391
-0.0803695
-0.0847226
-0.0890911
-0.0934667
-0.0978391
-0.102194
-0.106511
-0.110762
-0.114906
-0.118893
-0.122662
-0.12615
-0.1293
-0.132073
-0.134457
-0.136466
-0.138143
-0.13955
-0.140676
-0.142192
-0.142192
-0.142493
-0.142655
-0.14278
-0.142896
-0.142996
-0.144123
-0.144123
-0.144196
-0.144255
-0.144301
-0.144339
-0.144368
-0.145305
-0.145305
-0.145315
-0.145321
-0.145326
-0.14533
-0.145337
-0.145347
-0.146049
-0.146049
-0.146047
-0.14605
-0.146061
-0.146081
-0.146111
-0.146151
-0.146204
-0.146269
-0.146348
-0.14644
-0.146822
-0.146822
-0.146908
-0.147009
-0.147124
-0.147253
-0.147396
-0.147553
-0.147723
-0.147906
-0.148101
)
;
    }
}


// ************************************************************************* //
