/*--------------------------------*- C++ -*----------------------------------*\
  =========                 |
  \\      /  F ield         | OpenFOAM: The Open Source CFD Toolbox
   \\    /   O peration     | Website:  https://openfoam.org
    \\  /    A nd           | Version:  7
     \\/     M anipulation  |
\*---------------------------------------------------------------------------*/
FoamFile
{
    version     2.0;
    format      ascii;
    class       volScalarField;
    location    "70";
    object      p;
}
// * * * * * * * * * * * * * * * * * * * * * * * * * * * * * * * * * * * * * //

dimensions      [0 2 -2 0 0 0 0];

internalField   nonuniform List<scalar> 
8500
(
-0.145034
-0.146026
-0.14663
-0.147146
-0.147596
-0.147982
-0.14832
-0.148623
-0.1489
-0.149158
-0.149403
-0.149637
-0.149865
-0.150088
-0.150309
-0.150533
-0.150763
-0.151006
-0.151266
-0.151551
-0.145058
-0.146022
-0.146609
-0.147111
-0.147548
-0.147922
-0.148249
-0.148542
-0.148809
-0.149058
-0.149293
-0.14952
-0.149742
-0.14996
-0.15018
-0.150404
-0.150639
-0.150893
-0.151169
-0.151472
-0.145123
-0.146056
-0.146625
-0.147111
-0.147533
-0.147894
-0.148209
-0.14849
-0.148746
-0.148983
-0.149209
-0.149427
-0.14964
-0.149852
-0.150068
-0.150291
-0.15053
-0.150792
-0.151081
-0.151398
-0.145226
-0.146126
-0.146676
-0.147145
-0.147551
-0.147898
-0.148199
-0.148466
-0.148709
-0.148934
-0.149148
-0.149355
-0.149558
-0.149762
-0.149972
-0.150192
-0.150431
-0.1507
-0.150999
-0.151327
-0.145366
-0.146231
-0.14676
-0.147211
-0.147601
-0.147932
-0.148218
-0.14847
-0.148698
-0.148909
-0.149109
-0.149303
-0.149494
-0.149688
-0.149889
-0.150104
-0.150341
-0.150614
-0.150921
-0.151254
-0.145541
-0.14637
-0.146877
-0.147308
-0.14768
-0.147994
-0.148263
-0.148499
-0.148711
-0.148906
-0.14909
-0.149269
-0.149446
-0.149627
-0.149817
-0.150024
-0.150257
-0.15053
-0.150843
-0.151176
-0.145747
-0.146539
-0.147024
-0.147435
-0.147787
-0.148083
-0.148334
-0.148552
-0.148746
-0.148923
-0.149089
-0.149251
-0.149412
-0.149577
-0.149754
-0.14995
-0.150175
-0.150447
-0.150761
-0.15109
-0.145984
-0.146738
-0.147199
-0.147589
-0.147922
-0.148197
-0.148429
-0.148627
-0.148801
-0.148958
-0.149105
-0.149247
-0.149389
-0.149537
-0.149698
-0.14988
-0.150093
-0.15036
-0.150672
-0.150992
-0.146249
-0.146965
-0.147402
-0.14777
-0.148081
-0.148336
-0.148546
-0.148723
-0.148876
-0.149011
-0.149136
-0.149256
-0.149376
-0.149503
-0.149645
-0.149809
-0.150009
-0.150267
-0.150573
-0.150878
-0.14654
-0.147218
-0.147631
-0.147976
-0.148264
-0.148497
-0.148685
-0.148839
-0.148968
-0.149079
-0.149179
-0.149275
-0.149371
-0.149474
-0.149593
-0.149737
-0.149918
-0.150164
-0.150461
-0.150744
-0.146855
-0.147495
-0.147883
-0.148205
-0.14847
-0.148679
-0.148844
-0.148973
-0.149076
-0.149161
-0.149235
-0.149303
-0.149371
-0.149448
-0.149541
-0.14966
-0.149819
-0.150049
-0.150333
-0.150589
-0.147193
-0.147795
-0.148159
-0.148457
-0.148698
-0.148882
-0.149021
-0.149124
-0.1492
-0.149256
-0.1493
-0.149338
-0.149376
-0.149422
-0.149485
-0.149576
-0.149709
-0.149919
-0.150186
-0.150407
-0.147551
-0.148117
-0.148456
-0.14873
-0.148946
-0.149105
-0.149216
-0.149291
-0.149337
-0.149362
-0.149373
-0.149378
-0.149383
-0.149395
-0.149425
-0.149483
-0.149586
-0.14977
-0.150018
-0.150196
-0.147928
-0.148459
-0.148774
-0.149023
-0.149213
-0.149345
-0.149428
-0.149472
-0.149486
-0.149478
-0.149455
-0.149424
-0.149391
-0.149366
-0.149358
-0.149379
-0.149447
-0.149602
-0.149825
-0.149953
-0.148324
-0.148821
-0.149112
-0.149336
-0.1495
-0.149603
-0.149656
-0.149668
-0.149648
-0.149603
-0.149543
-0.149472
-0.1494
-0.149333
-0.149283
-0.149263
-0.14929
-0.14941
-0.149607
-0.149671
-0.148736
-0.149202
-0.149469
-0.149668
-0.149804
-0.149879
-0.1499
-0.149878
-0.149821
-0.149738
-0.149636
-0.149524
-0.149408
-0.149296
-0.1492
-0.149133
-0.149115
-0.149195
-0.149367
-0.149338
-0.149165
-0.149601
-0.149845
-0.150018
-0.150127
-0.150171
-0.150158
-0.1501
-0.150004
-0.14988
-0.149736
-0.149578
-0.149414
-0.149253
-0.149107
-0.148989
-0.14892
-0.148956
-0.149113
-0.148968
-0.149611
-0.150019
-0.150239
-0.150388
-0.150467
-0.150479
-0.150432
-0.150335
-0.150199
-0.150031
-0.149841
-0.149634
-0.14942
-0.149206
-0.149004
-0.14883
-0.148705
-0.148688
-0.148777
-0.148613
-0.150072
-0.150454
-0.150653
-0.150775
-0.150826
-0.150804
-0.15072
-0.150584
-0.150404
-0.15019
-0.149951
-0.149693
-0.149424
-0.149154
-0.148892
-0.148657
-0.14847
-0.148395
-0.148424
-0.148193
-0.150551
-0.150909
-0.151086
-0.151182
-0.151203
-0.151147
-0.151024
-0.150846
-0.150621
-0.150358
-0.150067
-0.149755
-0.149429
-0.149098
-0.148773
-0.148471
-0.148214
-0.148077
-0.148046
-0.147718
-0.151046
-0.151384
-0.151539
-0.151609
-0.151598
-0.151506
-0.151344
-0.151121
-0.150849
-0.150535
-0.150191
-0.149821
-0.149435
-0.149039
-0.148646
-0.148272
-0.147941
-0.147732
-0.147637
-0.147191
-0.151561
-0.151879
-0.152013
-0.152057
-0.152013
-0.151884
-0.15168
-0.151411
-0.151089
-0.150723
-0.150322
-0.149893
-0.149444
-0.148981
-0.148515
-0.148064
-0.147651
-0.147362
-0.147196
-0.146611
-0.152096
-0.152396
-0.152509
-0.152526
-0.152449
-0.152282
-0.152034
-0.151717
-0.151343
-0.150922
-0.150462
-0.149972
-0.149457
-0.148924
-0.148383
-0.147849
-0.147347
-0.14697
-0.146726
-0.145971
-0.152653
-0.152937
-0.15303
-0.153018
-0.152907
-0.152699
-0.152406
-0.152039
-0.151611
-0.151133
-0.150613
-0.150059
-0.149477
-0.148871
-0.148251
-0.147631
-0.147033
-0.146559
-0.146229
-0.14527
-0.153234
-0.153504
-0.153576
-0.153536
-0.153389
-0.153139
-0.152798
-0.15238
-0.151896
-0.151359
-0.150777
-0.150158
-0.149506
-0.148826
-0.148125
-0.147414
-0.146713
-0.146133
-0.145707
-0.144501
-0.153843
-0.1541
-0.15415
-0.15408
-0.153896
-0.153602
-0.153212
-0.15274
-0.152199
-0.151601
-0.150956
-0.15027
-0.149548
-0.148792
-0.148008
-0.147203
-0.146394
-0.145696
-0.145167
-0.14366
-0.154483
-0.154726
-0.154755
-0.154654
-0.15443
-0.154091
-0.153649
-0.153121
-0.15252
-0.15186
-0.151151
-0.150398
-0.149605
-0.148773
-0.147903
-0.147003
-0.146079
-0.145253
-0.144614
-0.142743
-0.155156
-0.155387
-0.155392
-0.155259
-0.154995
-0.154607
-0.154112
-0.153526
-0.152864
-0.15214
-0.151364
-0.150543
-0.149679
-0.148771
-0.147817
-0.146819
-0.145777
-0.144813
-0.144055
-0.141745
-0.155867
-0.156085
-0.156066
-0.155898
-0.155591
-0.155153
-0.154602
-0.153956
-0.153231
-0.152442
-0.151599
-0.15071
-0.149774
-0.14879
-0.147752
-0.146657
-0.145493
-0.144381
-0.143499
-0.140666
-0.156621
-0.156824
-0.15678
-0.156575
-0.156222
-0.155731
-0.155122
-0.154413
-0.153623
-0.152767
-0.151857
-0.150899
-0.149893
-0.148834
-0.147713
-0.146521
-0.145235
-0.143964
-0.142957
-0.139507
-0.157421
-0.157608
-0.157536
-0.157292
-0.156891
-0.156344
-0.155674
-0.1549
-0.154043
-0.153119
-0.15214
-0.151113
-0.150037
-0.148904
-0.147702
-0.146416
-0.145007
-0.143572
-0.142437
-0.138272
-0.158272
-0.158442
-0.158339
-0.158053
-0.1576
-0.156995
-0.156261
-0.15542
-0.154494
-0.1535
-0.152451
-0.151354
-0.150208
-0.149003
-0.147723
-0.146345
-0.144817
-0.14321
-0.141948
-0.136973
-0.15918
-0.159328
-0.159192
-0.158861
-0.158354
-0.157687
-0.156886
-0.155974
-0.154976
-0.153911
-0.152791
-0.151624
-0.150409
-0.149133
-0.147777
-0.146312
-0.144667
-0.142888
-0.141497
-0.135628
-0.16015
-0.160273
-0.160101
-0.159721
-0.159155
-0.158422
-0.157551
-0.156567
-0.155494
-0.154355
-0.153163
-0.151925
-0.15064
-0.149296
-0.147867
-0.146318
-0.144562
-0.142613
-0.141086
-0.134266
-0.161187
-0.161281
-0.161068
-0.160635
-0.160007
-0.159205
-0.15826
-0.157199
-0.15605
-0.154835
-0.153568
-0.152259
-0.150905
-0.149493
-0.147994
-0.146367
-0.144506
-0.142399
-0.140714
-0.132938
-0.162297
-0.162356
-0.162098
-0.161608
-0.160913
-0.160038
-0.159015
-0.157875
-0.156647
-0.155353
-0.15401
-0.152628
-0.151205
-0.149726
-0.148159
-0.146461
-0.144504
-0.142262
-0.140379
-0.131733
-0.163486
-0.163505
-0.163197
-0.162645
-0.161878
-0.160926
-0.159821
-0.158598
-0.157287
-0.155912
-0.154492
-0.153035
-0.151542
-0.149996
-0.148367
-0.146605
-0.14456
-0.142224
-0.140046
-0.1307
-0.164759
-0.164731
-0.164368
-0.163749
-0.162906
-0.161871
-0.160681
-0.159371
-0.157974
-0.156515
-0.155015
-0.153483
-0.151919
-0.150308
-0.14862
-0.146805
-0.144694
-0.142328
-0.13962
-0.129728
-0.166124
-0.16604
-0.165617
-0.164925
-0.164
-0.162878
-0.161598
-0.160198
-0.158711
-0.157166
-0.155583
-0.153974
-0.152338
-0.150664
-0.148923
-0.147074
-0.144941
-0.142679
-0.139185
-0.12925
-0.167586
-0.167438
-0.166948
-0.166177
-0.165165
-0.163951
-0.162576
-0.161082
-0.159503
-0.157869
-0.156201
-0.154512
-0.152803
-0.151067
-0.149279
-0.147414
-0.145324
-0.143381
-0.139523
-0.133209
-0.16915
-0.16893
-0.168366
-0.16751
-0.166405
-0.165093
-0.16362
-0.162027
-0.160352
-0.158626
-0.156871
-0.1551
-0.153318
-0.151518
-0.149686
-0.147818
-0.1458
-0.144271
-0.141128
-0.148047
-0.170824
-0.170521
-0.169877
-0.168929
-0.167725
-0.16631
-0.164733
-0.163038
-0.161264
-0.159442
-0.157597
-0.155743
-0.153884
-0.152019
-0.150139
-0.148265
-0.146304
-0.145122
-0.142177
-0.151627
-0.172612
-0.172216
-0.171485
-0.170439
-0.169128
-0.167605
-0.16592
-0.164118
-0.162242
-0.160322
-0.158385
-0.156443
-0.154506
-0.15257
-0.150637
-0.148741
-0.146796
-0.145787
-0.142792
-0.152142
-0.174522
-0.174022
-0.173195
-0.172043
-0.170621
-0.168984
-0.167185
-0.165273
-0.16329
-0.16127
-0.159237
-0.157206
-0.155184
-0.153173
-0.151174
-0.149236
-0.147263
-0.146275
-0.143198
-0.151819
-0.176559
-0.175943
-0.175013
-0.173748
-0.172206
-0.17045
-0.168533
-0.166507
-0.164415
-0.162291
-0.160159
-0.158034
-0.155923
-0.153828
-0.151749
-0.14974
-0.147697
-0.146607
-0.143406
-0.150853
-0.178728
-0.177985
-0.176942
-0.175557
-0.17389
-0.172008
-0.169969
-0.167825
-0.16562
-0.163388
-0.161154
-0.158931
-0.156724
-0.154533
-0.152358
-0.150248
-0.148088
-0.146795
-0.143423
-0.149443
-0.180152
-0.17899
-0.177476
-0.175677
-0.173664
-0.171498
-0.169231
-0.16691
-0.164568
-0.162227
-0.159899
-0.157587
-0.155288
-0.152995
-0.150751
-0.148431
-0.146853
-0.143273
-0.147783
-0.181159
-0.17951
-0.177572
-0.175423
-0.173124
-0.170732
-0.168291
-0.165833
-0.163381
-0.160942
-0.158514
-0.15609
-0.153656
-0.151244
-0.148722
-0.146796
-0.142983
-0.145999
-0.181663
-0.17958
-0.177289
-0.174854
-0.172331
-0.169766
-0.16719
-0.164619
-0.16206
-0.159503
-0.156936
-0.154336
-0.151722
-0.148957
-0.146639
-0.142571
-0.14417
-0.183941
-0.181706
-0.179267
-0.176692
-0.174035
-0.171342
-0.168641
-0.165945
-0.163254
-0.160553
-0.157821
-0.155028
-0.152178
-0.149136
-0.146393
-0.142052
-0.142345
-0.183955
-0.181364
-0.178643
-0.175848
-0.173022
-0.17019
-0.167359
-0.164523
-0.161661
-0.158741
-0.155726
-0.152607
-0.149255
-0.146069
-0.141439
-0.140553
-0.183583
-0.180713
-0.177776
-0.174811
-0.17184
-0.168864
-0.165868
-0.162822
-0.159689
-0.156422
-0.153003
-0.149312
-0.145671
-0.14074
-0.138805
-0.182907
-0.179822
-0.176712
-0.173593
-0.170458
-0.167284
-0.164033
-0.160657
-0.157108
-0.153359
-0.149303
-0.145205
-0.139961
-0.137103
-0.181991
-0.178729
-0.17545
-0.172141
-0.168768
-0.165284
-0.161638
-0.157775
-0.153667
-0.149226
-0.14467
-0.139107
-0.13544
-0.180862
-0.177411
-0.173909
-0.170313
-0.166569
-0.16262
-0.158413
-0.153921
-0.149076
-0.144066
-0.138178
-0.133806
-0.179475
-0.175758
-0.171913
-0.167878
-0.163594
-0.159012
-0.154113
-0.14885
-0.143391
-0.137175
-0.132186
-0.177682
-0.173557
-0.169199
-0.164547
-0.159562
-0.154235
-0.148543
-0.142643
-0.136097
-0.130567
-0.175236
-0.170519
-0.165468
-0.160052
-0.154279
-0.148149
-0.141816
-0.134942
-0.128932
-0.166342
-0.160471
-0.154237
-0.147664
-0.140906
-0.133707
-0.127269
-0.160809
-0.154102
-0.147083
-0.13991
-0.132388
-0.125562
-0.153865
-0.146401
-0.138821
-0.130982
-0.1238
-0.137635
-0.129483
-0.121971
-0.127889
-0.120067
-0.136452
-0.127938
-0.147085
-0.138235
-0.130004
-0.164754
-0.156722
-0.148499
-0.139938
-0.13201
-0.172433
-0.165248
-0.15766
-0.149833
-0.141567
-0.133967
-0.184337
-0.178588
-0.172354
-0.165654
-0.158513
-0.151091
-0.143126
-0.135886
-0.188105
-0.183242
-0.177955
-0.172201
-0.165978
-0.159285
-0.15228
-0.144622
-0.137782
-0.190768
-0.186603
-0.182133
-0.17728
-0.171985
-0.166228
-0.15998
-0.153405
-0.146058
-0.139668
-0.192661
-0.188983
-0.185133
-0.181026
-0.176576
-0.171716
-0.16641
-0.160604
-0.154469
-0.147437
-0.141558
-0.194069
-0.190703
-0.187272
-0.183708
-0.17993
-0.175854
-0.171402
-0.166532
-0.16116
-0.155476
-0.148762
-0.143469
-0.195171
-0.192012
-0.188846
-0.185641
-0.182337
-0.178859
-0.175125
-0.171055
-0.166599
-0.161651
-0.156427
-0.150032
-0.145415
-0.196046
-0.193057
-0.190072
-0.187093
-0.184094
-0.181026
-0.17782
-0.1744
-0.170682
-0.166618
-0.162081
-0.157324
-0.151249
-0.147408
-0.196687
-0.19389
-0.191065
-0.188247
-0.185443
-0.182635
-0.179782
-0.176823
-0.173686
-0.170292
-0.166594
-0.16245
-0.158166
-0.152407
-0.149459
-0.19704
-0.19449
-0.191855
-0.189191
-0.186534
-0.183896
-0.181266
-0.178609
-0.175872
-0.172991
-0.169891
-0.166532
-0.162759
-0.158948
-0.153501
-0.151572
-0.197032
-0.1948
-0.192413
-0.189937
-0.18743
-0.184929
-0.18245
-0.179986
-0.177509
-0.174974
-0.172322
-0.169486
-0.166436
-0.163009
-0.159664
-0.154523
-0.153744
-0.196577
-0.19475
-0.192677
-0.190448
-0.188129
-0.185776
-0.183427
-0.1811
-0.178792
-0.176482
-0.174129
-0.171683
-0.169083
-0.16631
-0.163198
-0.160304
-0.155461
-0.155961
-0.194264
-0.192584
-0.190665
-0.18859
-0.186424
-0.184222
-0.182021
-0.179841
-0.177683
-0.175527
-0.17334
-0.171077
-0.168685
-0.166156
-0.163325
-0.160855
-0.156297
-0.158193
-0.193304
-0.192066
-0.190526
-0.188755
-0.186831
-0.184816
-0.182761
-0.180705
-0.178668
-0.176652
-0.174642
-0.172607
-0.170507
-0.168295
-0.165976
-0.163388
-0.1613
-0.157011
-0.160387
-0.192028
-0.191093
-0.189976
-0.188571
-0.186943
-0.185164
-0.183296
-0.181386
-0.179472
-0.177573
-0.175694
-0.173821
-0.171926
-0.169972
-0.167917
-0.165771
-0.163385
-0.161619
-0.157577
-0.162462
-0.189805
-0.18899
-0.187987
-0.18671
-0.185219
-0.183583
-0.181857
-0.180089
-0.178313
-0.17655
-0.174803
-0.17306
-0.171295
-0.169471
-0.167551
-0.165545
-0.163314
-0.161792
-0.157961
-0.164284
-0.187691
-0.186988
-0.186092
-0.184937
-0.183578
-0.182079
-0.180491
-0.178861
-0.177221
-0.17559
-0.173972
-0.172353
-0.170709
-0.169003
-0.167197
-0.165298
-0.163176
-0.161795
-0.15813
-0.165657
-0.18568
-0.185079
-0.184284
-0.183244
-0.182012
-0.180645
-0.179192
-0.177696
-0.176188
-0.174686
-0.173191
-0.171692
-0.170162
-0.168563
-0.166855
-0.165034
-0.162974
-0.161611
-0.158063
-0.166356
-0.183761
-0.183256
-0.182556
-0.181626
-0.180515
-0.179275
-0.177952
-0.176586
-0.175206
-0.173828
-0.172453
-0.171069
-0.169647
-0.168148
-0.166524
-0.164755
-0.16271
-0.161213
-0.157739
-0.166153
-0.181928
-0.181512
-0.180901
-0.180076
-0.17908
-0.177961
-0.176763
-0.175523
-0.174267
-0.173009
-0.17175
-0.170476
-0.169157
-0.167751
-0.166202
-0.164468
-0.162394
-0.160587
-0.156938
-0.162848
-0.180173
-0.17984
-0.179313
-0.178587
-0.177701
-0.176698
-0.175619
-0.174499
-0.173362
-0.172221
-0.171074
-0.169905
-0.168685
-0.167367
-0.165888
-0.164183
-0.162062
-0.159873
-0.155551
-0.148406
-0.178488
-0.178233
-0.177787
-0.177154
-0.176371
-0.175479
-0.174515
-0.17351
-0.172487
-0.171456
-0.170416
-0.169349
-0.168224
-0.16699
-0.165581
-0.163913
-0.161773
-0.159289
-0.155372
-0.144577
-0.176867
-0.176687
-0.176315
-0.175771
-0.175087
-0.174299
-0.173443
-0.172548
-0.171633
-0.170709
-0.16977
-0.1688
-0.167766
-0.166616
-0.165279
-0.163666
-0.161565
-0.158995
-0.155896
-0.145077
-0.175303
-0.175194
-0.174894
-0.174433
-0.173842
-0.173154
-0.1724
-0.171608
-0.170796
-0.169972
-0.16913
-0.168252
-0.167305
-0.166236
-0.164975
-0.163431
-0.161413
-0.158888
-0.156342
-0.145997
-0.173792
-0.173751
-0.173518
-0.173137
-0.172633
-0.172038
-0.171381
-0.170687
-0.169972
-0.169242
-0.168491
-0.1677
-0.166836
-0.165846
-0.164662
-0.163196
-0.161279
-0.15886
-0.156624
-0.146908
-0.172327
-0.172352
-0.172184
-0.171877
-0.171456
-0.170949
-0.170382
-0.16978
-0.169155
-0.168514
-0.167849
-0.16714
-0.166354
-0.165441
-0.164334
-0.162951
-0.161141
-0.158868
-0.156837
-0.147932
-0.170905
-0.170995
-0.170888
-0.170651
-0.170308
-0.169882
-0.169401
-0.168884
-0.168344
-0.167786
-0.1672
-0.166568
-0.165857
-0.165018
-0.163987
-0.16269
-0.160992
-0.158889
-0.15702
-0.149028
-0.169522
-0.169676
-0.169627
-0.169456
-0.169185
-0.168837
-0.168435
-0.167997
-0.167537
-0.167055
-0.166544
-0.165984
-0.165343
-0.164575
-0.163621
-0.16241
-0.160829
-0.158908
-0.157177
-0.150115
-0.168175
-0.168391
-0.168398
-0.168289
-0.168087
-0.16781
-0.167482
-0.167118
-0.166731
-0.16632
-0.165879
-0.165386
-0.164812
-0.164113
-0.163233
-0.162112
-0.160651
-0.158913
-0.157311
-0.151144
-0.166863
-0.16714
-0.167199
-0.16715
-0.167011
-0.166801
-0.166541
-0.166246
-0.165926
-0.165582
-0.165205
-0.164775
-0.164264
-0.163631
-0.162826
-0.161795
-0.160457
-0.158899
-0.157426
-0.152088
-0.165583
-0.16592
-0.16603
-0.166035
-0.165957
-0.165809
-0.165612
-0.165381
-0.165123
-0.16484
-0.164523
-0.164152
-0.163701
-0.163133
-0.162402
-0.161461
-0.160245
-0.158862
-0.15752
-0.15293
-0.164334
-0.16473
-0.164888
-0.164946
-0.164923
-0.164832
-0.164694
-0.164521
-0.164322
-0.164095
-0.163833
-0.163519
-0.163125
-0.162619
-0.161961
-0.16111
-0.160016
-0.158799
-0.157589
-0.15366
-0.163116
-0.163569
-0.163773
-0.16388
-0.163909
-0.163872
-0.163788
-0.163669
-0.163523
-0.163349
-0.163139
-0.162876
-0.162537
-0.162092
-0.161505
-0.160744
-0.159769
-0.158707
-0.157629
-0.154273
-0.161929
-0.162437
-0.162686
-0.162839
-0.162916
-0.162929
-0.162895
-0.162826
-0.162729
-0.162603
-0.162441
-0.162227
-0.161941
-0.161554
-0.161037
-0.160363
-0.159504
-0.158584
-0.157634
-0.154767
-0.160772
-0.161335
-0.161625
-0.161822
-0.161944
-0.162003
-0.162014
-0.161991
-0.161939
-0.161859
-0.161741
-0.161574
-0.161338
-0.161007
-0.160558
-0.159968
-0.159218
-0.158428
-0.157602
-0.155146
-0.159646
-0.160262
-0.160592
-0.160829
-0.160994
-0.161095
-0.161149
-0.161168
-0.161157
-0.161118
-0.161043
-0.160919
-0.16073
-0.160453
-0.160069
-0.15956
-0.158912
-0.158238
-0.157533
-0.15541
-0.158552
-0.15922
-0.159587
-0.159863
-0.160066
-0.160206
-0.160299
-0.160356
-0.160384
-0.160383
-0.160347
-0.160264
-0.160119
-0.159895
-0.159573
-0.15914
-0.158586
-0.158016
-0.157442
-0.155549
-0.157491
-0.158209
-0.158611
-0.158922
-0.159162
-0.159337
-0.159466
-0.159559
-0.159622
-0.159656
-0.159656
-0.159612
-0.159509
-0.159333
-0.159069
-0.158707
-0.15824
-0.157769
-0.157331
-0.155562
-0.156464
-0.157229
-0.157665
-0.158009
-0.158282
-0.158491
-0.158652
-0.158778
-0.158873
-0.15894
-0.158973
-0.158964
-0.158901
-0.158771
-0.158561
-0.158263
-0.157875
-0.157483
-0.157059
-0.155666
-0.155473
-0.156283
-0.156751
-0.157125
-0.157429
-0.157668
-0.157859
-0.158014
-0.158139
-0.158235
-0.158299
-0.158323
-0.158297
-0.158209
-0.158049
-0.157811
-0.157494
-0.157173
-0.156791
-0.155685
-0.15452
-0.155372
-0.155868
-0.156272
-0.156603
-0.15687
-0.157088
-0.15727
-0.157422
-0.157545
-0.157637
-0.157691
-0.157699
-0.15765
-0.157537
-0.157353
-0.157099
-0.15684
-0.156509
-0.155601
-0.153604
-0.154497
-0.15502
-0.155449
-0.155807
-0.156098
-0.156342
-0.156548
-0.156724
-0.156871
-0.156989
-0.157071
-0.15711
-0.157097
-0.157025
-0.15689
-0.156692
-0.156488
-0.156204
-0.155449
-0.15273
-0.153659
-0.154207
-0.15466
-0.155041
-0.155355
-0.15562
-0.155848
-0.156046
-0.156216
-0.156357
-0.156464
-0.156532
-0.156551
-0.156517
-0.156425
-0.156277
-0.156119
-0.155881
-0.155253
-0.151897
-0.152859
-0.15343
-0.153904
-0.154307
-0.154641
-0.154926
-0.155174
-0.155391
-0.155581
-0.155743
-0.155873
-0.155966
-0.156015
-0.156015
-0.155962
-0.155858
-0.155741
-0.155544
-0.155021
-0.151107
-0.1521
-0.152691
-0.153185
-0.153606
-0.153959
-0.154261
-0.154527
-0.154761
-0.154969
-0.15515
-0.1553
-0.155416
-0.155491
-0.155521
-0.155503
-0.155438
-0.155356
-0.155198
-0.154767
-0.150362
-0.151383
-0.151992
-0.152502
-0.15294
-0.153308
-0.153627
-0.153907
-0.154157
-0.15438
-0.154578
-0.154746
-0.154883
-0.154982
-0.155039
-0.155052
-0.155021
-0.154971
-0.154849
-0.154497
-0.149663
-0.150708
-0.151332
-0.151858
-0.152309
-0.152692
-0.153024
-0.153318
-0.153581
-0.153818
-0.15403
-0.154214
-0.154369
-0.154489
-0.15457
-0.154611
-0.154611
-0.15459
-0.154501
-0.154218
-0.149011
-0.150076
-0.150714
-0.151252
-0.151716
-0.152111
-0.152454
-0.152759
-0.153034
-0.153282
-0.153507
-0.153705
-0.153876
-0.154014
-0.154118
-0.154183
-0.154211
-0.154216
-0.154159
-0.153938
-0.148408
-0.14949
-0.150138
-0.150687
-0.151161
-0.151565
-0.151918
-0.152233
-0.152517
-0.152776
-0.153011
-0.153221
-0.153406
-0.153561
-0.153683
-0.153771
-0.153824
-0.153853
-0.153825
-0.153662
-0.147854
-0.148948
-0.149606
-0.150162
-0.150645
-0.151057
-0.151418
-0.15174
-0.152032
-0.152299
-0.152543
-0.152764
-0.15296
-0.153129
-0.153269
-0.153377
-0.153452
-0.153504
-0.153505
-0.153394
-0.147349
-0.148453
-0.149117
-0.149679
-0.150168
-0.150586
-0.150953
-0.151281
-0.151579
-0.151852
-0.152104
-0.152334
-0.15254
-0.152722
-0.152877
-0.153003
-0.153099
-0.153172
-0.153201
-0.153139
-0.146895
-0.148004
-0.148672
-0.149239
-0.149732
-0.150154
-0.150525
-0.150857
-0.15116
-0.151438
-0.151695
-0.151932
-0.152147
-0.15234
-0.152508
-0.15265
-0.152765
-0.152859
-0.152916
-0.152899
-0.146492
-0.147602
-0.148271
-0.14884
-0.149335
-0.14976
-0.150134
-0.150468
-0.150774
-0.151056
-0.151317
-0.151559
-0.151782
-0.151983
-0.152163
-0.15232
-0.152453
-0.152567
-0.15265
-0.152676
-0.146139
-0.147246
-0.147915
-0.148484
-0.148979
-0.149405
-0.149779
-0.150115
-0.150422
-0.150706
-0.15097
-0.151216
-0.151444
-0.151654
-0.151844
-0.152014
-0.152164
-0.152297
-0.152405
-0.152473
-0.145836
-0.146938
-0.147603
-0.14817
-0.148664
-0.149089
-0.149462
-0.149798
-0.150105
-0.150389
-0.150655
-0.150903
-0.151136
-0.151351
-0.15155
-0.151732
-0.151898
-0.152049
-0.152182
-0.152288
-0.145583
-0.146675
-0.147335
-0.147898
-0.148389
-0.148811
-0.149182
-0.149516
-0.149822
-0.150105
-0.150371
-0.150621
-0.150856
-0.151076
-0.151282
-0.151475
-0.151654
-0.151823
-0.151981
-0.152123
-0.145379
-0.146458
-0.147111
-0.147668
-0.148154
-0.148571
-0.148939
-0.14927
-0.149572
-0.149854
-0.150118
-0.150367
-0.150604
-0.150828
-0.15104
-0.151242
-0.151434
-0.15162
-0.151801
-0.151977
-0.145224
-0.146285
-0.146929
-0.147478
-0.147958
-0.14837
-0.148732
-0.149058
-0.149356
-0.149634
-0.149895
-0.150143
-0.15038
-0.150606
-0.150822
-0.151032
-0.151236
-0.151438
-0.151641
-0.151849
-0.145115
-0.146157
-0.146789
-0.147329
-0.1478
-0.148205
-0.148561
-0.14888
-0.149173
-0.149445
-0.149703
-0.149948
-0.150182
-0.150409
-0.150629
-0.150845
-0.151059
-0.151276
-0.1515
-0.151737
-0.145053
-0.146071
-0.14669
-0.147219
-0.14768
-0.148076
-0.148424
-0.148736
-0.149021
-0.149287
-0.149539
-0.149779
-0.150011
-0.150237
-0.150458
-0.150679
-0.150902
-0.151133
-0.151376
-0.151638
-0.151928
-0.152284
-0.152697
-0.15315
-0.15366
-0.154236
-0.154889
-0.155631
-0.156476
-0.157434
-0.158519
-0.159742
-0.16111
-0.16263
-0.151924
-0.15232
-0.152794
-0.153321
-0.153918
-0.154598
-0.155373
-0.156258
-0.157267
-0.158415
-0.159716
-0.161183
-0.162827
-0.164651
-0.151935
-0.152365
-0.152898
-0.153496
-0.154178
-0.154959
-0.155853
-0.156877
-0.158048
-0.159382
-0.160896
-0.162604
-0.164517
-0.166643
-0.151956
-0.152414
-0.153004
-0.15367
-0.154435
-0.155314
-0.156324
-0.157484
-0.158812
-0.160328
-0.162049
-0.163993
-0.166172
-0.168594
-0.151984
-0.152464
-0.153108
-0.15384
-0.154683
-0.155657
-0.156779
-0.15807
-0.159552
-0.161244
-0.163168
-0.165342
-0.167781
-0.170494
-0.152013
-0.15251
-0.153206
-0.154
-0.154919
-0.155983
-0.157213
-0.158631
-0.160261
-0.162124
-0.164245
-0.166643
-0.169336
-0.172333
-0.15204
-0.152549
-0.153294
-0.154147
-0.155137
-0.156288
-0.157621
-0.159161
-0.160932
-0.162961
-0.165272
-0.167888
-0.170827
-0.1741
-0.152061
-0.152576
-0.153367
-0.154275
-0.155333
-0.156566
-0.157997
-0.159653
-0.161561
-0.163749
-0.166243
-0.169068
-0.172245
-0.175787
-0.152071
-0.152588
-0.153421
-0.154381
-0.155502
-0.156813
-0.158337
-0.160104
-0.162141
-0.164481
-0.16715
-0.170177
-0.173583
-0.177385
-0.152067
-0.152582
-0.153454
-0.154462
-0.155642
-0.157025
-0.158636
-0.160507
-0.162668
-0.165151
-0.167987
-0.171207
-0.174833
-0.178885
-0.152046
-0.152555
-0.153462
-0.154513
-0.155748
-0.157198
-0.158891
-0.160859
-0.163135
-0.165754
-0.168749
-0.172152
-0.175988
-0.180279
-0.185026
-0.152006
-0.152503
-0.153442
-0.154533
-0.155817
-0.157329
-0.159097
-0.161156
-0.16354
-0.166287
-0.169431
-0.173006
-0.177042
-0.181561
-0.186567
-0.151944
-0.152424
-0.153393
-0.154519
-0.155847
-0.157415
-0.159253
-0.161395
-0.163879
-0.166745
-0.170028
-0.173765
-0.177989
-0.182725
-0.18798
-0.151861
-0.152318
-0.153311
-0.154469
-0.155836
-0.157455
-0.159354
-0.161573
-0.164149
-0.167125
-0.170538
-0.174426
-0.178825
-0.183765
-0.189261
-0.151759
-0.152181
-0.153198
-0.154383
-0.155783
-0.157446
-0.159402
-0.161689
-0.164347
-0.167425
-0.170957
-0.174984
-0.179546
-0.184678
-0.190414
-0.151643
-0.152014
-0.153051
-0.154258
-0.155687
-0.157389
-0.159393
-0.161744
-0.164473
-0.167644
-0.171284
-0.175439
-0.180152
-0.185462
-0.191445
-0.151482
-0.151825
-0.15287
-0.154096
-0.155548
-0.157282
-0.159328
-0.16173
-0.16453
-0.167779
-0.171516
-0.175788
-0.180638
-0.186104
-0.192229
-0.151296
-0.15161
-0.152656
-0.153898
-0.155366
-0.157126
-0.159207
-0.161654
-0.164513
-0.167832
-0.171657
-0.176033
-0.181006
-0.186616
-0.192889
-0.151101
-0.151367
-0.152412
-0.153664
-0.155142
-0.156922
-0.159031
-0.161517
-0.164424
-0.167804
-0.171704
-0.176174
-0.181258
-0.186997
-0.193414
-0.150898
-0.151099
-0.152138
-0.153396
-0.154879
-0.156672
-0.158802
-0.161317
-0.164264
-0.167696
-0.171661
-0.176211
-0.181393
-0.187247
-0.193795
-0.150693
-0.150811
-0.151838
-0.153097
-0.154579
-0.156378
-0.158522
-0.161058
-0.164037
-0.16751
-0.171529
-0.176148
-0.181414
-0.187368
-0.194035
-0.150493
-0.150506
-0.151515
-0.15277
-0.154243
-0.156043
-0.158193
-0.160743
-0.163744
-0.167249
-0.171312
-0.175987
-0.181324
-0.187364
-0.194135
-0.201629
-0.150307
-0.15019
-0.151171
-0.15242
-0.153877
-0.15567
-0.157819
-0.160374
-0.163389
-0.166916
-0.171012
-0.175732
-0.181126
-0.18724
-0.194099
-0.201706
-0.150143
-0.149868
-0.150812
-0.152049
-0.153484
-0.155263
-0.157403
-0.159957
-0.162976
-0.166517
-0.170635
-0.175388
-0.180827
-0.186999
-0.193931
-0.201633
-0.150012
-0.149547
-0.150443
-0.151662
-0.153067
-0.154825
-0.156951
-0.159494
-0.16251
-0.166055
-0.170185
-0.17496
-0.180431
-0.186647
-0.193639
-0.201417
-0.149924
-0.149235
-0.150067
-0.151264
-0.152631
-0.154362
-0.156465
-0.15899
-0.161995
-0.165535
-0.169668
-0.174453
-0.179945
-0.186191
-0.193227
-0.201065
-0.149887
-0.148939
-0.14969
-0.15086
-0.152182
-0.153877
-0.15595
-0.158451
-0.161436
-0.164962
-0.169088
-0.173873
-0.179374
-0.185638
-0.192702
-0.200583
-0.14991
-0.148666
-0.149317
-0.150455
-0.151722
-0.153375
-0.155412
-0.157881
-0.160839
-0.164343
-0.168453
-0.173228
-0.178725
-0.184994
-0.192073
-0.19998
-0.149996
-0.148425
-0.148954
-0.150052
-0.151256
-0.15286
-0.154854
-0.157284
-0.160208
-0.163682
-0.167767
-0.172522
-0.178004
-0.184266
-0.191346
-0.199265
-0.208017
-0.150147
-0.148222
-0.148606
-0.149655
-0.150788
-0.152335
-0.15428
-0.156665
-0.159548
-0.162985
-0.167036
-0.171762
-0.17722
-0.183463
-0.19053
-0.198444
-0.207203
-0.150356
-0.148061
-0.148278
-0.149268
-0.150321
-0.151804
-0.153695
-0.156028
-0.158864
-0.162257
-0.166267
-0.170955
-0.176378
-0.18259
-0.189632
-0.197528
-0.206276
-0.150609
-0.147941
-0.147972
-0.148893
-0.149856
-0.151269
-0.1531
-0.155377
-0.15816
-0.161503
-0.165465
-0.170107
-0.175486
-0.181656
-0.18866
-0.196522
-0.205245
-0.150882
-0.147856
-0.147691
-0.148529
-0.149393
-0.150732
-0.152498
-0.154714
-0.15744
-0.160728
-0.164635
-0.169223
-0.174548
-0.180666
-0.18762
-0.195437
-0.204118
-0.151136
-0.147789
-0.147434
-0.148175
-0.148933
-0.150191
-0.15189
-0.154043
-0.156707
-0.159934
-0.163781
-0.168308
-0.173572
-0.179628
-0.18652
-0.194277
-0.202902
-0.151317
-0.147706
-0.14719
-0.147824
-0.148468
-0.149645
-0.151275
-0.153363
-0.155963
-0.159126
-0.162907
-0.167366
-0.172561
-0.178545
-0.185365
-0.19305
-0.201605
-0.210999
-0.15134
-0.147541
-0.146937
-0.147464
-0.147993
-0.149088
-0.150653
-0.152676
-0.15521
-0.158306
-0.162019
-0.166405
-0.171524
-0.177429
-0.184168
-0.191769
-0.200241
-0.209554
-0.151083
-0.147233
-0.14667
-0.147098
-0.147511
-0.148527
-0.150029
-0.151989
-0.154457
-0.157484
-0.161124
-0.165433
-0.170469
-0.176288
-0.182935
-0.190442
-0.198818
-0.208036
-0.150511
-0.146787
-0.146402
-0.146741
-0.147036
-0.14797
-0.149407
-0.1513
-0.153695
-0.156645
-0.160202
-0.164422
-0.169363
-0.175079
-0.181619
-0.189013
-0.197273
-0.206373
-0.14945
-0.145841
-0.145908
-0.146257
-0.146465
-0.147324
-0.148702
-0.15053
-0.152851
-0.155717
-0.159182
-0.163303
-0.168136
-0.173736
-0.18015
-0.187412
-0.195533
-0.204492
-0.145691
-0.142921
-0.144615
-0.145327
-0.145577
-0.146443
-0.14784
-0.149673
-0.15198
-0.154821
-0.158253
-0.162332
-0.167115
-0.172654
-0.178999
-0.186183
-0.194216
-0.20308
-0.131284
-0.136012
-0.14241
-0.144117
-0.144517
-0.14545
-0.146946
-0.148858
-0.151216
-0.154099
-0.157571
-0.161688
-0.166507
-0.172082
-0.178461
-0.185676
-0.193738
-0.202623
-0.212261
-0.130173
-0.133494
-0.140805
-0.143067
-0.143478
-0.144453
-0.146132
-0.148236
-0.150738
-0.153729
-0.157283
-0.161457
-0.166299
-0.171858
-0.178173
-0.185269
-0.193144
-0.201766
-0.211053
-0.130465
-0.132152
-0.138622
-0.141291
-0.142002
-0.143116
-0.144972
-0.147274
-0.14994
-0.153053
-0.156699
-0.160929
-0.165787
-0.171311
-0.177531
-0.184461
-0.192089
-0.200369
-0.209206
-0.130307
-0.130801
-0.135864
-0.138664
-0.139804
-0.141137
-0.143145
-0.145615
-0.148434
-0.151661
-0.15538
-0.159645
-0.164489
-0.169944
-0.176029
-0.182748
-0.19008
-0.197965
-0.206302
-0.12879
-0.128961
-0.132644
-0.135278
-0.136792
-0.138387
-0.140538
-0.143142
-0.146092
-0.149417
-0.153189
-0.157458
-0.162253
-0.167597
-0.1735
-0.179957
-0.186936
-0.194369
-0.202148
-0.125659
-0.126157
-0.128793
-0.131134
-0.132928
-0.1348
-0.137099
-0.13981
-0.142857
-0.146252
-0.150048
-0.154288
-0.158996
-0.164186
-0.169861
-0.176005
-0.18258
-0.189511
-0.196684
-0.121082
-0.122199
-0.124208
-0.126287
-0.128278
-0.130407
-0.132856
-0.135649
-0.138756
-0.142184
-0.145967
-0.150139
-0.154718
-0.159711
-0.165112
-0.170901
-0.177029
-0.183419
-0.189956
-0.11538
-0.117179
-0.118917
-0.120839
-0.122973
-0.125315
-0.1279
-0.130754
-0.133886
-0.137307
-0.141039
-0.145105
-0.149515
-0.154272
-0.159363
-0.16476
-0.170413
-0.176239
-0.182125
-0.108921
-0.111325
-0.113032
-0.114908
-0.117153
-0.119659
-0.122355
-0.125252
-0.12838
-0.131761
-0.135409
-0.139336
-0.143547
-0.148037
-0.152792
-0.157776
-0.162938
-0.168194
-0.173434
-0.102005
-0.104886
-0.106693
-0.108605
-0.110946
-0.113572
-0.11635
-0.119272
-0.122376
-0.125692
-0.129231
-0.132997
-0.136988
-0.141196
-0.145601
-0.150167
-0.154838
-0.159535
-0.16415
-0.0948498
-0.0980761
-0.100037
-0.102034
-0.10446
-0.107169
-0.110002
-0.112933
-0.116
-0.119235
-0.122649
-0.126241
-0.130003
-0.133924
-0.137981
-0.142136
-0.146334
-0.150498
-0.154525
-0.0875994
-0.0910595
-0.0931826
-0.0952821
-0.0977809
-0.100547
-0.103412
-0.106336
-0.109355
-0.112501
-0.115783
-0.119196
-0.122731
-0.126371
-0.130092
-0.133856
-0.137609
-0.141276
-0.144762
-0.0803479
-0.0839541
-0.086223
-0.0884226
-0.0909809
-0.0937821
-0.0966586
-0.0995641
-0.102527
-0.105579
-0.108727
-0.111965
-0.115279
-0.118652
-0.122058
-0.125458
-0.128801
-0.132016
-0.135016
-0.0731549
-0.0768414
-0.0792287
-0.0815141
-0.0841164
-0.0869341
-0.089806
-0.0926817
-0.0955837
-0.0985393
-0.101556
-0.104625
-0.107731
-0.110855
-0.11397
-0.117039
-0.120011
-0.122823
-0.125391
-0.0660592
-0.0697771
-0.0722526
-0.074604
-0.0772334
-0.0800515
-0.0829053
-0.0857418
-0.088578
-0.091438
-0.0943273
-0.0972363
-0.100149
-0.103044
-0.105895
-0.108666
-0.111309
-0.113764
-0.115957
-0.0590868
-0.0628001
-0.0653344
-0.0677305
-0.0703703
-0.0731746
-0.0759983
-0.0787876
-0.0815546
-0.0843199
-0.0870874
-0.0898465
-0.0925801
-0.0952672
-0.0978811
-0.100387
-0.102741
-0.104886
-0.106755
-0.0522572
-0.0559382
-0.0585051
-0.0609255
-0.06356
-0.0663377
-0.0691211
-0.0718561
-0.0745509
-0.0772229
-0.0798742
-0.0824938
-0.0850638
-0.0875632
-0.0899658
-0.0922387
-0.0943401
-0.0962185
-0.0978118
-0.045586
-0.0492131
-0.05179
-0.0542162
-0.0568312
-0.0595707
-0.0623048
-0.0649797
-0.0676
-0.0701801
-0.0727209
-0.0752107
-0.0776316
-0.0799624
-0.0821779
-0.0842469
-0.0861304
-0.0877811
-0.0891428
-0.0390866
-0.0426423
-0.0452101
-0.0476259
-0.0502088
-0.0529003
-0.0555775
-0.058187
-0.0607309
-0.0632209
-0.0656566
-0.0680259
-0.0703109
-0.0724909
-0.0745416
-0.0764333
-0.0781301
-0.0795886
-0.0807579
-0.0327707
-0.0362408
-0.0387835
-0.0411753
-0.0437152
-0.04635
-0.0489636
-0.0515037
-0.0539697
-0.0563714
-0.0587071
-0.0609646
-0.0631262
-0.0651715
-0.0670774
-0.068816
-0.070354
-0.0716517
-0.0726632
-0.0266483
-0.0300213
-0.0325255
-0.0348817
-0.0373697
-0.0399406
-0.0424853
-0.0449524
-0.0473398
-0.049655
-0.0518956
-0.0540493
-0.0560986
-0.0580239
-0.059803
-0.06141
-0.0628139
-0.0639788
-0.0648628
-0.0207275
-0.0239944
-0.0264492
-0.0287602
-0.0311888
-0.0336901
-0.0361614
-0.0385532
-0.0408616
-0.0430923
-0.0452424
-0.0472996
-0.0492469
-0.0510653
-0.0527338
-0.0542282
-0.0555199
-0.0565762
-0.0573594
-0.0150148
-0.0181686
-0.0205651
-0.0228234
-0.0251866
-0.0276138
-0.0300086
-0.0323233
-0.0345526
-0.0367011
-0.0387651
-0.0407326
-0.0425871
-0.0443104
-0.0458826
-0.0472812
-0.0484799
-0.0494488
-0.0501541
-0.00951484
-0.0125507
-0.014882
-0.0170813
-0.0193747
-0.0217244
-0.0240405
-0.0262771
-0.028428
-0.0304966
-0.0324788
-0.0343629
-0.0361329
-0.0377716
-0.0392601
-0.0405776
-0.0416999
-0.0425998
-0.0432467
-0.00423081
-0.00714555
-0.00940644
-0.0115422
-0.0137623
-0.0160325
-0.0182685
-0.0204267
-0.0225002
-0.0244914
-0.0263959
-0.0282023
-0.0298954
-0.0314588
-0.0328748
-0.034124
-0.0351842
-0.0360308
-0.0366362
0.000835633
-0.0019564
-0.00414309
-0.00621193
-0.00835682
-0.0105461
-0.0127016
-0.0147817
-0.0167793
-0.0186956
-0.0205264
-0.0222605
-0.0238835
-0.0253799
-0.0267331
-0.0279251
-0.0289356
-0.0297422
-0.0303201
0.00568411
0.00301499
0.000904927
-0.00109486
-0.00316333
-0.00527147
-0.0073466
-0.00934961
-0.0112729
-0.0131172
-0.0148781
-0.0165449
-0.018104
-0.0195406
-0.0208395
-0.0219839
-0.0229552
-0.0237332
-0.0242954
0.0103154
0.00776816
0.005736
0.00380642
0.00181463
-0.000212792
-0.00220852
-0.00413579
-0.00598693
-0.00776203
-0.00945667
-0.0110608
-0.0125615
-0.013945
-0.0151969
-0.0163018
-0.0172429
-0.0180015
-0.0185577
0.0147311
0.0123038
0.0103499
0.00849076
0.00657514
0.00462735
0.00270956
0.000856213
-0.000925044
-0.00263387
-0.00426592
-0.00581165
-0.00725896
-0.00859495
-0.0098063
-0.0108788
-0.011797
-0.0125442
-0.0131022
0.0189339
0.0166237
0.0147474
0.0129583
0.0111177
0.00924788
0.00740612
0.00562452
0.00391062
0.00226508
0.000692143
-0.000799217
-0.00219767
-0.00349122
-0.00466751
-0.00571349
-0.00661508
-0.00735707
-0.00792317
0.022927
0.0207305
0.0189305
0.0172103
0.0154431
0.0136491
0.011881
0.0101687
0.0085195
0.00693423
0.00541704
0.00397631
0.00262261
0.00136707
0.000221101
-0.000803318
-0.00169336
-0.00243525
-0.00301434
0.0267142
0.0246274
0.0229019
0.021249
0.019553
0.0178324
0.0161355
0.0144898
0.0129024
0.0113744
0.00990966
0.00851607
0.00720341
0.00598197
0.00486228
0.00385528
0.00297266
0.00222687
0.00163108
0.0303
0.0283184
0.0266652
0.0250776
0.0234503
0.0218003
0.0201716
0.0185897
0.0170612
0.0155875
0.0141721
0.0128224
0.0115474
0.0103567
0.00925976
0.00826676
0.00738826
0.00663551
0.00602034
0.0336892
0.0318081
0.0302244
0.0286998
0.0271385
0.0255561
0.0239927
0.0224715
0.0209991
0.0195766
0.0182076
0.0168987
0.0156583
0.0144952
0.0134182
0.0124364
0.0115594
0.0107974
0.010161
0.0368868
0.0351014
0.0335844
0.03212
0.0306219
0.029104
0.0276026
0.0261392
0.0247198
0.0233457
0.0220201
0.0207492
0.0195407
0.0184026
0.0173429
0.01637
0.0154925
0.0147197
0.014061
0.0398984
0.0382035
0.0367501
0.0353434
0.0339053
0.0324485
0.0310061
0.0295974
0.0282281
0.0268994
0.0256145
0.0243789
0.0231998
0.0220843
0.0210398
0.020074
0.0191946
0.0184099
0.0177284
0.0427295
0.0411202
0.0397271
0.0383751
0.0369939
0.0355951
0.0342083
0.0328512
0.0315291
0.0302431
0.0289962
0.0277935
0.0266414
0.0255465
0.0245155
0.0235552
0.0226728
0.0218757
0.0211714
0.0453859
0.0438571
0.0425211
0.0412208
0.0398935
0.0385492
0.0372149
0.0359064
0.0346286
0.0333827
0.0321713
0.0309991
0.0298719
0.0287958
0.0277767
0.0268209
0.0259348
0.025125
0.0243984
0.0478736
0.0464203
0.0451381
0.0438866
0.0426099
0.041317
0.0400319
0.038769
0.0375327
0.0363242
0.035146
0.0340021
0.032898
0.031839
0.0308307
0.0298785
0.0289882
0.0281659
0.0274175
0.0501985
0.0488158
0.0475841
0.0463785
0.0451493
0.0439045
0.0426656
0.0414454
0.0402479
0.0390744
0.037927
0.0368095
0.0357266
0.0346834
0.0336847
0.0327355
0.0318409
0.0310063
0.0302372
0.0523667
0.0510499
0.0498654
0.0487028
0.047518
0.0463182
0.0451224
0.0439421
0.0427809
0.0416399
0.0405212
0.0394281
0.038365
0.0373362
0.0363462
0.0353995
0.0345006
0.0336543
0.0328655
0.0543842
0.0531286
0.0519882
0.0508658
0.0497224
0.0485646
0.0474089
0.0462658
0.0451383
0.0440277
0.0429356
0.0418652
0.0408203
0.0398049
0.0388229
0.0378783
0.0369752
0.0361179
0.0353107
0.0562569
0.055058
0.0539587
0.0528737
0.051769
0.0506501
0.0495318
0.0484231
0.0473271
0.0462445
0.0451772
0.0441279
0.0430999
0.0420968
0.0411221
0.0401794
0.0392724
0.0384048
0.0375805
0.0579908
0.0568444
0.0557832
0.0547329
0.053664
0.0525813
0.0514976
0.0504209
0.049354
0.0482975
0.0472531
0.0462232
0.0452109
0.0442192
0.0432513
0.0423105
0.0413998
0.0405228
0.0396826
0.0595916
0.0584936
0.0574676
0.0564495
0.0554138
0.0543645
0.0533128
0.0522658
0.0512257
0.0501934
0.0491702
0.0481583
0.0471605
0.0461794
0.0452179
0.0442787
0.0433648
0.0424791
0.0416246
0.061065
0.0600114
0.059018
0.0580297
0.0570245
0.056006
0.0549839
0.0539642
0.0529489
0.0519389
0.0509353
0.0499401
0.0489556
0.0479844
0.0470287
0.0460913
0.0451745
0.044281
0.0434135
0.0624165
0.0614036
0.0604401
0.0594792
0.0585022
0.0575121
0.0565171
0.0555225
0.05453
0.0535405
0.052555
0.0515751
0.050603
0.0496409
0.0486908
0.0477551
0.0468358
0.0459354
0.0450561
0.0636514
0.0626756
0.0617396
0.0608038
0.0598525
0.0588884
0.0579183
0.0569467
0.0559752
0.0550045
0.0540355
0.0530698
0.0521092
0.0511555
0.0502107
0.0492766
0.0483553
0.0474487
0.046559
0.0647746
0.0638326
0.0629216
0.0620088
0.0610811
0.0601406
0.0591932
0.0582426
0.0572903
0.0563368
0.055383
0.0544303
0.0534802
0.0525343
0.0515944
0.0506621
0.0497391
0.0488272
0.0479281
0.0657909
0.0648795
0.0639912
0.0630993
0.062193
0.061274
0.0603472
0.0594158
0.0584809
0.0575431
0.0566031
0.0556622
0.0547218
0.0537831
0.0528478
0.0519172
0.0509929
0.0500764
0.0491692
0.0667048
0.0658208
0.0649531
0.06408
0.063193
0.0622935
0.0613854
0.0604712
0.059552
0.0586284
0.057701
0.0567709
0.0558392
0.0549072
0.0539761
0.0530473
0.052122
0.0512015
0.0502873
0.0675202
0.0666607
0.0658114
0.0649553
0.0640856
0.0632035
0.062312
0.0614134
0.0605083
0.0595975
0.0586814
0.057761
0.0568373
0.0559114
0.0549842
0.0540571
0.0531311
0.0522073
0.051287
0.0682407
0.0674028
0.0665699
0.0657289
0.0648746
0.0640079
0.0631313
0.0622464
0.0613539
0.0604545
0.0595485
0.0586368
0.0577202
0.0567997
0.0558762
0.0549508
0.0540242
0.0530977
0.0521722
0.0688693
0.0680504
0.0672317
0.066404
0.0655632
0.0647101
0.0638464
0.0629736
0.0620922
0.0612027
0.0603057
0.0594016
0.0584914
0.0575758
0.0566556
0.0557317
0.0548049
0.0538761
0.0529462
0.0694084
0.0686057
0.0677995
0.0669831
0.066154
0.0653125
0.0644601
0.0635977
0.0627259
0.061845
0.0609556
0.0600583
0.0591535
0.0582422
0.0573249
0.0564024
0.0554755
0.0545449
0.0536114
0.0698598
0.0690707
0.0682749
0.0674682
0.0666488
0.0658172
0.0649741
0.0641205
0.0632567
0.0623832
0.0615003
0.0606085
0.0597085
0.0588008
0.057886
0.0569648
0.0560379
0.0551059
0.0541695
0.0702238
0.0694458
0.0686585
0.0678596
0.0670482
0.0662245
0.0653891
0.0645426
0.0636853
0.0628177
0.0619401
0.061053
0.0601568
0.0592521
0.0583394
0.0574193
0.0564924
0.0555593
0.0546206
0.0705016
0.0697318
0.0689509
0.0681579
0.0673526
0.0665349
0.0657053
0.0648642
0.0640119
0.0631488
0.0622752
0.0613916
0.0604983
0.0595959
0.0586848
0.0577655
0.0568387
0.0559048
0.0549644
0.0706886
0.0699248
0.0691484
0.0683596
0.0675584
0.0667449
0.0659194
0.0650821
0.0642332
0.0633733
0.0625025
0.0616213
0.06073
0.0598292
0.0589193
0.0580007
0.057074
0.0561396
0.0551981
0.070788
0.0700265
0.069252
0.0684651
0.0676658
0.0668542
0.0660305
0.0651949
0.0643477
0.0634892
0.0626198
0.0617397
0.0608495
0.0599494
0.05904
0.0581217
0.057195
0.0562603
0.0553183
-0.108458
-0.110557
-0.112544
-0.114418
-0.11618
-0.117832
-0.119377
-0.120817
-0.12216
-0.123412
-0.124584
-0.125692
-0.126752
-0.127786
-0.128819
-0.129881
-0.13101
-0.132254
-0.133679
-0.135381
-0.137506
-0.140292
-0.14454
-0.15159
-0.0991739
-0.101539
-0.10382
-0.106021
-0.108146
-0.110201
-0.112193
-0.114129
-0.116022
-0.117882
-0.119727
-0.121573
-0.123443
-0.12536
-0.12735
-0.129441
-0.131663
-0.134045
-0.13661
-0.139377
-0.14235
-0.145491
-0.14878
-0.154129
-0.0902698
-0.0928554
-0.0953805
-0.0978497
-0.100268
-0.10264
-0.104973
-0.107273
-0.109548
-0.111804
-0.11405
-0.116296
-0.118548
-0.120817
-0.12311
-0.125434
-0.127795
-0.130199
-0.132652
-0.135164
-0.137757
-0.140506
-0.143242
-0.148799
-0.0816034
-0.0843178
-0.0869821
-0.0895993
-0.0921725
-0.0947051
-0.0972004
-0.0996623
-0.102095
-0.104502
-0.106889
-0.109262
-0.111627
-0.113993
-0.11637
-0.11877
-0.121211
-0.123713
-0.126302
-0.129011
-0.131862
-0.134963
-0.137879
-0.143349
-0.0732233
-0.0760143
-0.0787639
-0.0814746
-0.084149
-0.0867899
-0.0894004
-0.0919839
-0.0945446
-0.097087
-0.0996165
-0.10214
-0.104664
-0.107198
-0.109753
-0.112339
-0.11497
-0.117657
-0.120411
-0.123248
-0.126153
-0.129242
-0.132025
-0.136927
-0.0651759
-0.0680096
-0.0708105
-0.073581
-0.0763235
-0.0790405
-0.0817349
-0.0844097
-0.0870684
-0.0897145
-0.0923521
-0.0949855
-0.0976195
-0.100259
-0.102909
-0.105576
-0.108266
-0.110986
-0.113744
-0.116555
-0.119412
-0.122437
-0.125209
-0.129594
-0.0603046
-0.0631238
-0.0659189
-0.0686918
-0.0714444
-0.0741789
-0.0768975
-0.0796026
-0.0822965
-0.084982
-0.0876618
-0.0903391
-0.0930176
-0.0957015
-0.0983957
-0.101106
-0.103841
-0.106606
-0.109418
-0.112265
-0.115242
-0.118026
-0.121895
-0.0528978
-0.0557079
-0.0584988
-0.061272
-0.0640289
-0.0667713
-0.0695009
-0.0722195
-0.074929
-0.0776317
-0.08033
-0.0830263
-0.0857238
-0.0884256
-0.0911355
-0.0938574
-0.0965958
-0.0993544
-0.102142
-0.10495
-0.107843
-0.110608
-0.114036
-0.0457927
-0.0485736
-0.0513395
-0.0540915
-0.056831
-0.0595594
-0.0622781
-0.0649884
-0.0676921
-0.0703906
-0.0730857
-0.0757791
-0.0784729
-0.0811689
-0.0838694
-0.0865768
-0.0892939
-0.0920231
-0.0947712
-0.0975321
-0.100348
-0.10309
-0.106188
-0.0389884
-0.041724
-0.0444481
-0.0471619
-0.0498663
-0.0525624
-0.0552513
-0.0579341
-0.0606119
-0.063286
-0.0659575
-0.0686277
-0.0712979
-0.0739696
-0.0766443
-0.0793238
-0.08201
-0.0847047
-0.0874118
-0.090128
-0.0928751
-0.0955865
-0.0984495
-0.0324796
-0.0351572
-0.0378264
-0.040488
-0.0431428
-0.0457919
-0.048436
-0.0510761
-0.053713
-0.0563477
-0.0589811
-0.0616142
-0.064248
-0.0668834
-0.0695216
-0.0721637
-0.0748108
-0.077464
-0.0801254
-0.0827935
-0.0854778
-0.08815
-0.090851
-0.0262604
-0.0288701
-0.0314739
-0.0340727
-0.036667
-0.0392577
-0.0418455
-0.0444312
-0.0470154
-0.049599
-0.0521827
-0.0547672
-0.0573532
-0.0599415
-0.0625328
-0.0651278
-0.0677274
-0.0703322
-0.0729433
-0.0755607
-0.0781865
-0.0808134
-0.0834019
-0.0203232
-0.0228575
-0.0253881
-0.0279156
-0.0304407
-0.0329641
-0.0354864
-0.0380082
-0.0405301
-0.0430529
-0.045577
-0.048103
-0.0506317
-0.0531636
-0.0556992
-0.0582391
-0.0607839
-0.0633341
-0.0658902
-0.0684527
-0.07102
-0.0735956
-0.0760999
-0.014659
-0.0171123
-0.0195637
-0.0220137
-0.024463
-0.0269121
-0.0293616
-0.031812
-0.034264
-0.036718
-0.0391746
-0.0416343
-0.0440978
-0.0465653
-0.0490376
-0.0515149
-0.0539978
-0.0564867
-0.0589819
-0.061484
-0.0639901
-0.0665079
-0.0689418
-0.0092581
-0.0116265
-0.0139943
-0.0163622
-0.0187307
-0.0211002
-0.0234714
-0.0258446
-0.0282206
-0.0305997
-0.0329824
-0.0353692
-0.0377607
-0.0401572
-0.0425593
-0.0449673
-0.0473816
-0.0498027
-0.0522308
-0.0546666
-0.0571067
-0.05956
-0.0619274
-0.00411053
-0.00639121
-0.00867254
-0.010955
-0.013239
-0.0155252
-0.0178139
-0.0201056
-0.0224009
-0.0247002
-0.027004
-0.0293127
-0.0316268
-0.0339467
-0.0362728
-0.0386056
-0.0409454
-0.0432927
-0.0456477
-0.0480111
-0.0503796
-0.052762
-0.0550608
0.000794163
-0.00139726
-0.00359019
-0.00578505
-0.00798231
-0.0101824
-0.0123858
-0.0145929
-0.0168042
-0.0190201
-0.0212411
-0.0234676
-0.0257
-0.0279388
-0.0301844
-0.0324371
-0.0346974
-0.0369657
-0.0392421
-0.0415276
-0.0438189
-0.0461244
-0.0483503
0.00546622
0.00336475
0.00126115
-0.000844986
-0.00295406
-0.0050665
-0.00718272
-0.00930313
-0.0114282
-0.0135582
-0.0156937
-0.0178351
-0.0199827
-0.022137
-0.0242984
-0.0264673
-0.0286441
-0.0308291
-0.0330226
-0.0352254
-0.0374347
-0.0396582
-0.0418063
0.00991588
0.00790426
0.0058901
0.00387302
0.00185264
-0.000171433
-0.00219957
-0.00423217
-0.00626962
-0.0083123
-0.0103606
-0.012415
-0.0144757
-0.0165433
-0.018618
-0.0207003
-0.0227906
-0.0248892
-0.0269964
-0.029113
-0.0312364
-0.0333737
-0.0354398
0.0141529
0.0122304
0.0103052
0.00837677
0.00644487
0.00450913
0.0025692
0.000624713
-0.00132469
-0.00327937
-0.00523969
-0.00720603
-0.00917874
-0.0111582
-0.0131448
-0.0151388
-0.0171407
-0.0191509
-0.0211695
-0.0231973
-0.025232
-0.0272802
-0.0292612
0.0181869
0.0163523
0.0145148
0.0126741
0.0108299
0.00898176
0.00712948
0.0052727
0.00341107
0.00154427
-0.000328049
-0.00220622
-0.00409058
-0.00598149
-0.00787928
-0.00978431
-0.0116969
-0.0136174
-0.0155462
-0.0174837
-0.0194282
-0.0213854
-0.0232792
0.0220267
0.0202784
0.0185271
0.0167726
0.0150147
0.013253
0.0114873
0.0097172
0.00794246
0.00616276
0.00437779
0.00258725
0.000790802
-0.00101186
-0.00282105
-0.0046371
-0.00646033
-0.00829107
-0.0101296
-0.0119764
-0.0138299
-0.0156954
-0.0175011
0.0256811
0.0240169
0.0223499
0.0206798
0.0190065
0.0173295
0.0156487
0.0139638
0.0122745
0.0105806
0.00888176
0.00717768
0.0054681
0.00375273
0.00203127
0.00030342
-0.00143111
-0.00317262
-0.00492138
-0.00667787
-0.00844057
-0.0102145
-0.0119321
0.0291582
0.0275758
0.0259908
0.0244029
0.0228119
0.0212176
0.0196198
0.0180182
0.0164125
0.0148026
0.0131881
0.0115689
0.00994455
0.00831494
0.00667976
0.00503873
0.00339159
0.00173806
7.79094e-05
-0.00158932
-0.00326227
-0.00494559
-0.00657592
0.0324656
0.0309625
0.0294569
0.0279487
0.0264378
0.0249238
0.0234066
0.021886
0.0203617
0.0188336
0.0173014
0.0157649
0.0142238
0.012678
0.0111271
0.00957103
0.00800943
0.00644209
0.00486879
0.00328913
0.0017043
0.000110048
-0.00143454
0.0356105
0.0341839
0.0327551
0.031324
0.0298904
0.0284541
0.027015
0.0255728
0.0241274
0.0226787
0.0212263
0.0197701
0.0183099
0.0168454
0.0153766
0.0139031
0.0124248
0.0109413
0.00945267
0.00795838
0.0064595
0.00495218
0.0034913
0.0385997
0.0372467
0.0358918
0.0345349
0.0331759
0.0318145
0.0304507
0.0290842
0.027715
0.0263428
0.0249676
0.023589
0.0222069
0.0208213
0.0194318
0.0180382
0.0166405
0.0152384
0.0138317
0.0124202
0.0110047
0.00958169
0.00820201
0.0414395
0.0401571
0.0388732
0.0375876
0.0363001
0.0350108
0.0337193
0.0324257
0.0311297
0.0298312
0.0285301
0.0272263
0.0259195
0.0246097
0.0232966
0.0219801
0.0206601
0.0193364
0.0180087
0.016677
0.0153419
0.0140004
0.012699
0.0441359
0.0429211
0.0417051
0.0404877
0.0392688
0.0380484
0.0368263
0.0356024
0.0343767
0.0331489
0.0319189
0.0306867
0.0294522
0.0282151
0.0269753
0.0257328
0.0244873
0.0232388
0.0219871
0.020732
0.0194741
0.0182107
0.0169847
0.0466944
0.0455442
0.044393
0.0432408
0.0420874
0.0409329
0.039777
0.0386198
0.0374611
0.0363008
0.0351389
0.0339751
0.0328096
0.031642
0.0304723
0.0293005
0.0281263
0.0269497
0.0257705
0.0245887
0.0234046
0.022216
0.0210619
0.0491203
0.0480315
0.0469421
0.045852
0.044761
0.0436692
0.0425764
0.0414827
0.0403879
0.039292
0.0381948
0.0370963
0.0359965
0.0348951
0.0337922
0.0326877
0.0315814
0.0304733
0.0293632
0.0282511
0.0271374
0.0260199
0.0249343
0.0514187
0.0503883
0.0493575
0.0483263
0.0472947
0.0462625
0.0452297
0.0441962
0.0431621
0.0421273
0.0410917
0.0400551
0.0390177
0.0379793
0.0369398
0.0358991
0.0348573
0.0338141
0.0327697
0.0317237
0.0306767
0.0296267
0.0286061
0.0535941
0.052619
0.0516439
0.0506686
0.0496931
0.0487174
0.0477414
0.0467651
0.0457886
0.0448116
0.0438342
0.0428564
0.0418781
0.0408992
0.0399197
0.0389395
0.0379586
0.036977
0.0359945
0.0350111
0.0340271
0.033041
0.0320818
0.055651
0.0547284
0.0538058
0.0528834
0.051961
0.0510387
0.0501164
0.0491942
0.048272
0.0473497
0.0464274
0.045505
0.0445824
0.0436597
0.0427369
0.0418137
0.0408904
0.0399667
0.0390427
0.0381182
0.0371937
0.0362676
0.0353663
0.0575936
0.0567204
0.0558475
0.0549749
0.0541027
0.0532308
0.0523592
0.0514879
0.0506169
0.0497462
0.0488757
0.0480055
0.0471356
0.0462658
0.0453962
0.0445268
0.0436575
0.0427883
0.0419192
0.0410502
0.0401814
0.0393118
0.0384647
0.0594261
0.0585994
0.0577733
0.0569477
0.0561227
0.0552982
0.0544743
0.0536509
0.0528281
0.0520058
0.0511841
0.050363
0.0495423
0.0487222
0.0479027
0.0470836
0.0462651
0.045447
0.0446294
0.0438122
0.0429957
0.0421788
0.0413826
0.0611522
0.0603693
0.0595871
0.0588057
0.058025
0.057245
0.0564659
0.0556875
0.0549099
0.0541331
0.0533571
0.0525819
0.0518075
0.051034
0.0502612
0.0494893
0.0487182
0.0479479
0.0471784
0.0464097
0.0456419
0.0448743
0.0441255
0.0627757
0.0620339
0.0612929
0.0605529
0.0598138
0.0590756
0.0583383
0.0576021
0.0568668
0.0561325
0.0553993
0.0546671
0.0539359
0.0532058
0.0524768
0.0517488
0.0510219
0.0502962
0.0495715
0.0488479
0.0481256
0.0474038
0.0466991
0.0643002
0.0635968
0.0628945
0.0621932
0.061493
0.0607938
0.0600957
0.0593988
0.0587031
0.0580085
0.0573152
0.0566231
0.0559322
0.0552426
0.0545543
0.0538672
0.0531815
0.0524972
0.0518142
0.0511325
0.0504523
0.049773
0.0491093
0.0657292
0.0650618
0.0643955
0.0637304
0.0630664
0.0624037
0.0617422
0.061082
0.0604231
0.0597655
0.0591093
0.0584545
0.0578011
0.0571491
0.0564986
0.0558496
0.0552021
0.0545561
0.0539117
0.0532689
0.0526277
0.0519877
0.0513618
0.0670661
0.0664322
0.0657996
0.0651682
0.064538
0.0639092
0.0632817
0.0626556
0.062031
0.0614078
0.060786
0.0601658
0.0595472
0.0589301
0.0583147
0.0577008
0.0570887
0.0564782
0.0558695
0.0552625
0.0546573
0.0540536
0.0534626
0.0683142
0.0677115
0.0671101
0.0665101
0.0659113
0.065314
0.0647181
0.0641237
0.0635308
0.0629395
0.0623497
0.0617616
0.0611751
0.0605903
0.0600072
0.0594259
0.0588464
0.0582687
0.0576928
0.0571188
0.0565468
0.0559765
0.0554175
0.0694767
0.068903
0.0683307
0.0677597
0.0671901
0.066622
0.0660554
0.0654903
0.0649268
0.0643649
0.0638046
0.0632461
0.0626893
0.0621342
0.061581
0.0610296
0.0604801
0.0599325
0.0593869
0.0588433
0.0583016
0.0577619
0.0572324
0.0705568
0.07001
0.0694645
0.0689204
0.0683778
0.0678367
0.0672971
0.0667591
0.0662227
0.0656879
0.0651549
0.0646237
0.0640942
0.0635665
0.0630407
0.0625168
0.0619949
0.0614749
0.060957
0.0604411
0.0599273
0.0594154
0.0589128
0.0715576
0.0710355
0.0705149
0.0699957
0.0694779
0.0689617
0.068447
0.0679339
0.0674225
0.0669127
0.0664047
0.0658985
0.0653941
0.0648915
0.0643909
0.0638922
0.0633954
0.0629007
0.062408
0.0619175
0.061429
0.0609426
0.0604644
0.0724819
0.0719828
0.071485
0.0709887
0.0704938
0.0700005
0.0695087
0.0690185
0.0685299
0.0680431
0.067558
0.0670747
0.0665933
0.0661136
0.065636
0.0651602
0.0646865
0.0642147
0.0637451
0.0632775
0.0628121
0.0623488
0.0618928
0.0728547
0.072378
0.0719026
0.0714287
0.0709563
0.0704855
0.0700163
0.0695487
0.0690828
0.0686187
0.0681563
0.0676957
0.067237
0.0667802
0.0663254
0.0658725
0.0654216
0.0649728
0.0645261
0.0640816
0.0636391
0.0632031
0.0736542
0.0731967
0.0727406
0.0722858
0.0718326
0.0713809
0.0709308
0.0704823
0.0700355
0.0695904
0.069147
0.0687054
0.0682657
0.0678278
0.0673919
0.0669579
0.0665259
0.0660959
0.065668
0.0652422
0.0648185
0.0644006
0.0743841
0.0739441
0.0735054
0.0730682
0.0726324
0.0721981
0.0717653
0.0713342
0.0709046
0.0704767
0.0700506
0.0696261
0.0692035
0.0687827
0.0683638
0.0679468
0.0675318
0.0671187
0.0667077
0.0662987
0.0658917
0.0654899
0.0750469
0.0746228
0.0742
0.0737786
0.0733585
0.07294
0.0725229
0.0721074
0.0716934
0.071281
0.0708704
0.0704614
0.0700541
0.0696487
0.069245
0.0688432
0.0684433
0.0680453
0.0676493
0.0672553
0.0668633
0.0664758
0.0756453
0.0752355
0.074827
0.0744198
0.074014
0.0736095
0.0732065
0.072805
0.072405
0.0720066
0.0716097
0.0712145
0.070821
0.0704292
0.0700391
0.0696508
0.0692644
0.0688797
0.068497
0.0681162
0.0677374
0.0673624
0.0761813
0.0757843
0.0753886
0.0749942
0.074601
0.0742092
0.0738187
0.0734297
0.0730421
0.072656
0.0722714
0.0718884
0.071507
0.0711273
0.0707492
0.0703728
0.0699982
0.0696253
0.0692542
0.068885
0.0685176
0.0681537
0.0766572
0.0762717
0.0758873
0.0755041
0.0751222
0.0747415
0.0743621
0.0739841
0.0736074
0.0732322
0.0728584
0.0724861
0.0721153
0.071746
0.0713784
0.0710124
0.070648
0.0702853
0.0699243
0.069565
0.0692075
0.068853
0.0770744
0.0766989
0.0763245
0.0759512
0.075579
0.0752081
0.0748384
0.0744699
0.0741028
0.0737369
0.0733725
0.0730094
0.0726478
0.0722876
0.071929
0.0715718
0.0712162
0.0708622
0.0705098
0.070159
0.0698099
0.0694633
0.0774349
0.0770681
0.0767022
0.0763374
0.0759736
0.075611
0.0752495
0.0748893
0.0745302
0.0741724
0.0738158
0.0734606
0.0731067
0.0727541
0.072403
0.0720533
0.071705
0.0713582
0.0710129
0.0706691
0.0703269
0.0699869
0.077739
0.0773795
0.0770209
0.0766632
0.0763066
0.075951
0.0755965
0.075243
0.0748907
0.0745395
0.0741896
0.0738408
0.0734932
0.073147
0.072802
0.0724583
0.0721159
0.071775
0.0714354
0.0710972
0.0707604
0.0704255
0.0779876
0.077634
0.0772812
0.0769293
0.0765784
0.0762284
0.0758793
0.0755313
0.0751844
0.0748384
0.0744936
0.0741499
0.0738073
0.0734659
0.0731257
0.0727866
0.0724489
0.0721123
0.071777
0.0714431
0.0711104
0.0707793
0.0781813
0.0778324
0.0774843
0.077137
0.0767905
0.0764448
0.0761001
0.0757563
0.0754133
0.0750714
0.0747304
0.0743904
0.0740514
0.0737135
0.0733766
0.0730408
0.0727061
0.0723725
0.07204
0.0717088
0.0713786
0.0710498
0.078315
0.0779692
0.0776241
0.0772797
0.0769361
0.0765933
0.0762513
0.0759101
0.0755698
0.0752303
0.0748918
0.0745541
0.0742174
0.0738816
0.0735468
0.073213
0.0728802
0.0725484
0.0722176
0.0718879
0.0715592
0.0712317
0.0783995
0.0780558
0.0777128
0.0773703
0.0770285
0.0766873
0.0763468
0.0760069
0.0756678
0.0753294
0.0749917
0.0746548
0.0743186
0.0739832
0.0736487
0.0733149
0.0729819
0.0726498
0.0723186
0.0719882
0.0716587
0.0713301
0.0648767
0.0644684
0.0640604
0.0636527
0.0632452
0.0628381
0.0624313
0.0620248
0.0616187
0.061213
0.0608076
0.0604027
0.0599983
0.0595942
0.0591907
0.0587877
0.0583852
0.0579832
0.0575817
0.0571809
0.0567806
0.056381
0.055982
0.0648143
0.0644036
0.0639932
0.0635833
0.0631737
0.0627647
0.0623561
0.061948
0.0615404
0.0611334
0.060727
0.0603212
0.059916
0.0595115
0.0591076
0.0587045
0.058302
0.0579003
0.0574994
0.0570992
0.0566998
0.0563013
0.0559036
0.0647281
0.0643141
0.0639004
0.0634873
0.0630746
0.0626625
0.0622509
0.0618399
0.0614296
0.0610198
0.0606108
0.0602024
0.0597947
0.0593878
0.0589816
0.0585763
0.0581718
0.0577681
0.0573653
0.0569634
0.0565624
0.0561624
0.0557634
0.0646049
0.0641858
0.0637672
0.0633491
0.0629316
0.0625148
0.0620986
0.0616831
0.0612683
0.0608543
0.0604411
0.0600286
0.0596171
0.0592064
0.0587966
0.0583877
0.0579798
0.0575729
0.057167
0.0567621
0.0563583
0.0559556
0.0555543
0.0644497
0.0640244
0.0635996
0.0631755
0.062752
0.0623292
0.0619072
0.061486
0.0610655
0.0606459
0.0602272
0.0598094
0.0593925
0.0589766
0.0585617
0.0581479
0.0577351
0.0573234
0.0569128
0.0565034
0.0560952
0.0556881
0.0552828
0.0642617
0.0638287
0.0633964
0.0629648
0.0625339
0.0621038
0.0616746
0.0612462
0.0608186
0.0603921
0.0599664
0.0595418
0.0591183
0.0586958
0.0582744
0.0578542
0.0574351
0.0570173
0.0566007
0.0561853
0.0557713
0.0553586
0.0549479
0.0640399
0.0635981
0.063157
0.0627166
0.0622771
0.0618385
0.0614007
0.0609639
0.0605281
0.0600932
0.0596595
0.0592268
0.0587952
0.0583648
0.0579357
0.0575077
0.0570811
0.0566557
0.0562317
0.055809
0.0553878
0.054968
0.0545507
0.0637842
0.0633323
0.0628811
0.0624308
0.0619814
0.0615328
0.0610853
0.0606388
0.0601933
0.0597489
0.0593057
0.0588636
0.0584227
0.0579831
0.0575448
0.0571079
0.0566722
0.056238
0.0558053
0.055374
0.0549442
0.054516
0.0540906
0.0634928
0.0630295
0.0625671
0.0621055
0.0616449
0.0611853
0.0607267
0.0602692
0.0598129
0.0593577
0.0589037
0.058451
0.0579996
0.0575495
0.0571008
0.0566535
0.0562076
0.0557633
0.0553204
0.0548792
0.0544395
0.0540015
0.0535669
0.0631647
0.0626888
0.0622139
0.0617398
0.0612668
0.0607949
0.060324
0.0598543
0.0593858
0.0589185
0.0584525
0.0579879
0.0575246
0.0570627
0.0566023
0.0561434
0.055686
0.0552302
0.054776
0.0543235
0.0538726
0.0534235
0.0529783
0.0627979
0.0623082
0.0618194
0.0613317
0.060845
0.0603595
0.0598751
0.0593919
0.05891
0.0584294
0.0579501
0.0574723
0.0569958
0.0565209
0.0560475
0.0555757
0.0551055
0.0546369
0.05417
0.0537049
0.0532416
0.05278
0.0523231
0.0623906
0.0618858
0.061382
0.0608793
0.0603777
0.0598773
0.0593781
0.0588802
0.0583836
0.0578884
0.0573945
0.0569022
0.0564114
0.0559221
0.0554344
0.0549484
0.054464
0.0539814
0.0535006
0.0530215
0.0525444
0.052069
0.0515991
0.0619404
0.0614193
0.0608992
0.0603802
0.0598625
0.0593459
0.0588306
0.0583167
0.0578041
0.057293
0.0567833
0.0562752
0.0557687
0.0552637
0.0547604
0.0542589
0.0537591
0.0532611
0.0527649
0.0522707
0.0517784
0.0512879
0.0508037
0.0614449
0.0609061
0.0603685
0.059832
0.0592967
0.0587628
0.0582301
0.0576988
0.057169
0.0566407
0.0561138
0.0555886
0.055065
0.0545431
0.0540229
0.0535045
0.0529879
0.0524732
0.0519604
0.0514495
0.0509407
0.0504338
0.049934
0.0609014
0.0603437
0.0597871
0.0592318
0.0586777
0.058125
0.0575736
0.0570237
0.0564752
0.0559283
0.055383
0.0548393
0.0542974
0.0537571
0.0532186
0.052682
0.0521473
0.0516145
0.0510836
0.0505548
0.0500281
0.0495033
0.0489866
0.0603069
0.0597289
0.0591521
0.0585765
0.0580023
0.0574294
0.056858
0.056288
0.0557196
0.0551528
0.0545876
0.0540241
0.0534623
0.0529023
0.0523442
0.051788
0.0512337
0.0506814
0.0501311
0.0495829
0.0490368
0.0484928
0.0479579
0.0596582
0.0590585
0.05846
0.0578628
0.057267
0.0566726
0.0560797
0.0554883
0.0548985
0.0543104
0.0537239
0.0531391
0.0525562
0.0519751
0.0513959
0.0508186
0.0502433
0.04967
0.0490989
0.0485298
0.047963
0.0473982
0.0468438
0.0589518
0.0583289
0.0577073
0.0570871
0.0564683
0.0558509
0.0552351
0.0546208
0.0540082
0.0533972
0.052788
0.0521806
0.051575
0.0509712
0.0503694
0.0497696
0.0491719
0.0485762
0.0479826
0.0473913
0.0468022
0.0462151
0.0456398
0.0581838
0.0575363
0.0568902
0.0562454
0.0556021
0.0549603
0.05432
0.0536814
0.0530444
0.0524092
0.0517757
0.051144
0.0505142
0.0498864
0.0492605
0.0486367
0.0480149
0.0473953
0.0467778
0.0461625
0.0455496
0.0449387
0.0443411
0.0573504
0.0566767
0.0560044
0.0553335
0.0546642
0.0539963
0.0533301
0.0526655
0.0520027
0.0513416
0.0506823
0.0500248
0.0493693
0.0487158
0.0480642
0.0474148
0.0467674
0.0461222
0.0454792
0.0448385
0.0442002
0.0435638
0.0429424
0.056447
0.0557455
0.0550455
0.0543469
0.0536499
0.0529544
0.0522606
0.0515685
0.0508781
0.0501896
0.0495028
0.048818
0.0481351
0.0474542
0.0467754
0.0460987
0.0454241
0.0447517
0.0440816
0.0434137
0.0427483
0.0420849
0.041438
0.0554691
0.0547382
0.0540087
0.0532808
0.0525544
0.0518296
0.0511066
0.0503852
0.0496656
0.0489479
0.0482321
0.0475181
0.0468062
0.0460963
0.0453885
0.0446828
0.0439792
0.0432779
0.0425789
0.0418822
0.041188
0.0404957
0.0398219
0.0544116
0.0536495
0.0528888
0.0521298
0.0513723
0.0506165
0.0498624
0.0491101
0.0483596
0.047611
0.0468642
0.0461195
0.0453767
0.044636
0.0438974
0.043161
0.0424268
0.0416948
0.0409651
0.0402378
0.039513
0.03879
0.0380875
0.0532693
0.0524741
0.0516805
0.0508884
0.0500981
0.0493094
0.0485225
0.0477373
0.0469541
0.0461727
0.0453933
0.0446158
0.0438404
0.0430671
0.0422959
0.0415269
0.0407601
0.0399956
0.0392334
0.0384736
0.0377164
0.0369609
0.0362279
0.0520364
0.0512063
0.0503777
0.0495508
0.0487256
0.0479021
0.0470805
0.0462606
0.0454427
0.0446267
0.0438127
0.0430006
0.0421907
0.0413828
0.0405771
0.0397736
0.0389724
0.0381734
0.0373768
0.0365825
0.0357909
0.035001
0.0342357
0.0507069
0.0498398
0.0489743
0.0481105
0.0472485
0.0463883
0.0455299
0.0446734
0.0438188
0.0429662
0.0421155
0.0412669
0.0404205
0.0395761
0.0387339
0.0378939
0.0370562
0.0362208
0.0353877
0.034557
0.033729
0.0329026
0.0321031
0.0492743
0.0483681
0.0474637
0.046561
0.0456601
0.044761
0.0438638
0.0429685
0.0420752
0.0411839
0.0402946
0.0394074
0.0385222
0.0376393
0.0367585
0.03588
0.0350037
0.0341298
0.0332582
0.032389
0.0315225
0.0306575
0.0298217
0.0477319
0.0467844
0.0458388
0.044895
0.043953
0.0430129
0.0420747
0.0411385
0.0402043
0.0392721
0.038342
0.037414
0.0364882
0.0355645
0.034643
0.0337237
0.0328068
0.0318921
0.0309798
0.0300699
0.0291628
0.0282571
0.027383
0.0460722
0.0450813
0.0440921
0.0431049
0.0421196
0.0411362
0.0401549
0.0391755
0.0381982
0.0372229
0.0362497
0.0352787
0.0343098
0.0333432
0.0323787
0.0314166
0.0304567
0.0294991
0.0285439
0.027591
0.0266411
0.0256924
0.0247777
0.0442878
0.0432509
0.0422159
0.0411829
0.0401519
0.0391229
0.038096
0.0370711
0.0360483
0.0350276
0.0340091
0.0329927
0.0319786
0.0309666
0.0299569
0.0289495
0.0279444
0.0269416
0.0259411
0.024943
0.0239479
0.0229538
0.0219962
0.0423704
0.0412851
0.0402018
0.0391205
0.0380414
0.0369643
0.0358894
0.0348166
0.0337459
0.0326774
0.0316111
0.030547
0.0294852
0.0284256
0.0273682
0.0263131
0.0252604
0.02421
0.0231619
0.0221162
0.0210734
0.0200317
0.0190289
0.0403115
0.0391752
0.038041
0.036909
0.0357792
0.0346515
0.0335261
0.0324028
0.0312818
0.030163
0.0290464
0.0279322
0.0268201
0.0257104
0.0246029
0.0234978
0.022395
0.0212945
0.0201963
0.0191005
0.0180078
0.0169159
0.0158653
0.0381021
0.0369121
0.0357243
0.0345389
0.0333558
0.0321749
0.0309964
0.0298201
0.0286462
0.0274745
0.0263052
0.0251382
0.0239735
0.0228111
0.0216511
0.0204933
0.0193379
0.0181849
0.0170342
0.0158858
0.0147406
0.013596
0.0124952
0.0357327
0.0344863
0.0332423
0.0320007
0.0307616
0.0295249
0.0282906
0.0270587
0.0258292
0.0246021
0.0233774
0.022155
0.0209351
0.0197175
0.0185023
0.0172894
0.0160789
0.0148708
0.013665
0.0124615
0.0112612
0.0100615
0.00890779
0.0331935
0.0318878
0.0305847
0.0292842
0.0279863
0.026691
0.0253983
0.024108
0.0228203
0.0215351
0.0202524
0.0189722
0.0176944
0.016419
0.0151461
0.0138755
0.0126074
0.0113416
0.0100782
0.00881703
0.00755917
0.00630169
0.00509248
0.0304741
0.0291062
0.0277412
0.026379
0.0250195
0.0236629
0.0223089
0.0209577
0.0196091
0.0182631
0.0169197
0.015579
0.0142407
0.012905
0.0115717
0.010241
0.00891259
0.00758662
0.00626304
0.0049417
0.00362373
0.00230599
0.00103861
0.0275636
0.0261306
0.0247008
0.023274
0.0218502
0.0204294
0.0190115
0.0175965
0.0161844
0.014775
0.0133684
0.0119645
0.0105632
0.00916456
0.00776848
0.00637492
0.00498384
0.00359519
0.00220895
0.000824941
-0.000555608
-0.00193609
-0.00326429
0.0244509
0.0229499
0.0214524
0.0199582
0.0184672
0.0169795
0.015495
0.0140136
0.0125353
0.0110599
0.00958742
0.00811783
0.00665103
0.00518698
0.00372559
0.00226682
0.000810591
-0.000643164
-0.00209447
-0.00354355
-0.00498907
-0.0064347
-0.00782631
0.0211243
0.0195524
0.0179843
0.0164198
0.014859
0.0133018
0.011748
0.0101976
0.00865045
0.00710655
0.00556579
0.00402809
0.00249336
0.000961517
-0.000567517
-0.00209383
-0.00361751
-0.00513865
-0.0066573
-0.0081737
-0.00968646
-0.0111995
-0.012657
0.0175718
0.0159261
0.0142847
0.0126473
0.011014
0.00938461
0.00775901
0.00613712
0.00451884
0.00290405
0.00129266
-0.000315436
-0.00192035
-0.00352218
-0.00512105
-0.00671705
-0.00831031
-0.00990094
-0.011489
-0.0130748
-0.0146569
-0.0162394
-0.017765
0.013781
0.0120588
0.0103414
0.00862864
0.00692033
0.00521637
0.00351663
0.00182098
0.000129306
-0.00155853
-0.00324267
-0.00492322
-0.00660034
-0.00827414
-0.00994478
-0.0116124
-0.0132771
-0.0149391
-0.0165984
-0.0182555
-0.0199086
-0.0215625
-0.0231582
0.00973923
0.00793811
0.00614233
0.00435174
0.00256618
0.000785491
-0.000990483
-0.0027619
-0.00452892
-0.0062917
-0.00805041
-0.0098052
-0.0115562
-0.0133037
-0.0150478
-0.0167886
-0.0185263
-0.0202612
-0.0219933
-0.0237231
-0.0254489
-0.0271757
-0.0288432
0.00732228
0.00543367
0.00355132
0.00167503
-0.0001954
-0.00206015
-0.00391941
-0.00577338
-0.00762225
-0.00946622
-0.0113055
-0.0131402
-0.0149707
-0.016797
-0.0186194
-0.0204382
-0.0222535
-0.0240655
-0.0258744
-0.0276805
-0.0294843
-0.0312838
-0.0330847
-0.0348253
0.00282389
0.000851288
-0.00111418
-0.00307274
-0.00502464
-0.00697011
-0.00890937
-0.0108427
-0.0127702
-0.0146923
-0.0166091
-0.0185209
-0.020428
-0.0223306
-0.0242288
-0.0261231
-0.0280137
-0.0299008
-0.0317847
-0.0336656
-0.035544
-0.0374181
-0.0392942
-0.0411091
-0.00196283
-0.00402097
-0.00607094
-0.00811302
-0.0101475
-0.0121747
-0.0141948
-0.0162082
-0.0182152
-0.020216
-0.0222109
-0.0242003
-0.0261844
-0.0281636
-0.0301382
-0.0321084
-0.0340746
-0.0360372
-0.0379965
-0.0399527
-0.0419065
-0.0438559
-0.045808
-0.0476985
-0.00705133
-0.00919594
-0.0113312
-0.0134574
-0.0155749
-0.0176841
-0.0197854
-0.021879
-0.0239654
-0.0260449
-0.0281178
-0.0301846
-0.0322457
-0.0343013
-0.036352
-0.0383981
-0.04044
-0.0424782
-0.044513
-0.046545
-0.0485747
-0.0506005
-0.0526295
-0.0545985
-0.012455
-0.0146862
-0.0169066
-0.0191167
-0.021317
-0.0235077
-0.0256894
-0.0278625
-0.0300275
-0.0321848
-0.0343349
-0.0364783
-0.0386154
-0.0407468
-0.0428729
-0.0449944
-0.0471117
-0.0492254
-0.0513361
-0.0534443
-0.055551
-0.0576549
-0.0597623
-0.0618162
-0.0181867
-0.0205037
-0.0228082
-0.025101
-0.0273824
-0.0296531
-0.0319136
-0.0341645
-0.0364063
-0.0386397
-0.0408651
-0.0430833
-0.0452949
-0.0475006
-0.049701
-0.0518969
-0.0540891
-0.0562783
-0.0584653
-0.0606513
-0.0628368
-0.0650225
-0.067211
-0.0693626
-0.0242589
-0.0266594
-0.0290457
-0.0314185
-0.0337784
-0.0361262
-0.0384624
-0.040788
-0.0431036
-0.0454099
-0.0477079
-0.0499982
-0.0522819
-0.0545598
-0.0568329
-0.0591021
-0.0613687
-0.0636337
-0.0658983
-0.0681643
-0.0704322
-0.0727062
-0.0749797
-0.0772524
-0.030683
-0.0331633
-0.0356273
-0.0380758
-0.0405098
-0.04293
-0.0453375
-0.047733
-0.0501177
-0.0524926
-0.0548587
-0.0572172
-0.0595693
-0.0619163
-0.0642596
-0.0666007
-0.0689413
-0.071283
-0.0736278
-0.0759783
-0.0783343
-0.080707
-0.083071
-0.0855037
-0.037469
-0.0400233
-0.0425588
-0.0450768
-0.0475782
-0.0500644
-0.0525363
-0.0549953
-0.0574427
-0.0598799
-0.0623084
-0.0647296
-0.0671452
-0.0695572
-0.0719674
-0.074378
-0.0767915
-0.0792107
-0.0816383
-0.0840791
-0.0865315
-0.0890184
-0.0914799
-0.0941322
-0.0446257
-0.0472455
-0.0498439
-0.0524221
-0.0549817
-0.0575241
-0.0600508
-0.0625637
-0.0650644
-0.0675548
-0.0700371
-0.0725134
-0.0749861
-0.0774578
-0.0799311
-0.0824093
-0.0848955
-0.0873937
-0.0899077
-0.0924452
-0.0950026
-0.0976215
-0.100186
-0.103142
-0.0521605
-0.0548345
-0.0574838
-0.0601101
-0.0627154
-0.0653013
-0.06787
-0.0704235
-0.0729643
-0.0754948
-0.0780177
-0.0805362
-0.0830535
-0.0855737
-0.0881007
-0.0906395
-0.0931952
-0.0957736
-0.09838
-0.101025
-0.103701
-0.106475
-0.109148
-0.112511
-0.0600776
-0.0627904
-0.0654748
-0.068133
-0.0707675
-0.0733806
-0.0759749
-0.0785533
-0.0811187
-0.0836744
-0.0862237
-0.0887704
-0.0913188
-0.0938735
-0.09644
-0.0990247
-0.101635
-0.10428
-0.106969
-0.109718
-0.11252
-0.115468
-0.11826
-0.122152
-0.0683778
-0.0711078
-0.0738047
-0.0764711
-0.07911
-0.0817247
-0.0843186
-0.0868956
-0.0894598
-0.0920158
-0.0945686
-0.0971238
-0.0996873
-0.102266
-0.104865
-0.107494
-0.110159
-0.112871
-0.115639
-0.11848
-0.12139
-0.124489
-0.127382
-0.131886
-0.0770653
-0.0797858
-0.0824666
-0.0851108
-0.0877219
-0.0903035
-0.0928595
-0.0953945
-0.0979134
-0.100422
-0.102927
-0.105436
-0.107959
-0.110505
-0.113086
-0.115716
-0.118409
-0.121178
-0.124039
-0.127006
-0.13007
-0.133345
-0.136362
-0.141485
-0.0861387
-0.0888197
-0.0914546
-0.0940474
-0.0966021
-0.099123
-0.101615
-0.104082
-0.106531
-0.108967
-0.111396
-0.113826
-0.116265
-0.118723
-0.121212
-0.123748
-0.126347
-0.129032
-0.131831
-0.134777
-0.137894
-0.141294
-0.144547
-0.15034
-0.0955479
-0.0981411
-0.100681
-0.103172
-0.105621
-0.108035
-0.11042
-0.112785
-0.115137
-0.117487
-0.119845
-0.12222
-0.124622
-0.127064
-0.129553
-0.132099
-0.134711
-0.137394
-0.140156
-0.143008
-0.145969
-0.14912
-0.152278
-0.158261
-0.105238
-0.107658
-0.110003
-0.11228
-0.114494
-0.116652
-0.118762
-0.120834
-0.122879
-0.124913
-0.126951
-0.129012
-0.131119
-0.133296
-0.135571
-0.137972
-0.140528
-0.14327
-0.146223
-0.149407
-0.152826
-0.156445
-0.160215
-0.166072
-0.115351
-0.117555
-0.11966
-0.121668
-0.123582
-0.125405
-0.12714
-0.128793
-0.130371
-0.131882
-0.133339
-0.134756
-0.13615
-0.137541
-0.138954
-0.140418
-0.141967
-0.143647
-0.14552
-0.147683
-0.15028
-0.153552
-0.158286
-0.165882
0.0553228
0.0543945
0.0534476
0.0524828
0.0514999
0.050499
0.0494801
0.0484433
0.0473889
0.0463171
0.0452283
0.0441228
0.0430011
0.0418637
0.0407112
0.0395443
0.0383637
0.0371703
0.0552435
0.0543122
0.0533626
0.0523948
0.051409
0.050405
0.0493829
0.048343
0.0472854
0.0462104
0.0451184
0.0440097
0.0428849
0.0417444
0.0405888
0.0394188
0.0382352
0.0370388
0.0550974
0.0541586
0.0532026
0.0522288
0.0512365
0.050226
0.0491973
0.0481507
0.0470866
0.0460052
0.0449067
0.0437917
0.0426605
0.0415137
0.040352
0.0391759
0.0379864
0.0367842
0.0548802
0.053931
0.0529661
0.0519834
0.0509821
0.0499621
0.048924
0.047868
0.0467945
0.0457038
0.0445961
0.0434719
0.0423316
0.0411759
0.0400053
0.0388206
0.0376225
0.036412
0.0545974
0.0536345
0.0526579
0.0516638
0.0506506
0.0496184
0.0485679
0.0474997
0.0464141
0.0453113
0.0441917
0.0430556
0.0419035
0.0407362
0.0395542
0.0383582
0.0371491
0.0359279
0.0542485
0.0532691
0.0522783
0.0512703
0.0502427
0.0491957
0.0481303
0.0470473
0.0459469
0.0448295
0.0436954
0.0425449
0.0413787
0.0401973
0.0390015
0.037792
0.0365696
0.0353354
0.0538346
0.0528358
0.0518284
0.0508042
0.0497598
0.0486954
0.0476126
0.0465123
0.0453948
0.0442604
0.0431094
0.0419422
0.0407595
0.0395619
0.03835
0.0371248
0.0358872
0.034638
0.0533553
0.0523343
0.0513081
0.0502655
0.0492019
0.048118
0.0470154
0.0458954
0.0447585
0.0436049
0.0424349
0.0412489
0.0400475
0.0388315
0.0376017
0.0363588
0.0351039
0.0338379
0.0528098
0.051764
0.0507168
0.0496538
0.0485689
0.0474631
0.0463385
0.0451968
0.0440384
0.0428635
0.0416723
0.0404655
0.0392436
0.0380074
0.0367577
0.0354954
0.0342215
0.032937
0.052197
0.0511239
0.0500536
0.0489681
0.0478599
0.0467301
0.0455815
0.044416
0.0432341
0.042036
0.0408219
0.0395924
0.0383482
0.03709
0.0358189
0.0345356
0.0332412
0.0319368
0.0515152
0.0504121
0.0493168
0.048207
0.0470736
0.0459178
0.0447433
0.0435521
0.0423449
0.0411218
0.0398831
0.0386293
0.0373612
0.0360797
0.0347856
0.03348
0.0321638
0.0308383
0.0507621
0.0496267
0.0485045
0.0473687
0.0462083
0.0450248
0.0438224
0.0426039
0.0413698
0.0401202
0.0388553
0.0375758
0.0362825
0.0349762
0.033658
0.0323288
0.0309898
0.0296421
0.0499353
0.0487653
0.0476145
0.046451
0.0452619
0.044049
0.0428172
0.0415697
0.0403072
0.0390297
0.0377374
0.0364309
0.0351112
0.0337792
0.0324358
0.0310822
0.0297195
0.0283488
0.0490319
0.0478249
0.0466438
0.0454512
0.044232
0.042988
0.0417254
0.0404475
0.0391554
0.0378488
0.036528
0.0351936
0.0338465
0.0324879
0.0311187
0.02974
0.028353
0.0269589
0.0480486
0.0468024
0.0455895
0.0443664
0.0431156
0.0418393
0.0405445
0.0392351
0.0379122
0.0365756
0.0352254
0.0338624
0.0324874
0.0311017
0.0297062
0.0283021
0.0268905
0.0254727
0.0469816
0.0456941
0.044448
0.0431933
0.0419097
0.0405999
0.0392717
0.03793
0.0365755
0.0352082
0.0338281
0.0324358
0.0310326
0.0296195
0.0281976
0.026768
0.025332
0.0238907
0.0458269
0.044496
0.0432155
0.0419281
0.0406108
0.0392664
0.0379041
0.0365292
0.0351426
0.0337442
0.0323338
0.0309123
0.0294808
0.0280405
0.0265924
0.0251377
0.0236775
0.0222132
0.04458
0.0432038
0.0418878
0.040567
0.039215
0.0378354
0.0364383
0.0350298
0.0336108
0.0321811
0.0307406
0.0292901
0.0278306
0.0263635
0.0248899
0.0234108
0.0219274
0.0204409
0.0432361
0.0418127
0.0404603
0.0391054
0.0377184
0.0363029
0.0348707
0.0334284
0.0319772
0.0305165
0.0290462
0.0275672
0.0260806
0.0245877
0.0230895
0.0215872
0.0200819
0.0185746
0.0417899
0.0403176
0.0389281
0.0375388
0.0361163
0.0346649
0.0331975
0.0317216
0.0302385
0.0287475
0.0272483
0.0257419
0.0242294
0.022712
0.021191
0.0196671
0.0181415
0.0166153
0.0402358
0.0387128
0.0372858
0.0358621
0.0344042
0.0329168
0.0314146
0.0299057
0.0283915
0.0268712
0.0253446
0.0238122
0.0222756
0.0207357
0.0191938
0.0176506
0.0161072
0.0145644
0.0385675
0.0369924
0.0355278
0.03407
0.0325769
0.0310541
0.0295177
0.0279768
0.0264329
0.0248849
0.0233324
0.0217763
0.0202178
0.018658
0.0170979
0.0155383
0.01398
0.0124236
0.0367785
0.0351501
0.033648
0.0321566
0.0306292
0.0290717
0.0275022
0.0259308
0.0243589
0.0227853
0.0212096
0.0196323
0.0180548
0.0164782
0.0149033
0.0133308
0.0117613
0.010195
0.034862
0.033179
0.0316399
0.030116
0.0285553
0.0269644
0.0253635
0.0237635
0.022166
0.0205695
0.0189735
0.0173784
0.0157855
0.014196
0.0126104
0.0110293
0.00945288
0.0078813
0.0328103
0.0310719
0.0294966
0.0279417
0.0263493
0.0247268
0.0230965
0.0214705
0.0198503
0.0182343
0.0166216
0.0150128
0.013409
0.0118112
0.0102198
0.00863515
0.00705709
0.00548542
0.0306156
0.0288211
0.027211
0.0256271
0.024005
0.0223532
0.0206962
0.0190472
0.0174081
0.0157766
0.0141517
0.0125339
0.0109243
0.00932372
0.00773235
0.0061501
0.00457653
0.00301096
0.0282696
0.0264185
0.0247754
0.0231649
0.0215159
0.0198375
0.0181571
0.0164891
0.0148353
0.0131931
0.0115613
0.00994025
0.0083309
0.00673389
0.00514919
0.0035763
0.00201431
0.000462011
0.0257634
0.0238556
0.0221819
0.020548
0.0188751
0.0171738
0.0154739
0.0137914
0.012128
0.0104807
0.0088481
0.00723031
0.00562821
0.00404217
0.00247185
0.000916275
-0.000625985
-0.0021568
0.0230878
0.0211235
0.0194222
0.0177686
0.0160758
0.0143555
0.0126409
0.0109492
0.00928212
0.00763631
0.00600984
0.00440284
0.00281596
0.00124931
-0.000297865
-0.00182706
-0.00334034
-0.00484031
0.0202332
0.018213
0.0164877
0.0148189
0.0131108
0.0113764
0.00965241
0.00795766
0.0062937
0.00465671
0.0030444
0.00145669
-0.000105933
-0.0016437
-0.00315783
-0.00465042
-0.00612426
-0.00758283
0.0171895
0.0151145
0.0133695
0.0116908
0.00997256
0.00822971
0.00650262
0.00481181
0.00315871
0.0015389
-5.02974e-05
-0.00160915
-0.00313739
-0.00463564
-0.00610564
-0.00755017
-0.00897286
-0.0103782
0.0139466
0.0118182
0.0100586
0.00837607
0.00665382
0.00490886
0.00318573
0.00150675
-0.000126844
-0.00172013
-0.0032762
-0.00479555
-0.00627817
-0.00772507
-0.00913862
-0.0105224
-0.0118809
-0.0132197
0.0104937
0.00831399
0.00654583
0.00486635
0.00314702
0.00140716
-0.000304055
-0.00196239
-0.00356686
-0.00512328
-0.00663518
-0.00810328
-0.00952786
-0.0109104
-0.0122539
-0.0135628
-0.0148427
-0.0161004
0.00682025
0.00459179
0.00282194
0.00115336
-0.000555305
-0.002282
-0.00397247
-0.00560043
-0.00716518
-0.00867335
-0.010129
-0.011533
-0.0128859
-0.0141898
-0.0154484
-0.0166671
-0.0178525
-0.0190129
0.00291543
0.000641463
-0.00112224
-0.00277114
-0.00446051
-0.00616514
-0.00782514
-0.00941202
-0.0109255
-0.0123731
-0.0137592
-0.0150852
-0.0163518
-0.0175616
-0.0187191
-0.0198307
-0.0209043
-0.0219497
-0.0229786
-0.00123147
-0.00354701
-0.0052957
-0.00691517
-0.00857575
-0.0102485
-0.0118675
-0.0134017
-0.0148514
-0.016225
-0.0175276
-0.0187605
-0.0199249
-0.0210239
-0.0220628
-0.023049
-0.0239921
-0.0249032
-0.0257962
-0.00563095
-0.00798338
-0.00970716
-0.0112865
-0.0129079
-0.0145382
-0.0161046
-0.0175737
-0.0189462
-0.0202317
-0.0214356
-0.0225594
-0.0236047
-0.024575
-0.0254765
-0.0263178
-0.0271099
-0.0278659
-0.0286017
-0.0102931
-0.012677
-0.0143649
-0.0158923
-0.0174633
-0.0190399
-0.0205415
-0.0219321
-0.0232133
-0.0243955
-0.0254847
-0.0264826
-0.0273907
-0.0282133
-0.0289574
-0.0296329
-0.0302521
-0.0308303
-0.0313858
-0.0152276
-0.0176365
-0.0192765
-0.0207393
-0.022248
-0.0237586
-0.0251824
-0.0264807
-0.0276556
-0.0287188
-0.0296766
-0.0305307
-0.0312828
-0.0319377
-0.0325032
-0.0329905
-0.0334136
-0.0337896
-0.0341397
-0.0204432
-0.0228701
-0.0244488
-0.0258334
-0.0272671
-0.028699
-0.0300315
-0.0312228
-0.032276
-0.0332039
-0.0340129
-0.0347048
-0.0352813
-0.0357474
-0.0361121
-0.0363876
-0.0365896
-0.0367375
-0.0368551
-0.0259478
-0.0283847
-0.0298879
-0.0311798
-0.032525
-0.033865
-0.0350922
-0.0361616
-0.0370773
-0.037853
-0.0384956
-0.0390063
-0.0393868
-0.0396425
-0.039783
-0.0398219
-0.0397763
-0.0396683
-0.0395247
-0.0317486
-0.0341866
-0.0355987
-0.0367824
-0.0380253
-0.0392599
-0.0403674
-0.0412998
-0.0420619
-0.0426687
-0.0431269
-0.0434372
-0.0436009
-0.0436237
-0.0435159
-0.043292
-0.0429712
-0.0425777
-0.0421417
-0.0378512
-0.0402804
-0.0415846
-0.042644
-0.0437704
-0.0448859
-0.0458595
-0.0466397
-0.0472324
-0.0476536
-0.0479095
-0.0480001
-0.047926
-0.0476929
-0.0473117
-0.0467979
-0.0461724
-0.0454622
-0.0447007
-0.0442604
-0.0466697
-0.0478477
-0.0487659
-0.0497616
-0.0507444
-0.0515702
-0.0521834
-0.0525913
-0.0528105
-0.0528467
-0.0526983
-0.0523653
-0.051853
-0.0511726
-0.0503408
-0.04938
-0.0483198
-0.0471975
-0.0509796
-0.0533557
-0.0543879
-0.0551475
-0.0559985
-0.0568358
-0.0575002
-0.0579325
-0.0581408
-0.0581426
-0.0579421
-0.0575361
-0.0569232
-0.0561082
-0.0551024
-0.0539233
-0.052595
-0.0511499
-0.0496293
-0.0580101
-0.0603365
-0.0612017
-0.0617859
-0.0624791
-0.0631587
-0.0636493
-0.0638876
-0.063883
-0.063653
-0.0632
-0.0625183
-0.0616048
-0.0604636
-0.0591057
-0.0575492
-0.0558201
-0.0539534
-0.0519948
-0.0653501
-0.0676041
-0.0682811
-0.0686745
-0.0691986
-0.0697098
-0.0700153
-0.070048
-0.0698188
-0.0693444
-0.0686243
-0.0676499
-0.0664159
-0.0649251
-0.0631882
-0.0612237
-0.0590593
-0.0567329
-0.0542949
-0.0729908
-0.0751409
-0.0756099
-0.0758019
-0.0761486
-0.0764822
-0.0765926
-0.0764104
-0.0759471
-0.0752179
-0.0742181
-0.0729352
-0.0713616
-0.0694984
-0.0673558
-0.0649526
-0.0623179
-0.0594931
-0.0565334
-0.0809115
-0.0829127
-0.0831605
-0.083149
-0.0833147
-0.0834632
-0.0833705
-0.0829665
-0.082263
-0.0812712
-0.079981
-0.0783757
-0.0764449
-0.074188
-0.0716141
-0.0687421
-0.0656029
-0.0622413
-0.0587182
-0.0890711
-0.0908608
-0.0908876
-0.0906861
-0.0906739
-0.0906314
-0.0903294
-0.0897004
-0.0887546
-0.0874958
-0.0859073
-0.0839681
-0.081665
-0.0789952
-0.0759666
-0.0725981
-0.0689225
-0.0649886
-0.0608633
-0.0973951
-0.09889
-0.0987237
-0.0983696
-0.0981901
-0.0979514
-0.0974362
-0.0965843
-0.0953989
-0.0938727
-0.0919814
-0.0897003
-0.0870135
-0.0839158
-0.0804134
-0.0765254
-0.0722869
-0.067751
-0.0629912
-0.105757
-0.106857
-0.106573
-0.106138
-0.105809
-0.105368
-0.104639
-0.103573
-0.102157
-0.100367
-0.0981731
-0.0955473
-0.0924713
-0.088937
-0.0849489
-0.0805266
-0.0757076
-0.0705499
-0.0651341
-0.113956
-0.114564
-0.114315
-0.11391
-0.11345
-0.112799
-0.111864
-0.1106
-0.108968
-0.106923
-0.104432
-0.101467
-0.0980042
-0.0940341
-0.0895593
-0.0846001
-0.0791964
-0.0734117
-0.0673345
-0.121699
-0.12176
-0.121806
-0.121578
-0.121
-0.120131
-0.119007
-0.117573
-0.115743
-0.113459
-0.110686
-0.107395
-0.103561
-0.0991685
-0.0942209
-0.0887383
-0.0827635
-0.0763657
-0.0696415
-0.128607
-0.12819
-0.128908
-0.129008
-0.128305
-0.12722
-0.125941
-0.124369
-0.122366
-0.119865
-0.116836
-0.113248
-0.109071
-0.104287
-0.0988989
-0.0929259
-0.0864141
-0.0794387
-0.0721041
-0.134306
-0.133686
-0.135523
-0.136036
-0.135176
-0.133898
-0.132514
-0.13084
-0.128693
-0.126009
-0.122763
-0.118921
-0.114447
-0.109323
-0.103546
-0.0971348
-0.0901411
-0.0826457
-0.0747596
-0.138512
-0.138304
-0.14164
-0.142498
-0.141423
-0.140003
-0.13857
-0.136826
-0.134568
-0.131747
-0.128337
-0.124292
-0.119581
-0.114192
-0.108101
-0.101321
-0.0939187
-0.0859812
-0.0776228
-0.141307
-0.142366
-0.147299
-0.148256
-0.146933
-0.145444
-0.143998
-0.142208
-0.139883
-0.136985
-0.133476
-0.129284
-0.124388
-0.118811
-0.112506
-0.105448
-0.0977279
-0.0894391
-0.0807007
-0.143496
-0.146252
-0.152296
-0.153106
-0.151675
-0.150225
-0.148788
-0.146976
-0.14464
-0.141737
-0.138213
-0.13397
-0.128919
-0.123203
-0.11676
-0.109532
-0.101582
-0.0930263
-0.0839917
-0.146705
-0.15086
-0.156251
-0.156731
-0.155462
-0.154146
-0.152713
-0.150897
-0.148595
-0.145745
-0.142289
-0.138215
-0.133141
-0.127325
-0.12067
-0.113282
-0.105181
-0.0964508
-0.0872205
-0.161056
-0.157907
-0.158718
-0.158225
-0.156812
-0.15544
-0.153924
-0.152048
-0.149724
-0.146874
-0.143415
-0.138829
-0.134137
-0.12845
-0.121958
-0.114706
-0.106722
-0.0981108
-0.164995
-0.161033
-0.160248
-0.159367
-0.15787
-0.156439
-0.154844
-0.152895
-0.150505
-0.14759
-0.14416
-0.139477
-0.13465
-0.128854
-0.122287
-0.114977
-0.106948
-0.0983107
-0.166278
-0.162109
-0.160838
-0.159881
-0.158387
-0.156937
-0.15529
-0.153275
-0.150817
-0.147804
-0.143768
-0.139598
-0.134619
-0.128708
-0.122035
-0.114637
-0.106543
-0.0978685
-0.16703
-0.162602
-0.161095
-0.160162
-0.158708
-0.157255
-0.155575
-0.153515
-0.151
-0.147965
-0.14401
-0.139643
-0.134538
-0.128557
-0.121823
-0.114375
-0.106254
-0.097578
-0.167405
-0.162873
-0.161261
-0.16036
-0.158948
-0.157495
-0.15579
-0.153704
-0.151155
-0.147779
-0.144113
-0.13965
-0.134453
-0.12843
-0.121665
-0.114199
-0.10608
-0.0974335
-0.167431
-0.162913
-0.161321
-0.160456
-0.159085
-0.157635
-0.155909
-0.153801
-0.151307
-0.147881
-0.144094
-0.13958
-0.13433
-0.128283
-0.121506
-0.114044
-0.10595
-0.0973558
-0.167221
-0.162781
-0.161281
-0.160451
-0.159117
-0.157672
-0.155933
-0.153787
-0.150951
-0.147852
-0.144008
-0.139454
-0.134172
-0.12812
-0.121351
-0.113914
-0.105866
-0.166854
-0.162547
-0.16117
-0.160361
-0.15906
-0.15762
-0.155872
-0.153727
-0.150937
-0.14774
-0.143863
-0.139287
-0.133995
-0.127955
-0.121215
-0.113825
-0.105847
-0.166379
-0.162247
-0.161001
-0.160202
-0.158926
-0.15749
-0.155734
-0.153565
-0.150813
-0.147567
-0.143671
-0.139092
-0.133808
-0.1278
-0.121109
-0.11379
-0.105902
-0.165832
-0.161904
-0.160784
-0.159982
-0.158727
-0.157296
-0.155535
-0.153242
-0.150593
-0.147341
-0.143444
-0.138879
-0.133622
-0.127664
-0.121044
-0.113818
-0.106042
-0.165239
-0.161529
-0.160522
-0.15971
-0.15847
-0.157043
-0.155299
-0.153017
-0.150334
-0.147079
-0.143196
-0.138659
-0.133448
-0.127559
-0.12103
-0.113919
-0.106275
-0.164618
-0.161131
-0.160221
-0.159392
-0.158165
-0.156739
-0.154919
-0.152728
-0.15004
-0.146792
-0.142937
-0.138445
-0.133296
-0.127496
-0.121077
-0.114098
-0.106597
-0.163979
-0.160712
-0.159882
-0.159035
-0.157821
-0.156405
-0.154579
-0.152395
-0.149718
-0.146494
-0.142679
-0.138247
-0.133178
-0.127485
-0.121195
-0.114366
-0.16333
-0.160276
-0.159511
-0.158646
-0.157444
-0.156025
-0.154224
-0.15204
-0.149382
-0.146194
-0.142434
-0.138076
-0.133102
-0.12754
-0.121398
-0.114747
-0.162676
-0.159824
-0.159111
-0.158231
-0.157046
-0.155586
-0.153838
-0.151673
-0.149045
-0.145905
-0.142212
-0.137945
-0.13309
-0.127662
-0.121689
-0.115231
-0.162024
-0.159355
-0.158691
-0.157797
-0.156628
-0.155188
-0.153444
-0.151303
-0.148717
-0.145636
-0.142025
-0.137862
-0.133139
-0.127866
-0.122077
-0.115827
-0.161399
-0.158851
-0.158253
-0.157353
-0.156149
-0.154774
-0.153049
-0.150943
-0.148408
-0.145399
-0.141881
-0.137837
-0.133259
-0.128159
-0.12257
-0.116544
-0.160826
-0.158306
-0.157796
-0.156888
-0.155728
-0.154358
-0.152661
-0.150601
-0.148127
-0.145201
-0.14179
-0.137878
-0.133459
-0.128548
-0.123172
-0.117383
-0.160077
-0.157885
-0.157336
-0.156417
-0.155299
-0.15395
-0.152291
-0.150284
-0.147883
-0.145051
-0.141759
-0.137993
-0.133747
-0.129036
-0.123887
-0.118349
-0.159348
-0.157434
-0.156859
-0.155966
-0.154873
-0.153557
-0.151945
-0.150001
-0.147683
-0.144956
-0.141795
-0.138186
-0.134126
-0.129628
-0.124719
-0.158674
-0.156964
-0.156391
-0.155523
-0.154463
-0.153187
-0.15163
-0.149758
-0.147532
-0.144922
-0.141903
-0.138463
-0.1346
-0.130327
-0.125668
-0.158023
-0.15648
-0.155933
-0.155094
-0.154075
-0.152846
-0.151352
-0.149562
-0.147438
-0.144953
-0.142087
-0.138826
-0.135172
-0.131134
-0.126736
-0.157414
-0.156028
-0.155489
-0.154685
-0.153712
-0.152539
-0.151117
-0.149416
-0.147403
-0.145054
-0.14235
-0.13928
-0.135843
-0.13205
-0.127923
-0.156809
-0.155584
-0.155064
-0.154302
-0.153382
-0.152271
-0.150928
-0.149324
-0.147432
-0.145228
-0.142694
-0.139823
-0.136613
-0.133074
-0.129226
-0.156236
-0.155155
-0.154662
-0.153948
-0.153086
-0.152045
-0.150788
-0.14929
-0.147526
-0.145475
-0.143121
-0.140457
-0.137482
-0.134206
-0.130645
-0.155695
-0.154748
-0.154289
-0.153628
-0.152829
-0.151864
-0.1507
-0.149315
-0.147687
-0.145796
-0.143629
-0.14118
-0.138448
-0.135441
-0.132174
-0.155187
-0.154367
-0.153946
-0.153343
-0.152613
-0.15173
-0.150666
-0.1494
-0.147914
-0.14619
-0.144217
-0.14199
-0.139508
-0.136777
-0.133812
-0.154713
-0.154014
-0.153636
-0.153096
-0.15244
-0.151644
-0.150685
-0.149545
-0.148207
-0.146657
-0.144884
-0.142885
-0.140658
-0.13821
-0.135553
-0.154275
-0.153691
-0.153361
-0.152888
-0.15231
-0.151607
-0.150758
-0.149749
-0.148565
-0.147194
-0.145627
-0.143861
-0.141895
-0.139735
-0.137391
-0.153876
-0.153401
-0.153123
-0.15272
-0.152225
-0.151618
-0.150884
-0.150011
-0.148985
-0.147797
-0.146441
-0.144913
-0.143213
-0.141347
-0.139321
-0.153515
-0.153145
-0.152922
-0.152592
-0.152182
-0.151676
-0.151061
-0.150327
-0.149464
-0.148465
-0.147323
-0.146037
-0.144607
-0.143039
-0.153194
-0.152922
-0.152759
-0.152504
-0.152182
-0.15178
-0.151287
-0.150696
-0.149999
-0.149191
-0.148267
-0.147227
-0.146071
-0.144804
-0.152913
-0.152734
-0.152631
-0.152455
-0.152223
-0.151927
-0.151559
-0.151114
-0.150586
-0.149971
-0.149268
-0.148477
-0.147598
-0.146635
-0.152671
-0.15258
-0.15254
-0.152442
-0.152303
-0.152115
-0.151874
-0.151576
-0.151219
-0.1508
-0.15032
-0.149779
-0.14918
-0.148525
-0.152467
-0.152458
-0.152482
-0.152464
-0.152418
-0.15234
-0.152227
-0.152078
-0.151893
-0.151672
-0.151417
-0.151128
-0.15081
-0.150465
-0.1523
-0.152367
-0.152456
-0.152518
-0.152566
-0.152598
-0.152614
-0.152616
-0.152604
-0.152581
-0.152551
-0.152516
-0.15248
-0.152446
-0.152167
-0.152304
-0.152459
-0.152601
-0.152744
-0.152886
-0.153031
-0.153183
-0.153344
-0.15352
-0.153715
-0.153934
-0.154181
-0.154459
-0.152066
-0.152268
-0.152488
-0.15271
-0.152946
-0.153198
-0.153472
-0.153774
-0.154108
-0.154482
-0.154902
-0.155374
-0.155903
-0.156494
-0.151995
-0.152255
-0.15254
-0.152841
-0.153169
-0.153531
-0.153933
-0.154383
-0.154889
-0.15546
-0.156104
-0.156828
-0.157639
-0.158541
-0.15195
-0.152261
-0.152611
-0.152989
-0.153409
-0.153878
-0.154407
-0.155004
-0.155681
-0.156446
-0.157312
-0.158287
-0.159378
-0.16059
)
;

boundaryField
{
    inlet
    {
        type            zeroGradient;
    }
    outlet
    {
        type            fixedValue;
        value           nonuniform 0();
    }
    cylinder
    {
        type            zeroGradient;
    }
    top
    {
        type            symmetryPlane;
    }
    bottom
    {
        type            symmetryPlane;
    }
    defaultFaces
    {
        type            empty;
    }
    procBoundary2to1
    {
        type            processor;
        value           nonuniform List<scalar> 
199
(
-0.181036
-0.181036
-0.182451
-0.182451
-0.183456
-0.183456
-0.185885
-0.186347
-0.186347
-0.186331
-0.186331
-0.185931
-0.185931
-0.185229
-0.185229
-0.184286
-0.184286
-0.183114
-0.183114
-0.181637
-0.181637
-0.179671
-0.179671
-0.176935
-0.171825
-0.171825
-0.167158
-0.167158
-0.161055
-0.161055
-0.15352
-0.145612
-0.145612
-0.136347
-0.136347
-0.126193
-0.118076
-0.118076
-0.134584
-0.125802
-0.125802
-0.145585
-0.145585
-0.164163
-0.155692
-0.155692
-0.17243
-0.17243
-0.185406
-0.179166
-0.179166
-0.189628
-0.189628
-0.192617
-0.192617
-0.194717
-0.194717
-0.196242
-0.196242
-0.197411
-0.197411
-0.198329
-0.198329
-0.19901
-0.19901
-0.199403
-0.199403
-0.199435
-0.199435
-0.199012
-0.199012
-0.19808
-0.195631
-0.195631
-0.19437
-0.19437
-0.106245
-0.0967215
-0.0876197
-0.0788359
-0.0703887
-0.0623074
-0.0574594
-0.0574594
-0.0500668
-0.0429956
-0.0362403
-0.0297928
-0.0236442
-0.0177845
-0.0122031
-0.00688872
-0.00182999
0.00298454
0.00756599
0.0119253
0.0160729
0.0200188
0.0237725
0.0273428
0.0307382
0.0339665
0.0370352
0.039951
0.0427204
0.0453495
0.0478437
0.0502085
0.0524487
0.054569
0.0565739
0.0584672
0.0602533
0.0619358
0.0635184
0.0650045
0.0663976
0.0677011
0.068918
0.0700517
0.0711049
0.0720809
0.0729824
0.0733329
0.0733329
0.0741131
0.0748254
0.0754723
0.0760563
0.0765794
0.0770439
0.077451
0.0778028
0.0780995
0.0783421
0.078531
0.0786616
0.0787438
0.0652852
0.0652254
0.0651426
0.0650246
0.0648756
0.0646954
0.0644824
0.0642369
0.0639569
0.0636415
0.0632886
0.0628963
0.0624626
0.0619848
0.0614603
0.0608861
0.0602591
0.0595759
0.0588326
0.0580254
0.0571499
0.0562015
0.0551753
0.054066
0.0528681
0.0515756
0.0501822
0.0486811
0.047065
0.0453266
0.0434577
0.04145
0.0392944
0.0369816
0.0345018
0.0318449
0.0289997
0.0259554
0.0227001
0.0192217
0.015508
0.0115458
0.0115458
0.00921733
0.00480386
0.000103752
-0.00489703
-0.0102126
-0.0158569
-0.0218436
-0.0281856
-0.034895
-0.0419831
-0.0494602
-0.0573344
-0.065612
-0.0743023
-0.083408
-0.092896
-0.102741
-0.113046
)
;
    }
    procBoundary2to3
    {
        type            processor;
        value           nonuniform List<scalar> 
211
(
-0.164301
-0.166657
-0.168981
-0.171259
-0.17348
-0.175634
-0.177709
-0.179696
-0.181583
-0.183362
-0.183362
-0.190207
-0.192026
-0.193698
-0.195217
-0.19657
-0.197743
-0.198829
-0.199727
-0.20045
-0.201005
-0.201397
-0.201397
-0.209847
-0.210055
-0.210095
-0.209973
-0.209696
-0.209272
-0.20871
-0.20871
-0.217558
-0.216762
-0.215836
-0.214788
-0.213628
-0.212362
-0.212362
-0.221151
-0.219631
-0.218021
-0.216243
-0.21422
-0.212708
-0.212708
-0.222521
-0.22086
-0.218447
-0.214927
-0.210107
-0.203933
-0.196474
-0.187911
-0.178505
-0.168541
-0.158284
-0.147948
-0.13769
-0.127617
-0.117796
-0.108266
-0.0990469
-0.0901498
-0.0815789
-0.0733355
-0.0654189
-0.0578273
-0.0505579
-0.043607
-0.0369702
-0.0306423
-0.0246177
-0.0188898
-0.0134517
-0.00829615
-0.00341525
0.00119904
0.00555504
0.00966126
0.0135263
0.017159
0.0205679
0.0237618
0.0267493
0.0295389
0.0321391
0.0345578
0.0368032
0.0388828
0.0408042
0.0425744
0.0442002
0.045688
0.0470437
0.0482729
0.0493806
0.0503712
0.0512487
0.0520161
0.0526758
0.0532293
0.053677
0.0540181
0.05425
0.0543692
0.0359649
0.0358306
0.0355703
0.03519
0.0346954
0.0340904
0.0333784
0.0325619
0.0316432
0.0306236
0.0295046
0.028287
0.0269715
0.0255591
0.0240501
0.0224455
0.0207459
0.0189525
0.0170665
0.0150893
0.013023
0.0108698
0.00863254
0.00631457
0.00391972
0.00145245
-0.00108219
-0.00367849
-0.00633017
-0.00903032
-0.0117714
-0.0145455
-0.017344
-0.0201581
-0.0201581
-0.0240046
-0.0266871
-0.029336
-0.0319401
-0.0344886
-0.0369711
-0.0393778
-0.0416998
-0.0439292
-0.0460593
-0.0480846
-0.0500016
-0.051809
-0.0535095
-0.0551117
-0.0566329
-0.0581026
-0.0595652
-0.0610795
-0.0627153
-0.064544
-0.0666249
-0.0689929
-0.0716669
-0.0746353
-0.0776495
-0.0890041
-0.0890041
-0.0891973
-0.0887465
-0.0884794
-0.0883854
-0.0883806
-0.0973488
-0.0973488
-0.0974315
-0.0976151
-0.0979079
-0.0983194
-0.0988665
-0.107
-0.107
-0.10763
-0.10835
-0.109182
-0.110145
-0.111244
-0.11248
-0.119442
-0.119442
-0.120665
-0.122016
-0.123495
-0.125099
-0.126826
-0.128672
-0.130633
-0.132704
-0.134878
-0.137149
-0.141337
-0.141337
-0.14343
-0.145593
-0.147817
-0.150095
-0.152415
-0.154768
-0.157144
-0.159533
-0.161922
)
;
    }
}


// ************************************************************************* //
