/*--------------------------------*- C++ -*----------------------------------*\
  =========                 |
  \\      /  F ield         | OpenFOAM: The Open Source CFD Toolbox
   \\    /   O peration     | Website:  https://openfoam.org
    \\  /    A nd           | Version:  7
     \\/     M anipulation  |
\*---------------------------------------------------------------------------*/
FoamFile
{
    version     2.0;
    format      ascii;
    class       volScalarField;
    location    "65";
    object      p;
}
// * * * * * * * * * * * * * * * * * * * * * * * * * * * * * * * * * * * * * //

dimensions      [0 2 -2 0 0 0 0];

internalField   nonuniform List<scalar> 
8500
(
-0.324909
-0.327685
-0.326339
-0.33063
-0.329105
-0.327372
-0.333751
-0.33203
-0.330139
-0.337051
-0.335119
-0.33306
-0.330597
-0.340536
-0.338377
-0.336142
-0.333501
-0.330558
-0.344209
-0.341808
-0.339387
-0.336562
-0.333438
-0.33014
-0.348074
-0.345415
-0.3428
-0.339783
-0.336474
-0.332998
-0.329434
-0.352132
-0.349201
-0.346383
-0.34317
-0.339669
-0.336012
-0.332269
-0.328488
-0.356385
-0.353167
-0.35014
-0.346724
-0.343027
-0.339182
-0.335254
-0.33128
-0.327264
-0.360833
-0.357315
-0.354072
-0.350448
-0.346551
-0.342513
-0.338391
-0.334211
-0.329964
-0.3256
-0.365475
-0.361644
-0.358179
-0.354343
-0.350241
-0.346003
-0.341678
-0.337277
-0.332776
-0.32811
-0.323193
-0.370309
-0.366153
-0.362461
-0.358409
-0.354097
-0.349653
-0.345113
-0.340474
-0.335693
-0.330692
-0.325375
-0.319644
-0.313424
-0.37533
-0.37084
-0.366917
-0.362645
-0.358118
-0.353461
-0.348693
-0.343794
-0.338704
-0.333331
-0.327572
-0.321333
-0.314551
-0.307214
-0.380535
-0.375701
-0.371542
-0.367048
-0.362302
-0.357422
-0.35241
-0.347227
-0.341796
-0.336012
-0.329767
-0.322977
-0.315599
-0.307645
-0.299179
-0.385916
-0.380729
-0.376334
-0.371614
-0.366644
-0.36153
-0.356256
-0.350762
-0.344953
-0.338715
-0.331941
-0.32456
-0.316552
-0.307961
-0.298879
-0.289437
-0.279763
-0.391465
-0.385918
-0.381284
-0.376337
-0.371137
-0.365777
-0.360219
-0.354383
-0.348157
-0.34142
-0.334072
-0.326059
-0.317393
-0.308147
-0.298444
-0.288437
-0.278267
-0.268121
-0.39717
-0.391259
-0.386385
-0.381209
-0.375772
-0.370152
-0.364286
-0.358073
-0.351388
-0.344106
-0.336138
-0.327457
-0.318106
-0.308193
-0.297868
-0.287302
-0.276649
-0.266086
-0.255548
-0.245768
-0.403018
-0.39674
-0.391627
-0.386219
-0.380537
-0.37464
-0.368439
-0.361813
-0.354623
-0.346748
-0.338118
-0.328734
-0.318677
-0.308087
-0.297142
-0.286027
-0.274902
-0.263936
-0.253079
-0.242995
-0.408995
-0.402348
-0.396996
-0.391355
-0.385419
-0.379226
-0.37266
-0.365579
-0.357837
-0.349322
-0.339987
-0.32987
-0.319089
-0.307817
-0.296257
-0.284605
-0.273022
-0.261667
-0.2505
-0.240122
-0.415083
-0.408067
-0.402479
-0.396602
-0.3904
-0.383889
-0.376924
-0.369345
-0.361004
-0.351802
-0.341723
-0.330846
-0.319328
-0.307375
-0.295207
-0.283029
-0.271002
-0.259271
-0.247806
-0.237144
-0.421262
-0.413878
-0.408056
-0.40194
-0.395462
-0.388608
-0.381208
-0.373085
-0.364095
-0.35416
-0.343303
-0.331643
-0.31938
-0.306747
-0.293983
-0.281293
-0.268837
-0.256743
-0.244989
-0.234051
-0.427508
-0.419763
-0.41371
-0.407351
-0.400581
-0.393358
-0.385483
-0.376769
-0.36708
-0.35637
-0.344702
-0.332243
-0.31923
-0.305926
-0.292577
-0.279391
-0.26652
-0.254076
-0.242045
-0.23084
-0.433798
-0.425696
-0.419416
-0.41281
-0.405732
-0.39811
-0.389718
-0.380364
-0.36993
-0.358404
-0.345899
-0.332628
-0.318867
-0.304899
-0.290981
-0.277314
-0.264043
-0.251264
-0.238965
-0.227501
-0.440102
-0.431653
-0.425149
-0.418292
-0.410887
-0.402833
-0.393881
-0.383839
-0.372613
-0.360235
-0.346871
-0.332781
-0.318276
-0.303658
-0.289186
-0.275056
-0.2614
-0.248298
-0.235743
-0.22403
-0.446392
-0.437606
-0.430882
-0.423766
-0.416014
-0.407494
-0.397937
-0.387159
-0.375097
-0.361836
-0.347596
-0.332685
-0.317445
-0.302191
-0.287184
-0.272608
-0.258584
-0.245174
-0.232373
-0.22042
-0.452635
-0.443524
-0.436584
-0.429202
-0.421081
-0.412057
-0.40185
-0.390288
-0.377351
-0.36318
-0.348053
-0.332324
-0.316361
-0.30049
-0.284966
-0.269962
-0.255586
-0.241882
-0.228848
-0.216664
-0.458795
-0.449373
-0.442222
-0.434565
-0.426051
-0.416486
-0.405581
-0.393191
-0.379343
-0.364242
-0.348222
-0.331682
-0.315012
-0.298544
-0.282523
-0.267112
-0.2524
-0.238416
-0.225161
-0.212757
-0.464835
-0.455119
-0.447761
-0.439819
-0.430885
-0.42074
-0.409093
-0.395832
-0.381043
-0.364995
-0.348083
-0.330744
-0.313386
-0.296342
-0.279848
-0.264047
-0.249017
-0.234769
-0.221306
-0.208692
-0.470716
-0.460724
-0.453163
-0.444924
-0.435543
-0.424778
-0.412346
-0.398176
-0.38242
-0.365417
-0.347617
-0.329495
-0.311472
-0.293876
-0.276929
-0.260761
-0.245429
-0.230934
-0.217276
-0.204464
-0.476398
-0.466149
-0.458387
-0.449839
-0.439983
-0.428559
-0.4153
-0.400187
-0.383444
-0.365482
-0.346807
-0.327922
-0.309258
-0.291135
-0.27376
-0.257244
-0.24163
-0.226903
-0.213063
-0.200066
-0.481837
-0.471352
-0.463394
-0.454523
-0.444162
-0.432039
-0.417915
-0.40183
-0.384088
-0.36517
-0.345634
-0.326011
-0.306733
-0.28811
-0.270331
-0.253489
-0.237611
-0.22267
-0.208663
-0.195494
-0.486989
-0.47629
-0.468138
-0.45893
-0.448035
-0.435177
-0.420152
-0.403073
-0.384324
-0.364459
-0.344083
-0.323748
-0.303886
-0.28479
-0.266632
-0.249487
-0.233365
-0.218227
-0.204069
-0.190742
-0.49181
-0.480921
-0.472577
-0.463017
-0.451558
-0.43793
-0.421974
-0.403882
-0.384125
-0.363328
-0.342139
-0.321123
-0.300706
-0.281167
-0.262657
-0.245231
-0.228885
-0.213569
-0.199276
-0.185804
-0.496255
-0.485198
-0.476665
-0.466736
-0.454686
-0.440254
-0.423342
-0.404227
-0.383469
-0.36176
-0.339785
-0.318121
-0.297184
-0.277232
-0.258396
-0.240714
-0.224164
-0.20869
-0.194277
-0.180678
-0.500274
-0.489077
-0.480355
-0.470042
-0.457373
-0.442109
-0.424221
-0.404078
-0.382331
-0.359735
-0.33701
-0.314733
-0.293309
-0.272976
-0.253842
-0.235927
-0.219195
-0.203583
-0.189067
-0.175357
-0.503824
-0.492511
-0.483601
-0.472889
-0.459575
-0.443454
-0.424575
-0.403408
-0.38069
-0.357239
-0.333799
-0.310948
-0.289073
-0.268391
-0.248987
-0.230864
-0.213974
-0.198243
-0.183643
-0.169838
-0.506857
-0.495454
-0.486357
-0.47523
-0.461249
-0.444251
-0.424373
-0.40219
-0.378526
-0.354255
-0.330141
-0.306756
-0.284467
-0.263468
-0.243824
-0.22552
-0.208493
-0.192666
-0.177998
-0.164118
-0.509327
-0.497861
-0.488578
-0.477022
-0.462352
-0.444462
-0.423584
-0.4004
-0.375822
-0.350771
-0.326025
-0.302147
-0.279483
-0.258201
-0.238346
-0.219887
-0.202747
-0.186846
-0.172131
-0.158192
-0.51119
-0.499687
-0.490218
-0.47822
-0.462845
-0.444051
-0.422179
-0.398017
-0.37256
-0.346772
-0.321441
-0.297114
-0.274113
-0.252583
-0.232548
-0.21396
-0.196733
-0.18078
-0.166036
-0.15206
-0.512402
-0.500888
-0.491235
-0.478781
-0.462688
-0.442987
-0.420132
-0.395021
-0.368726
-0.342249
-0.31638
-0.291648
-0.268351
-0.246608
-0.226424
-0.207736
-0.190445
-0.174464
-0.159712
-0.145718
-0.512921
-0.501423
-0.491584
-0.478667
-0.461846
-0.441239
-0.417419
-0.391394
-0.364307
-0.337191
-0.310834
-0.285743
-0.262191
-0.240271
-0.219969
-0.201209
-0.183881
-0.167895
-0.153154
-0.139164
-0.512706
-0.501249
-0.491228
-0.477838
-0.460284
-0.43878
-0.41402
-0.38712
-0.359292
-0.331591
-0.304796
-0.279394
-0.255627
-0.233567
-0.213179
-0.194376
-0.177037
-0.161071
-0.146363
-0.132396
-0.51172
-0.500329
-0.490126
-0.47626
-0.457972
-0.435583
-0.409915
-0.382187
-0.353671
-0.32544
-0.298261
-0.272595
-0.248656
-0.226492
-0.206052
-0.187234
-0.169912
-0.153989
-0.139336
-0.125417
-0.509925
-0.498627
-0.488244
-0.473898
-0.454881
-0.431628
-0.405088
-0.376582
-0.347436
-0.318733
-0.291225
-0.265343
-0.241274
-0.219044
-0.198584
-0.179782
-0.162502
-0.146648
-0.132073
-0.118229
-0.50729
-0.496107
-0.485549
-0.470723
-0.450988
-0.426896
-0.399527
-0.370298
-0.340582
-0.311467
-0.283683
-0.257634
-0.233479
-0.211221
-0.190775
-0.172018
-0.154808
-0.139047
-0.124573
-0.11083
-0.503783
-0.492741
-0.48201
-0.466709
-0.446268
-0.421369
-0.39322
-0.363328
-0.333104
-0.303638
-0.275635
-0.249469
-0.22527
-0.203021
-0.182623
-0.163942
-0.146828
-0.131185
-0.116833
-0.10319
-0.499378
-0.488498
-0.477601
-0.461831
-0.440706
-0.415036
-0.386159
-0.355666
-0.325001
-0.295246
-0.26708
-0.240845
-0.216646
-0.194445
-0.174129
-0.155555
-0.138565
-0.123068
-0.108857
-0.0952756
-0.49405
-0.483356
-0.472299
-0.45607
-0.434284
-0.407886
-0.378339
-0.347312
-0.316272
-0.28629
-0.258017
-0.231764
-0.207609
-0.185493
-0.165294
-0.146857
-0.130022
-0.1147
-0.100657
-0.087159
-0.48778
-0.477293
-0.466083
-0.449409
-0.426992
-0.399913
-0.369758
-0.338264
-0.306918
-0.276773
-0.24845
-0.222228
-0.198159
-0.176168
-0.156119
-0.137851
-0.121199
-0.106076
-0.092199
-0.0789116
-0.480549
-0.47029
-0.458937
-0.441835
-0.418821
-0.391114
-0.360415
-0.328525
-0.296941
-0.266698
-0.238382
-0.21224
-0.188301
-0.166473
-0.146609
-0.128541
-0.1121
-0.097201
-0.0835183
-0.0704654
-0.472346
-0.462334
-0.450849
-0.43334
-0.409767
-0.381487
-0.350313
-0.318099
-0.286348
-0.256069
-0.227816
-0.201804
-0.178039
-0.156412
-0.136767
-0.11893
-0.102729
-0.0880789
-0.0746195
-0.0618128
-0.463159
-0.453415
-0.44181
-0.423918
-0.399828
-0.371035
-0.339457
-0.306993
-0.275145
-0.244894
-0.21676
-0.190927
-0.167377
-0.145989
-0.126598
-0.109023
-0.09309
-0.0787151
-0.0655041
-0.0529581
-0.452985
-0.443526
-0.431815
-0.413567
-0.389007
-0.359764
-0.327854
-0.295214
-0.26334
-0.233181
-0.20522
-0.179614
-0.156323
-0.135212
-0.116108
-0.0988251
-0.0831888
-0.0691148
-0.0561751
-0.0439074
-0.441819
-0.432664
-0.420863
-0.402289
-0.377308
-0.347682
-0.315514
-0.282774
-0.250943
-0.220937
-0.193205
-0.167874
-0.144884
-0.124088
-0.105305
-0.0883438
-0.0730316
-0.059284
-0.0466375
-0.0346676
-0.429665
-0.420831
-0.408955
-0.390089
-0.364741
-0.334799
-0.30245
-0.269684
-0.237966
-0.208176
-0.180726
-0.155716
-0.133068
-0.112623
-0.0941945
-0.0775863
-0.0626255
-0.0492291
-0.036897
-0.0252453
-0.416528
-0.40803
-0.396099
-0.376977
-0.351318
-0.32113
-0.288675
-0.255959
-0.224422
-0.194908
-0.167794
-0.143152
-0.120887
-0.100829
-0.082787
-0.0665609
-0.0519785
-0.0389575
-0.0269606
-0.0156477
-0.402417
-0.394272
-0.382305
-0.362964
-0.337052
-0.306691
-0.274207
-0.241615
-0.210326
-0.181148
-0.154421
-0.130192
-0.10835
-0.0887155
-0.071092
-0.0552769
-0.0410993
-0.0284775
-0.0168363
-0.00588245
-0.387345
-0.379567
-0.367586
-0.348068
-0.321963
-0.291501
-0.259064
-0.226669
-0.195695
-0.16691
-0.140621
-0.116849
-0.0954691
-0.0762934
-0.0591201
-0.0437445
-0.0299975
-0.017798
-0.0065324
0.0040422
-0.371329
-0.363932
-0.35196
-0.332306
-0.30607
-0.27558
-0.243268
-0.211141
-0.180547
-0.152212
-0.126409
-0.103138
-0.0822585
-0.0635753
-0.0468829
-0.0319745
-0.0186836
-0.00692872
0.0039416
0.0141173
-0.354389
-0.347387
-0.335446
-0.315702
-0.289397
-0.258954
-0.226842
-0.195052
-0.164901
-0.137071
-0.111803
-0.0890741
-0.0687317
-0.0505744
-0.034393
-0.0199789
-0.00716859
0.00411972
0.0145756
0.0243333
-0.336548
-0.329953
-0.318068
-0.298279
-0.27197
-0.241648
-0.209806
-0.178426
-0.148778
-0.121506
-0.0968187
-0.0746728
-0.0549039
-0.0373048
-0.0216637
-0.00777027
0.00453534
0.015336
0.0253587
0.0346794
-0.317833
-0.311657
-0.299853
-0.280067
-0.253819
-0.223687
-0.192189
-0.161286
-0.132201
-0.105538
-0.0814755
-0.0599516
-0.040791
-0.0237816
-0.0087089
0.00463803
0.0164155
0.026708
0.0362792
0.0451439
-0.298274
-0.292528
-0.280831
-0.261096
-0.234975
-0.205099
-0.174021
-0.143658
-0.115192
-0.0891875
-0.0657931
-0.0449287
-0.0264099
-0.0100203
0.00445646
0.0172319
0.0284583
0.0382229
0.0473243
0.0557137
-0.277902
-0.272599
-0.261035
-0.241402
-0.21546
-0.185923
-0.15533
-0.125569
-0.0977773
-0.0724777
-0.0497919
-0.029623
-0.0117781
0.00396257
0.017817
0.0299968
0.0406496
0.0498672
0.0584808
-0.256753
-0.251903
-0.240501
-0.221022
-0.195311
-0.166188
-0.136147
-0.107048
-0.0799818
-0.0554321
-0.0334937
-0.0140544
0.00308586
0.01815
0.0313568
0.0429174
0.0529747
0.0616269
-0.234864
-0.23048
-0.219266
-0.19997
-0.174587
-0.145929
-0.116503
-0.0881237
-0.0618327
-0.0380753
-0.016921
0.00175626
0.018163
0.0325243
0.0450595
0.0559783
0.0654185
-0.212274
-0.208369
-0.197366
-0.178309
-0.153309
-0.125183
-0.0964337
-0.0688275
-0.043358
-0.0204327
-9.71025e-05
0.0177877
0.0334337
0.0470674
0.0589084
0.0691636
-0.189022
-0.185615
-0.174843
-0.156082
-0.131518
-0.103987
-0.0759725
-0.0491908
-0.0245866
-0.00253083
0.0169538
0.0340178
0.0488777
0.0617608
0.0728865
0.0824578
-0.165145
-0.162272
-0.151748
-0.133327
-0.109255
-0.0823799
-0.0551555
-0.0292464
-0.00554844
0.0156031
0.0342068
0.0504236
0.064474
0.0765857
0.0869769
-0.140703
-0.13838
-0.128129
-0.110089
-0.0865649
-0.060402
-0.0340195
-0.00902778
0.013726
0.0339411
0.0516362
0.0669819
0.0802014
0.0915227
-0.115789
-0.113953
-0.104029
-0.0864147
-0.0634907
-0.0380939
-0.0126019
0.0114306
0.0332052
0.0524545
0.0692159
0.0836685
0.096038
0.106552
-0.0904176
-0.0890605
-0.0794968
-0.062351
-0.0400776
-0.0154974
0.00905876
0.0320938
0.0528573
0.0711139
0.0869188
0.100459
0.111961
-0.0646287
-0.0637662
-0.0545834
-0.0379466
-0.0163717
0.00734482
0.0309235
0.0529259
0.0726494
0.0898895
0.104718
0.117327
0.127948
-0.0384793
-0.0381217
-0.0293402
-0.0132512
0.00758043
0.0303896
0.0529526
0.0738909
0.0925486
0.108751
0.122584
0.134248
-0.0120239
-0.012178
-0.00381866
0.0116855
0.0317317
0.0535933
0.075106
0.0949519
0.112521
0.127666
0.14049
0.0146807
0.0140105
0.0219275
0.0368122
0.056034
0.0769117
0.0973432
0.116072
0.132533
0.146606
0.158406
0.041578
0.0403887
0.0478442
0.0620775
0.0804394
0.1003
0.119623
0.137213
0.152549
0.165537
0.0686109
0.0669012
0.0738771
0.0874295
0.104899
0.123714
0.141905
0.158339
0.172536
0.184428
0.0957223
0.0934917
0.0999716
0.112816
0.129365
0.147109
0.164149
0.179411
0.192459
0.203247
0.122855
0.120104
0.126073
0.138186
0.153789
0.17044
0.186312
0.200392
0.212284
0.149951
0.146682
0.152126
0.163485
0.178121
0.193662
0.208354
0.221244
0.231975
0.176953
0.173168
0.178076
0.188664
0.202315
0.216731
0.230234
0.241929
0.203804
0.199507
0.203869
0.21367
0.226321
0.239603
0.251912
0.262412
0.230446
0.225642
0.22945
0.238452
0.250093
0.262235
0.273348
0.256824
0.251519
0.254766
0.26296
0.273583
0.284582
0.294501
0.282882
0.277081
0.279765
0.287144
0.296745
0.306602
0.315334
0.308565
0.302276
0.304393
0.310954
0.319534
0.328255
0.333818
0.32705
0.3286
0.334342
0.341906
0.349497
0.358587
0.35135
0.352335
0.357262
0.363815
0.37029
0.382822
0.375125
0.375549
0.379666
0.385219
0.406471
0.398325
0.398194
0.40151
0.406077
0.429484
0.420902
0.420223
0.422749
0.426348
0.451813
0.442808
0.441591
0.443342
0.445993
0.473412
0.463997
0.462254
0.463247
0.494236
0.484426
0.48217
0.482424
0.51424
0.504051
0.501297
0.500835
0.533384
0.522831
0.519597
0.518444
0.551627
0.540729
0.537032
0.535215
0.568932
0.557706
0.553568
0.585264
0.573728
0.56917
0.600588
0.588761
0.583806
0.614873
0.602775
0.597448
0.628089
0.615741
0.610068
0.64021
0.627632
0.621641
0.651211
0.638425
0.632143
0.661069
0.648096
0.641553
0.669764
0.656627
0.649853
0.677279
0.664001
0.683598
0.670201
0.688709
0.675217
0.692602
0.679038
0.695269
0.681656
0.696704
0.683067
0.696906
0.683268
0.695875
0.682259
0.693612
0.680043
0.690124
0.676624
0.685417
0.672011
0.679502
0.666213
0.672392
0.659242
0.652414
0.664102
0.651114
0.644509
0.654649
0.641846
0.635494
0.644054
0.631457
0.625387
0.632339
0.619969
0.61421
0.619528
0.607407
0.601986
0.605649
0.593797
0.58874
0.590732
0.579168
0.5745
0.574807
0.563552
0.559295
0.557909
0.54698
0.543157
0.541139
0.540073
0.529488
0.526119
0.524752
0.521337
0.511113
0.508217
0.507528
0.50174
0.491894
0.489488
0.489503
0.481325
0.471872
0.469971
0.470711
0.460134
0.451089
0.449707
0.451193
0.453525
0.438213
0.429589
0.428737
0.430986
0.434251
0.415608
0.407419
0.407107
0.410133
0.414351
0.392368
0.384625
0.384861
0.388676
0.393864
0.398852
0.368541
0.361256
0.362046
0.366659
0.372831
0.378904
0.344179
0.337362
0.33871
0.344126
0.351294
0.358466
0.319333
0.312994
0.314901
0.321124
0.329294
0.337579
0.294057
0.288204
0.290671
0.297701
0.306876
0.316282
0.32457
0.268406
0.263046
0.266071
0.273903
0.284085
0.294616
0.304075
0.242433
0.237573
0.241152
0.249781
0.260966
0.272623
0.283259
0.216194
0.21184
0.215967
0.225384
0.237565
0.250346
0.262161
0.272196
0.189746
0.185903
0.190569
0.200763
0.213928
0.227828
0.240821
0.252035
0.163146
0.159817
0.165013
0.175967
0.190104
0.205112
0.219277
0.23167
0.241941
0.13645
0.133638
0.139353
0.15105
0.16614
0.182242
0.197572
0.211139
0.222555
0.109715
0.107422
0.113643
0.126062
0.142084
0.159263
0.175744
0.190478
0.203036
0.213375
0.0829999
0.0812261
0.0879382
0.101055
0.117984
0.136219
0.153835
0.169724
0.183418
0.194847
0.0563603
0.0551058
0.0622925
0.0760804
0.0938888
0.113154
0.131887
0.148917
0.163734
0.176246
0.0298536
0.0291169
0.0367605
0.0511908
0.0698463
0.0901133
0.109939
0.128092
0.14402
0.157603
0.168956
0.00353632
0.00331467
0.0113964
0.0264375
0.0459049
0.0671411
0.0880319
0.107287
0.124309
0.138952
0.151315
0.161601
-0.0225352
-0.0222462
-0.0137463
0.00187152
0.0221124
0.0442817
0.0662074
0.0865402
0.104636
0.120323
0.133684
0.144917
-0.0483045
-0.0475116
-0.0386141
-0.0224561
-0.00148342
0.0215791
0.0445053
0.0658873
0.085035
0.101746
0.116091
0.128258
0.138474
-0.0737177
-0.072431
-0.063156
-0.046496
-0.0248359
-0.000923409
0.0229655
0.0453653
0.065539
0.0832541
0.0985634
0.11165
0.122738
-0.0987181
-0.0969528
-0.0873207
-0.070199
-0.0478986
-0.0231828
0.00162744
0.0250102
0.0461812
0.0648762
0.0811303
0.095119
0.107064
0.117188
-0.123267
-0.121015
-0.111058
-0.0935168
-0.0706259
-0.0451568
-0.0194702
0.00485747
0.026994
0.0466423
0.0638187
0.0786899
0.091475
0.102398
-0.147348
-0.144548
-0.13432
-0.116403
-0.0929731
-0.0668039
-0.0402892
-0.015058
0.00800937
0.0285816
0.0466553
0.0623873
0.0759938
0.0876982
0.0977153
-0.170869
-0.167538
-0.157063
-0.138811
-0.114896
-0.0880835
-0.0607923
-0.0347022
-0.0107416
0.0107227
0.0296662
0.0462352
0.0606418
0.0731092
0.0838529
0.0930721
-0.193773
-0.189946
-0.17924
-0.160696
-0.136353
-0.108956
-0.0809431
-0.0540416
-0.0292286
-0.00690663
0.0128769
0.0302568
0.0454405
0.05865
0.0701012
0.0799971
0.0884688
-0.216021
-0.211717
-0.2008
-0.182022
-0.1573
-0.129384
-0.100706
-0.073044
-0.0474219
-0.0242794
-0.00368784
0.0144748
0.0304103
0.0443393
0.0564772
0.0670296
0.0761326
-0.237577
-0.232808
-0.221703
-0.20275
-0.177695
-0.149329
-0.120047
-0.0916779
-0.0652929
-0.0413694
-0.0200041
-0.00108887
0.0155716
0.0301955
0.0429977
0.0541852
0.0638988
0.0722351
-0.258401
-0.25318
-0.241912
-0.2228
-0.197533
-0.168756
-0.138932
-0.109913
-0.0828138
-0.0581514
-0.0360486
-0.0164129
0.00094379
0.0162367
0.0296795
0.0414796
0.0517825
0.0606785
0.0689755
-0.278455
-0.272795
-0.261392
-0.242177
-0.216738
-0.187629
-0.15733
-0.12772
-0.0999579
-0.0746008
-0.0517991
-0.0314767
-0.0134541
0.00248034
0.0165387
0.0289283
0.0397989
0.0492364
0.0580171
0.0660973
-0.297708
-0.291618
-0.280107
-0.260841
-0.235278
-0.205919
-0.175209
-0.14507
-0.1167
-0.0906944
-0.0672341
-0.0462606
-0.0276039
-0.0110566
0.00359125
0.0165464
0.0279625
0.0379229
0.0471693
0.0557206
-0.316125
-0.309618
-0.298025
-0.278755
-0.253132
-0.223587
-0.192543
-0.161937
-0.133014
-0.10641
-0.0823332
-0.0607458
-0.041488
-0.0243578
-0.0091475
0.00434852
0.0162876
0.0267512
0.0364455
0.0454488
-0.33368
-0.326767
-0.315115
-0.295887
-0.270269
-0.240609
-0.209302
-0.178296
-0.148879
-0.121726
-0.0970769
-0.0749142
-0.0550899
-0.0374076
-0.0216629
-0.00765133
0.00478756
0.0157343
0.0258584
0.0352951
-0.350345
-0.343039
-0.331352
-0.312212
-0.286662
-0.256958
-0.225459
-0.194123
-0.164272
-0.136622
-0.111447
-0.088749
-0.0683937
-0.0501913
-0.0339409
-0.0194399
-0.00652488
0.00488413
0.0154196
0.0252711
-0.366097
-0.358412
-0.346714
-0.327704
-0.302284
-0.27261
-0.240991
-0.209395
-0.179172
-0.15108
-0.125426
-0.102234
-0.0813844
-0.0626949
-0.0459684
-0.0310046
-0.0176377
-0.0057879
0.00514012
0.0153874
-0.380918
-0.372867
-0.361179
-0.342342
-0.317112
-0.287539
-0.255878
-0.224091
-0.193561
-0.165083
-0.138997
-0.115354
-0.0940481
-0.0749052
-0.0577329
-0.0423336
-0.0285399
-0.0162713
-0.00497002
0.0056538
-0.394791
-0.38639
-0.374733
-0.356107
-0.331126
-0.301727
-0.270097
-0.238192
-0.20742
-0.178613
-0.152146
-0.128096
-0.106372
-0.0868101
-0.0692229
-0.0534162
-0.0392209
-0.0265563
-0.0149015
-0.00392082
-0.407704
-0.398968
-0.387362
-0.368985
-0.34431
-0.315153
-0.283631
-0.251681
-0.220733
-0.191656
-0.164859
-0.140447
-0.118344
-0.0983983
-0.080428
-0.0642421
-0.0496714
-0.036634
-0.0246456
-0.0133282
-0.419648
-0.410593
-0.399056
-0.380963
-0.356648
-0.327804
-0.296463
-0.264542
-0.233486
-0.204199
-0.177125
-0.152394
-0.129953
-0.10966
-0.0913383
-0.0748023
-0.0598825
-0.0464961
-0.0341947
-0.0225606
-0.430618
-0.421262
-0.40981
-0.392034
-0.36813
-0.339664
-0.30858
-0.276761
-0.245666
-0.216229
-0.188931
-0.163929
-0.14119
-0.120585
-0.101945
-0.0850885
-0.0698464
-0.0561354
-0.0435417
-0.031611
-0.440613
-0.430974
-0.419622
-0.402191
-0.378748
-0.350725
-0.31997
-0.288327
-0.257261
-0.227736
-0.200267
-0.175041
-0.152046
-0.131165
-0.112241
-0.0950931
-0.0795561
-0.0655453
-0.0526807
-0.0404726
-0.449635
-0.439732
-0.428493
-0.411435
-0.388497
-0.360978
-0.330623
-0.299229
-0.268261
-0.238711
-0.211125
-0.185723
-0.162514
-0.141396
-0.122218
-0.10481
-0.0890053
-0.0747198
-0.0616068
-0.0491389
-0.457691
-0.447543
-0.43643
-0.419767
-0.397375
-0.370418
-0.340532
-0.30946
-0.27866
-0.249146
-0.221499
-0.195968
-0.172587
-0.151269
-0.131872
-0.114233
-0.0981886
-0.0836537
-0.0703165
-0.0576041
-0.464791
-0.454418
-0.443442
-0.427193
-0.405384
-0.379044
-0.349694
-0.319013
-0.288449
-0.259034
-0.231382
-0.205771
-0.18226
-0.160779
-0.141197
-0.123358
-0.107102
-0.092342
-0.0788074
-0.0658651
-0.470948
-0.460372
-0.449541
-0.433724
-0.41253
-0.386857
-0.358105
-0.327885
-0.297625
-0.268372
-0.240769
-0.215128
-0.191529
-0.169923
-0.150189
-0.132181
-0.115741
-0.100783
-0.0870708
-0.0739311
-0.47618
-0.465422
-0.454744
-0.439371
-0.418821
-0.39386
-0.365767
-0.336075
-0.306185
-0.277156
-0.249659
-0.224035
-0.200392
-0.178697
-0.158846
-0.140698
-0.124103
-0.108971
-0.095096
-0.0818652
-0.480507
-0.46959
-0.459072
-0.444153
-0.42427
-0.400062
-0.372682
-0.343582
-0.314128
-0.285385
-0.258049
-0.23249
-0.208845
-0.187101
-0.167165
-0.148908
-0.132186
-0.116905
-0.102889
-0.0895722
-0.483954
-0.472901
-0.462548
-0.44809
-0.428892
-0.405472
-0.378857
-0.350409
-0.321455
-0.293059
-0.265938
-0.240494
-0.21689
-0.195132
-0.175145
-0.156809
-0.139986
-0.124585
-0.110444
-0.0970184
-0.486549
-0.475383
-0.465199
-0.451205
-0.432705
-0.410104
-0.3843
-0.356562
-0.328169
-0.300179
-0.273328
-0.248047
-0.224525
-0.202792
-0.182787
-0.164401
-0.147504
-0.132005
-0.117761
-0.104233
-0.48832
-0.477067
-0.467055
-0.453525
-0.435733
-0.413974
-0.389022
-0.362047
-0.334274
-0.306748
-0.280221
-0.25515
-0.231753
-0.210081
-0.19009
-0.171683
-0.154739
-0.139166
-0.12484
-0.111235
-0.489303
-0.477987
-0.46815
-0.455081
-0.438
-0.417102
-0.393038
-0.366873
-0.339776
-0.31277
-0.28662
-0.261807
-0.238576
-0.217001
-0.197057
-0.178658
-0.161693
-0.14607
-0.131683
-0.118026
-0.489532
-0.478179
-0.468519
-0.455906
-0.439535
-0.419509
-0.396362
-0.371053
-0.344683
-0.318252
-0.29253
-0.268021
-0.244997
-0.223556
-0.20369
-0.185328
-0.168366
-0.152717
-0.13829
-0.124604
-0.489045
-0.477682
-0.4682
-0.456035
-0.440369
-0.421223
-0.399015
-0.3746
-0.349005
-0.3232
-0.297957
-0.273798
-0.251021
-0.229749
-0.209992
-0.191694
-0.174762
-0.15911
-0.144664
-0.130967
-0.487884
-0.476535
-0.467233
-0.455507
-0.440535
-0.422269
-0.401018
-0.377529
-0.352754
-0.327624
-0.302907
-0.279143
-0.256653
-0.235585
-0.215968
-0.197761
-0.180883
-0.165251
-0.150805
-0.137118
-0.486089
-0.474781
-0.465659
-0.454361
-0.440071
-0.422679
-0.402395
-0.379859
-0.355943
-0.331534
-0.307389
-0.284063
-0.261899
-0.241068
-0.221622
-0.203533
-0.186733
-0.171144
-0.156717
-0.143058
-0.483704
-0.472464
-0.463523
-0.452639
-0.439014
-0.422486
-0.403172
-0.381611
-0.358587
-0.33494
-0.311413
-0.288566
-0.266766
-0.246207
-0.226959
-0.209015
-0.192316
-0.176791
-0.162402
-0.14879
-0.480773
-0.469627
-0.460869
-0.450385
-0.437404
-0.421725
-0.403379
-0.382805
-0.360703
-0.337857
-0.314988
-0.292661
-0.271262
-0.251006
-0.231987
-0.214212
-0.197637
-0.182197
-0.167863
-0.154316
-0.477342
-0.466315
-0.457741
-0.447643
-0.435284
-0.420433
-0.403046
-0.383467
-0.36231
-0.340298
-0.318125
-0.296357
-0.275394
-0.255474
-0.236711
-0.21913
-0.202702
-0.187366
-0.173105
-0.159639
-0.473456
-0.462574
-0.454185
-0.444458
-0.432696
-0.418648
-0.402205
-0.383623
-0.363427
-0.342278
-0.320837
-0.299665
-0.279172
-0.259619
-0.241139
-0.223776
-0.207514
-0.192303
-0.178131
-0.164762
-0.46916
-0.458448
-0.450246
-0.440876
-0.429684
-0.41641
-0.400891
-0.3833
-0.364077
-0.343815
-0.323137
-0.302594
-0.282605
-0.263449
-0.245279
-0.228156
-0.212082
-0.197014
-0.182946
-0.16969
-0.464502
-0.453983
-0.44597
-0.436941
-0.426293
-0.413761
-0.399141
-0.382529
-0.364282
-0.344926
-0.325039
-0.305157
-0.285704
-0.266973
-0.249137
-0.232278
-0.216411
-0.201504
-0.187555
-0.174426
-0.459525
-0.449223
-0.441401
-0.4327
-0.422567
-0.410743
-0.39699
-0.38134
-0.364068
-0.34563
-0.326558
-0.307366
-0.288477
-0.270199
-0.252724
-0.23615
-0.220508
-0.205779
-0.191965
-0.178975
-0.454273
-0.44421
-0.436583
-0.428195
-0.418549
-0.407397
-0.394478
-0.379765
-0.36346
-0.345948
-0.32771
-0.309233
-0.290937
-0.273139
-0.256047
-0.239778
-0.22438
-0.209846
-0.196179
-0.183342
-0.448791
-0.438986
-0.431558
-0.423471
-0.414283
-0.403766
-0.391643
-0.377838
-0.362486
-0.345902
-0.328512
-0.310773
-0.293094
-0.275801
-0.259116
-0.243173
-0.228036
-0.213711
-0.200205
-0.187532
-0.443119
-0.433591
-0.426365
-0.418568
-0.409812
-0.399891
-0.388524
-0.375594
-0.361175
-0.345513
-0.328981
-0.311998
-0.294961
-0.278195
-0.261939
-0.246341
-0.231482
-0.217382
-0.204048
-0.19155
-0.437297
-0.428064
-0.421044
-0.413526
-0.405176
-0.395814
-0.38516
-0.373067
-0.359555
-0.344806
-0.329136
-0.312923
-0.296547
-0.280333
-0.264526
-0.249291
-0.234726
-0.220865
-0.207715
-0.195402
-0.431363
-0.422441
-0.415631
-0.408382
-0.400414
-0.391573
-0.381589
-0.370293
-0.357657
-0.343805
-0.328995
-0.313564
-0.297867
-0.282223
-0.266885
-0.252033
-0.237776
-0.224168
-0.211213
-0.199093
-0.425354
-0.416756
-0.41016
-0.403174
-0.395564
-0.387209
-0.37785
-0.367307
-0.355512
-0.342535
-0.328579
-0.313935
-0.298931
-0.283876
-0.269027
-0.254573
-0.24064
-0.227297
-0.214548
-0.202629
-0.419303
-0.411041
-0.404664
-0.397933
-0.390661
-0.382756
-0.373979
-0.364143
-0.35315
-0.341023
-0.327909
-0.314054
-0.299753
-0.285303
-0.270959
-0.256921
-0.243326
-0.230261
-0.217726
-0.206017
-0.413242
-0.405325
-0.399172
-0.392689
-0.385736
-0.378249
-0.370012
-0.360837
-0.350604
-0.339294
-0.327005
-0.313935
-0.300346
-0.286514
-0.272692
-0.259085
-0.245842
-0.233066
-0.220755
-0.209262
-0.4072
-0.399637
-0.39371
-0.387472
-0.380821
-0.373721
-0.365982
-0.357422
-0.347905
-0.337377
-0.32589
-0.313598
-0.300723
-0.28752
-0.274234
-0.261073
-0.248195
-0.23572
-0.223641
-0.212371
-0.401205
-0.394
-0.388303
-0.382305
-0.375941
-0.369201
-0.361921
-0.353929
-0.345082
-0.335298
-0.324587
-0.313059
-0.300898
-0.288332
-0.275595
-0.262893
-0.250393
-0.238229
-0.22639
-0.21535
-0.395279
-0.388436
-0.382972
-0.377212
-0.371121
-0.364716
-0.357858
-0.35039
-0.342166
-0.333083
-0.323118
-0.312336
-0.300884
-0.28896
-0.276782
-0.264553
-0.252443
-0.240601
-0.22901
-0.218205
-0.389444
-0.382966
-0.377737
-0.372211
-0.366383
-0.360289
-0.353819
-0.346833
-0.339185
-0.330761
-0.321506
-0.311449
-0.300696
-0.289415
-0.277804
-0.26606
-0.254351
-0.242842
-0.231507
-0.220943
-0.383721
-0.377606
-0.372613
-0.36732
-0.361744
-0.355943
-0.34983
-0.343284
-0.336168
-0.328357
-0.319775
-0.310416
-0.300349
-0.289709
-0.278671
-0.267421
-0.256125
-0.244959
-0.233887
-0.22357
-0.378125
-0.372372
-0.367616
-0.362554
-0.357222
-0.351695
-0.34591
-0.339767
-0.333138
-0.325897
-0.317948
-0.309256
-0.299857
-0.289852
-0.27939
-0.268644
-0.257771
-0.246959
-0.236155
-0.226095
-0.372671
-0.367275
-0.362757
-0.357923
-0.352828
-0.347561
-0.34208
-0.336305
-0.330121
-0.323404
-0.316047
-0.30799
-0.299237
-0.289857
-0.279971
-0.269735
-0.259295
-0.248847
-0.367372
-0.362327
-0.358045
-0.353438
-0.348574
-0.343553
-0.338354
-0.332916
-0.327138
-0.320902
-0.314094
-0.306636
-0.298503
-0.289734
-0.280422
-0.2707
-0.260703
-0.362236
-0.357535
-0.353488
-0.349105
-0.344467
-0.339682
-0.334746
-0.329617
-0.324209
-0.318411
-0.31211
-0.305213
-0.297673
-0.289497
-0.280752
-0.357273
-0.352907
-0.349091
-0.344931
-0.340514
-0.335955
-0.331266
-0.32642
-0.321349
-0.315951
-0.310116
-0.303741
-0.296761
-0.289158
-0.352487
-0.348447
-0.34486
-0.340919
-0.336719
-0.332379
-0.327922
-0.323338
-0.318574
-0.31354
-0.308129
-0.302237
-0.347884
-0.344158
-0.340795
-0.337071
-0.333084
-0.328955
-0.32472
-0.320379
-0.315895
-0.311191
-0.306167
-0.343466
-0.340042
-0.336898
-0.333387
-0.32961
-0.325686
-0.321662
-0.317549
-0.313322
-0.308917
-0.339233
-0.336099
-0.333168
-0.329867
-0.326294
-0.322571
-0.31875
-0.314851
-0.310862
-0.335185
-0.332328
-0.329604
-0.326507
-0.323136
-0.31961
-0.315984
-0.312289
-0.331321
-0.328726
-0.326202
-0.323305
-0.320132
-0.316798
-0.313362
-0.327637
-0.325291
-0.32296
-0.320258
-0.317279
-0.314132
-0.32413
-0.322018
-0.319874
-0.31736
-0.31457
-0.320795
-0.318904
-0.316937
-0.314607
-0.317625
-0.315942
-0.314145
-0.314616
-0.313126
-0.311759
-0.310451
-0.309049
-0.175522
-0.180421
-0.185155
-0.189727
-0.194144
-0.198409
-0.202526
-0.206501
-0.210338
-0.214042
-0.217618
-0.22107
-0.224402
-0.22762
-0.230726
-0.233724
-0.167782
-0.17261
-0.177289
-0.181824
-0.186218
-0.190475
-0.194599
-0.198595
-0.202465
-0.206215
-0.209848
-0.213369
-0.216781
-0.22009
-0.223297
-0.226408
-0.16037
-0.165111
-0.169721
-0.174202
-0.178558
-0.182792
-0.186909
-0.19091
-0.194801
-0.198584
-0.202264
-0.205845
-0.20933
-0.212724
-0.21603
-0.219252
-0.153272
-0.157925
-0.162461
-0.166883
-0.171194
-0.175397
-0.179495
-0.183492
-0.187391
-0.191195
-0.194907
-0.198532
-0.202072
-0.205532
-0.208915
-0.212225
-0.146487
-0.151046
-0.155502
-0.159857
-0.164114
-0.168275
-0.172343
-0.176321
-0.180212
-0.184019
-0.187746
-0.191394
-0.194969
-0.198472
-0.201908
-0.20528
-0.139997
-0.144459
-0.148829
-0.153109
-0.157303
-0.161412
-0.165438
-0.169385
-0.173255
-0.17705
-0.180775
-0.184431
-0.188021
-0.191549
-0.195017
-0.19843
-0.133785
-0.138146
-0.142426
-0.146626
-0.150749
-0.154798
-0.158773
-0.162679
-0.166516
-0.170288
-0.173997
-0.177645
-0.181236
-0.184772
-0.188256
-0.191692
-0.127835
-0.132093
-0.136279
-0.140394
-0.144442
-0.148423
-0.15234
-0.156195
-0.15999
-0.163728
-0.16741
-0.171038
-0.174617
-0.178147
-0.181632
-0.185073
-0.122133
-0.126285
-0.130375
-0.134402
-0.138369
-0.142277
-0.146129
-0.149927
-0.153671
-0.157365
-0.161009
-0.164608
-0.168161
-0.171673
-0.175145
-0.178579
-0.181979
-0.116665
-0.120711
-0.124701
-0.128637
-0.13252
-0.136351
-0.140132
-0.143865
-0.147551
-0.151193
-0.154792
-0.15835
-0.161869
-0.165351
-0.168798
-0.172213
-0.175597
-0.11142
-0.115359
-0.119248
-0.12309
-0.126884
-0.130633
-0.134339
-0.138002
-0.141624
-0.145207
-0.148753
-0.152262
-0.155738
-0.159181
-0.162594
-0.165978
-0.169335
-0.106387
-0.110217
-0.114004
-0.117749
-0.121453
-0.125117
-0.128743
-0.132331
-0.135884
-0.139402
-0.142888
-0.146342
-0.149766
-0.153162
-0.156531
-0.159875
-0.163197
-0.101554
-0.105276
-0.10896
-0.112607
-0.116218
-0.119794
-0.123337
-0.126846
-0.130325
-0.133773
-0.137193
-0.140585
-0.143951
-0.147293
-0.150611
-0.153908
-0.157185
-0.0969127
-0.100527
-0.104107
-0.107655
-0.111172
-0.114657
-0.118114
-0.121541
-0.124942
-0.128316
-0.131665
-0.13499
-0.138292
-0.141573
-0.144834
-0.148076
-0.151301
-0.0924533
-0.0959595
-0.0994363
-0.102885
-0.106305
-0.109699
-0.113067
-0.11641
-0.119729
-0.123025
-0.1263
-0.129553
-0.132787
-0.136003
-0.1392
-0.142382
-0.145548
-0.0881675
-0.0915664
-0.0949396
-0.0982879
-0.101612
-0.104913
-0.108191
-0.111447
-0.114682
-0.117898
-0.121094
-0.124273
-0.127434
-0.130579
-0.133709
-0.136825
-0.139928
-0.0840466
-0.0873393
-0.0906094
-0.0938578
-0.0970849
-0.100292
-0.103479
-0.106647
-0.109797
-0.112929
-0.116045
-0.119145
-0.122231
-0.125302
-0.12836
-0.131406
-0.134441
-0.080083
-0.0832706
-0.0864385
-0.0895874
-0.0927177
-0.0958302
-0.0989256
-0.102004
-0.105067
-0.108115
-0.111148
-0.114168
-0.117175
-0.12017
-0.123153
-0.126126
-0.129089
-0.0762693
-0.0793533
-0.08242
-0.0854701
-0.088504
-0.0915224
-0.0945257
-0.0975146
-0.10049
-0.103452
-0.106401
-0.109338
-0.112265
-0.11518
-0.118086
-0.120983
-0.123872
-0.0725986
-0.0755806
-0.0785475
-0.0814998
-0.084438
-0.0873625
-0.0902739
-0.0931728
-0.0960595
-0.0989348
-0.101799
-0.104653
-0.107497
-0.110332
-0.113159
-0.115978
-0.118789
-0.0690648
-0.0719464
-0.0748149
-0.0776706
-0.0805139
-0.0833453
-0.0861653
-0.0889742
-0.0917725
-0.0945608
-0.0973396
-0.100109
-0.102871
-0.105624
-0.10837
-0.111109
-0.113841
-0.0656619
-0.068445
-0.0712166
-0.073977
-0.0767266
-0.0794658
-0.0821949
-0.0849144
-0.0876247
-0.0903261
-0.0930191
-0.0957042
-0.0983819
-0.101053
-0.103717
-0.106375
-0.109028
-0.0623835
-0.0650701
-0.0677467
-0.0704135
-0.0730708
-0.075719
-0.0783583
-0.0809891
-0.0836118
-0.0862267
-0.0888343
-0.0914348
-0.0940288
-0.0966166
-0.0991987
-0.101776
-0.104348
-0.0592249
-0.0618172
-0.0644006
-0.0669755
-0.069542
-0.0721005
-0.0746511
-0.0771943
-0.0797303
-0.0822594
-0.0847819
-0.0872983
-0.0898088
-0.0923138
-0.0948137
-0.0973089
-0.0997999
-0.0561801
-0.0586804
-0.0611728
-0.0636577
-0.0661353
-0.0686056
-0.0710691
-0.0735259
-0.0759762
-0.0784205
-0.0808588
-0.0832917
-0.0857192
-0.0881418
-0.0905598
-0.0929736
-0.0953834
-0.0532447
-0.0556554
-0.0580591
-0.0604561
-0.0628465
-0.0652305
-0.0676084
-0.0699802
-0.0723463
-0.0747068
-0.077062
-0.0794122
-0.0817576
-0.0840985
-0.0864352
-0.088768
-0.0910971
-0.0504148
-0.0527382
-0.0550554
-0.0573666
-0.0596718
-0.0619713
-0.0642652
-0.0665537
-0.0688369
-0.0711151
-0.0733885
-0.0756572
-0.0779215
-0.0801817
-0.0824379
-0.0846904
-0.0869396
-0.0476874
-0.0499257
-0.0521584
-0.0543857
-0.0566077
-0.0588245
-0.0610363
-0.0632431
-0.0654452
-0.0676426
-0.0698355
-0.0720241
-0.0742086
-0.0763891
-0.078566
-0.0807393
-0.0829093
-0.0450568
-0.0472125
-0.0493632
-0.0515091
-0.0536501
-0.0557864
-0.057918
-0.0600451
-0.0621677
-0.0642861
-0.0664002
-0.0685102
-0.0706163
-0.0727187
-0.0748175
-0.0769128
-0.079005
-0.0425206
-0.0445962
-0.0466673
-0.0487339
-0.0507961
-0.052854
-0.0549075
-0.0569568
-0.059002
-0.061043
-0.06308
-0.0651132
-0.0671426
-0.0691683
-0.0711905
-0.0732094
-0.075225
-0.0400749
-0.042073
-0.0440669
-0.0460567
-0.0480425
-0.0500241
-0.0520017
-0.0539753
-0.055945
-0.0579107
-0.0598726
-0.0618307
-0.0637851
-0.065736
-0.0676833
-0.0696272
-0.0715679
-0.0377171
-0.0396401
-0.0415594
-0.0434748
-0.0453864
-0.0472941
-0.049198
-0.0510981
-0.0529943
-0.0548868
-0.0567755
-0.0586605
-0.0605419
-0.0624197
-0.0642939
-0.0661647
-0.0680322
-0.0354441
-0.0372947
-0.0391419
-0.0409853
-0.0428252
-0.0446614
-0.0464938
-0.0483226
-0.0501476
-0.051969
-0.0537866
-0.0556006
-0.0574109
-0.0592176
-0.0610207
-0.0628203
-0.0646165
-0.0332534
-0.0350343
-0.0368119
-0.0385859
-0.0403565
-0.0421234
-0.0438868
-0.0456466
-0.0474027
-0.0491551
-0.0509038
-0.0526489
-0.0543903
-0.0561279
-0.057862
-0.0595924
-0.0613192
-0.0311436
-0.0328572
-0.0345676
-0.0362747
-0.0379783
-0.0396785
-0.0413751
-0.0430681
-0.0447576
-0.0464433
-0.0481254
-0.0498037
-0.0514783
-0.0531491
-0.0548162
-0.0564795
-0.0581391
-0.0291125
-0.0307614
-0.0324071
-0.0340496
-0.0356887
-0.0373245
-0.0389567
-0.0405854
-0.0422105
-0.0438318
-0.0454495
-0.0470633
-0.0486734
-0.0502796
-0.0518819
-0.0534804
-0.0550749
-0.0271579
-0.0287446
-0.0303282
-0.0319087
-0.0334858
-0.0350596
-0.0366298
-0.0381966
-0.0397596
-0.041319
-0.0428746
-0.0444263
-0.0459741
-0.0475179
-0.0490578
-0.0505936
-0.0521254
-0.0252787
-0.0268057
-0.0283298
-0.0298506
-0.0313682
-0.0328824
-0.0343931
-0.0359003
-0.0374037
-0.0389034
-0.0403993
-0.0418912
-0.0433791
-0.0448629
-0.0463426
-0.0478181
-0.0492894
-0.0234734
-0.0249433
-0.0264102
-0.027874
-0.0293345
-0.0307916
-0.0322452
-0.0336952
-0.0351414
-0.0365838
-0.0380223
-0.0394568
-0.0408871
-0.0423133
-0.0437351
-0.0451527
-0.0465659
-0.021741
-0.0231563
-0.0245685
-0.0259777
-0.0273836
-0.028786
-0.0301849
-0.0315802
-0.0329716
-0.0343591
-0.0357427
-0.0371221
-0.0384972
-0.0398681
-0.0412346
-0.0425966
-0.043954
-0.0200806
-0.0214437
-0.0228039
-0.0241609
-0.0255145
-0.0268648
-0.0282114
-0.0295543
-0.0308934
-0.0322284
-0.0335594
-0.0348862
-0.0362086
-0.0375266
-0.03884
-0.0401489
-0.041453
-0.0184915
-0.019805
-0.0211154
-0.0224227
-0.0237266
-0.0250271
-0.0263239
-0.0276169
-0.028906
-0.030191
-0.0314718
-0.0327483
-0.0340204
-0.035288
-0.0365508
-0.0378089
-0.0390622
-0.0169733
-0.0182396
-0.0195029
-0.0207629
-0.0220195
-0.0232726
-0.0245219
-0.0257675
-0.027009
-0.0282464
-0.0294795
-0.0307082
-0.0319323
-0.0331518
-0.0343665
-0.0355763
-0.0367812
-0.0155256
-0.0167472
-0.0179656
-0.0191808
-0.0203926
-0.0216007
-0.0228051
-0.0240055
-0.0252019
-0.0263941
-0.0275819
-0.0287652
-0.0299439
-0.0311178
-0.0322868
-0.0334507
-0.0346096
-0.0141492
-0.0153283
-0.0165043
-0.017677
-0.0188463
-0.0200118
-0.0211736
-0.0223313
-0.0234849
-0.0246343
-0.0257792
-0.0269195
-0.028055
-0.0291858
-0.0303115
-0.0314321
-0.0325475
-0.0128437
-0.0139828
-0.0151188
-0.0162514
-0.0173805
-0.0185058
-0.0196273
-0.0207448
-0.021858
-0.0229669
-0.0240713
-0.025171
-0.0262659
-0.0273559
-0.0284408
-0.0295205
-0.0305948
-0.0116096
-0.0127111
-0.0138094
-0.0149043
-0.0159956
-0.0170831
-0.0181668
-0.0192463
-0.0203216
-0.0213924
-0.0224587
-0.0235202
-0.0245769
-0.0256285
-0.026675
-0.0277162
-0.028752
-0.0104477
-0.011514
-0.012577
-0.0136365
-0.0146924
-0.0157445
-0.0167926
-0.0178366
-0.0188762
-0.0199114
-0.020942
-0.0219677
-0.0229886
-0.0240043
-0.0250148
-0.02602
-0.0270196
-0.00935901
-0.0103923
-0.0114223
-0.0124489
-0.0134717
-0.0144907
-0.0155057
-0.0165165
-0.0175229
-0.0185248
-0.019522
-0.0205144
-0.0215018
-0.0224841
-0.023461
-0.0244326
-0.0253986
-0.0263589
-0.00834472
-0.00934745
-0.0103468
-0.0113427
-0.0123348
-0.0133231
-0.0143073
-0.0152872
-0.0162628
-0.0172338
-0.0182001
-0.0191615
-0.0201179
-0.0210691
-0.022015
-0.0229554
-0.0238902
-0.0248193
-0.00740634
-0.00838082
-0.00935191
-0.0103194
-0.0112832
-0.0122431
-0.0131988
-0.0141503
-0.0150974
-0.0160399
-0.0169776
-0.0179105
-0.0188383
-0.0197609
-0.0206781
-0.0215898
-0.022496
-0.0233963
-0.00654584
-0.0074944
-0.00843954
-0.00938108
-0.0103189
-0.0112527
-0.0121824
-0.0131078
-0.0140288
-0.0149452
-0.0158568
-0.0167635
-0.0176651
-0.0185615
-0.0194526
-0.0203381
-0.021218
-0.0220921
-0.00576521
-0.00669021
-0.00761176
-0.00852968
-0.00944381
-0.010354
-0.01126
-0.0121617
-0.013059
-0.0139517
-0.0148396
-0.0157226
-0.0166005
-0.0174732
-0.0183406
-0.0192024
-0.0200586
-0.0209091
-0.0050676
-0.00597141
-0.00687174
-0.00776843
-0.00866131
-0.00955021
-0.010435
-0.0113155
-0.0121915
-0.0130629
-0.0139295
-0.0147913
-0.0156479
-0.0164994
-0.0173455
-0.0181862
-0.0190212
-0.0198505
-0.00445494
-0.00533997
-0.0062215
-0.00709938
-0.00797345
-0.00884354
-0.00970951
-0.0105712
-0.0114284
-0.0122811
-0.013129
-0.013972
-0.01481
-0.0156428
-0.0164703
-0.0172924
-0.0181089
-0.0189196
-0.00393316
-0.00480182
-0.00566698
-0.00652848
-0.00738616
-0.00823987
-0.00908945
-0.00993477
-0.0107757
-0.011612
-0.0124436
-0.0132704
-0.0140922
-0.0149088
-0.0157202
-0.0165262
-0.0173267
-0.0181216
-0.00350179
-0.00435671
-0.00520813
-0.00605589
-0.00689986
-0.00773989
-0.00857582
-0.00940751
-0.0102348
-0.0110576
-0.0118758
-0.0126891
-0.0134975
-0.0143009
-0.015099
-0.0158919
-0.0166793
-0.0174612
-0.00317414
-0.00401758
-0.00485751
-0.00569379
-0.00652628
-0.00735484
-0.00817934
-0.00899963
-0.00981559
-0.0106271
-0.011434
-0.0122362
-0.0130335
-0.0138258
-0.0146131
-0.0153951
-0.0161718
-0.016943
-0.00294181
-0.00377727
-0.00460925
-0.00543763
-0.00626225
-0.00708299
-0.00789972
-0.00871231
-0.00952063
-0.0103245
-0.0111239
-0.0119187
-0.0127087
-0.0134937
-0.0142738
-0.0150488
-0.0158185
-0.0165829
-0.00283105
-0.00365942
-0.00448433
-0.00530564
-0.00612324
-0.00693702
-0.00774686
-0.00855265
-0.00935426
-0.0101516
-0.0109445
-0.011733
-0.0125168
-0.0132959
-0.0140702
-0.0148396
-0.0156039
-0.0163631
0.0447105
0.0348484
0.0251004
0.0154758
0.00598324
-0.00336971
-0.0125759
-0.0216287
-0.0305222
-0.0392508
-0.0478094
-0.0561934
-0.0643983
-0.0724186
-0.0802461
-0.0878426
-0.0954661
-0.102795
-0.109874
-0.116764
-0.123472
-0.129994
-0.136326
-0.142471
-0.14843
-0.154206
-0.1598
-0.165215
-0.170455
0.0426582
0.0333159
0.0240855
0.014974
0.00598801
-0.00286665
-0.0115844
-0.0201601
-0.0285893
-0.0368677
-0.044992
-0.0529594
-0.0607679
-0.0684163
-0.0759032
-0.0832116
-0.0903333
-0.0973227
-0.104121
-0.110739
-0.117189
-0.123472
-0.129586
-0.135532
-0.141311
-0.146925
-0.152377
-0.157669
-0.162803
0.040308
0.0314739
0.0227473
0.0141342
0.00563984
-0.00273108
-0.0109742
-0.0190855
-0.0270615
-0.0348991
-0.0425957
-0.0501493
-0.0575588
-0.0648246
-0.0719472
-0.0789305
-0.0856333
-0.0923016
-0.0988185
-0.105161
-0.111347
-0.117383
-0.123269
-0.129005
-0.134592
-0.140032
-0.145328
-0.150481
-0.155494
0.0383144
0.0299541
0.0216966
0.0135468
0.00550893
-0.00241343
-0.0102169
-0.0178984
-0.0254552
-0.0328849
-0.0401853
-0.0473546
-0.0543907
-0.0612911
-0.0680494
-0.0746602
-0.0810855
-0.0875018
-0.0937456
-0.0998194
-0.105754
-0.111558
-0.117228
-0.122765
-0.128169
-0.133442
-0.138587
-0.143606
-0.1485
0.0364744
0.0285638
0.0207511
0.0130397
0.00543292
-0.00206637
-0.00945565
-0.0167326
-0.0238951
-0.0309413
-0.0378695
-0.044678
-0.051365
-0.0579276
-0.0643593
-0.0706497
-0.0767741
-0.0829275
-0.0889129
-0.094739
-0.100438
-0.10602
-0.111484
-0.116829
-0.122056
-0.127167
-0.132163
-0.137048
-0.141821
0.0347841
0.0272985
0.0199052
0.0126066
0.00540527
-0.00169652
-0.0086969
-0.0155941
-0.0223866
-0.029073
-0.0356521
-0.0421229
-0.0484846
-0.0547374
-0.0608842
-0.0669325
-0.0728992
-0.0786035
-0.0843
-0.0899045
-0.0953879
-0.100759
-0.106024
-0.111184
-0.116239
-0.12119
-0.12604
-0.130789
-0.135441
0.0332371
0.0261528
0.019155
0.0122452
0.0054255
-0.00130253
-0.00793743
-0.0144779
-0.0209229
-0.0272713
-0.0335224
-0.0396755
-0.0457302
-0.0516863
-0.0575438
-0.0632998
-0.0689501
-0.074455
-0.0799322
-0.0853152
-0.0905854
-0.0957538
-0.100828
-0.105808
-0.110695
-0.11549
-0.120195
-0.124811
-0.129341
0.0318205
0.0251149
0.01849
0.0119465
0.00548586
-0.000890607
-0.00718186
-0.013387
-0.0195053
-0.0255359
-0.0314783
-0.0373321
-0.0430965
-0.048771
-0.0543542
-0.0598431
-0.065236
-0.0705206
-0.0757977
-0.0809627
-0.0860201
-0.0909901
-0.0958784
-0.100685
-0.105408
-0.11005
-0.114613
-0.119096
-0.123503
0.0305237
0.0241755
0.0179018
0.0117032
0.00558047
-0.000465298
-0.00643339
-0.0123232
-0.0181342
-0.023866
-0.0295181
-0.0350902
-0.040582
-0.0459931
-0.0513227
-0.0565687
-0.0617278
-0.066791
-0.071843
-0.0768005
-0.0816638
-0.086448
-0.091159
-0.0957971
-0.100362
-0.104855
-0.109277
-0.11363
-0.117915
0.0293372
0.0233258
0.017383
0.011509
0.00570433
-3.03245e-05
-0.00569444
-0.0112876
-0.0168096
-0.0222601
-0.027639
-0.0329461
-0.0381817
-0.043346
-0.0484399
-0.0534658
-0.0584282
-0.0633344
-0.0680818
-0.0728199
-0.0775052
-0.0821167
-0.0866579
-0.0911332
-0.0955442
-0.0998913
-0.104176
-0.108398
-0.112561
0.0282521
0.0225581
0.016927
0.0113585
0.0058531
0.000411192
-0.00496689
-0.0102809
-0.0155308
-0.0207164
-0.0258377
-0.0308948
-0.0358879
-0.0408174
-0.0456836
-0.0504871
-0.0552265
-0.0598996
-0.0644824
-0.0690415
-0.0735479
-0.0779874
-0.0823635
-0.086681
-0.0909416
-0.0951458
-0.0992946
-0.103389
-0.107431
0.0272603
0.0218654
0.0165276
0.0112468
0.00602308
0.00085671
-0.00425211
-0.0093033
-0.0142968
-0.0192327
-0.024111
-0.0289318
-0.0336952
-0.0384014
-0.0430503
-0.0476418
-0.0521753
-0.0566517
-0.0610646
-0.0654581
-0.0697874
-0.0740533
-0.0782661
-0.0824295
-0.0865432
-0.0906074
-0.0946228
-0.0985904
-0.102511
0.0263546
0.0212413
0.0161798
0.0111697
0.00621114
0.00130418
-0.00355108
-0.00835464
-0.0131066
-0.0178069
-0.0224558
-0.0270534
-0.0315998
-0.0360951
-0.0405391
-0.0449312
-0.0492694
-0.0535502
-0.0577651
-0.0620178
-0.0661886
-0.070292
-0.0743489
-0.0783637
-0.0823352
-0.0862631
-0.090148
-0.0939908
-0.0977925
0.0255283
0.0206801
0.0158787
0.0111235
0.00641463
0.00175198
-0.00286439
-0.00743455
-0.0119586
-0.0164368
-0.0208691
-0.0252559
-0.0295974
-0.033894
-0.038146
-0.0423545
-0.0465211
-0.0506492
-0.0547427
-0.0587433
-0.0627326
-0.0666891
-0.0706025
-0.0744748
-0.0783082
-0.0821031
-0.0858603
-0.0895803
-0.0932642
0.0247753
0.0201768
0.0156202
0.0111051
0.00663134
0.00219888
-0.00219232
-0.00654237
-0.0108514
-0.0151197
-0.0193474
-0.0235347
-0.027682
-0.0317897
-0.0358583
-0.0398885
-0.043881
-0.0478356
-0.0517516
-0.0555975
-0.0594347
-0.0632465
-0.0670195
-0.0707539
-0.0744529
-0.0781181
-0.0817501
-0.0853495
-0.0889169
0.0240902
0.0197267
0.0154007
0.0111117
0.00685947
0.00264398
-0.00153485
-0.00567718
-0.00978316
-0.013853
-0.0178869
-0.0218852
-0.025848
-0.0297758
-0.0336688
-0.0375272
-0.0413513
-0.0451405
-0.0488944
-0.0526039
-0.0562975
-0.0599636
-0.0635956
-0.0671941
-0.0707618
-0.0742999
-0.077809
-0.0812895
-0.0847421
0.0234679
0.0193258
0.015217
0.0111409
0.00709753
0.00308666
-0.000891784
-0.00483794
-0.00875199
-0.0126341
-0.0164845
-0.0203034
-0.024091
-0.0278476
-0.0315734
-0.0352685
-0.0389332
-0.0425674
-0.0461715
-0.0497417
-0.0532976
-0.0568231
-0.0603174
-0.0637837
-0.0672238
-0.0706382
-0.0740272
-0.0773912
-0.0807308
0.022904
0.0189704
0.0150661
0.0111908
0.00734431
0.00352649
-0.000262757
-0.00402357
-0.00775611
-0.0114606
-0.0151371
-0.0187859
-0.0224072
-0.026001
-0.0295677
-0.0331073
-0.0366198
-0.0401051
-0.0435632
-0.0469923
-0.050422
-0.0538154
-0.0571769
-0.0605147
-0.0638309
-0.0671249
-0.0703967
-0.0736466
-0.0768752
0.0223944
0.0186571
0.0149456
0.0112596
0.00759884
0.00396324
0.000352705
-0.0032329
-0.00679373
-0.0103299
-0.0138417
-0.0173292
-0.0207926
-0.0242321
-0.0276478
-0.0310398
-0.0344082
-0.0377525
-0.041072
-0.0443652
-0.0476597
-0.0509245
-0.0541618
-0.0573777
-0.0605743
-0.0637515
-0.0669092
-0.0700477
-0.0731676
0.0219355
0.0183832
0.0148534
0.0113459
0.00786037
0.00439685
0.000955203
-0.0024647
-0.00586299
-0.00923981
-0.0125953
-0.0159297
-0.0192432
-0.022536
-0.0258083
-0.0290607
-0.0322937
-0.0355086
-0.0387066
-0.0418893
-0.045016
-0.0481453
-0.0512654
-0.0543663
-0.0574477
-0.0605113
-0.0635579
-0.0665877
-0.0696012
0.0215239
0.0181459
0.0147875
0.0114483
0.00812833
0.0048274
0.00154544
-0.00171763
-0.00496195
-0.00818764
-0.0113948
-0.0145837
-0.0177544
-0.0209071
-0.024042
-0.0271594
-0.0302595
-0.0333423
-0.0364073
-0.0394537
-0.0424731
-0.0454871
-0.0484904
-0.0514768
-0.0544457
-0.0573988
-0.0603369
-0.0632604
-0.0661696
0.0211567
0.017943
0.0147462
0.011566
0.00840231
0.00525506
0.00212419
-0.000990379
-0.00408875
-0.00717102
-0.0102373
-0.0132877
-0.0163223
-0.0193413
-0.0223448
-0.025333
-0.0283058
-0.0312634
-0.0342056
-0.0371325
-0.0400412
-0.0429418
-0.0458301
-0.0487037
-0.0515627
-0.054408
-0.0572403
-0.0600598
-0.062867
0.0208312
0.0177724
0.0147281
0.011698
0.00868199
0.0056801
0.00269224
-0.000281641
-0.0032416
-0.00618771
-0.00912006
-0.0120387
-0.0149438
-0.0178353
-0.0207134
-0.0235782
-0.0264298
-0.0292682
-0.0320937
-0.0349061
-0.0377038
-0.0404945
-0.0432725
-0.0460372
-0.0487897
-0.0515306
-0.0542603
-0.0569788
-0.0596865
0.0205448
0.0176322
0.0147318
0.0118435
0.00896715
0.00610277
0.00325032
0.00040979
-0.00241887
-0.00523569
-0.00804072
-0.010834
-0.0136156
-0.0163855
-0.0191437
-0.0218904
-0.0246255
-0.0273492
-0.0300619
-0.0327645
-0.0354568
-0.038148
-0.0408205
-0.0434775
-0.0461248
-0.0487636
-0.0513932
-0.0540132
-0.0566237
0.0202955
0.0175208
0.0147563
0.0120019
0.0092576
0.00652335
0.00379917
0.00108504
-0.00161904
-0.0043131
-0.00699715
-0.0096712
-0.0123353
-0.0149893
-0.0176333
-0.0202671
-0.0228903
-0.0255024
-0.0281017
-0.0306864
-0.0332544
-0.0358723
-0.0384541
-0.0410105
-0.0435573
-0.0460978
-0.0486309
-0.0511556
-0.0536719
0.020081
0.0174365
0.0148004
0.0121726
0.0095532
0.00694216
0.00433949
0.00174521
-0.000840663
-0.00341815
-0.00598724
-0.00854797
-0.0111004
-0.0136445
-0.0161805
-0.0187085
-0.021229
-0.0237427
-0.0262513
-0.0287568
-0.0312609
-0.0337005
-0.0361595
-0.0386247
-0.0410821
-0.0435299
-0.0459696
-0.0484019
-0.0508269
0.0198997
0.017378
0.0148631
0.0123551
0.00985389
0.00735951
0.00487202
0.00239145
-8.21738e-05
-0.00254884
-0.00500853
-0.00746125
-0.009907
-0.0123458
-0.0147777
-0.0172027
-0.0196208
-0.0220319
-0.0244359
-0.0268315
-0.0292178
-0.0315886
-0.0339619
-0.0363345
-0.0387
-0.0410568
-0.0434062
-0.0457489
-0.0480851
0.0197497
0.017344
0.0149437
0.0125489
0.0101596
0.00777574
0.00539746
0.00302481
0.000657833
-0.00170343
-0.00405895
-0.00640867
-0.00875257
-0.0110906
-0.0134227
-0.0157489
-0.0180691
-0.0203832
-0.0226911
-0.0249927
-0.0272879
-0.0295745
-0.0318582
-0.0341377
-0.0364112
-0.0386782
-0.0409391
-0.0431942
-0.0454436
0.0196294
0.0173333
0.0150413
0.0127536
0.0104702
0.00819109
0.00591639
0.00364618
0.00138053
-0.000880499
-0.00313684
-0.00538844
-0.00763522
-0.00987714
-0.0121141
-0.0143461
-0.0165731
-0.0187949
-0.0210115
-0.0232229
-0.0254289
-0.0276284
-0.0298246
-0.0320162
-0.0342026
-0.0363837
-0.0385596
-0.0407304
-0.0428961
0.0195372
0.0173446
0.0151551
0.0129687
0.0107856
0.00860572
0.00642927
0.00425631
0.00208692
-7.8798e-05
-0.00224077
-0.00439891
-0.00655313
-0.00870336
-0.0108495
-0.0129915
-0.0151293
-0.0172628
-0.0193919
-0.0215166
-0.0236367
-0.0257517
-0.0278639
-0.0299717
-0.0320746
-0.0341728
-0.0362666
-0.0383558
-0.0404404
0.0194717
0.0173769
0.0152842
0.0131937
0.0111055
0.00901974
0.00693646
0.0048558
0.00277787
0.000702761
-0.00136941
-0.00343856
-0.00550457
-0.00756735
-0.00962681
-0.0116828
-0.0137354
-0.0157843
-0.0178296
-0.0198711
-0.0219088
-0.0239423
-0.0259743
-0.0280014
-0.0300236
-0.0320418
-0.0340561
-0.0360665
-0.0380728
0.0214349
0.0194314
0.017429
0.0154278
0.0134281
0.0114298
0.00943314
0.00743823
0.00544517
0.0034541
0.00146512
-0.000521633
-0.00250605
-0.00448802
-0.00646741
-0.00844412
-0.010418
-0.012389
-0.014357
-0.0163217
-0.0182831
-0.0202411
-0.0221953
-0.024152
-0.0261022
-0.0280467
-0.0299877
-0.0319254
-0.0338597
-0.0357903
0.0213304
0.0194149
0.0174997
0.0155851
0.0136712
0.0117581
0.00984585
0.00793472
0.00602479
0.0041162
0.00220908
0.000303548
-0.00160025
-0.00350219
-0.00540215
-0.0073
-0.00919561
-0.0110888
-0.0129796
-0.0148677
-0.016753
-0.0186353
-0.0205146
-0.0223937
-0.0242687
-0.0261394
-0.0280068
-0.0298711
-0.0317322
-0.0335899
0.0212532
0.0194208
0.017588
0.0157552
0.0139225
0.0120899
0.0102577
0.00842603
0.00659496
0.00476467
0.00293531
0.001107
-0.000720102
-0.00254587
-0.00437018
-0.0061929
-0.00801392
-0.00983313
-0.0116505
-0.0134659
-0.0152793
-0.0170908
-0.0189001
-0.0206986
-0.022499
-0.0242993
-0.0260968
-0.0278908
-0.0296816
-0.0314691
0.0212017
0.0194476
0.0176927
0.0159372
0.0141812
0.012425
0.0106686
0.00891214
0.00715588
0.00539993
0.00364444
0.00188956
0.000135453
-0.00161774
-0.00336988
-0.00512081
-0.00687038
-0.00861846
-0.0103649
-0.0121095
-0.0138521
-0.0155925
-0.0173305
-0.019064
-0.0207971
-0.0225288
-0.0242579
-0.0259839
-0.0277068
-0.0294267
0.0211742
0.019494
0.0178126
0.0161301
0.0144468
0.0127627
0.011078
0.00939292
0.00770759
0.00602218
0.00433685
0.00265175
0.000967064
-0.000717061
-0.00240046
-0.00408298
-0.00576445
-0.00744472
-0.00912363
-0.010801
-0.0124767
-0.0141506
-0.0158224
-0.0174913
-0.0191588
-0.0208244
-0.0224876
-0.024148
-0.0258057
-0.0274606
0.021169
0.0195585
0.0179465
0.016333
0.0147182
0.0131024
0.0114856
0.0098681
0.00825
0.00663148
0.00501272
0.00339389
0.00177517
0.000156716
-0.00146129
-0.00307869
-0.00469531
-0.00631099
-0.00792555
-0.00953883
-0.0111507
-0.0127609
-0.0143693
-0.0159754
-0.0175799
-0.0191825
-0.0207828
-0.0223806
-0.0239758
-0.0255683
0.0211845
0.0196397
0.0180931
0.0165447
0.0149948
0.0134434
0.0118909
0.0103373
0.00878286
0.00722773
0.0056721
0.00411615
0.00256006
0.001004
-0.000551857
-0.00210732
-0.00366222
-0.00521639
-0.00676964
-0.00832181
-0.00987272
-0.0114222
-0.0129701
-0.014516
-0.0160603
-0.0176027
-0.0191429
-0.0206808
-0.0222161
-0.0237488
0.021219
0.0197362
0.0182512
0.0167642
0.0152754
0.013785
0.0122931
0.0108
0.0093058
0.0078107
0.00631489
0.00481855
0.00332187
0.00182502
0.000328204
-0.00116841
-0.00266463
-0.00416028
-0.00565518
-0.00714914
-0.008642
-0.0101336
-0.0116237
-0.013112
-0.0145989
-0.0160839
-0.0175666
-0.0190471
-0.0205252
-0.0220006
0.0212708
0.0198462
0.0184193
0.0169902
0.0155591
0.0141261
0.0126916
0.0112556
0.00981835
0.00838003
0.00694083
0.00550095
0.00406057
0.00261988
0.00117907
-0.000261674
-0.00170216
-0.0031422
-0.00458161
-0.0060202
-0.00745779
-0.0088942
-0.0103292
-0.0117626
-0.0131948
-0.014625
-0.0160529
-0.0174787
-0.018902
-0.0203228
0.0213382
0.0199684
0.0185961
0.0172214
0.0158447
0.0144659
0.0130854
0.0117033
0.0103199
0.00893521
0.00754955
0.00616307
0.00477599
0.00338848
0.00200074
0.000612976
-0.00077463
-0.00216188
-0.00354859
-0.00493457
-0.00631962
-0.00770357
-0.00908625
-0.0104674
-0.0118478
-0.0132258
-0.0146014
-0.0159748
-0.017346
-0.0187146
0.0214194
0.020101
0.01878
0.0174566
0.016131
0.0148032
0.0134736
0.0121424
0.0108096
0.0094756
0.00814048
0.00680447
0.00546776
0.00413055
0.00279304
0.00145544
0.000117937
-0.00121925
-0.00255593
-0.00389187
-0.00522686
-0.00656066
-0.00789305
-0.00922382
-0.0105562
-0.0118851
-0.013211
-0.0145347
-0.0158561
-0.0171752
0.0215126
0.0202425
0.0189696
0.0176943
0.0164167
0.0151369
0.0138552
0.0125718
0.0112868
0.0100004
0.00871295
0.00742452
0.00613533
0.00484558
0.00355547
0.0022652
0.000974954
-0.000315063
-0.00160467
-0.00289367
-0.00418191
-0.0054692
-0.0067554
-0.00804029
-0.00932162
-0.0106021
-0.0118811
-0.0131579
-0.0144323
-0.0157042
0.0216161
0.0203911
0.0191633
0.017933
0.0167004
0.0154657
0.0142289
0.0129904
0.0117503
0.0105089
0.00926622
0.00802259
0.00677818
0.00553319
0.00428781
0.00304225
0.0017967
0.000551365
-0.000693557
-0.00193787
-0.00318137
-0.00442387
-0.00566513
-0.00690491
-0.0081414
-0.00937716
-0.0106117
-0.0118441
-0.0130739
-0.0143011
0.0217278
0.020545
0.0193594
0.0181713
0.0169808
0.0157882
0.0145936
0.0133972
0.0121992
0.0109999
0.00979938
0.00859788
0.00739559
0.00619272
0.00498947
0.00378604
0.00258264
0.00137947
0.000176731
-0.00102537
-0.00222662
-0.00342683
-0.00462576
-0.00582322
-0.00701855
-0.00821247
-0.00940465
-0.0105946
-0.0117822
-0.0129671
0.021846
0.0207025
0.0195562
0.0184074
0.0172563
0.016103
0.0149478
0.0137908
0.0126323
0.0114724
0.0103113
0.00914931
0.00798652
0.00682317
0.00565946
0.00449559
0.00333177
0.0021682
0.00100508
-0.000157382
-0.00131898
-0.00247951
-0.00363877
-0.00479655
-0.00595244
-0.00710664
-0.00825892
-0.00940897
-0.0105566
-0.0117015
0.0219687
0.0208616
0.0197519
0.0186397
0.0175252
0.0164086
0.0152901
0.0141698
0.0130481
0.011925
0.0108008
0.00967572
0.00854987
0.0074235
0.0062968
0.00516998
0.00404324
0.00291678
0.00179081
0.000665535
-0.000458846
-0.00158213
-0.00270411
-0.00382458
-0.00494323
-0.00606009
-0.00717493
-0.0082875
-0.00939759
-0.010505
0.022094
0.0210206
0.0199447
0.0188664
0.0177858
0.0167033
0.0156188
0.0145328
0.0134452
0.0123564
0.0112665
0.0101758
0.00908437
0.00799247
0.00690029
0.00580804
0.00471592
0.00362413
0.00253287
0.00144235
0.000352763
-0.000735683
-0.00182279
-0.00290834
-0.00399209
-0.00507397
-0.00615375
-0.00723122
-0.00830617
-0.0093784
0.0222197
0.0211774
0.0201327
0.0190856
0.0180365
0.0169853
0.0159324
0.0148779
0.0138221
0.012765
0.0117069
0.0106481
0.0095886
0.00852871
0.00746861
0.0064085
0.00534857
0.00428903
0.00323008
0.00217192
0.00111474
5.8762e-05
-0.00099583
-0.00204883
-0.00309999
-0.00414923
-0.00519631
-0.00624102
-0.00728317
-0.00832256
0.0223438
0.0213301
0.0203139
0.0192956
0.0182752
0.0172529
0.016229
0.0152036
0.0141769
0.0131491
0.0121204
0.011091
0.010061
0.00903068
0.00800023
0.00696984
0.00593971
0.00491004
0.00388101
0.00285284
0.00182571
0.000799831
-0.000224601
-0.00124739
-0.00226831
-0.00328723
-0.00430394
-0.00531824
-0.00632993
-0.00733882
0.0224643
0.0214764
0.0204863
0.0194941
0.0185
0.0175041
0.0165067
0.0155079
0.0145079
0.0135069
0.0125051
0.0115027
0.0104998
0.00949665
0.00849346
0.00749041
0.0064877
0.00548551
0.00448405
0.0034835
0.00248408
0.00148596
0.000489347
-0.000505562
-0.00149856
-0.0024895
-0.00347817
-0.00446438
-0.00544794
-0.00642865
0.0225789
0.0216145
0.0206479
0.0196793
0.0187089
0.0177369
0.0167635
0.0157889
0.0148131
0.0138365
0.0128591
0.0118812
0.010903
0.00992467
0.00894635
0.00796825
0.00699058
0.00601352
0.00503726
0.00406199
0.00308792
0.00211522
0.00114409
0.000174718
-0.000792687
-0.00175797
-0.00272094
-0.0036814
-0.00463915
-0.00559403
0.0226857
0.021742
0.0207964
0.0198489
0.0188998
0.0179492
0.0169973
0.0160443
0.0150904
0.0141357
0.0131804
0.0122247
0.0112687
0.0103127
0.00935689
0.00840138
0.00744638
0.00649208
0.00553867
0.00458633
0.00363526
0.00268563
0.00173765
0.000791482
-0.000152662
-0.00109463
-0.00203423
-0.00297127
-0.00390556
-0.00483694
0.0227822
0.0218567
0.0209295
0.0200006
0.0190703
0.0181386
0.0172057
0.0162719
0.0153373
0.014402
0.0134663
0.0125303
0.0115942
0.0106582
0.00972243
0.00878709
0.00785237
0.00691844
0.00598549
0.0050537
0.00412325
0.00319433
0.00226711
0.00134179
0.000418542
-0.000502472
-0.00142106
-0.00233704
-0.00325025
-0.00416049
0.0228664
0.0219567
0.0210453
0.0201325
0.0192183
0.018303
0.0173868
0.0164697
0.0155519
0.0146337
0.0137151
0.0127964
0.0118777
0.0109592
0.0100411
0.00912357
0.00820673
0.00729079
0.00637592
0.0054623
0.00455011
0.00363952
0.00273071
0.00182386
0.000919132
1.66885e-05
-0.000883276
-0.00178059
-0.00267508
-0.00356659
0.0229355
0.0220388
0.0211406
0.0202412
0.0193406
0.018439
0.0175367
0.0166337
0.0157302
0.0148264
0.0139224
0.0130184
0.0121146
0.0112112
0.0103082
0.00940591
0.00850445
0.007604
0.00670473
0.00580681
0.0049104
0.00401568
0.00312282
0.00223198
0.00134335
0.000457066
-0.000426691
-0.00130776
-0.00218597
-0.00306115
0.022989
0.0221027
0.0212151
0.0203265
0.019437
0.0185467
0.0176558
0.0167645
0.0158728
0.014981
0.0140891
0.0131974
0.0123061
0.0114152
0.0105249
0.00963544
0.00874693
0.00785954
0.00697342
0.00608874
0.00520566
0.00432435
0.00344497
0.00256767
0.00169261
0.000819912
-5.02021e-05
-0.000917578
-0.00178207
-0.00264352
0.02302
0.0221409
0.0212609
0.0203801
0.0194985
0.0186165
0.017734
0.0168512
0.0159684
0.0150856
0.014203
0.0133207
0.0124389
0.0115578
0.0106775
0.0097981
0.00891984
0.00804283
0.00716724
0.00629321
0.0054209
0.00455046
0.00368205
0.00281581
0.00195191
0.00109054
0.00023177
-0.000624239
-0.00147733
-0.00232735
0.0230378
0.0221639
0.0212892
0.020414
0.0195382
0.0186621
0.0177858
0.0169094
0.0160331
0.015157
0.0142812
0.0134059
0.0125312
0.0116573
0.0107843
0.00991238
0.00904165
0.00817227
0.00730438
0.00643814
0.00557367
0.00471114
0.00385068
0.00299244
0.00213656
0.00128292
0.000432047
-0.000415946
-0.001261
-0.002103
0.0230115
0.0221378
0.0212639
0.0203896
0.0195153
0.0186409
0.0177667
0.0168928
0.0160192
0.0151463
0.014274
0.0134024
0.0125319
0.0116623
0.010794
0.009927
0.00906145
0.00819748
0.00733523
0.00647481
0.00561637
0.00476002
0.0039059
0.00305414
0.00220488
0.00135857
0.000514799
-0.00032626
-0.00116435
-0.00199932
0.0282615
0.027364
0.026465
0.0255648
0.0246635
0.0237611
0.0228578
0.0219537
0.021049
0.0201437
0.019238
0.018332
0.0174257
0.0165194
0.0156131
0.014707
0.0138011
0.0128957
0.0119907
0.0110864
0.0101828
0.00928004
0.00837827
0.00747759
0.00657812
0.00568
0.00478332
0.00388814
0.00299459
0.0021028
0.00121289
0.0283105
0.0274133
0.0265144
0.0256138
0.0247118
0.0238083
0.0229036
0.0219978
0.0210909
0.0201831
0.0192745
0.0183652
0.0174555
0.0165453
0.0156349
0.0147243
0.0138137
0.0129033
0.0119931
0.0110832
0.0101739
0.00926529
0.00835741
0.00745044
0.00654451
0.00563974
0.00473625
0.00383422
0.00293377
0.00203502
0.0011381
0.0283392
0.0274376
0.026534
0.0256286
0.0247214
0.0238126
0.0229024
0.0219908
0.021078
0.0201641
0.0192493
0.0183337
0.0174174
0.0165006
0.0155833
0.0146659
0.0137483
0.0128307
0.0119133
0.0109962
0.0100796
0.00916351
0.00824817
0.0073337
0.00642024
0.00550794
0.00459693
0.00368732
0.00277926
0.0018729
0.000968365
0.0283753
0.0274674
0.0265572
0.0256449
0.0247306
0.0238145
0.0228967
0.0219774
0.0210566
0.0201346
0.0192114
0.0182872
0.0173622
0.0164364
0.0155101
0.0145833
0.0136563
0.0127292
0.011802
0.0108751
0.00994841
0.00902222
0.00809664
0.00717183
0.00624793
0.00532509
0.00440345
0.00348317
0.00256438
0.00164725
0.000731919
0.0284087
0.0274914
0.0265716
0.0256494
0.0247251
0.0237988
0.0228706
0.0219407
0.0210091
0.0200761
0.0191418
0.0182063
0.0172699
0.0163325
0.0153945
0.0144559
0.0135169
0.0125777
0.0116384
0.0106991
0.00976009
0.00882146
0.00788336
0.00694597
0.00600943
0.00507393
0.00413958
0.00320654
0.00227497
0.00134503
0.000416878
0.0284443
0.0275151
0.0265833
0.025649
0.0247123
0.0237735
0.0228325
0.0218897
0.0209451
0.0199988
0.0190511
0.0181021
0.017152
0.0162008
0.0152489
0.0142962
0.013343
0.0123895
0.0114358
0.0104821
0.00952847
0.00857517
0.00762232
0.00667011
0.00571869
0.00476824
0.00381888
0.00287079
0.00192414
0.00097909
3.5801e-05
0.0284812
0.0275377
0.0265914
0.0256424
0.0246908
0.0237369
0.0227808
0.0218226
0.0208625
0.0199006
0.0189372
0.0179722
0.0170061
0.0160388
0.0150705
0.0141015
0.0131318
0.0121617
0.0111913
0.0102209
0.00925042
0.00828021
0.0073104
0.00634115
0.00537265
0.00440508
0.00343857
0.00247327
0.00150937
0.000547059
-0.000413512
0.0275608
0.0265975
0.0256314
0.0246626
0.0236914
0.0227177
0.0217419
0.020764
0.0197842
0.0188027
0.0178196
0.0168352
0.0158495
0.0148628
0.0138752
0.0128869
0.011898
0.0109088
0.00991942
0.00893001
0.00794076
0.00695185
0.00596345
0.00497574
0.00398895
0.00300314
0.00201851
0.00103526
5.35627e-05
-0.00092641
0.0275849
0.0266023
0.0256167
0.0246284
0.0236374
0.0226439
0.0216481
0.0206501
0.0196501
0.0186483
0.0176448
0.0166399
0.0156336
0.0146262
0.0136179
0.0126087
0.0115989
0.0105887
0.00957828
0.00856775
0.00755733
0.0065472
0.00553754
0.00452853
0.00352044
0.00251328
0.00150723
0.000502533
-0.000500634
-0.00150209
0.0276111
0.0266068
0.0255995
0.0245892
0.0235761
0.0225605
0.0215424
0.0205221
0.0194996
0.0184753
0.0174492
0.0164215
0.0153925
0.0143622
0.0133309
0.0122987
0.0112659
0.0102325
0.00919887
0.00816509
0.00713138
0.0060979
0.00506486
0.00403244
0.00300102
0.00197044
0.000940906
-8.73049e-05
-0.00111399
-0.00213897
0.0276404
0.026612
0.0255805
0.0245459
0.0235084
0.0224683
0.0214257
0.0203807
0.0193336
0.0182844
0.0172335
0.0161809
0.0151268
0.0140715
0.0130151
0.0119578
0.0108997
0.00984113
0.0087822
0.00772311
0.00666406
0.00560524
0.00454684
0.00348906
0.00243251
0.00137646
0.000321226
-0.000732697
-0.00178503
-0.00283563
0.0276737
0.0266188
0.0255606
0.0244993
0.0234352
0.0223682
0.0212987
0.0202268
0.0191527
0.0180765
0.0169984
0.0159187
0.0148374
0.0137548
0.0126711
0.0115864
0.0105009
0.00941481
0.00832831
0.00724158
0.00615477
0.00506808
0.00398168
0.00289583
0.00181356
0.000730716
-0.000352086
-0.0014337
-0.00251365
-0.00359182
0.0277118
0.0266279
0.0255408
0.0244504
0.0233571
0.0222611
0.0211624
0.0200612
0.0189578
0.0178523
0.0167449
0.0156357
0.0145251
0.0134131
0.0123
0.0111859
0.010071
0.00895556
0.00783976
0.00672379
0.00560786
0.00449217
0.00337692
0.00226226
0.00114602
3.19445e-05
-0.0010801
-0.00219072
-0.00329998
-0.00440764
0.0277557
0.0266404
0.0255217
0.0243999
0.023275
0.0221474
0.0210171
0.0198843
0.0187492
0.0176121
0.016473
0.0153322
0.0141898
0.0130461
0.0119012
0.0107554
0.00960874
0.00846152
0.00731391
0.00616609
0.00501827
0.00387062
0.00272335
0.00157666
0.000429963
-0.000715238
-0.00185893
-0.00300128
-0.00414221
-0.0052815
0.0278064
0.026657
0.0255043
0.0243484
0.0231896
0.0220279
0.0208635
0.0196967
0.0185276
0.0173564
0.0161833
0.0150085
0.0138322
0.0126545
0.0114756
0.0102958
0.00911527
0.00793414
0.00675263
0.00557095
0.00438928
0.00320781
0.00202675
0.000846305
-0.000333701
-0.00151258
-0.00269016
-0.00386638
-0.00504107
-0.00621405
0.0278646
0.0266786
0.0254893
0.0242968
0.0231013
0.021903
0.0207021
0.0194988
0.0182933
0.0170856
0.0158761
0.0146649
0.0134522
0.0122382
0.0110231
0.00980702
0.00859025
0.00737295
0.00615531
0.00493753
0.0037198
0.00250231
0.00128527
6.89002e-05
-0.00114686
-0.00236154
-0.00357495
-0.00478695
-0.00599738
-0.00720605
0.0279314
0.026706
0.0254774
0.0242456
0.0230109
0.0217734
0.0205334
0.0192911
0.0180465
0.0167999
0.0155515
0.0143015
0.01305
0.0117973
0.0105435
0.00928893
0.00803365
0.00677789
0.00552186
0.00426576
0.00300976
0.00175408
0.000498905
-0.000755515
-0.00200922
-0.00326185
-0.00451317
-0.00576304
-0.00701128
-0.00825771
0.0280077
0.0267401
0.0254693
0.0241955
0.0229188
0.0216395
0.0203577
0.0190737
0.0177875
0.0164994
0.0152096
0.0139182
0.0126255
0.0113317
0.0100368
0.00874124
0.00744508
0.00614853
0.00485179
0.00355506
0.00225853
0.000962401
-0.000333131
-0.00162779
-0.00292166
-0.00421441
-0.0055058
-0.00679565
-0.00808381
-0.00937008
0.0280944
0.0267816
0.0254658
0.0241471
0.0228256
0.0215017
0.0201754
0.0188469
0.0175164
0.0161842
0.0148503
0.013515
0.0121785
0.010841
0.00950259
0.00816355
0.00682407
0.00548432
0.00414449
0.00280479
0.00146541
0.000126543
-0.00121161
-0.00254873
-0.00388498
-0.00522005
-0.00655368
-0.00788568
-0.00921588
-0.0105441
0.0281924
0.0268315
0.0254676
0.0241009
0.0227318
0.0213603
0.0199865
0.0186108
0.0172333
0.0158541
0.0144735
0.0130916
0.0117086
0.0103248
0.00894031
0.00755529
0.00616998
0.00478455
0.00339919
0.00201411
0.000629494
-0.000754462
-0.00213755
-0.00351936
-0.00490024
-0.00627988
-0.00765798
-0.00903432
-0.0104087
-0.011781
0.0283028
0.0268904
0.0254753
0.0240576
0.0226377
0.0212156
0.0197915
0.0183656
0.0169381
0.0155091
0.0140789
0.0126477
0.0112155
0.0097827
0.00834939
0.00691577
0.00548203
0.00404836
0.00261495
0.00118199
-0.000250321
-0.00168178
-0.00311219
-0.00454092
-0.00596872
-0.00739525
-0.0088201
-0.010243
-0.0116638
-0.0130824
0.0284264
0.0269593
0.0254896
0.0240177
0.0225438
0.0210679
0.0195903
0.0181112
0.0166307
0.015149
0.0136663
0.0121827
0.0106986
0.00921399
0.00772911
0.00624416
0.0047593
0.00327475
0.00179067
0.000307265
-0.00117527
-0.0026567
-0.00413683
-0.00561451
-0.00709154
-0.00856745
-0.0100415
-0.0115133
-0.0129828
-0.0144499
0.0285644
0.0270389
0.0255113
0.0239817
0.0224504
0.0209175
0.0193831
0.0178476
0.0163109
0.0147734
0.0132351
0.0116964
0.0101572
0.00861795
0.00707865
0.00553953
0.00400077
0.00246253
0.000924994
-0.000611661
-0.00214725
-0.0036815
-0.00521412
-0.00674186
-0.00827011
-0.00979792
-0.0113237
-0.0128468
-0.0143673
-0.0158852
0.0287178
0.0271302
0.0255409
0.0239501
0.0223579
0.0207645
0.01917
0.0175746
0.0159786
0.014382
0.012785
0.0111879
0.00959077
0.00799381
0.00639719
0.00480107
0.00320561
0.00161095
1.7229e-05
-0.00157547
-0.00316711
-0.00475762
-0.00634687
-0.00792779
-0.00950976
-0.0110913
-0.0126704
-0.0142468
-0.0158204
-0.0173912
0.0288875
0.0272341
0.0255793
0.0239234
0.0222666
0.020609
0.0189508
0.0172921
0.0156332
0.0139742
0.0123152
0.0106565
0.00899823
0.00734054
0.00568361
0.00402764
0.00237282
0.000719352
-0.00093254
-0.00258259
-0.00423048
-0.00587592
-0.00751861
-0.0091677
-0.0108103
-0.0124476
-0.0140821
-0.0157141
-0.0173433
-0.0189694
0.0290749
0.0273513
0.025627
0.0239021
0.0221768
0.0204512
0.0187255
0.0169999
0.0152745
0.0135494
0.011825
0.0101012
0.00837833
0.00665651
0.00493591
0.00321669
0.00149903
-0.000216925
-0.001931
-0.00364306
-0.00535295
-0.0070606
-0.00876572
-0.0104702
-0.0121706
-0.0138672
-0.0155607
-0.0172512
-0.0189384
-0.0206222
0.029281
0.0274831
0.0256849
0.0238868
0.0220888
0.0202912
0.0184941
0.0166976
0.0149018
0.0131071
0.0113134
0.00952104
0.00773008
0.0059407
0.00415307
0.00236733
0.000583644
-0.00119783
-0.00297694
-0.00475354
-0.00652745
-0.00829853
-0.0100664
-0.0118323
-0.0135948
-0.0153536
-0.0171087
-0.0188604
-0.0206082
-0.0223523
0.0295072
0.0276302
0.0257537
0.0238779
0.022003
0.0201291
0.0182563
0.0163849
0.0145149
0.0126465
0.0107798
0.00891504
0.00705233
0.00519181
0.00333364
0.00147797
-0.000375064
-0.00222531
-0.00407261
-0.00591683
-0.0077578
-0.00959536
-0.011429
-0.01326
-0.0150874
-0.0169108
-0.01873
-0.0205452
-0.0223562
-0.0241628
0.0297549
0.0277939
0.0258342
0.0238761
0.0219196
0.0199649
0.0180122
0.0160615
0.014113
0.0121668
0.0102231
0.00828206
0.00634376
0.00440835
0.00247598
0.000546783
-0.0013791
-0.00330153
-0.00522036
-0.00713545
-0.00904665
-0.0109538
-0.012856
-0.0147551
-0.0166502
-0.0185409
-0.0204269
-0.0223083
-0.0241849
-0.0260567
0.0300253
0.0279752
0.0259273
0.0238819
0.021839
0.0197988
0.0177614
0.0157269
0.0136955
0.0116673
0.00964236
0.00762087
0.00560295
0.00358872
0.0015783
-0.000428166
-0.00243056
-0.00442874
-0.00642257
-0.00841191
-0.0103966
-0.0123764
-0.0143499
-0.0163202
-0.0182863
-0.0202474
-0.022203
-0.0241532
-0.0260981
-0.0280375
0.0303202
0.0281755
0.026034
0.023896
0.0217616
0.0196308
0.0175039
0.0153809
0.0132619
0.011147
0.00903639
0.00693015
0.00482839
0.00273121
0.000638729
-0.00144895
-0.00353173
-0.00560949
-0.00768209
-0.00974936
-0.0118109
-0.0138664
-0.0159126
-0.0179568
-0.0199975
-0.0220324
-0.0240607
-0.0260827
-0.0280986
-0.0301083
0.0306412
0.0283959
0.0261551
0.023919
0.0216876
0.019461
0.0172394
0.0150227
0.0128112
0.0106049
0.008404
0.00620848
0.00401848
0.00183409
-0.000344604
-0.00251754
-0.00468467
-0.00684599
-0.00900155
-0.0111515
-0.013296
-0.0154348
-0.0175532
-0.019673
-0.0217906
-0.0239016
-0.026005
-0.0281014
-0.0301908
-0.0322734
0.03099
0.028638
0.0262918
0.0239517
0.0216175
0.0192895
0.0169676
0.014652
0.0123428
0.01004
0.00774381
0.00545424
0.0031714
0.000895372
-0.00137375
-0.00363587
-0.0058909
-0.00813872
-0.0103792
-0.0126122
-0.0148374
-0.0170547
-0.0192698
-0.0214753
-0.0236712
-0.0258593
-0.0280401
-0.0302134
-0.032379
-0.0345369
0.0313686
0.0289034
0.0264453
0.0239948
0.0215517
0.0191162
0.0166883
0.0142681
0.0118556
0.00945102
0.0070543
0.00466558
0.00228493
-8.75842e-05
-0.00245187
-0.00480784
-0.00715541
-0.00949445
-0.0118248
-0.0141463
-0.0164588
-0.0187617
-0.0210668
-0.0233576
-0.0256361
-0.027906
-0.0301678
-0.0324213
-0.034666
-0.036902
0.0317792
0.0291936
0.0266169
0.0240493
0.0214908
0.0189415
0.0164014
0.0138705
0.0113489
0.00883671
0.00633396
0.00384069
0.00135697
-0.00111715
-0.00358161
-0.00603635
-0.00848131
-0.0109164
-0.0133417
-0.015757
-0.0181623
-0.0205569
-0.0229462
-0.0253238
-0.0276899
-0.0300461
-0.0323926
-0.0347293
-0.0370561
-0.039373
0.032224
0.0295106
0.0268078
0.0241161
0.0214353
0.0187654
0.0161065
0.0134586
0.0108217
0.00819591
0.00558126
0.00297777
0.000385473
-0.00219559
-0.00476538
-0.00732386
-0.00987101
-0.0124068
-0.0149311
-0.0174439
-0.0199451
-0.0224333
-0.0249137
-0.0273828
-0.02984
-0.0322855
-0.0347196
-0.0371426
-0.0395543
-0.0419548
0.0327056
0.0298564
0.0270199
0.0241964
0.0213859
0.0185883
0.0158036
0.0130318
0.0102731
0.00752734
0.00479461
0.00207491
-0.000631744
-0.00332535
-0.0060059
-0.00867338
-0.0113278
-0.013969
-0.016597
-0.0192117
-0.0218129
-0.024398
-0.0269744
-0.0295393
-0.0320909
-0.0346289
-0.0371538
-0.0396661
-0.0421656
-0.0446525
0.0332268
0.0302332
0.0272547
0.0242914
0.0213433
0.0184103
0.0154925
0.0125897
0.00970213
0.00682968
0.00397234
0.00113012
-0.001697
-0.00450906
-0.00730608
-0.0100881
-0.0128552
-0.0156073
-0.0183444
-0.0210659
-0.0237714
-0.0264548
-0.0291309
-0.0317962
-0.0344463
-0.0370805
-0.0396997
-0.0423044
-0.0448947
-0.0474707
0.0337906
0.0306436
0.0275142
0.0244025
0.0213085
0.018232
0.0151731
0.0121317
0.00910787
0.00610153
0.00311267
0.000141272
-0.00281272
-0.00574936
-0.00866872
-0.0115709
-0.0144561
-0.0173247
-0.0201771
-0.0230137
-0.0258348
-0.0286156
-0.031394
-0.0341625
-0.0369138
-0.0396471
-0.0423636
-0.0450637
-0.0477476
-0.0504154
0.0310902
0.0278005
0.0245313
0.0212824
0.0180538
0.0148454
0.0116573
0.00848926
0.00534141
0.00221367
-0.000893996
-0.00398164
-0.00704931
-0.010097
-0.0131249
-0.016133
-0.0191213
-0.0220898
-0.0250388
-0.027968
-0.0308798
-0.0337733
-0.0366461
-0.0394995
-0.0423346
-0.0451515
-0.0479499
-0.0507301
-0.0534921
0.031576
0.028116
0.0246795
0.0212664
0.0178764
0.0145096
0.0111659
0.0078453
0.00454779
0.00127328
-0.00197826
-0.0052069
-0.00841268
-0.0115956
-0.0147558
-0.017893
-0.0210072
-0.0240979
-0.0271647
-0.0302058
-0.0332506
-0.036262
-0.0392445
-0.0422055
-0.0451468
-0.0480677
-0.0509678
-0.0538472
-0.0567062
0.0321044
0.0284635
0.0248493
0.0212616
0.0177004
0.0141656
0.0106572
0.00717503
0.00371917
0.000289494
-0.00311406
-0.00649157
-0.00984311
-0.0131687
-0.0164685
-0.0197425
-0.0229907
-0.0262131
-0.02941
-0.0325792
-0.0357351
-0.0388627
-0.0419625
-0.0450379
-0.0480898
-0.0511184
-0.0541234
-0.0571052
-0.060064
0.0326791
0.0288457
0.0250427
0.0212699
0.0175269
0.0138139
0.0101308
0.00647761
0.00285415
-0.000739612
-0.00430378
-0.00783845
-0.0113437
-0.0148198
-0.0182666
-0.0216844
-0.025073
-0.0284322
-0.0317619
-0.0350577
-0.0383359
-0.0415879
-0.0448105
-0.0480043
-0.0511707
-0.0543105
-0.0574238
-0.0605109
-0.063572
0.0333039
0.0292661
0.0252625
0.0212929
0.0173571
0.013455
0.00958675
0.00575222
0.00195135
-0.00181597
-0.00554984
-0.00925039
-0.0129178
-0.0165523
-0.020154
-0.0237232
-0.0272599
-0.0307634
-0.0342325
-0.037655
-0.0410625
-0.0444453
-0.0477949
-0.0511112
-0.0543961
-0.0576509
-0.0608758
-0.064071
-0.0672369
0.0339834
0.0297283
0.0255115
0.0213329
0.0171922
0.0130895
0.0090248
0.0049981
0.00100933
-0.00294162
-0.00685484
-0.0107305
-0.0145687
-0.0183697
-0.022134
-0.0258621
-0.0295555
-0.0332157
-0.0368449
-0.040392
-0.0439322
-0.0474478
-0.0509264
-0.0543681
-0.0577751
-0.0611481
-0.0644874
-0.0677935
-0.0710665
0.0347225
0.0302363
0.0257929
0.0213921
0.0170339
0.0127181
0.00844503
0.00421454
2.66336e-05
-0.00411875
-0.00822168
-0.0122822
-0.0163005
-0.0202766
-0.0242105
-0.0281022
-0.0319512
-0.035757
-0.0395176
-0.0432587
-0.0469544
-0.0506035
-0.0542119
-0.0577825
-0.0613153
-0.0648099
-0.0682666
-0.0716859
-0.0750683
0.0355264
0.0307946
0.0261104
0.0214735
0.0168841
0.0123421
0.00784769
0.00340096
-0.000998121
-0.00534957
-0.00965342
-0.0139097
-0.0181185
-0.0222797
-0.0263933
-0.030459
-0.0344761
-0.038444
-0.0423583
-0.0462691
-0.050117
-0.0539085
-0.0576556
-0.0613609
-0.0650237
-0.0686435
-0.0722208
-0.0757561
-0.0792501
0.036401
0.0314081
0.0264679
0.0215802
0.016745
0.0119626
0.00723327
0.00255699
-0.00206614
-0.00663609
-0.0111529
-0.0156165
-0.0200271
-0.0243846
-0.0286892
-0.0329405
-0.0371381
-0.0412818
-0.0453649
-0.0494219
-0.0534248
-0.057371
-0.0612655
-0.0651111
-0.0689084
-0.0726574
-0.0763586
-0.0800127
-0.0836202
0.0373527
0.0320824
0.0268701
0.0217157
0.0166194
0.0115816
0.00660253
0.00168249
-0.00317843
-0.00798012
-0.0127225
-0.0174057
-0.0220298
-0.026595
-0.0311016
-0.0355497
-0.0399382
-0.0442648
-0.0485091
-0.0527273
-0.0568967
-0.0610042
-0.0650515
-0.0690426
-0.072979
-0.0768611
-0.0806894
-0.0844647
-0.0881877
0.0383884
0.0328234
0.027322
0.0218841
0.0165102
0.0112008
0.00595652
0.000777519
-0.00433587
-0.00938344
-0.014365
-0.0192805
-0.0241301
-0.0289139
-0.0336327
-0.0382886
-0.0428848
-0.0474266
-0.0518287
-0.0562162
-0.0605539
-0.0648232
-0.0690264
-0.0731673
-0.0772468
-0.0812653
-0.0852235
-0.0891221
-0.0929622
0.0395159
0.0336379
0.0278292
0.02209
0.016421
0.010823
0.0052966
-0.000157624
-0.00553927
-0.0108479
-0.0160833
-0.021245
-0.0263328
-0.0313464
-0.0362851
-0.0411478
-0.0459321
-0.0506325
-0.0553061
-0.0598971
-0.0644031
-0.0688357
-0.0731998
-0.0774955
-0.0817222
-0.0858804
-0.0899711
-0.0939953
-0.0979538
0.0407433
0.0345331
0.028398
0.0223385
0.0163558
0.0104509
0.0046246
-0.00112228
-0.00678912
-0.0123753
-0.0178803
-0.0233036
-0.0286448
-0.0339031
-0.0390776
-0.0441661
-0.0491673
-0.0540703
-0.0589637
-0.0637512
-0.0684401
-0.0730486
-0.0775812
-0.0820369
-0.0864153
-0.0907171
-0.0949433
-0.099095
-0.103173
0.0420799
0.0355171
0.0290353
0.0226356
0.0163194
0.0100881
0.00394283
-0.00211533
-0.00808548
-0.0139668
-0.0197585
-0.0254601
-0.031071
-0.0365907
-0.042019
-0.0473536
-0.0525929
-0.0577123
-0.062795
-0.0677863
-0.0726754
-0.0774717
-0.0821805
-0.0868025
-0.0913377
-0.0957871
-0.100152
-0.104433
-0.108632
0.0435353
0.0365987
0.029749
0.0229878
0.016317
0.00973867
0.00325413
-0.00313518
-0.009428
-0.0156232
-0.0217197
-0.0277168
-0.0336137
-0.0394103
-0.0451076
-0.0507073
-0.0562129
-0.0615382
-0.0668315
-0.0720365
-0.0771307
-0.0821208
-0.0870123
-0.0918063
-0.0965031
-0.101104
-0.10561
-0.110022
-0.114343
0.0451203
0.0377876
0.0305475
0.0234024
0.016355
0.00940753
0.00256207
-0.00417959
-0.0108158
-0.0173449
-0.0237657
-0.0300767
-0.0362765
-0.0423636
-0.0483363
-0.0541945
-0.0599361
-0.0655614
-0.0711008
-0.0765202
-0.0818206
-0.0870103
-0.0920912
-0.0970628
-0.101926
-0.106682
-0.111331
-0.115877
-0.120319
0.0468478
0.0390957
0.0314415
0.0238889
0.0164411
0.00910114
0.00187159
-0.00524516
-0.0122469
-0.0191318
-0.025898
-0.0325439
-0.0390674
-0.0454649
-0.0517285
-0.0578496
-0.0638031
-0.0697759
-0.0755841
-0.0812334
-0.0867533
-0.092153
-0.0974312
-0.102587
-0.107622
-0.112536
-0.117333
-0.122012
-0.126576
0.0487245
0.0405283
0.0324351
0.0244496
0.0165761
0.00881836
0.00117975
-0.00633659
-0.0137279
-0.0209917
-0.028126
-0.0351295
-0.042001
-0.0487396
-0.0553379
-0.0617849
-0.0680062
-0.0742135
-0.080285
-0.0861898
-0.0919476
-0.0975686
-0.103053
-0.1084
-0.113611
-0.118688
-0.123633
-0.128447
-0.133133
0.0507541
0.0420903
0.0335339
0.0250909
0.0167667
0.00856599
0.000493196
-0.00744762
-0.0152528
-0.0229193
-0.0304445
-0.0378266
-0.0450655
-0.0521668
-0.0591488
-0.0660547
-0.0724696
-0.0789265
-0.0852588
-0.0914186
-0.0974212
-0.103272
-0.10897
-0.114515
-0.119908
-0.125152
-0.130248
-0.135198
-0.140004
0.0531385
0.0439731
0.0349193
0.0259843
0.0171746
0.0084961
-4.54613e-05
-0.00844498
-0.0166977
-0.0247995
-0.0327466
-0.0405353
-0.0481614
-0.0556136
-0.0628642
-0.069829
-0.0770115
-0.083859
-0.0904513
-0.0968743
-0.103139
-0.109235
-0.11516
-0.120914
-0.126499
-0.131917
-0.13717
-0.142259
-0.147188
0.0552331
0.0455544
0.0359895
0.0265478
0.0172377
0.00806707
-0.000957004
-0.00982787
-0.0185394
-0.027086
-0.0354623
-0.0436634
-0.0516855
-0.059526
-0.0671926
-0.074648
-0.0820614
-0.0891833
-0.0960662
-0.102767
-0.109289
-0.115622
-0.121764
-0.127718
-0.133484
-0.139064
-0.14446
-0.149676
-0.154713
0.000324977
-0.000560838
-0.00144444
-0.00232573
-0.0032046
-0.00408093
-0.00495463
-0.00582558
-0.00669369
-0.00755885
-0.00842096
-0.00927992
-0.0101356
-0.010988
-0.0118369
-0.0126823
-0.013524
-0.014362
0.000243121
-0.000649775
-0.00154046
-0.00242882
-0.00331472
-0.00419804
-0.00507866
-0.00595645
-0.0068313
-0.00770308
-0.00857167
-0.00943697
-0.0102988
-0.0111572
-0.0120119
-0.0128629
-0.01371
-0.0145531
6.58002e-05
-0.000834662
-0.00173289
-0.00262874
-0.0035221
-0.00441282
-0.00530079
-0.00618586
-0.00706792
-0.00794684
-0.0088225
-0.00969478
-0.0105635
-0.0114287
-0.0122901
-0.0131476
-0.0140012
-0.0148507
-0.000181473
-0.00109278
-0.00200186
-0.00290856
-0.00381276
-0.0047143
-0.00561305
-0.00650887
-0.00740163
-0.00829119
-0.00917743
-0.0100602
-0.0109394
-0.0118149
-0.0126865
-0.0135542
-0.0144177
-0.000509335
-0.00143346
-0.00235534
-0.00327484
-0.0041918
-0.00510607
-0.00601752
-0.00692599
-0.00783136
-0.00873346
-0.00963218
-0.0105274
-0.0114189
-0.0123066
-0.0131905
-0.0140702
-0.0149458
-0.000905568
-0.00184486
-0.00278191
-0.00371658
-0.0046487
-0.00557812
-0.00650469
-0.00742827
-0.0083487
-0.00926584
-0.0101795
-0.0110897
-0.0119961
-0.0128987
-0.0137972
-0.0146917
-0.0155819
-0.00137218
-0.00232877
-0.00328313
-0.00423509
-0.0051845
-0.0061312
-0.00707503
-0.00801583
-0.00895347
-0.00988777
-0.0108186
-0.0117458
-0.0126693
-0.0135888
-0.0145044
-0.0154157
-0.0163227
-0.00190449
-0.00288051
-0.00385429
-0.00482569
-0.00579452
-0.00676064
-0.00772387
-0.00868407
-0.00964107
-0.0105947
-0.0115449
-0.0124914
-0.0134341
-0.0143729
-0.0153075
-0.016238
-0.0171641
-0.00250167
-0.00349919
-0.0044945
-0.0054874
-0.00647775
-0.00746537
-0.0084501
-0.00943177
-0.0104102
-0.0113853
-0.0123569
-0.0133248
-0.0142889
-0.015249
-0.016205
-0.0171568
-0.0181041
-0.00316207
-0.00418314
-0.00520198
-0.00621843
-0.00723232
-0.00824348
-0.00925174
-0.0102569
-0.0112589
-0.0122575
-0.0132526
-0.0142439
-0.0152315
-0.016215
-0.0171944
-0.0181695
-0.0191403
-0.00388435
-0.00493102
-0.00597548
-0.00701753
-0.00805701
-0.00909375
-0.0101276
-0.0111583
-0.0121859
-0.01321
-0.0142306
-0.0152474
-0.0162605
-0.0172695
-0.0182743
-0.0192749
-0.0202711
-0.00466812
-0.00574238
-0.00681442
-0.00788405
-0.00895111
-0.0100154
-0.0110768
-0.0121351
-0.0131902
-0.0142418
-0.0152899
-0.0163343
-0.0173749
-0.0184114
-0.0194437
-0.0204718
-0.0214954
-0.00551345
-0.00661721
-0.00771875
-0.00881788
-0.00991444
-0.0110083
-0.0120992
-0.013187
-0.0142715
-0.0153527
-0.0164303
-0.0175041
-0.0185741
-0.0196401
-0.0207019
-0.0217594
-0.0228124
-0.00641892
-0.00755427
-0.00868738
-0.00981808
-0.0109462
-0.0120715
-0.013194
-0.0143133
-0.0154293
-0.016542
-0.017651
-0.0187563
-0.0198578
-0.0209552
-0.0220484
-0.0231374
-0.0242218
-0.00738513
-0.00855411
-0.00972083
-0.0108851
-0.0120468
-0.0132056
-0.0143615
-0.0155143
-0.0166639
-0.0178099
-0.0189524
-0.0200911
-0.021226
-0.0223568
-0.0234834
-0.0246057
-0.0257236
-0.00841278
-0.00961738
-0.0108197
-0.0120195
-0.0132167
-0.014411
-0.0156024
-0.0167906
-0.0179756
-0.019157
-0.0203349
-0.0215089
-0.0226791
-0.0238452
-0.0250072
-0.0261648
-0.0273179
-0.00950215
-0.0107444
-0.0119843
-0.0132217
-0.0144564
-0.0156882
-0.0169171
-0.0181427
-0.019365
-0.0205838
-0.0217989
-0.0230103
-0.0242177
-0.0254211
-0.0266203
-0.0278151
-0.0290055
-0.0106543
-0.0119363
-0.0132158
-0.0144928
-0.015767
-0.0170383
-0.0183065
-0.0195715
-0.0208332
-0.0220912
-0.0233456
-0.0245962
-0.0258428
-0.0270853
-0.0283236
-0.0295576
-0.030787
-0.0118702
-0.0131939
-0.0145152
-0.0158338
-0.0171495
-0.0184623
-0.019772
-0.0210783
-0.0223812
-0.0236805
-0.0249761
-0.0262678
-0.0275555
-0.028839
-0.0301184
-0.0313933
-0.0326638
-0.0131511
-0.0145187
-0.0158838
-0.017246
-0.0186054
-0.0199617
-0.0213147
-0.0226644
-0.0240105
-0.025353
-0.0266917
-0.0280264
-0.0293571
-0.0306837
-0.0320059
-0.0333237
-0.0346369
-0.0144986
-0.0159123
-0.0173232
-0.0187312
-0.0201362
-0.021538
-0.0229364
-0.0243314
-0.0257228
-0.0271104
-0.0284941
-0.0298738
-0.0312494
-0.0326208
-0.0339877
-0.0353502
-0.0367082
-0.0159144
-0.0173763
-0.0188352
-0.020291
-0.0217437
-0.0231931
-0.024639
-0.0260813
-0.0275198
-0.0289545
-0.0303852
-0.0318118
-0.0332341
-0.0346522
-0.0360658
-0.0374748
-0.0388792
-0.0174003
-0.0189125
-0.0204216
-0.0219275
-0.02343
-0.024929
-0.0264243
-0.0279159
-0.0294037
-0.0308874
-0.032367
-0.0338423
-0.0353133
-0.0367799
-0.0382419
-0.0396993
-0.041152
-0.018959
-0.0205237
-0.0220851
-0.023643
-0.0251974
-0.026748
-0.0282949
-0.0298378
-0.0313767
-0.0329113
-0.0344417
-0.0359677
-0.0374893
-0.0390062
-0.0405185
-0.042026
-0.0435287
-0.0205922
-0.0222116
-0.0238275
-0.0254397
-0.0270481
-0.0286525
-0.0302529
-0.0318491
-0.0334411
-0.0350287
-0.0366118
-0.0381904
-0.0397643
-0.0413334
-0.0428977
-0.0444571
-0.0460116
-0.0223024
-0.0239789
-0.0256515
-0.0273202
-0.0289847
-0.030645
-0.0323011
-0.0339527
-0.0355997
-0.0372422
-0.0388799
-0.0405129
-0.042141
-0.0437641
-0.0453822
-0.0469952
-0.0486031
-0.0240923
-0.0258282
-0.0275598
-0.0292872
-0.0310101
-0.0327284
-0.0344421
-0.0361511
-0.0378553
-0.0395545
-0.0412488
-0.042938
-0.044622
-0.0463009
-0.0479745
-0.0496428
-0.0513058
-0.025965
-0.0277626
-0.0295556
-0.0313439
-0.0331273
-0.0349058
-0.0366792
-0.0384476
-0.0402108
-0.0419687
-0.0437213
-0.0454686
-0.0472104
-0.0489467
-0.0506775
-0.0524028
-0.0541224
-0.0279235
-0.0297853
-0.0316419
-0.0334933
-0.0353394
-0.0371801
-0.0390154
-0.0408451
-0.0426693
-0.0444878
-0.0463007
-0.0481077
-0.049909
-0.0517045
-0.0534941
-0.0552778
-0.0570556
-0.0299714
-0.0318997
-0.0338222
-0.035739
-0.03765
-0.0395551
-0.0414542
-0.0433473
-0.0452343
-0.0471153
-0.0489901
-0.0508587
-0.0527211
-0.0545773
-0.0564272
-0.0582709
-0.0601083
-0.0321118
-0.0341091
-0.0360999
-0.0380844
-0.0400624
-0.0420339
-0.0439989
-0.0459573
-0.0479091
-0.0498543
-0.0517928
-0.0537247
-0.0556498
-0.0575683
-0.05948
-0.0613851
-0.0632834
-0.034349
-0.0364176
-0.038479
-0.0405334
-0.0425806
-0.0446206
-0.0466534
-0.0486791
-0.0506975
-0.0527086
-0.0547125
-0.0567092
-0.0586986
-0.0606807
-0.0626557
-0.0646234
-0.0665839
-0.0366869
-0.0388291
-0.0409634
-0.0430899
-0.0452084
-0.0473189
-0.0494216
-0.0515162
-0.053603
-0.0556818
-0.0577527
-0.0598156
-0.0618707
-0.0639179
-0.0659573
-0.0679888
-0.0700126
-0.0391291
-0.0413475
-0.043557
-0.0457578
-0.0479497
-0.0501329
-0.0523072
-0.0544727
-0.0566295
-0.0587776
-0.060917
-0.0630477
-0.0651697
-0.0672832
-0.0693882
-0.0714846
-0.0735726
-0.0416799
-0.043977
-0.0462641
-0.0485414
-0.0508089
-0.0530666
-0.0553145
-0.0575526
-0.0597811
-0.0619999
-0.0642092
-0.0664089
-0.0685991
-0.07078
-0.0729515
-0.0751137
-0.0772667
-0.0443442
-0.0467223
-0.0490894
-0.0514454
-0.0537905
-0.0561246
-0.0584478
-0.0607602
-0.0630618
-0.0653528
-0.0676332
-0.0699031
-0.0721625
-0.0744116
-0.0766505
-0.0788792
-0.0810979
-0.0471267
-0.0495884
-0.0520376
-0.0544745
-0.056899
-0.0593113
-0.0617115
-0.0640996
-0.0664758
-0.0688402
-0.0711928
-0.0735339
-0.0758634
-0.0781815
-0.0804883
-0.082784
-0.0850687
-0.0500325
-0.0525801
-0.0551137
-0.0576334
-0.0601393
-0.0626315
-0.0651102
-0.0675755
-0.0700275
-0.0724663
-0.0748921
-0.0773051
-0.0797053
-0.0820929
-0.0844681
-0.086831
-0.0891818
-0.053067
-0.0557028
-0.0583229
-0.0609274
-0.0635164
-0.0660901
-0.0686487
-0.0711923
-0.0737211
-0.0762353
-0.078735
-0.0812205
-0.0836918
-0.0861492
-0.0885929
-0.091023
-0.0934397
-0.0562361
-0.0589622
-0.0616707
-0.0643617
-0.0670354
-0.0696921
-0.0723318
-0.0749548
-0.0775612
-0.0801514
-0.0827255
-0.0852838
-0.0878264
-0.0903535
-0.0928655
-0.0953624
-0.0978446
-0.059545
-0.0623637
-0.0651626
-0.0679419
-0.0707018
-0.0734425
-0.0761644
-0.0788676
-0.0815523
-0.0842189
-0.0868676
-0.0894986
-0.0921123
-0.0947089
-0.0972886
-0.0998517
-0.102399
-0.0629999
-0.0659133
-0.0688044
-0.0716736
-0.0745209
-0.0773469
-0.0801517
-0.0829356
-0.085699
-0.0884421
-0.0911652
-0.0938687
-0.0965529
-0.0992182
-0.101865
-0.104493
-0.107103
-0.0666074
-0.0696174
-0.0726024
-0.0755628
-0.0784987
-0.0814106
-0.0842989
-0.0871638
-0.0900058
-0.0928252
-0.0956223
-0.0983976
-0.101151
-0.103884
-0.106596
-0.109288
-0.11196
-0.070374
-0.0734825
-0.0765629
-0.0796156
-0.082641
-0.0856395
-0.0886114
-0.0915573
-0.0944775
-0.0973725
-0.100243
-0.103089
-0.105911
-0.108709
-0.111485
-0.114238
-0.0743072
-0.0775158
-0.0806928
-0.0838388
-0.0869541
-0.0900393
-0.0930948
-0.0961211
-0.0991189
-0.102088
-0.10503
-0.107945
-0.110834
-0.113696
-0.116533
-0.119345
-0.0784143
-0.0817244
-0.084999
-0.0882388
-0.0914443
-0.0946161
-0.0977547
-0.100861
-0.103935
-0.106977
-0.109989
-0.112971
-0.115923
-0.118846
-0.121741
-0.124609
-0.0827031
-0.0861159
-0.0894889
-0.0928229
-0.0961185
-0.0993762
-0.102597
-0.105781
-0.10893
-0.112043
-0.115122
-0.118168
-0.121181
-0.124162
-0.127111
-0.130031
-0.0871818
-0.0906983
-0.0941702
-0.0975983
-0.100983
-0.104326
-0.107628
-0.110888
-0.114109
-0.11729
-0.120434
-0.12354
-0.12661
-0.129644
-0.132643
-0.13561
-0.0918592
-0.09548
-0.0990509
-0.102573
-0.106046
-0.109473
-0.112853
-0.116187
-0.119477
-0.122723
-0.125927
-0.12909
-0.132212
-0.135294
-0.138338
-0.141346
-0.0967446
-0.10047
-0.10414
-0.107754
-0.111315
-0.114823
-0.118279
-0.121684
-0.12504
-0.128347
-0.131606
-0.13482
-0.137988
-0.141113
-0.144196
-0.147238
-0.101848
-0.105678
-0.109446
-0.113152
-0.116798
-0.120384
-0.123913
-0.127385
-0.130802
-0.134165
-0.137475
-0.140733
-0.143942
-0.147103
-0.150216
-0.153285
-0.107179
-0.111114
-0.114978
-0.118774
-0.122502
-0.126165
-0.129763
-0.133297
-0.13677
-0.140182
-0.143536
-0.146833
-0.150075
-0.153263
-0.156399
-0.159485
-0.11275
-0.116788
-0.120748
-0.124631
-0.128439
-0.132173
-0.135835
-0.139426
-0.142949
-0.146405
-0.149795
-0.153122
-0.156388
-0.159594
-0.162742
-0.165836
-0.118573
-0.122713
-0.126766
-0.130734
-0.134617
-0.138418
-0.142139
-0.145781
-0.149346
-0.152837
-0.156255
-0.159602
-0.162882
-0.166095
-0.169245
-0.172333
-0.12466
-0.128902
-0.133046
-0.137094
-0.141048
-0.14491
-0.148683
-0.152368
-0.155967
-0.159484
-0.162919
-0.166277
-0.169558
-0.172766
-0.175904
-0.178973
-0.131028
-0.135368
-0.139598
-0.143722
-0.147741
-0.151658
-0.155474
-0.159193
-0.162817
-0.166349
-0.16979
-0.173145
-0.176415
-0.179604
-0.182714
-0.185749
-0.137692
-0.142126
-0.146439
-0.150632
-0.154708
-0.15867
-0.162521
-0.166262
-0.169898
-0.173431
-0.176865
-0.180201
-0.183444
-0.186596
-0.189662
-0.192643
-0.144668
-0.149193
-0.153582
-0.157838
-0.161963
-0.16596
-0.169833
-0.173584
-0.177218
-0.180737
-0.184145
-0.187446
-0.190641
-0.193736
-0.196734
-0.199637
-0.151958
-0.156573
-0.161035
-0.165348
-0.169515
-0.17354
-0.177427
-0.181178
-0.184799
-0.188292
-0.191661
-0.19491
-0.198043
-0.201062
-0.203972
-0.206775
-0.159574
-0.164264
-0.168785
-0.173142
-0.177338
-0.181378
-0.185266
-0.189006
-0.192604
-0.196062
-0.199386
-0.20258
-0.205648
-0.208592
-0.211418
-0.214128
)
;

boundaryField
{
    inlet
    {
        type            zeroGradient;
    }
    outlet
    {
        type            fixedValue;
        value           nonuniform 0();
    }
    cylinder
    {
        type            zeroGradient;
    }
    top
    {
        type            symmetryPlane;
    }
    bottom
    {
        type            symmetryPlane;
    }
    defaultFaces
    {
        type            empty;
    }
    procBoundary1to0
    {
        type            processor;
        value           nonuniform List<scalar> 
261
(
0.0663741
0.0546762
0.0663741
0.0697341
0.0697341
0.0734877
0.0734877
0.0779658
0.0779658
0.0906013
0.0958448
0.0958448
0.101162
0.101162
0.115425
0.121654
0.121654
0.136807
0.143975
0.143975
0.151196
0.151196
0.168142
0.176303
0.176303
0.194152
0.211923
0.221963
0.221963
0.240543
0.251498
0.251498
0.27082
0.282654
0.282654
0.30262
0.322274
0.335808
0.335808
0.355884
0.375526
0.390593
0.390593
0.410369
0.429579
0.448188
0.464973
0.464973
0.483251
0.500793
0.517565
0.533534
0.551116
0.551116
0.566115
0.580183
0.593291
0.605415
0.616531
0.626617
0.635653
0.643621
0.657026
0.657026
0.663058
0.667937
0.671654
0.674202
0.675575
0.675772
0.674792
0.672639
0.669316
0.66483
0.659193
0.659193
0.646098
0.638511
0.629857
0.620154
0.609421
0.597679
0.584954
0.57127
0.556655
0.556655
0.539216
0.523616
0.507214
0.490042
0.472134
0.472134
0.455384
0.437129
0.418273
0.418273
0.402578
0.383746
0.364442
0.344705
0.344705
0.331091
0.31176
0.292116
0.292116
0.280173
0.261158
0.261158
0.250087
0.231799
0.231799
0.22164
0.204147
0.186576
0.186576
0.178283
0.178283
0.170036
0.154248
0.154248
0.146961
0.13205
0.13205
0.125703
0.111671
0.111671
0.106239
0.106239
0.100892
0.100892
0.095634
0.0838918
0.0838918
0.0800302
0.0800302
0.0765642
0.0765642
0.0650152
0.0546762
0.0521046
0.0492439
0.0467738
0.0444805
0.0423608
0.0404071
0.038606
0.0369461
0.0354168
0.0340085
0.0327121
0.0315195
0.0304229
0.0294155
0.0284908
0.027643
0.0268669
0.0261574
0.0255102
0.0249214
0.0243871
0.0239041
0.0234694
0.0230802
0.0227338
0.0224281
0.0221606
0.0219295
0.0217327
0.0215685
0.0215685
0.0234392
0.023246
0.0230851
0.0229547
0.0228528
0.0227775
0.022727
0.0226993
0.0226927
0.0227052
0.0227349
0.0227798
0.0228381
0.0229077
0.0229867
0.023073
0.0231645
0.0232592
0.023355
0.0234497
0.0235411
0.0236272
0.0237056
0.0237744
0.0238307
0.0238739
0.0238979
0.0239108
0.0238845
0.0291576
0.0292058
0.0292387
0.029281
0.0293235
0.0293707
0.0294218
0.028521
0.028521
0.0285644
0.0286122
0.0286655
0.0287251
0.0287922
0.0288675
0.0289521
0.0290471
0.0291533
0.0292719
0.0294038
0.0295502
0.0297122
0.0298909
0.0300875
0.0303032
0.0305394
0.0307973
0.0310785
0.0313844
0.0317168
0.0320773
0.0324678
0.0328904
0.0333472
0.0338406
0.0343731
0.0349476
0.035567
0.0362347
0.0369542
0.0344002
0.0344002
0.0350594
0.035772
0.0365426
0.0373757
0.0382768
0.0392513
0.0403055
0.0414462
0.0426806
0.0440166
0.0454627
0.0470282
0.048723
0.0505578
0.0525441
0.0546955
0.0570196
0.0595196
0.0624078
0.0650152
)
;
    }
    procBoundary1to2
    {
        type            processor;
        value           nonuniform List<scalar> 
200
(
-0.322296
-0.323727
-0.323727
-0.324756
-0.324756
-0.325242
-0.327846
-0.327846
-0.327829
-0.327829
-0.327432
-0.327432
-0.326747
-0.326747
-0.325835
-0.325835
-0.324684
-0.324684
-0.323173
-0.323173
-0.321044
-0.321044
-0.317929
-0.317929
-0.312233
-0.306678
-0.306678
-0.299354
-0.299354
-0.290308
-0.290308
-0.28114
-0.270047
-0.270047
-0.257912
-0.257912
-0.248448
-0.236618
-0.238319
-0.228523
-0.216725
-0.238319
-0.250629
-0.271547
-0.250629
-0.261999
-0.271547
-0.280969
-0.295784
-0.280969
-0.288729
-0.295784
-0.300719
-0.300719
-0.304245
-0.304245
-0.306729
-0.306729
-0.308519
-0.308519
-0.30986
-0.30986
-0.310881
-0.310881
-0.311608
-0.311608
-0.312
-0.312
-0.311991
-0.311991
-0.311492
-0.311492
-0.308971
-0.30791
-0.30791
-0.306477
-0.236618
-0.229425
-0.222395
-0.215467
-0.208592
-0.201789
-0.195081
-0.188475
-0.188475
-0.185346
-0.178953
-0.172669
-0.166497
-0.160443
-0.15451
-0.148701
-0.143019
-0.137466
-0.132043
-0.126753
-0.121594
-0.116569
-0.111676
-0.106915
-0.102287
-0.0977898
-0.093423
-0.0891856
-0.0850763
-0.0810941
-0.0772375
-0.0735054
-0.0698964
-0.0664092
-0.0630425
-0.059795
-0.0566656
-0.053653
-0.0507564
-0.0479746
-0.0453068
-0.0427523
-0.0403105
-0.0379809
-0.0357632
-0.0336575
-0.0316636
-0.0297821
-0.0280136
-0.0280136
-0.0273134
-0.0257425
-0.0242908
-0.0229604
-0.0217536
-0.020674
-0.0197246
-0.0189107
-0.0182373
-0.0177087
-0.0173418
-0.0171171
-0.0151961
-0.0153921
-0.015696
-0.0152771
-0.0152771
-0.0158171
-0.0164677
-0.0172253
-0.0180858
-0.019047
-0.0201064
-0.0212627
-0.0225144
-0.0238609
-0.0253018
-0.0268369
-0.0284665
-0.0301913
-0.0320119
-0.0339296
-0.0359456
-0.0380614
-0.0402789
-0.0425999
-0.0450265
-0.047561
-0.0502058
-0.0529634
-0.0558363
-0.0588274
-0.0619394
-0.065175
-0.0685372
-0.0720287
-0.0756523
-0.0794107
-0.0833066
-0.0873424
-0.0915206
-0.0958433
-0.100312
-0.104929
-0.109696
-0.114612
-0.11697
-0.11697
-0.122133
-0.12745
-0.13292
-0.138543
-0.144317
-0.15024
-0.15631
-0.162524
-0.168876
-0.175363
-0.181977
-0.188711
-0.195545
-0.202451
-0.209475
-0.216725
)
;
    }
}


// ************************************************************************* //
