/*--------------------------------*- C++ -*----------------------------------*\
  =========                 |
  \\      /  F ield         | OpenFOAM: The Open Source CFD Toolbox
   \\    /   O peration     | Website:  https://openfoam.org
    \\  /    A nd           | Version:  7
     \\/     M anipulation  |
\*---------------------------------------------------------------------------*/
FoamFile
{
    version     2.0;
    format      ascii;
    class       volScalarField;
    location    "95";
    object      p;
}
// * * * * * * * * * * * * * * * * * * * * * * * * * * * * * * * * * * * * * //

dimensions      [0 2 -2 0 0 0 0];

internalField   nonuniform List<scalar> 
8500
(
-0.429988
-0.433583
-0.432066
-0.437413
-0.435643
-0.433529
-0.441472
-0.439434
-0.437135
-0.445759
-0.443436
-0.440941
-0.437941
-0.45027
-0.447649
-0.444947
-0.44176
-0.438203
-0.455001
-0.45207
-0.449154
-0.445771
-0.442039
-0.438094
-0.459952
-0.456698
-0.45356
-0.449974
-0.446058
-0.441951
-0.437719
-0.465118
-0.461533
-0.458165
-0.45437
-0.450264
-0.445985
-0.441588
-0.437094
-0.470497
-0.466571
-0.46297
-0.458959
-0.454657
-0.450196
-0.445619
-0.440925
-0.436066
-0.476086
-0.471812
-0.467972
-0.463742
-0.459236
-0.454584
-0.44981
-0.44489
-0.439751
-0.434279
-0.481881
-0.47725
-0.473169
-0.468718
-0.464002
-0.459147
-0.454156
-0.448982
-0.443524
-0.437644
-0.431193
-0.487876
-0.482883
-0.478558
-0.473882
-0.468951
-0.463881
-0.458652
-0.45319
-0.447369
-0.44103
-0.434017
-0.426208
-0.417543
-0.494066
-0.488704
-0.484135
-0.479231
-0.474079
-0.468779
-0.463288
-0.457503
-0.451271
-0.44442
-0.43679
-0.428277
-0.418852
-0.408571
-0.500442
-0.494707
-0.489892
-0.484759
-0.479378
-0.473833
-0.468053
-0.461904
-0.455212
-0.447792
-0.439492
-0.43023
-0.420015
-0.408946
-0.397186
-0.506993
-0.500882
-0.495822
-0.490458
-0.484839
-0.479032
-0.472931
-0.466376
-0.459171
-0.451126
-0.442102
-0.43205
-0.421022
-0.409158
-0.396657
-0.383743
-0.370607
-0.513707
-0.507218
-0.501914
-0.496317
-0.490451
-0.48436
-0.477904
-0.470896
-0.463123
-0.454396
-0.4446
-0.433722
-0.42186
-0.4092
-0.395971
-0.382414
-0.368731
-0.355136
-0.520569
-0.513701
-0.508155
-0.502322
-0.496199
-0.4898
-0.482953
-0.475443
-0.467045
-0.457581
-0.446964
-0.435229
-0.422521
-0.409066
-0.395124
-0.380946
-0.366739
-0.352701
-0.338759
-0.325721
-0.527561
-0.520316
-0.51453
-0.508459
-0.502065
-0.495332
-0.488054
-0.479989
-0.470909
-0.460653
-0.449174
-0.436555
-0.422992
-0.40875
-0.394111
-0.379335
-0.364626
-0.350166
-0.335895
-0.322547
-0.534665
-0.527045
-0.521022
-0.514709
-0.508029
-0.500933
-0.493179
-0.484505
-0.474686
-0.463588
-0.451208
-0.437686
-0.423264
-0.408245
-0.392927
-0.377575
-0.362388
-0.347527
-0.332943
-0.319296
-0.541857
-0.533867
-0.527609
-0.52105
-0.514067
-0.506576
-0.4983
-0.488962
-0.478348
-0.466359
-0.453046
-0.438605
-0.423328
-0.407544
-0.391569
-0.375664
-0.360018
-0.344775
-0.329895
-0.315962
-0.549111
-0.540758
-0.53427
-0.527458
-0.520153
-0.512232
-0.503384
-0.493327
-0.481864
-0.46894
-0.454668
-0.439299
-0.423171
-0.406641
-0.39003
-0.373594
-0.357512
-0.341906
-0.326744
-0.312537
-0.5564
-0.547692
-0.540977
-0.533906
-0.526257
-0.517868
-0.508399
-0.497566
-0.485202
-0.471306
-0.456053
-0.439754
-0.422786
-0.405528
-0.388304
-0.37136
-0.354862
-0.338911
-0.323482
-0.309011
-0.563694
-0.554641
-0.547702
-0.540364
-0.532348
-0.52345
-0.513309
-0.501646
-0.488333
-0.473431
-0.457182
-0.439954
-0.422161
-0.404196
-0.386383
-0.368955
-0.352061
-0.335782
-0.3201
-0.305378
-0.570959
-0.561573
-0.554414
-0.546799
-0.538389
-0.528941
-0.518075
-0.505529
-0.491224
-0.475289
-0.458036
-0.439886
-0.421286
-0.402639
-0.384261
-0.36637
-0.349101
-0.332512
-0.316592
-0.30163
-0.578158
-0.568454
-0.561079
-0.553177
-0.544344
-0.534302
-0.522659
-0.50918
-0.493845
-0.476857
-0.458596
-0.439536
-0.420151
-0.400846
-0.381929
-0.363599
-0.345974
-0.329093
-0.312949
-0.297759
-0.585256
-0.575249
-0.56766
-0.559458
-0.550173
-0.539492
-0.527022
-0.512564
-0.496165
-0.478109
-0.458845
-0.438892
-0.418745
-0.39881
-0.379378
-0.360633
-0.342672
-0.325516
-0.309162
-0.293758
-0.592211
-0.581919
-0.574119
-0.565603
-0.555834
-0.54447
-0.531123
-0.515643
-0.498155
-0.479023
-0.458764
-0.43794
-0.417058
-0.39652
-0.376601
-0.357464
-0.339186
-0.321774
-0.305225
-0.289618
-0.598981
-0.588423
-0.580414
-0.571569
-0.561284
-0.549192
-0.534922
-0.518384
-0.499786
-0.479577
-0.458338
-0.436667
-0.41508
-0.393968
-0.373588
-0.354082
-0.335509
-0.317858
-0.301129
-0.285334
-0.605524
-0.594719
-0.586504
-0.577314
-0.566478
-0.553614
-0.538378
-0.520751
-0.50103
-0.479748
-0.45755
-0.43506
-0.412799
-0.391144
-0.37033
-0.350479
-0.331631
-0.313761
-0.296867
-0.280897
-0.611793
-0.600764
-0.592344
-0.58279
-0.57137
-0.557693
-0.541453
-0.52271
-0.501859
-0.479518
-0.456384
-0.433107
-0.410205
-0.388038
-0.366818
-0.346647
-0.327544
-0.309473
-0.29243
-0.276301
-0.617743
-0.606512
-0.597887
-0.587952
-0.575915
-0.561384
-0.544105
-0.524229
-0.502249
-0.478865
-0.454825
-0.430796
-0.407287
-0.38464
-0.363043
-0.342576
-0.32324
-0.304988
-0.287813
-0.27154
-0.623327
-0.611917
-0.603088
-0.592753
-0.580066
-0.564645
-0.546299
-0.525277
-0.502175
-0.477772
-0.45286
-0.428115
-0.404036
-0.380942
-0.358996
-0.338257
-0.318711
-0.300298
-0.283007
-0.266607
-0.628496
-0.616932
-0.607898
-0.597145
-0.583776
-0.567431
-0.547996
-0.525824
-0.501615
-0.476222
-0.450474
-0.425052
-0.400441
-0.376933
-0.354668
-0.333684
-0.313949
-0.295396
-0.278007
-0.261497
-0.633204
-0.62151
-0.612271
-0.60108
-0.587
-0.569703
-0.549161
-0.525841
-0.500546
-0.474197
-0.447654
-0.421598
-0.396492
-0.372605
-0.350051
-0.328847
-0.308947
-0.290276
-0.272805
-0.256203
-0.637401
-0.625603
-0.616157
-0.60451
-0.589691
-0.571419
-0.549761
-0.525304
-0.498948
-0.471682
-0.444388
-0.417741
-0.392181
-0.367949
-0.345136
-0.323739
-0.303698
-0.284929
-0.267397
-0.250721
-0.64104
-0.629163
-0.61951
-0.607389
-0.591808
-0.572541
-0.549765
-0.524186
-0.496804
-0.468664
-0.440666
-0.413471
-0.387497
-0.362956
-0.339915
-0.318353
-0.298194
-0.279352
-0.261776
-0.245046
-0.644074
-0.632145
-0.622282
-0.609671
-0.593307
-0.573033
-0.549143
-0.522465
-0.494096
-0.465129
-0.436475
-0.40878
-0.382433
-0.357619
-0.334382
-0.312683
-0.292431
-0.273538
-0.255938
-0.239174
-0.646459
-0.634502
-0.624429
-0.611313
-0.594149
-0.572861
-0.547867
-0.520121
-0.490809
-0.461066
-0.431807
-0.403659
-0.376981
-0.351931
-0.32853
-0.306721
-0.286403
-0.267481
-0.249878
-0.233101
-0.648149
-0.636189
-0.625905
-0.612271
-0.594295
-0.571992
-0.545914
-0.517136
-0.486928
-0.456463
-0.426653
-0.398099
-0.371134
-0.345885
-0.322352
-0.300462
-0.280103
-0.261178
-0.243591
-0.226822
-0.649102
-0.637165
-0.626668
-0.612506
-0.59371
-0.570398
-0.543259
-0.513492
-0.482443
-0.451312
-0.421004
-0.392095
-0.364885
-0.339475
-0.315843
-0.293902
-0.273529
-0.254624
-0.237075
-0.220336
-0.649277
-0.637387
-0.626678
-0.61198
-0.59236
-0.568052
-0.539884
-0.509175
-0.477341
-0.445604
-0.414855
-0.385641
-0.358229
-0.332695
-0.308998
-0.287035
-0.266676
-0.247816
-0.230327
-0.213641
-0.648636
-0.636818
-0.625897
-0.610657
-0.590215
-0.564929
-0.535771
-0.504173
-0.471615
-0.439333
-0.408199
-0.37873
-0.351161
-0.325542
-0.301813
-0.27986
-0.25954
-0.240751
-0.223345
-0.206737
-0.647144
-0.63542
-0.624289
-0.608504
-0.587249
-0.56101
-0.530905
-0.498476
-0.465258
-0.432493
-0.401032
-0.371359
-0.343678
-0.318012
-0.294285
-0.272371
-0.252118
-0.233425
-0.216127
-0.199624
-0.644766
-0.633161
-0.621822
-0.605494
-0.583437
-0.556276
-0.525274
-0.492076
-0.458264
-0.42508
-0.393351
-0.363524
-0.335775
-0.310103
-0.286413
-0.264568
-0.244409
-0.225835
-0.208668
-0.19228
-0.641473
-0.630009
-0.618465
-0.601599
-0.578758
-0.550712
-0.518867
-0.484966
-0.450628
-0.417092
-0.385153
-0.355225
-0.327453
-0.301812
-0.278194
-0.256449
-0.236412
-0.217982
-0.200957
-0.184662
-0.637238
-0.625937
-0.614193
-0.596796
-0.573196
-0.544307
-0.511679
-0.477143
-0.44235
-0.408527
-0.376437
-0.34646
-0.318709
-0.293139
-0.269628
-0.248015
-0.228129
-0.209873
-0.193007
-0.176753
-0.632038
-0.62092
-0.608983
-0.591068
-0.566735
-0.537051
-0.503704
-0.468605
-0.433429
-0.399385
-0.367204
-0.337229
-0.309544
-0.284086
-0.260716
-0.239266
-0.21956
-0.201511
-0.184848
-0.168692
-0.625852
-0.614938
-0.602815
-0.584397
-0.559365
-0.52894
-0.494941
-0.459353
-0.423866
-0.389669
-0.357455
-0.327533
-0.29996
-0.274652
-0.251459
-0.230204
-0.210709
-0.192886
-0.176398
-0.160519
-0.618663
-0.607973
-0.595674
-0.576772
-0.551078
-0.519969
-0.485389
-0.449388
-0.413665
-0.379381
-0.347194
-0.317376
-0.289959
-0.26484
-0.241859
-0.220832
-0.201576
-0.184004
-0.16773
-0.152132
-0.610459
-0.600012
-0.587548
-0.568184
-0.541872
-0.51014
-0.475052
-0.438716
-0.402829
-0.368526
-0.336424
-0.306762
-0.279545
-0.254655
-0.23192
-0.211152
-0.192163
-0.174868
-0.158841
-0.143525
-0.60123
-0.591044
-0.578428
-0.558629
-0.531745
-0.499455
-0.463936
-0.427342
-0.391367
-0.35711
-0.325151
-0.295694
-0.268722
-0.244099
-0.221647
-0.201168
-0.182476
-0.165484
-0.14973
-0.134705
-0.590972
-0.581065
-0.56831
-0.548106
-0.5207
-0.48792
-0.452048
-0.415276
-0.379285
-0.345141
-0.313381
-0.284181
-0.257496
-0.233181
-0.211045
-0.190887
-0.172519
-0.155856
-0.140397
-0.125677
-0.579681
-0.57007
-0.557193
-0.536617
-0.508743
-0.475544
-0.439398
-0.402527
-0.366594
-0.332627
-0.301124
-0.272228
-0.245875
-0.221904
-0.200119
-0.180313
-0.162298
-0.14599
-0.130848
-0.11645
-0.567361
-0.558062
-0.545081
-0.524168
-0.495883
-0.462339
-0.425999
-0.389107
-0.353305
-0.319579
-0.288389
-0.259846
-0.233867
-0.210278
-0.188878
-0.169454
-0.151819
-0.135891
-0.121085
-0.107027
-0.554017
-0.545046
-0.53198
-0.510768
-0.482133
-0.448317
-0.411865
-0.375031
-0.339432
-0.30601
-0.275186
-0.247044
-0.22148
-0.198312
-0.177329
-0.158317
-0.14109
-0.125565
-0.111117
-0.0974173
-0.539658
-0.53103
-0.5179
-0.496431
-0.467507
-0.433497
-0.397012
-0.360315
-0.324987
-0.291931
-0.261528
-0.233833
-0.208726
-0.186014
-0.165483
-0.146912
-0.130119
-0.115022
-0.10095
-0.0876267
-0.524297
-0.516026
-0.502855
-0.481172
-0.452024
-0.417896
-0.381459
-0.344975
-0.309989
-0.277359
-0.247428
-0.220226
-0.195616
-0.173396
-0.153348
-0.135248
-0.118915
-0.104269
-0.0905926
-0.0776633
-0.507951
-0.500052
-0.486862
-0.465011
-0.435703
-0.401536
-0.365228
-0.329032
-0.294454
-0.262308
-0.2329
-0.206235
-0.182162
-0.16047
-0.140936
-0.123336
-0.10749
-0.0933167
-0.0800543
-0.0675361
-0.49064
-0.483125
-0.469942
-0.447969
-0.41857
-0.38444
-0.348341
-0.312505
-0.278401
-0.246795
-0.21796
-0.191876
-0.168377
-0.147248
-0.12826
-0.111187
-0.0958528
-0.0821754
-0.0693458
-0.0572551
-0.472387
-0.46527
-0.452119
-0.430073
-0.400649
-0.366636
-0.330818
-0.295417
-0.261851
-0.230841
-0.202626
-0.177163
-0.154277
-0.133743
-0.115333
-0.0988147
-0.0840171
-0.070857
-0.0584786
-0.0468322
-0.453219
-0.44651
-0.433418
-0.411349
-0.381971
-0.348151
-0.312686
-0.277792
-0.244824
-0.214463
-0.186914
-0.162114
-0.139876
-0.119971
-0.102167
-0.086231
-0.0719955
-0.0593744
-0.0474661
-0.0362811
-0.433165
-0.426876
-0.41387
-0.39183
-0.362565
-0.329004
-0.293981
-0.259655
-0.227345
-0.197683
-0.170844
-0.146746
-0.125191
-0.105946
-0.0887766
-0.0734502
-0.0598016
-0.0477412
-0.0363227
-0.025618
-0.412257
-0.4064
-0.393508
-0.37155
-0.342457
-0.309237
-0.274724
-0.241033
-0.209436
-0.180523
-0.154436
-0.131077
-0.110238
-0.0916838
-0.0751775
-0.0604865
-0.0474499
-0.0359722
-0.0250644
-0.014862
-0.390529
-0.385116
-0.372368
-0.350547
-0.321679
-0.288882
-0.254947
-0.221954
-0.191124
-0.163005
-0.13771
-0.115125
-0.095035
-0.0772005
-0.0613845
-0.0473548
-0.0349552
-0.0240823
-0.0137085
-0.368018
-0.363062
-0.350486
-0.328833
-0.30029
-0.267973
-0.234682
-0.202446
-0.172435
-0.145153
-0.120689
-0.0989113
-0.0795997
-0.0625128
-0.047413
-0.0340698
-0.0223324
-0.0120869
-0.344764
-0.340278
-0.327906
-0.306465
-0.278312
-0.246545
-0.213961
-0.182539
-0.153395
-0.126993
-0.103395
-0.0824558
-0.0639511
-0.0476376
-0.0332785
-0.0206462
-0.00959608
-0.320805
-0.316805
-0.304647
-0.283503
-0.255787
-0.224635
-0.19282
-0.162265
-0.134033
-0.108549
-0.0858501
-0.0657798
-0.0481081
-0.0325922
-0.0189965
-0.007098
-0.296178
-0.292697
-0.280777
-0.259973
-0.232755
-0.202282
-0.171294
-0.141656
-0.114379
-0.0898487
-0.0680798
-0.048905
-0.0320906
-0.0173942
-0.00458205
0.00656138
-0.270925
-0.26801
-0.256343
-0.235919
-0.20926
-0.179526
-0.149418
-0.120744
-0.0944616
-0.0709188
-0.0501087
-0.0318541
-0.0159187
-0.00206123
0.00994965
-0.245148
-0.242751
-0.231388
-0.211389
-0.185344
-0.156406
-0.127231
-0.0995647
-0.0743127
-0.0517877
-0.0319622
-0.0146501
0.000386664
0.0133888
-0.218899
-0.216962
-0.205959
-0.186431
-0.161054
-0.132965
-0.104769
-0.0781514
-0.0539637
-0.0324842
-0.0136667
0.00268278
0.0168042
0.0289374
-0.192184
-0.190726
-0.180105
-0.161092
-0.136434
-0.109244
-0.0820729
-0.0565399
-0.0334467
-0.0130379
0.00475061
0.0201198
0.0333115
-0.165058
-0.164096
-0.153878
-0.135422
-0.111531
-0.0852873
-0.0591804
-0.034766
-0.0127946
0.00652119
0.0232619
0.0376355
0.0498853
-0.137582
-0.137125
-0.127331
-0.10947
-0.0863921
-0.0611372
-0.036132
-0.0128664
0.00795901
0.0261621
0.0418389
0.0552038
-0.109808
-0.109864
-0.100515
-0.0832885
-0.0610646
-0.0368382
-0.012968
0.00912207
0.0287803
0.0458536
0.0604528
-0.081795
-0.0823673
-0.0734858
-0.0569275
-0.0355968
-0.0124346
0.0102709
0.0311621
0.0496348
0.065564
0.0790742
-0.0535995
-0.0546918
-0.0462967
-0.0304394
-0.0100373
0.0120289
0.0335437
0.0532161
0.0704882
0.0852617
-0.0252789
-0.0268929
-0.0190027
-0.00387622
0.0155655
0.0365074
0.0568094
0.0752464
0.0913057
0.104915
0.00310913
0.00097297
0.00834119
0.0227099
0.041163
0.0609562
0.0800269
0.0972153
0.112053
0.0315071
0.0288492
0.03568
0.0492667
0.0667064
0.0853305
0.103155
0.119085
0.132694
0.0598571
0.056679
0.0629586
0.0757421
0.0921473
0.109586
0.126153
0.140818
0.153196
0.0881018
0.0844059
0.0901223
0.102084
0.117438
0.133677
0.148979
0.162376
0.116184
0.111974
0.117117
0.128242
0.142529
0.157561
0.171594
0.183724
0.144046
0.139326
0.143887
0.154163
0.167375
0.181194
0.193958
0.171632
0.166408
0.170381
0.179799
0.191929
0.204533
0.21603
0.198887
0.193164
0.196545
0.205099
0.216143
0.227535
0.237773
0.225755
0.21954
0.222328
0.230013
0.239974
0.250158
0.252181
0.245484
0.247677
0.254495
0.263375
0.272362
0.278114
0.270943
0.272543
0.278497
0.286304
0.294107
0.303501
0.295866
0.296876
0.301972
0.308718
0.328291
0.320203
0.32063
0.324876
0.330576
0.352434
0.343905
0.343757
0.347165
0.351836
0.375884
0.366926
0.366211
0.368797
0.37246
0.398592
0.389219
0.38795
0.38973
0.420515
0.410741
0.408931
0.409926
0.441608
0.431449
0.429113
0.429345
0.46183
0.451302
0.448458
0.447952
0.481142
0.470261
0.466927
0.465711
0.499506
0.48829
0.484486
0.516886
0.505353
0.501102
0.533248
0.521417
0.516741
0.548561
0.536452
0.531376
0.562795
0.550428
0.544979
0.575923
0.563318
0.557523
0.58792
0.575098
0.568986
0.598764
0.585747
0.579346
0.608433
0.595243
0.588584
0.61691
0.603569
0.624179
0.610711
0.630228
0.616656
0.635046
0.621392
0.638625
0.624913
0.640959
0.627212
0.642044
0.628287
0.641881
0.628137
0.640471
0.626764
0.637819
0.624172
0.633932
0.620368
0.628819
0.615361
0.622491
0.609163
0.602138
0.614964
0.601787
0.594965
0.606254
0.593252
0.586663
0.596379
0.583574
0.577248
0.585363
0.572775
0.566742
0.573227
0.560878
0.555166
0.56
0.54791
0.542545
0.545708
0.533897
0.528905
0.530382
0.518869
0.514275
0.514054
0.502859
0.498685
0.496156
0.496761
0.4859
0.482168
0.480271
0.478537
0.468028
0.464758
0.463522
0.459421
0.449281
0.446491
0.445943
0.439455
0.429699
0.427405
0.427569
0.418679
0.409323
0.407539
0.408437
0.410044
0.397138
0.388195
0.386935
0.388587
0.391112
0.374877
0.366361
0.365636
0.368057
0.371524
0.351943
0.343866
0.343685
0.346889
0.351318
0.35547
0.328384
0.320757
0.321128
0.325127
0.330534
0.335762
0.304251
0.297084
0.298012
0.302813
0.309211
0.315533
0.279592
0.272897
0.274384
0.279993
0.287393
0.294823
0.254462
0.248245
0.250295
0.256713
0.265121
0.273671
0.281078
0.228911
0.223182
0.225792
0.23302
0.242438
0.252117
0.260696
0.202995
0.19776
0.200929
0.208961
0.21939
0.230201
0.239961
0.176768
0.172033
0.175755
0.184586
0.196022
0.207966
0.218911
0.228089
0.150284
0.146054
0.150324
0.159944
0.172379
0.185453
0.197585
0.20795
0.123599
0.119878
0.124688
0.135084
0.148507
0.162705
0.176022
0.187577
0.19705
0.0967703
0.0935613
0.0989001
0.110058
0.124454
0.139764
0.154262
0.167005
0.177637
0.0698527
0.0671579
0.0730144
0.0849144
0.100266
0.116676
0.132345
0.146271
0.15806
0.167682
0.0429028
0.0407236
0.0470843
0.0597056
0.0759914
0.0934823
0.11031
0.125413
0.138354
0.149083
0.0159771
0.0143135
0.0211634
0.0344821
0.0516766
0.0702275
0.088198
0.104466
0.118552
0.130383
-0.0108685
-0.0120172
-0.00469468
0.00929484
0.0273697
0.0469555
0.0660491
0.0834672
0.0986886
0.111614
0.122364
-0.0375782
-0.0382142
-0.0304367
-0.0158055
0.00311793
0.0237098
0.0439033
0.0624544
0.0787977
0.0928078
0.104592
0.114355
-0.0640963
-0.0642231
-0.0560097
-0.0407683
-0.0210315
0.000534199
0.0218008
0.0414639
0.058913
0.0739952
0.0868046
0.0975393
-0.0903673
-0.08999
-0.0813608
-0.0655435
-0.0450315
-0.022528
-0.000218767
0.0205321
0.039068
0.0552073
0.0690291
0.0807263
0.0905223
-0.116339
-0.115464
-0.106439
-0.090082
-0.068836
-0.0454341
-0.022116
-0.000304878
0.0192959
0.0364747
0.0512948
0.0639423
0.0746397
-0.141956
-0.140595
-0.131194
-0.114335
-0.0923991
-0.0681415
-0.0438518
-0.0210113
-0.000370646
0.0178274
0.0336291
0.0472134
0.058801
0.0686118
-0.167164
-0.165332
-0.155576
-0.138255
-0.115676
-0.0906085
-0.0653881
-0.0415521
-0.0198994
-0.000705066
0.0160593
0.0305645
0.0430294
0.0536749
-0.191926
-0.189614
-0.179536
-0.161794
-0.138621
-0.112794
-0.0866869
-0.0618929
-0.039259
-0.0190938
-0.00138825
0.0140198
0.0273469
0.0388148
0.0486345
-0.216227
-0.213374
-0.203027
-0.184909
-0.161192
-0.134658
-0.107711
-0.0819997
-0.0584183
-0.0373105
-0.0186876
-0.00239703
0.0117747
0.0240497
0.0346422
0.0437493
-0.239975
-0.236601
-0.226008
-0.207553
-0.183347
-0.15616
-0.128426
-0.10184
-0.0773474
-0.0553278
-0.0358136
-0.0186633
-0.00366691
0.00939774
0.0207465
0.0305832
0.0390347
-0.263116
-0.259255
-0.248433
-0.229684
-0.205043
-0.177263
-0.148794
-0.121381
-0.096017
-0.0731188
-0.0527421
-0.0347569
-0.0189579
-0.0051236
0.00696274
0.0175094
0.0266497
-0.285613
-0.281284
-0.270252
-0.251267
-0.22624
-0.197931
-0.168783
-0.140591
-0.114399
-0.0906578
-0.0694493
-0.0506563
-0.0340789
-0.019497
-0.00669373
0.00454173
0.0143483
0.0228259
-0.307429
-0.302646
-0.291427
-0.272263
-0.246896
-0.218125
-0.188358
-0.159441
-0.132465
-0.10792
-0.0859125
-0.0663407
-0.049011
-0.0337054
-0.0202076
-0.00830561
0.00214409
0.0112323
0.0198958
-0.328528
-0.323304
-0.311922
-0.292595
-0.267009
-0.237815
-0.207488
-0.177902
-0.150189
-0.12488
-0.10211
-0.08179
-0.0637358
-0.047732
-0.0335634
-0.021018
-0.00994812
-0.000269985
0.00891727
0.0175073
-0.348874
-0.34322
-0.331705
-0.312269
-0.286502
-0.256962
-0.226143
-0.195945
-0.167545
-0.141516
-0.11802
-0.0969849
-0.0782356
-0.0615604
-0.0467459
-0.0335806
-0.0219134
-0.0116654
-0.00197533
0.00710601
-0.368435
-0.362362
-0.35074
-0.331247
-0.305346
-0.27554
-0.244292
-0.213543
-0.18451
-0.157806
-0.133622
-0.111907
-0.092493
-0.0751744
-0.0597398
-0.0459787
-0.0337368
-0.0229389
-0.0127649
-0.00321135
-0.387179
-0.3807
-0.368996
-0.349493
-0.32352
-0.293513
-0.261911
-0.230671
-0.201059
-0.173727
-0.148897
-0.126537
-0.106492
-0.0885587
-0.0725305
-0.0581981
-0.0454042
-0.0340758
-0.0234355
-0.0134263
-0.405079
-0.398207
-0.386444
-0.366977
-0.340996
-0.310856
-0.27897
-0.247305
-0.217171
-0.189261
-0.163827
-0.14086
-0.120216
-0.101699
-0.0851038
-0.0702251
-0.0569018
-0.0450626
-0.0339729
-0.0235229
-0.422111
-0.414857
-0.403059
-0.383672
-0.357747
-0.327545
-0.295443
-0.263423
-0.232825
-0.204387
-0.178395
-0.154859
-0.13365
-0.11458
-0.0974464
-0.0820464
-0.0682168
-0.0558865
-0.044364
-0.0334878
-0.438253
-0.430631
-0.418821
-0.399557
-0.373747
-0.343555
-0.311311
-0.279001
-0.248002
-0.219089
-0.192583
-0.168519
-0.146781
-0.127189
-0.109545
-0.0936498
-0.079337
-0.0665358
-0.0545971
-0.0433095
-0.453485
-0.445509
-0.43371
-0.41461
-0.388975
-0.358864
-0.326551
-0.294021
-0.262683
-0.233349
-0.206377
-0.181826
-0.159595
-0.139513
-0.121389
-0.105024
-0.0902513
-0.0769996
-0.0646617
-0.0529777
-0.467793
-0.459478
-0.447711
-0.428814
-0.403412
-0.373452
-0.341143
-0.308465
-0.276851
-0.247153
-0.219763
-0.194766
-0.17208
-0.151542
-0.132966
-0.116158
-0.10095
-0.0872683
-0.0745484
-0.0624837
-0.481165
-0.472527
-0.46081
-0.442153
-0.417041
-0.387301
-0.355072
-0.322317
-0.290492
-0.260486
-0.232727
-0.207329
-0.184224
-0.163264
-0.144267
-0.127042
-0.111422
-0.0973329
-0.0842485
-0.0718193
-0.493592
-0.484648
-0.472999
-0.454618
-0.429849
-0.400397
-0.368321
-0.335561
-0.303591
-0.273336
-0.245259
-0.219502
-0.196019
-0.17467
-0.155282
-0.137668
-0.121661
-0.107186
-0.0937546
-0.0809772
-0.505071
-0.495837
-0.484274
-0.4662
-0.441825
-0.412727
-0.380877
-0.348184
-0.316136
-0.285692
-0.257348
-0.231278
-0.207454
-0.185751
-0.166003
-0.148028
-0.131659
-0.116819
-0.10306
-0.0899509
-0.515599
-0.506093
-0.49463
-0.476894
-0.452961
-0.424282
-0.392729
-0.360176
-0.328118
-0.297543
-0.268985
-0.242646
-0.218522
-0.1965
-0.176422
-0.158114
-0.141408
-0.126228
-0.11216
-0.0987341
-0.52518
-0.51542
-0.504072
-0.486699
-0.463254
-0.435053
-0.403868
-0.371527
-0.339526
-0.308882
-0.280162
-0.253601
-0.229216
-0.20691
-0.186535
-0.167922
-0.150904
-0.135406
-0.121049
-0.107321
-0.533818
-0.523824
-0.512602
-0.495617
-0.472701
-0.445037
-0.414288
-0.38223
-0.350354
-0.319701
-0.290873
-0.264135
-0.23953
-0.216976
-0.196335
-0.177444
-0.160142
-0.144349
-0.129726
-0.115705
-0.541524
-0.531315
-0.520232
-0.503654
-0.481304
-0.454231
-0.423984
-0.392279
-0.360595
-0.329995
-0.301113
-0.274245
-0.24946
-0.226693
-0.205818
-0.186679
-0.169116
-0.153053
-0.13819
-0.123885
-0.548311
-0.537907
-0.526971
-0.510819
-0.489069
-0.462636
-0.432955
-0.401671
-0.370246
-0.339759
-0.310877
-0.283927
-0.259003
-0.236059
-0.214981
-0.195621
-0.177825
-0.161514
-0.146437
-0.131871
-0.554194
-0.543618
-0.532838
-0.517125
-0.496003
-0.470257
-0.441201
-0.410404
-0.379305
-0.348993
-0.320164
-0.293178
-0.268155
-0.24507
-0.223821
-0.20427
-0.186266
-0.169727
-0.154436
-0.139746
-0.559195
-0.548466
-0.537849
-0.522586
-0.502117
-0.477101
-0.448725
-0.418479
-0.38777
-0.357693
-0.328972
-0.301997
-0.276917
-0.253726
-0.232337
-0.212622
-0.194437
-0.177696
-0.162213
-0.147407
-0.563335
-0.552477
-0.542029
-0.527223
-0.507427
-0.483176
-0.455533
-0.425899
-0.395643
-0.365861
-0.337301
-0.310384
-0.285287
-0.262026
-0.240528
-0.220677
-0.202336
-0.185418
-0.169756
-0.1548
-0.56664
-0.555677
-0.545402
-0.531058
-0.51195
-0.488496
-0.461632
-0.432668
-0.402926
-0.373498
-0.345153
-0.318341
-0.293267
-0.269971
-0.248396
-0.228436
-0.209963
-0.192889
-0.177065
-0.161952
-0.56914
-0.558094
-0.547996
-0.534117
-0.515706
-0.493075
-0.467034
-0.438793
-0.409624
-0.380608
-0.352529
-0.325869
-0.300859
-0.277563
-0.25594
-0.235898
-0.217317
-0.200109
-0.184142
-0.168891
-0.570865
-0.55976
-0.549843
-0.536426
-0.51872
-0.496933
-0.47175
-0.444283
-0.415742
-0.387194
-0.359435
-0.332972
-0.308066
-0.284804
-0.263164
-0.243067
-0.2244
-0.20708
-0.19099
-0.175623
-0.57185
-0.560711
-0.550976
-0.538019
-0.521019
-0.500089
-0.475798
-0.449149
-0.42129
-0.393264
-0.365875
-0.339654
-0.314892
-0.291698
-0.270071
-0.249944
-0.231216
-0.213804
-0.197611
-0.182148
-0.57213
-0.560981
-0.551431
-0.538927
-0.52263
-0.502568
-0.479193
-0.453404
-0.426276
-0.398823
-0.371855
-0.345921
-0.321341
-0.298249
-0.276664
-0.256534
-0.237767
-0.220284
-0.204006
-0.188466
-0.571743
-0.56061
-0.551246
-0.539187
-0.523586
-0.504396
-0.481957
-0.457062
-0.430711
-0.403882
-0.377381
-0.351779
-0.327419
-0.304463
-0.282948
-0.26284
-0.244057
-0.226524
-0.210177
-0.194578
-0.57073
-0.559637
-0.550461
-0.538837
-0.523921
-0.5056
-0.484111
-0.460141
-0.434608
-0.408449
-0.382463
-0.357235
-0.333134
-0.310345
-0.288929
-0.268867
-0.25009
-0.232527
-0.216127
-0.200486
-0.56913
-0.558103
-0.549115
-0.537915
-0.523671
-0.506212
-0.485681
-0.462659
-0.437981
-0.412536
-0.387109
-0.362298
-0.338492
-0.315903
-0.294613
-0.274621
-0.255871
-0.238296
-0.22186
-0.206193
-0.566987
-0.556049
-0.547251
-0.536463
-0.522873
-0.506265
-0.486694
-0.464637
-0.440846
-0.416155
-0.39133
-0.366975
-0.343501
-0.321143
-0.300007
-0.280108
-0.261405
-0.243838
-0.227381
-0.211703
-0.564342
-0.553519
-0.544912
-0.534523
-0.521567
-0.505793
-0.487176
-0.466098
-0.44322
-0.419319
-0.395137
-0.371277
-0.34817
-0.326075
-0.305118
-0.285334
-0.266698
-0.249156
-0.232692
-0.217019
-0.561239
-0.550555
-0.54214
-0.532136
-0.519792
-0.504832
-0.48716
-0.467066
-0.445123
-0.422044
-0.398541
-0.375214
-0.352508
-0.330705
-0.309954
-0.290308
-0.271757
-0.254257
-0.2378
-0.222145
-0.557722
-0.5472
-0.538978
-0.529346
-0.51759
-0.503419
-0.486677
-0.467566
-0.446574
-0.424345
-0.401555
-0.378797
-0.356526
-0.335044
-0.314523
-0.295035
-0.276589
-0.259147
-0.242709
-0.227085
-0.553834
-0.543497
-0.535471
-0.526195
-0.515003
-0.501593
-0.48576
-0.467627
-0.447594
-0.426239
-0.404193
-0.382037
-0.360233
-0.339101
-0.318834
-0.299526
-0.2812
-0.263831
-0.247426
-0.231844
-0.549617
-0.539487
-0.531659
-0.522727
-0.512072
-0.499393
-0.484445
-0.467277
-0.448208
-0.427744
-0.40647
-0.384947
-0.36364
-0.342885
-0.322896
-0.303787
-0.285598
-0.268317
-0.251955
-0.236427
-0.545114
-0.535211
-0.527583
-0.518982
-0.508838
-0.496858
-0.482765
-0.466546
-0.448439
-0.428879
-0.4084
-0.387539
-0.366758
-0.346407
-0.326719
-0.307828
-0.289792
-0.272613
-0.256304
-0.240839
-0.540366
-0.53071
-0.523285
-0.515002
-0.505343
-0.494027
-0.480757
-0.465464
-0.448312
-0.429664
-0.409999
-0.389825
-0.369598
-0.349677
-0.330312
-0.311657
-0.29379
-0.276725
-0.260478
-0.245085
-0.535413
-0.526021
-0.518803
-0.510826
-0.501626
-0.49094
-0.478458
-0.464063
-0.447853
-0.430119
-0.411284
-0.391821
-0.372173
-0.352705
-0.333686
-0.315285
-0.2976
-0.280661
-0.264486
-0.249172
-0.530293
-0.521182
-0.514173
-0.506492
-0.497727
-0.487636
-0.475904
-0.462376
-0.44709
-0.430268
-0.412273
-0.393538
-0.374493
-0.355503
-0.336849
-0.31872
-0.30123
-0.284429
-0.268334
-0.253106
-0.525042
-0.516227
-0.509431
-0.502036
-0.493682
-0.484151
-0.47313
-0.460435
-0.44605
-0.43013
-0.412981
-0.394993
-0.376571
-0.358081
-0.339813
-0.321972
-0.304691
-0.288038
-0.272029
-0.256893
-0.519696
-0.51119
-0.50461
-0.497493
-0.489527
-0.480522
-0.470172
-0.458273
-0.444761
-0.429731
-0.413429
-0.396199
-0.37842
-0.36045
-0.342586
-0.32505
-0.307991
-0.291495
-0.275579
-0.260539
-0.514287
-0.506101
-0.499741
-0.492894
-0.485296
-0.476783
-0.467065
-0.455922
-0.443252
-0.429094
-0.413636
-0.397172
-0.380051
-0.36262
-0.34518
-0.327964
-0.311138
-0.29481
-0.278992
-0.264051
-0.508846
-0.50099
-0.494853
-0.488269
-0.481019
-0.472968
-0.463841
-0.453414
-0.441551
-0.428243
-0.413619
-0.397926
-0.381477
-0.364603
-0.347603
-0.330723
-0.314143
-0.297989
-0.282274
-0.267436
-0.503402
-0.495883
-0.489971
-0.483645
-0.476726
-0.469107
-0.460533
-0.45078
-0.439687
-0.427202
-0.4134
-0.398478
-0.382711
-0.366408
-0.349866
-0.333336
-0.317012
-0.301043
-0.285435
-0.270701
-0.497981
-0.490804
-0.48512
-0.479047
-0.472443
-0.465228
-0.457171
-0.44805
-0.437688
-0.425995
-0.412999
-0.398844
-0.383766
-0.368048
-0.351978
-0.335812
-0.319756
-0.303978
-0.288482
-0.273853
-0.492606
-0.485775
-0.480322
-0.474496
-0.468193
-0.461357
-0.453782
-0.445252
-0.435582
-0.424649
-0.412436
-0.39904
-0.384654
-0.369531
-0.353947
-0.33816
-0.322383
-0.306804
-0.291422
-0.276899
-0.4873
-0.480815
-0.475594
-0.470013
-0.463999
-0.457519
-0.450392
-0.442415
-0.433394
-0.423186
-0.411733
-0.399083
-0.385388
-0.370869
-0.355784
-0.340388
-0.3249
-0.309528
-0.294263
-0.279848
-0.482082
-0.475943
-0.470954
-0.465615
-0.459878
-0.453734
-0.447025
-0.439562
-0.431152
-0.421631
-0.410908
-0.398989
-0.385981
-0.372072
-0.357496
-0.342503
-0.327315
-0.312158
-0.297013
-0.282707
-0.476968
-0.471173
-0.466416
-0.461315
-0.455847
-0.450021
-0.443701
-0.436718
-0.428878
-0.420006
-0.409984
-0.398776
-0.386447
-0.373149
-0.359092
-0.344514
-0.329636
-0.314702
-0.471973
-0.466517
-0.461992
-0.457127
-0.451919
-0.446394
-0.440441
-0.433902
-0.426595
-0.418335
-0.408979
-0.398459
-0.386799
-0.374111
-0.360579
-0.346426
-0.331869
-0.467109
-0.461987
-0.457692
-0.45306
-0.448106
-0.442869
-0.437259
-0.431136
-0.424324
-0.416637
-0.407914
-0.398056
-0.387048
-0.374967
-0.361965
-0.462388
-0.45759
-0.453524
-0.449122
-0.444416
-0.439455
-0.434169
-0.428433
-0.422083
-0.414933
-0.406807
-0.397583
-0.38721
-0.375727
-0.457816
-0.453334
-0.449493
-0.44532
-0.440856
-0.436162
-0.431182
-0.425809
-0.41989
-0.413239
-0.405676
-0.397055
-0.453399
-0.449223
-0.445604
-0.441656
-0.43743
-0.432995
-0.428307
-0.423276
-0.417757
-0.411573
-0.404537
-0.449141
-0.445259
-0.441859
-0.438134
-0.434143
-0.429958
-0.425551
-0.420841
-0.415697
-0.409948
-0.445043
-0.441443
-0.438257
-0.434752
-0.430993
-0.427054
-0.422917
-0.418513
-0.41372
-0.441104
-0.437773
-0.434797
-0.43151
-0.427979
-0.424283
-0.420408
-0.416295
-0.437323
-0.434248
-0.431476
-0.428404
-0.425101
-0.421643
-0.418024
-0.433694
-0.430862
-0.42829
-0.425431
-0.422353
-0.419131
-0.43021
-0.427609
-0.425233
-0.422585
-0.41973
-0.426865
-0.424483
-0.422297
-0.419857
-0.423647
-0.421475
-0.419475
-0.420547
-0.418575
-0.417552
-0.415774
-0.41465
-0.242243
-0.247193
-0.251999
-0.256668
-0.261205
-0.265615
-0.269904
-0.274078
-0.278143
-0.282105
-0.285971
-0.289747
-0.293439
-0.297053
-0.300596
-0.304073
-0.221949
-0.226632
-0.23121
-0.235686
-0.240065
-0.244351
-0.248548
-0.252663
-0.256698
-0.260661
-0.264555
-0.268386
-0.27216
-0.275882
-0.279559
-0.283196
-0.203749
-0.208161
-0.212495
-0.216754
-0.220941
-0.225062
-0.229119
-0.233117
-0.237059
-0.240952
-0.244798
-0.248602
-0.25237
-0.256106
-0.259815
-0.263503
-0.187474
-0.19161
-0.195689
-0.199714
-0.203686
-0.207611
-0.21149
-0.215328
-0.219127
-0.222892
-0.226627
-0.230335
-0.234019
-0.237685
-0.241337
-0.244978
-0.172756
-0.176624
-0.180449
-0.184234
-0.187981
-0.191694
-0.195375
-0.199027
-0.202654
-0.206257
-0.20984
-0.213408
-0.216962
-0.220506
-0.224044
-0.22758
-0.159408
-0.163011
-0.166582
-0.170125
-0.173641
-0.177132
-0.180602
-0.184052
-0.187485
-0.190904
-0.194312
-0.19771
-0.201102
-0.204491
-0.20788
-0.211272
-0.147231
-0.150578
-0.153902
-0.157205
-0.160489
-0.163757
-0.16701
-0.170251
-0.173481
-0.176703
-0.179919
-0.183131
-0.186342
-0.189554
-0.19277
-0.195992
-0.199223
-0.136076
-0.139177
-0.142262
-0.145332
-0.14839
-0.151436
-0.154473
-0.157502
-0.160525
-0.163544
-0.166561
-0.169578
-0.172597
-0.17562
-0.17865
-0.181687
-0.184735
-0.125822
-0.128689
-0.131545
-0.13439
-0.137228
-0.140057
-0.142881
-0.145701
-0.148519
-0.151335
-0.154152
-0.156971
-0.159794
-0.162623
-0.165459
-0.168305
-0.171163
-0.116362
-0.119008
-0.121646
-0.124278
-0.126903
-0.129525
-0.132143
-0.134759
-0.137375
-0.139992
-0.142611
-0.145234
-0.147862
-0.150497
-0.15314
-0.155793
-0.158458
-0.107607
-0.110045
-0.112478
-0.114907
-0.117332
-0.119754
-0.122176
-0.124597
-0.127018
-0.129442
-0.13187
-0.134301
-0.136739
-0.139184
-0.141637
-0.1441
-0.146574
-0.0994912
-0.101735
-0.103974
-0.106211
-0.108446
-0.11068
-0.112913
-0.115148
-0.117384
-0.119623
-0.121866
-0.124114
-0.126367
-0.128628
-0.130897
-0.133176
-0.135465
-0.0919484
-0.0940095
-0.0960682
-0.0981252
-0.100181
-0.102237
-0.104294
-0.106352
-0.108412
-0.110476
-0.112543
-0.114616
-0.116694
-0.118779
-0.120872
-0.122974
-0.125086
-0.0849187
-0.0868113
-0.0887023
-0.0905923
-0.0924818
-0.0943717
-0.0962626
-0.0981552
-0.10005
-0.101948
-0.10385
-0.105757
-0.10767
-0.109589
-0.111515
-0.113449
-0.115392
-0.0783678
-0.0801031
-0.0818374
-0.0835712
-0.085305
-0.0870395
-0.0887752
-0.0905128
-0.0922528
-0.0939959
-0.0957428
-0.0974941
-0.0992505
-0.101013
-0.102781
-0.104557
-0.106342
-0.0722517
-0.0738414
-0.0754305
-0.0770194
-0.0786086
-0.0801986
-0.08179
-0.0833832
-0.0849787
-0.0865771
-0.0881789
-0.0897848
-0.0913953
-0.093011
-0.0946326
-0.0962606
-0.0978958
-0.0665325
-0.0679881
-0.0694432
-0.0708984
-0.0723539
-0.0738103
-0.075268
-0.0767273
-0.0781888
-0.0796528
-0.08112
-0.0825907
-0.0840655
-0.0855449
-0.0870294
-0.0885196
-0.090016
-0.0611842
-0.062516
-0.0638474
-0.065179
-0.066511
-0.0678438
-0.0691777
-0.0705131
-0.0718505
-0.0731901
-0.0745324
-0.0758779
-0.0772269
-0.0785798
-0.0799372
-0.0812996
-0.0826672
-0.0561775
-0.0573955
-0.0586132
-0.0598311
-0.0610493
-0.0622683
-0.0634882
-0.0647094
-0.0659322
-0.067157
-0.0683841
-0.0696139
-0.0708467
-0.0720829
-0.0733228
-0.074567
-0.0758157
-0.0514902
-0.0526036
-0.0537168
-0.0548301
-0.0559437
-0.0570579
-0.0581729
-0.0592889
-0.0604063
-0.0615254
-0.0626464
-0.0637696
-0.0648953
-0.0660239
-0.0671557
-0.068291
-0.0694302
-0.0471005
-0.048118
-0.0491354
-0.0501528
-0.0511704
-0.0521884
-0.053207
-0.0542265
-0.0552471
-0.056269
-0.0572924
-0.0583177
-0.0593451
-0.0603749
-0.0614073
-0.0624426
-0.0634811
-0.0429892
-0.043919
-0.0448486
-0.0457781
-0.0467078
-0.0476376
-0.048568
-0.0494989
-0.0504307
-0.0513636
-0.0522977
-0.0532332
-0.0541704
-0.0551095
-0.0560508
-0.0569944
-0.0579407
-0.0391401
-0.0399896
-0.0408388
-0.0416879
-0.0425369
-0.0433861
-0.0442356
-0.0450855
-0.045936
-0.0467873
-0.0476395
-0.0484929
-0.0493476
-0.0502037
-0.0510616
-0.0519213
-0.0527832
-0.0355362
-0.0363124
-0.0370882
-0.0378638
-0.0386393
-0.0394148
-0.0401904
-0.0409662
-0.0417425
-0.0425193
-0.0432967
-0.044075
-0.0448542
-0.0456346
-0.0464163
-0.0471995
-0.0479843
-0.0321642
-0.0328734
-0.0335822
-0.0342907
-0.034999
-0.0357071
-0.0364152
-0.0371234
-0.0378319
-0.0385406
-0.0392498
-0.0399595
-0.0406699
-0.0413812
-0.0420934
-0.0428067
-0.0435212
-0.0290102
-0.0296583
-0.030306
-0.0309532
-0.0316002
-0.032247
-0.0328936
-0.0335401
-0.0341867
-0.0348334
-0.0354803
-0.0361276
-0.0367753
-0.0374235
-0.0380724
-0.0387221
-0.0393727
-0.0260621
-0.0266546
-0.0272465
-0.027838
-0.0284291
-0.0290199
-0.0296104
-0.0302007
-0.030791
-0.0313812
-0.0319714
-0.0325618
-0.0331524
-0.0337433
-0.0343346
-0.0349264
-0.0355188
-0.0233084
-0.0238502
-0.0243914
-0.0249321
-0.0254723
-0.0260121
-0.0265515
-0.0270907
-0.0276296
-0.0281684
-0.028707
-0.0292456
-0.0297843
-0.030323
-0.030862
-0.0314012
-0.0319407
-0.0207386
-0.0212342
-0.0217291
-0.0222235
-0.0227174
-0.0232108
-0.0237038
-0.0241964
-0.0246887
-0.0251806
-0.0256723
-0.0261639
-0.0266553
-0.0271467
-0.027638
-0.0281295
-0.028621
-0.0183425
-0.018796
-0.0192489
-0.0197012
-0.0201529
-0.0206041
-0.0210548
-0.021505
-0.0219548
-0.0224043
-0.0228533
-0.0233021
-0.0237506
-0.024199
-0.0246471
-0.0250952
-0.0255432
-0.0161098
-0.0165252
-0.0169399
-0.0173539
-0.0177673
-0.0181802
-0.0185925
-0.0190043
-0.0194156
-0.0198264
-0.0202367
-0.0206467
-0.0210563
-0.0214656
-0.0218745
-0.0222833
-0.0226918
-0.0140329
-0.0144135
-0.0147934
-0.0151726
-0.0155512
-0.0159291
-0.0163065
-0.0166833
-0.0170595
-0.0174352
-0.0178104
-0.0181851
-0.0185594
-0.0189332
-0.0193066
-0.0196797
-0.0200524
-0.0121027
-0.0124516
-0.0127999
-0.0131474
-0.0134943
-0.0138406
-0.0141862
-0.0145312
-0.0148756
-0.0152194
-0.0155627
-0.0159054
-0.0162476
-0.0165893
-0.0169305
-0.0172712
-0.0176115
-0.0103109
-0.0106311
-0.0109505
-0.0112693
-0.0115874
-0.0119049
-0.0122217
-0.0125378
-0.0128533
-0.0131682
-0.0134825
-0.0137962
-0.0141093
-0.0144218
-0.0147338
-0.0150453
-0.0153563
-0.00865007
-0.00894407
-0.00923738
-0.00953
-0.00982195
-0.0101132
-0.0104038
-0.0106937
-0.010983
-0.0112717
-0.0115596
-0.011847
-0.0121337
-0.0124199
-0.0127054
-0.0129903
-0.0132747
-0.00711274
-0.00738296
-0.00765249
-0.00792134
-0.00818951
-0.008457
-0.0087238
-0.00898994
-0.0092554
-0.0095202
-0.00978433
-0.0100478
-0.0103106
-0.0105728
-0.0108344
-0.0110953
-0.0113556
-0.005692
-0.00594059
-0.00618851
-0.00643575
-0.00668231
-0.00692819
-0.00717339
-0.00741791
-0.00766176
-0.00790493
-0.00814742
-0.00838924
-0.00863039
-0.00887087
-0.0091107
-0.00934987
-0.00958839
-0.00438116
-0.00461009
-0.00483835
-0.00506594
-0.00529287
-0.00551912
-0.00574469
-0.00596959
-0.00619381
-0.00641735
-0.0066402
-0.00686238
-0.00708388
-0.0073047
-0.00752485
-0.00774432
-0.00796313
-0.00317386
-0.0033849
-0.00359529
-0.00380502
-0.0040141
-0.00422251
-0.00443026
-0.00463734
-0.00484374
-0.00504947
-0.00525452
-0.00545888
-0.00566257
-0.00586557
-0.00606789
-0.00626953
-0.00647048
-0.00206402
-0.00225878
-0.00245292
-0.00264642
-0.00283928
-0.00303148
-0.00322304
-0.00341393
-0.00360416
-0.00379372
-0.00398261
-0.00417083
-0.00435837
-0.00454523
-0.0047314
-0.00491689
-0.00510169
-0.00104581
-0.00122578
-0.00140514
-0.00158388
-0.00176199
-0.00193947
-0.00211632
-0.00229252
-0.00246807
-0.00264296
-0.0028172
-0.00299077
-0.00316367
-0.0033359
-0.00350745
-0.00367832
-0.00384851
-0.000113704
-0.00028021
-0.000446127
-0.000611447
-0.000776163
-0.000940267
-0.00110375
-0.00126661
-0.00142884
-0.00159042
-0.00175137
-0.00191166
-0.0020713
-0.00223027
-0.00238858
-0.00254622
-0.00270319
0.00073761
0.000583347
0.000429649
0.000276525
0.000123983
-2.79684e-05
-0.000179322
-0.00033007
-0.000480205
-0.00062972
-0.00077861
-0.000926867
-0.00107448
-0.00122146
-0.00136778
-0.00151345
-0.00165846
0.00151318
0.00137004
0.00122745
0.00108541
0.000943926
0.000803009
0.000662668
0.00052291
0.000383743
0.000245174
0.000107209
-3.01428e-05
-0.000166876
-0.000302985
-0.000438462
-0.000573302
-0.0007075
0.00221781
0.00208479
0.00195228
0.0018203
0.00168886
0.00155796
0.00142761
0.00129782
0.00116859
0.00103995
0.000911879
0.000784402
0.000657521
0.000531244
0.000405577
0.000280526
0.000156098
3.22983e-05
0.00285606
0.00273223
0.00260888
0.00248603
0.00236369
0.00224187
0.00212058
0.00199982
0.00187961
0.00175994
0.00164083
0.00152229
0.00140432
0.00128693
0.00117013
0.00105392
0.000938312
0.000823309
0.00343228
0.00331677
0.00320172
0.00308715
0.00297307
0.00285947
0.00274638
0.00263379
0.00252173
0.00241019
0.00229918
0.00218871
0.00207879
0.00196943
0.00186063
0.00175239
0.00164474
0.00153766
0.00395053
0.00384256
0.00373503
0.00362795
0.00352133
0.00341517
0.00330949
0.00320429
0.00309959
0.00299538
0.00289168
0.0027885
0.00268584
0.00258371
0.00248212
0.00238107
0.00228057
0.00218063
0.00441467
0.00431351
0.00421276
0.00411244
0.00401256
0.00391311
0.00381412
0.00371558
0.00361751
0.00351991
0.0034228
0.00332617
0.00323004
0.00313442
0.00303931
0.00294471
0.00285065
0.00275711
0.00482825
0.00473323
0.0046386
0.00454436
0.00445054
0.00435713
0.00426414
0.0041716
0.00407949
0.00398783
0.00389662
0.00380588
0.00371562
0.00362583
0.00353652
0.00344771
0.0033594
0.00327159
0.00519475
0.00510521
0.00501604
0.00492725
0.00483885
0.00475084
0.00466324
0.00457604
0.00448926
0.00440291
0.00431699
0.0042315
0.00414647
0.00406189
0.00397776
0.00389411
0.00381093
0.00372823
0.00551696
0.00543233
0.00534805
0.00526412
0.00518056
0.00509737
0.00501455
0.00493213
0.00485009
0.00476846
0.00468724
0.00460643
0.00452605
0.00444609
0.00436657
0.00428749
0.00420886
0.00413068
0.00579782
0.00571753
0.00563757
0.00555794
0.00547866
0.00539972
0.00532114
0.00524293
0.00516509
0.00508762
0.00501055
0.00493386
0.00485757
0.00478169
0.00470622
0.00463117
0.00455654
0.00448235
0.00603963
0.00596314
0.00588696
0.0058111
0.00573555
0.00566034
0.00558547
0.00551094
0.00543676
0.00536294
0.00528948
0.00521639
0.00514368
0.00507136
0.00499942
0.00492787
0.00485673
0.004786
0.00624466
0.00617145
0.00609854
0.00602592
0.0059536
0.0058816
0.00580992
0.00573856
0.00566753
0.00559685
0.0055265
0.00545651
0.00538687
0.00531759
0.00524868
0.00518015
0.00511199
0.00504422
0.00641425
0.00634382
0.00627367
0.0062038
0.00613422
0.00606493
0.00599595
0.00592727
0.00585891
0.00579087
0.00572316
0.00565577
0.00558873
0.00552202
0.00545567
0.00538967
0.00532402
0.00525874
0.00655015
0.00648199
0.00641409
0.00634646
0.00627911
0.00621204
0.00614526
0.00607877
0.00601258
0.00594669
0.00588111
0.00581584
0.0057509
0.00568628
0.00562199
0.00555804
0.00549442
0.00543115
0.00665229
0.00658593
0.00651981
0.00645396
0.00638837
0.00632305
0.00625801
0.00619324
0.00612876
0.00606457
0.00600068
0.00593708
0.00587379
0.00581081
0.00574814
0.00568578
0.00562375
0.00556204
0.00672183
0.0066567
0.00659181
0.00652718
0.0064628
0.00639868
0.00633482
0.00627123
0.00620792
0.00614488
0.00608213
0.00601967
0.00595749
0.00589561
0.00583403
0.00577276
0.00571179
0.00565113
0.00675679
0.0066925
0.00662845
0.00656465
0.00650109
0.00643779
0.00637474
0.00631195
0.00624942
0.00618716
0.00612517
0.00606345
0.006002
0.00594084
0.00587996
0.00581936
0.00575906
0.00569904
-0.0259287
-0.0356322
-0.0452138
-0.0546635
-0.0639728
-0.0731352
-0.0821451
-0.0909977
-0.0996888
-0.108215
-0.116572
-0.124758
-0.132771
-0.14061
-0.148274
-0.155762
-0.163061
-0.170175
-0.177216
-0.18403
-0.190616
-0.197015
-0.203245
-0.209308
-0.215202
-0.22093
-0.226494
-0.231898
-0.237147
-0.02971
-0.0382364
-0.0466328
-0.0548987
-0.0630326
-0.0710335
-0.0789004
-0.0866325
-0.0942287
-0.101688
-0.10901
-0.116194
-0.123239
-0.130146
-0.136913
-0.143538
-0.150014
-0.156313
-0.162443
-0.168517
-0.174459
-0.18025
-0.185901
-0.191422
-0.196815
-0.202083
-0.207226
-0.21225
-0.217156
-0.0313837
-0.0388688
-0.0462475
-0.0535202
-0.0606856
-0.067742
-0.0746879
-0.0815222
-0.0882436
-0.0948513
-0.101344
-0.107722
-0.113984
-0.12013
-0.12616
-0.132072
-0.137866
-0.14354
-0.149085
-0.154569
-0.159969
-0.165242
-0.170394
-0.175442
-0.180392
-0.185247
-0.190007
-0.194675
-0.199255
-0.0326787
-0.0393074
-0.045841
-0.0522801
-0.0586239
-0.0648716
-0.0710227
-0.0770768
-0.083034
-0.0888945
-0.0946586
-0.100326
-0.105899
-0.111376
-0.116758
-0.122045
-0.127237
-0.132331
-0.137325
-0.142199
-0.147161
-0.151989
-0.156684
-0.16129
-0.165826
-0.170292
-0.174689
-0.179016
-0.183276
-0.033309
-0.0391807
-0.0449687
-0.0506742
-0.0562977
-0.0618397
-0.0673003
-0.0726802
-0.0779799
-0.0832003
-0.0883422
-0.0934066
-0.0983946
-0.103308
-0.108147
-0.112916
-0.117615
-0.12225
-0.126821
-0.131323
-0.135635
-0.139968
-0.144275
-0.148517
-0.152692
-0.156809
-0.160871
-0.164882
-0.168843
-0.0335386
-0.0387539
-0.0438971
-0.0489696
-0.0539726
-0.0589068
-0.0637728
-0.0685713
-0.0733031
-0.0779693
-0.0825707
-0.0871083
-0.0915832
-0.0959963
-0.100349
-0.104641
-0.108874
-0.113048
-0.117161
-0.121213
-0.125202
-0.12919
-0.133133
-0.137018
-0.140852
-0.144642
-0.14839
-0.1521
-0.155772
-0.0333972
-0.0380383
-0.0426183
-0.0471385
-0.0516002
-0.0560043
-0.0603516
-0.0646429
-0.0688793
-0.0730616
-0.077191
-0.0812685
-0.0852953
-0.0892723
-0.093201
-0.0970825
-0.100918
-0.10471
-0.10846
-0.112169
-0.115837
-0.119434
-0.12302
-0.126579
-0.1301
-0.133585
-0.137039
-0.140464
-0.143861
-0.0329703
-0.0371108
-0.0412
-0.045239
-0.049229
-0.053171
-0.0570658
-0.0609144
-0.0647176
-0.0684765
-0.072192
-0.0758652
-0.0794971
-0.0830886
-0.0866409
-0.090155
-0.0936317
-0.097072
-0.100477
-0.103846
-0.10718
-0.110478
-0.113776
-0.117041
-0.120273
-0.123478
-0.126659
-0.129818
-0.132957
-0.0323101
-0.0360123
-0.0396714
-0.0432885
-0.0468649
-0.0504014
-0.0538989
-0.0573582
-0.0607803
-0.0641661
-0.0675165
-0.0708326
-0.0741152
-0.0773654
-0.0805843
-0.0837729
-0.0869324
-0.090064
-0.093169
-0.0962489
-0.0993048
-0.102337
-0.105322
-0.108301
-0.111267
-0.114212
-0.117138
-0.120048
-0.122942
-0.0314631
-0.0347802
-0.0380614
-0.0413078
-0.0445203
-0.0476998
-0.0508471
-0.0539629
-0.0570482
-0.0601038
-0.0631305
-0.0661292
-0.0691007
-0.0720458
-0.0749656
-0.0778608
-0.0807322
-0.0835808
-0.0864073
-0.0892125
-0.0919968
-0.0947609
-0.0975049
-0.100248
-0.102972
-0.105677
-0.108365
-0.111041
-0.113707
-0.0304648
-0.0334426
-0.0363906
-0.0393098
-0.0422009
-0.0450647
-0.0479021
-0.0507136
-0.0535001
-0.0562622
-0.0590008
-0.0617165
-0.0644103
-0.0670827
-0.0697347
-0.072367
-0.0749805
-0.0775759
-0.0801541
-0.0827159
-0.0852623
-0.0877937
-0.0903101
-0.092804
-0.0952927
-0.0977746
-0.100247
-0.102709
-0.105161
-0.0293446
-0.0320225
-0.0346758
-0.0373052
-0.0399115
-0.0424953
-0.0450573
-0.0475981
-0.0501183
-0.0526186
-0.0550997
-0.0575621
-0.0600066
-0.0624339
-0.0648446
-0.0672393
-0.0696188
-0.0719837
-0.0743347
-0.0766726
-0.0789979
-0.0813113
-0.0836134
-0.0859026
-0.0881864
-0.0904625
-0.09273
-0.0949898
-0.0972432
-0.0281265
-0.0305387
-0.0329304
-0.0353025
-0.0376554
-0.0399899
-0.0423065
-0.0446056
-0.0468878
-0.0491538
-0.0514039
-0.0536389
-0.0558593
-0.0580656
-0.0602584
-0.0624382
-0.0646057
-0.0667614
-0.0689059
-0.0710398
-0.0731635
-0.0752778
-0.0773832
-0.0794805
-0.0815793
-0.0836674
-0.0857452
-0.0878167
-0.0898842
-0.0268308
-0.0290066
-0.0311656
-0.0333085
-0.0354356
-0.0375475
-0.0396446
-0.0417274
-0.0437964
-0.0458521
-0.0478949
-0.0499253
-0.0519438
-0.0539508
-0.0559469
-0.0579326
-0.0599083
-0.0618747
-0.0638321
-0.0657812
-0.0677225
-0.0696564
-0.0715834
-0.0735034
-0.0754103
-0.077317
-0.0792228
-0.0811253
-0.0830237
-0.0254744
-0.0274397
-0.029391
-0.0313291
-0.0332542
-0.0351668
-0.0370673
-0.0389561
-0.0408335
-0.0426999
-0.0445558
-0.0464015
-0.0482375
-0.0500641
-0.0518817
-0.0536908
-0.0554918
-0.057285
-0.059071
-0.0608501
-0.0626227
-0.0643892
-0.0661502
-0.067906
-0.0696561
-0.071404
-0.0731495
-0.0748917
-0.0766309
-0.0240721
-0.0258492
-0.0276149
-0.0293696
-0.0311137
-0.0328476
-0.0345714
-0.0362857
-0.0379905
-0.0396864
-0.0413737
-0.0430526
-0.0447235
-0.0463867
-0.0480426
-0.0496915
-0.0513339
-0.0529699
-0.0546
-0.0562246
-0.057844
-0.0594587
-0.0610689
-0.0626751
-0.0642774
-0.0658774
-0.0674745
-0.0690688
-0.070661
-0.0226367
-0.0242453
-0.0258446
-0.0274349
-0.0290165
-0.0305896
-0.0321546
-0.0337116
-0.0352609
-0.0368028
-0.0383376
-0.0398656
-0.041387
-0.042902
-0.0444111
-0.0459144
-0.0474122
-0.0489049
-0.0503927
-0.0518758
-0.0533547
-0.0548295
-0.0563005
-0.0577681
-0.0592324
-0.0606981
-0.06216
-0.0636189
-0.0650762
-0.0211796
-0.0226371
-0.024087
-0.0255295
-0.0269649
-0.0283934
-0.0298151
-0.0312303
-0.0326392
-0.034042
-0.0354389
-0.0368302
-0.0382161
-0.0395968
-0.0409725
-0.0423436
-0.0437101
-0.0450725
-0.0464309
-0.0477857
-0.0491371
-0.0504854
-0.0518309
-0.0531739
-0.0545146
-0.0558491
-0.0571839
-0.0585184
-0.0598519
-0.0197108
-0.0210327
-0.0223483
-0.0236578
-0.0249615
-0.0262596
-0.027552
-0.0288391
-0.030121
-0.0313979
-0.0326699
-0.0339373
-0.0352002
-0.0364587
-0.0377132
-0.0389638
-0.0402106
-0.0414539
-0.0426939
-0.0439308
-0.0451648
-0.0463961
-0.0476249
-0.0488515
-0.0500759
-0.0512982
-0.0525195
-0.0537397
-0.054959
-0.0182395
-0.0194394
-0.0206341
-0.0218238
-0.0230088
-0.0241891
-0.0253648
-0.0265361
-0.0277031
-0.0288659
-0.0300247
-0.0311797
-0.0323309
-0.0334785
-0.0346228
-0.0357637
-0.0369015
-0.0380364
-0.0391685
-0.040298
-0.0414251
-0.0425499
-0.0436726
-0.0447934
-0.0459125
-0.0470301
-0.0481465
-0.0492618
-0.0503763
-0.016774
-0.017864
-0.0189497
-0.0200314
-0.0211092
-0.0221832
-0.0232533
-0.0243198
-0.0253828
-0.0264423
-0.0274985
-0.0285514
-0.0296012
-0.0306481
-0.031692
-0.0327332
-0.0337718
-0.0348079
-0.0358416
-0.0368731
-0.0379026
-0.0389301
-0.0399559
-0.04098
-0.0420027
-0.0430241
-0.0440446
-0.045064
-0.0460825
-0.0153217
-0.0163126
-0.0173001
-0.0182843
-0.0192653
-0.0202431
-0.0212178
-0.0221894
-0.0231582
-0.024124
-0.025087
-0.0260474
-0.0270051
-0.0279603
-0.0289131
-0.0298635
-0.0308117
-0.0317578
-0.0327018
-0.0336439
-0.0345842
-0.0355228
-0.0364597
-0.0373952
-0.0383293
-0.0392622
-0.040196
-0.0411281
-0.042059
-0.0138893
-0.0147909
-0.0156898
-0.0165859
-0.0174793
-0.0183702
-0.0192585
-0.0201443
-0.0210276
-0.0219085
-0.0227871
-0.0236634
-0.0245375
-0.0254095
-0.0262794
-0.0271473
-0.0280134
-0.0288776
-0.0297402
-0.0306011
-0.0314605
-0.0323184
-0.0331751
-0.0340306
-0.034885
-0.0357384
-0.0365889
-0.0374395
-0.03829
-0.0124829
-0.013304
-0.0141227
-0.0149392
-0.0157535
-0.0165657
-0.0173757
-0.0181837
-0.0189896
-0.0197934
-0.0205954
-0.0213953
-0.0221934
-0.0229897
-0.0237843
-0.0245771
-0.0253683
-0.0261578
-0.0269459
-0.0277325
-0.0285178
-0.0293017
-0.0300844
-0.030866
-0.0316464
-0.0324259
-0.0332044
-0.0339822
-0.0347595
-0.0111079
-0.0118561
-0.0126025
-0.013347
-0.0140897
-0.0148307
-0.0155698
-0.0163073
-0.0170429
-0.0177769
-0.0185092
-0.0192399
-0.019969
-0.0206965
-0.0214225
-0.022147
-0.02287
-0.0235917
-0.024312
-0.025031
-0.0257488
-0.0264655
-0.027181
-0.0278954
-0.0286089
-0.0293215
-0.0300332
-0.0307442
-0.0314545
-0.00976904
-0.0104515
-0.0111324
-0.0118118
-0.0124897
-0.0131661
-0.0138411
-0.0145146
-0.0151866
-0.0158571
-0.0165263
-0.017194
-0.0178604
-0.0185254
-0.019189
-0.0198514
-0.0205124
-0.0211723
-0.0218309
-0.0224884
-0.0231448
-0.0238001
-0.0244543
-0.0251076
-0.02576
-0.0264115
-0.0270622
-0.0277122
-0.0283615
-0.00847043
-0.0090934
-0.0097151
-0.0103356
-0.0109548
-0.0115728
-0.0121896
-0.0128051
-0.0134193
-0.0140324
-0.0146442
-0.0152547
-0.0158641
-0.0164723
-0.0170793
-0.0176851
-0.0182898
-0.0188934
-0.0194959
-0.0200974
-0.0206978
-0.0212973
-0.0218958
-0.0224934
-0.0230901
-0.023686
-0.024281
-0.0248754
-0.0254691
-0.00721565
-0.00778484
-0.00835298
-0.0089201
-0.0094862
-0.0100513
-0.0106152
-0.0111782
-0.01174
-0.0123008
-0.0128605
-0.0134192
-0.0139768
-0.0145333
-0.0150888
-0.0156433
-0.0161967
-0.0167491
-0.0173006
-0.017851
-0.0184006
-0.0189492
-0.0194969
-0.0200437
-0.0205897
-0.0211349
-0.0216793
-0.0222231
-0.0227661
-0.00600774
-0.00652827
-0.00704792
-0.00756672
-0.00808466
-0.00860172
-0.00911787
-0.0096331
-0.0101474
-0.0106608
-0.0111732
-0.0116847
-0.0121953
-0.0127049
-0.0132136
-0.0137213
-0.0142281
-0.014734
-0.015239
-0.0157431
-0.0162463
-0.0167486
-0.0172501
-0.0177507
-0.0182506
-0.0187497
-0.019248
-0.0197456
-0.0202424
-0.00484913
-0.0053256
-0.00580133
-0.00627635
-0.00675064
-0.00722416
-0.00769691
-0.00816885
-0.00863999
-0.00911031
-0.00957979
-0.0100484
-0.0105162
-0.0109832
-0.0114493
-0.0119145
-0.0123789
-0.0128425
-0.0133051
-0.013767
-0.014228
-0.0146882
-0.0151476
-0.0156062
-0.016064
-0.016521
-0.0169773
-0.0174333
-0.0178883
-0.00374181
-0.00417837
-0.00461431
-0.00504965
-0.00548435
-0.00591839
-0.00635176
-0.00678442
-0.00721637
-0.00764759
-0.00807807
-0.00850779
-0.00893675
-0.00936493
-0.00979234
-0.010219
-0.0106448
-0.0110698
-0.0114941
-0.0119176
-0.0123403
-0.0127622
-0.0131833
-0.0136037
-0.0140233
-0.0144421
-0.0148602
-0.0152772
-0.0156937
-0.00268722
-0.00308761
-0.00348747
-0.0038868
-0.00428558
-0.00468379
-0.0050814
-0.00547838
-0.00587473
-0.00627042
-0.00666543
-0.00705976
-0.0074534
-0.00784632
-0.00823852
-0.00862999
-0.00902073
-0.00941073
-0.00979998
-0.0101885
-0.0105762
-0.0109633
-0.0113495
-0.011735
-0.0121198
-0.0125039
-0.0128872
-0.0132698
-0.0136517
-0.00168639
-0.00205398
-0.0024211
-0.00278776
-0.00315394
-0.00351961
-0.00388475
-0.00424933
-0.00461333
-0.00497673
-0.00533952
-0.00570169
-0.00606321
-0.00642407
-0.00678426
-0.00714378
-0.00750261
-0.00786074
-0.00821817
-0.00857489
-0.0089309
-0.00928619
-0.00964076
-0.00999461
-0.0103477
-0.0107002
-0.0110519
-0.0114029
-0.0117531
-0.000739896
-0.0010777
-0.00141511
-0.0017521
-0.00208867
-0.00242478
-0.00276041
-0.00309553
-0.00343012
-0.00376417
-0.00409765
-0.00443055
-0.00476286
-0.00509455
-0.00542562
-0.00575605
-0.00608584
-0.00641496
-0.00674342
-0.0070712
-0.0073983
-0.00772471
-0.00805043
-0.00837545
-0.00869978
-0.0090234
-0.00934633
-0.00966855
-0.00999008
0.000152077
-0.000158689
-0.000469097
-0.000779139
-0.00108879
-0.00139803
-0.00170682
-0.00201516
-0.00232301
-0.00263035
-0.00293717
-0.00324346
-0.00354918
-0.00385433
-0.0041589
-0.00446287
-0.00476622
-0.00506895
-0.00537104
-0.00567249
-0.00597328
-0.00627342
-0.00657288
-0.00687167
-0.00716979
-0.00746722
-0.00776396
-0.00806002
-0.00835539
0.00127621
0.000989701
0.000703514
0.000417652
0.000132122
-0.000153053
-0.000437846
-0.000722232
-0.00100619
-0.0012897
-0.00157274
-0.0018553
-0.00213735
-0.00241888
-0.00269987
-0.00298031
-0.00326017
-0.00353946
-0.00381816
-0.00409624
-0.00437372
-0.00465056
-0.00492677
-0.00520234
-0.00547725
-0.00575151
-0.0060251
-0.00629802
-0.00657027
-0.00684185
0.00203761
0.00177349
0.00150966
0.00124613
0.000982907
0.000720009
0.000457464
0.000195296
-6.64734e-05
-0.000327825
-0.00058874
-0.000849198
-0.00110918
-0.00136867
-0.00162766
-0.00188612
-0.00214404
-0.00240142
-0.00265822
-0.00291445
-0.00317009
-0.00342513
-0.00367956
-0.00393337
-0.00418654
-0.00443909
-0.00469098
-0.00494223
-0.00519282
-0.00544274
0.00274799
0.00250426
0.00226078
0.00201759
0.00177467
0.00153206
0.00128978
0.00104785
0.000806296
0.000565131
0.000324376
8.40507e-05
-0.000155828
-0.000395244
-0.000634179
-0.00087262
-0.00111055
-0.00134795
-0.00158482
-0.00182114
-0.00205689
-0.00229207
-0.00252666
-0.00276065
-0.00299404
-0.00322681
-0.00345896
-0.00369047
-0.00392135
-0.00415158
0.00340824
0.00318308
0.00295815
0.00273348
0.00250907
0.00228495
0.00206114
0.00183766
0.00161453
0.00139176
0.00116938
0.00094741
0.000725857
0.000504741
0.00028408
6.38883e-05
-0.000155819
-0.000375028
-0.000593724
-0.000811894
-0.00102953
-0.00124661
-0.00146313
-0.00167908
-0.00189444
-0.00210921
-0.00232338
-0.00253694
-0.00274988
-0.00296219
0.00401951
0.00381127
0.00360325
0.00339548
0.00318795
0.00298069
0.00277373
0.00256707
0.00236073
0.00215475
0.00194913
0.00174389
0.00153905
0.00133462
0.00113062
0.000927068
0.000723975
0.000521354
0.000319222
0.000117589
-8.35293e-05
-0.000284122
-0.000484178
-0.000683685
-0.000882633
-0.00108101
-0.00127881
-0.00147602
-0.00167263
-0.00186863
0.00458316
0.00439036
0.00419778
0.00400542
0.0038133
0.00362142
0.00342982
0.00323851
0.00304751
0.00285684
0.0026665
0.00247653
0.00228693
0.00209773
0.00190893
0.00172055
0.00153261
0.00134511
0.00115808
0.000971526
0.00078546
0.000599895
0.000414843
0.000230315
4.63224e-05
-0.000137124
-0.000320013
-0.000502337
-0.000684084
-0.000865246
0.00510076
0.00492207
0.00474358
0.00456529
0.00438722
0.00420939
0.00403182
0.00385452
0.00367751
0.00350081
0.00332443
0.00314839
0.0029727
0.00279739
0.00262245
0.00244792
0.00227379
0.00210009
0.00192683
0.00175402
0.00158168
0.00140981
0.00123843
0.00106755
0.000897187
0.000727341
0.000558027
0.000389256
0.000221038
5.33811e-05
0.00557407
0.00540825
0.00524262
0.00507719
0.00491196
0.00474695
0.00458219
0.00441768
0.00425345
0.0040895
0.00392586
0.00376253
0.00359954
0.00343689
0.00327461
0.0031127
0.00295118
0.00279006
0.00262936
0.00246909
0.00230925
0.00214987
0.00199095
0.00183251
0.00167455
0.00151709
0.00136014
0.0012037
0.0010478
0.000892431
0.00600495
0.0058509
0.00569701
0.00554332
0.00538981
0.00523652
0.00508345
0.00493062
0.00477804
0.00462574
0.00447372
0.004322
0.00417059
0.00401951
0.00386876
0.00371837
0.00356835
0.0034187
0.00326945
0.0031206
0.00297217
0.00282416
0.00267659
0.00252948
0.00238282
0.00223664
0.00209094
0.00194574
0.00180103
0.00165684
0.00639539
0.00625208
0.00610893
0.00596595
0.00582315
0.00568055
0.00553815
0.00539598
0.00525405
0.00511237
0.00497095
0.00482982
0.00468897
0.00454844
0.00440822
0.00426833
0.00412879
0.0039896
0.00385078
0.00371234
0.00357429
0.00343665
0.00329942
0.00316261
0.00302625
0.00289033
0.00275487
0.00261987
0.00248536
0.00235134
0.00674746
0.00661396
0.00648061
0.00634741
0.00621438
0.00608153
0.00594887
0.00581642
0.00568419
0.0055522
0.00542046
0.00528897
0.00515776
0.00502683
0.0048962
0.00476588
0.00463588
0.00450622
0.0043769
0.00424794
0.00411935
0.00399113
0.00386331
0.00373589
0.00360888
0.0034823
0.00335614
0.00323043
0.00310518
0.00298038
0.0070633
0.00693874
0.00681432
0.00669003
0.00656591
0.00644194
0.00631816
0.00619457
0.00607119
0.00594802
0.00582508
0.00570238
0.00557994
0.00545776
0.00533586
0.00521425
0.00509294
0.00497194
0.00485126
0.00473092
0.00461092
0.00449128
0.00437201
0.00425312
0.00413461
0.0040165
0.0038988
0.00378152
0.00366466
0.00354825
0.00734506
0.00722864
0.00711234
0.00699618
0.00688015
0.00676427
0.00664857
0.00653303
0.00641769
0.00630254
0.00618761
0.0060729
0.00595843
0.0058442
0.00573023
0.00561653
0.00550311
0.00538998
0.00527715
0.00516464
0.00505244
0.00494058
0.00482907
0.00471791
0.00460711
0.00449669
0.00438665
0.00427701
0.00416777
0.00405894
0.00759492
0.00748589
0.00737697
0.00726817
0.00715949
0.00705096
0.00694257
0.00683435
0.0067263
0.00661843
0.00651076
0.0064033
0.00629605
0.00618903
0.00608225
0.00597572
0.00586945
0.00576345
0.00565773
0.0055523
0.00544717
0.00534236
0.00523786
0.0051337
0.00502988
0.00492641
0.0048233
0.00472057
0.00461821
0.00451624
0.007815
0.00771266
0.00761041
0.00750827
0.00740625
0.00730435
0.00720259
0.00710098
0.00699953
0.00689824
0.00679714
0.00669622
0.0065955
0.006495
0.00639471
0.00629466
0.00619484
0.00609528
0.00599598
0.00589695
0.0057982
0.00569974
0.00560158
0.00550373
0.0054062
0.005309
0.00521214
0.00511562
0.00501946
0.00492367
0.00800743
0.00791111
0.00781487
0.00771873
0.00762269
0.00752677
0.00743097
0.00733531
0.00723979
0.00714443
0.00704923
0.0069542
0.00685936
0.00676471
0.00667027
0.00657604
0.00648203
0.00638826
0.00629473
0.00620146
0.00610844
0.0060157
0.00592323
0.00583106
0.00573919
0.00564763
0.00555638
0.00546546
0.00537488
0.00528464
0.00817419
0.00808325
0.00799239
0.00790161
0.00781093
0.00772035
0.00762988
0.00753954
0.00744933
0.00735925
0.00726934
0.00717958
0.00708999
0.00700058
0.00691136
0.00682233
0.00673352
0.00664492
0.00655655
0.00646841
0.00638051
0.00629287
0.0062055
0.00611839
0.00603156
0.00594502
0.00585878
0.00577284
0.00568722
0.00560192
0.00831726
0.00823109
0.00814499
0.00805897
0.00797303
0.00788719
0.00780145
0.00771582
0.00763031
0.00754493
0.0074597
0.00737461
0.00728967
0.00720491
0.00712032
0.00703591
0.0069517
0.00686768
0.00678388
0.0067003
0.00661695
0.00653383
0.00645096
0.00636834
0.00628598
0.0062039
0.00612209
0.00604057
0.00595935
0.00587843
0.00843832
0.00835633
0.00827439
0.00819253
0.00811075
0.00802905
0.00794745
0.00786595
0.00778456
0.00770329
0.00762216
0.00754116
0.00746031
0.00737961
0.00729908
0.00721872
0.00713854
0.00705855
0.00697876
0.00689917
0.0068198
0.00674065
0.00666173
0.00658305
0.00650461
0.00642643
0.00634852
0.00627087
0.0061935
0.00611642
0.00853917
0.00846076
0.00838241
0.00830413
0.00822592
0.00814779
0.00806976
0.00799182
0.00791398
0.00783626
0.00775867
0.0076812
0.00760387
0.00752669
0.00744966
0.0073728
0.0072961
0.00721959
0.00714326
0.00706712
0.00699119
0.00691547
0.00683996
0.00676468
0.00668963
0.00661483
0.00654027
0.00646597
0.00639193
0.00631815
0.00862089
0.00854549
0.00847014
0.00839486
0.00831965
0.00824451
0.00816947
0.00809452
0.00801968
0.00794494
0.00787032
0.00779583
0.00772147
0.00764725
0.00757318
0.00749926
0.00742551
0.00735193
0.00727853
0.00720531
0.00713229
0.00705947
0.00698685
0.00691445
0.00684227
0.00677032
0.00669861
0.00662714
0.00655592
0.00648495
0.00868517
0.00861218
0.00853926
0.0084664
0.00839362
0.00832092
0.0082483
0.00817578
0.00810337
0.00803106
0.00795887
0.0078868
0.00781486
0.00774306
0.0076714
0.0075999
0.00752855
0.00745737
0.00738636
0.00731553
0.00724489
0.00717444
0.00710418
0.00703414
0.00696431
0.00689469
0.00682531
0.00675615
0.00668724
0.00661857
0.0087319
0.00866073
0.00858962
0.00851859
0.00844764
0.00837677
0.008306
0.00823533
0.00816476
0.00809431
0.00802398
0.00795377
0.0078837
0.00781377
0.00774398
0.00767434
0.00760486
0.00753555
0.00746641
0.00739744
0.00732866
0.00726007
0.00719168
0.00712349
0.0070555
0.00698773
0.00692018
0.00685286
0.00678576
0.00671891
0.00876319
0.00869324
0.00862337
0.00855358
0.00848388
0.00841427
0.00834476
0.00827536
0.00820608
0.00813691
0.00806786
0.00799895
0.00793017
0.00786153
0.00779304
0.0077247
0.00765652
0.00758851
0.00752066
0.00745299
0.00738551
0.00731821
0.0072511
0.00718419
0.00711749
0.00705099
0.00698471
0.00691865
0.00685281
0.0067872
0.00877602
0.00870657
0.00863722
0.00856798
0.00849884
0.00842983
0.00836093
0.00829216
0.00822353
0.00815503
0.00808667
0.00801846
0.00795041
0.00788251
0.00781477
0.0077472
0.0076798
0.00761258
0.00754554
0.00747868
0.00741202
0.00734555
0.00727928
0.00721321
0.00714735
0.0070817
0.00701627
0.00695106
0.00688607
0.00682131
0.016596
0.0165107
0.0164253
0.0163399
0.0162546
0.0161692
0.0160838
0.0159985
0.0159132
0.0158279
0.0157426
0.0156573
0.0155721
0.015487
0.0154019
0.0153169
0.0152319
0.015147
0.0150621
0.0149773
0.0148927
0.0148081
0.0147236
0.0146392
0.0145548
0.0144706
0.0143866
0.0143026
0.0142187
0.014135
0.0140514
0.0166006
0.0165148
0.0164289
0.016343
0.0162571
0.0161711
0.0160851
0.0159991
0.0159131
0.0158271
0.0157411
0.0156551
0.0155691
0.0154832
0.0153972
0.0153114
0.0152255
0.0151397
0.015054
0.0149683
0.0148827
0.0147971
0.0147117
0.0146263
0.014541
0.0144559
0.0143708
0.0142858
0.014201
0.0141162
0.0140316
0.0166021
0.016515
0.0164278
0.0163406
0.0162533
0.016166
0.0160786
0.0159913
0.0159039
0.0158165
0.015729
0.0156416
0.0155542
0.0154669
0.0153795
0.0152922
0.0152049
0.0151177
0.0150305
0.0149434
0.0148563
0.0147693
0.0146824
0.0145956
0.0145089
0.0144223
0.0143358
0.0142494
0.0141631
0.0140769
0.0139909
0.0166035
0.0165145
0.0164253
0.0163362
0.0162469
0.0161576
0.0160683
0.0159789
0.0158895
0.0158001
0.0157106
0.0156212
0.0155318
0.0154423
0.0153529
0.0152636
0.0151742
0.0150849
0.0149956
0.0149065
0.0148173
0.0147283
0.0146393
0.0145504
0.0144616
0.0143729
0.0142843
0.0141959
0.0141075
0.0140193
0.0139313
0.0166018
0.0165102
0.0164184
0.0163266
0.0162348
0.0161429
0.0160509
0.0159589
0.0158668
0.0157748
0.0156827
0.0155906
0.0154985
0.0154065
0.0153144
0.0152224
0.0151304
0.0150384
0.0149465
0.0148547
0.0147629
0.0146712
0.0145796
0.0144881
0.0143967
0.0143054
0.0142142
0.0141231
0.0140322
0.0139414
0.0138508
0.016597
0.0165022
0.0164072
0.0163122
0.0162171
0.016122
0.0160268
0.0159315
0.0158362
0.0157409
0.0156456
0.0155503
0.015455
0.0153597
0.0152644
0.0151691
0.0150739
0.0149787
0.0148836
0.0147885
0.0146935
0.0145986
0.0145038
0.0144091
0.0143145
0.01422
0.0141257
0.0140315
0.0139374
0.0138435
0.0137497
0.0165872
0.0164885
0.0163897
0.0162909
0.0161919
0.0160929
0.0159939
0.0158948
0.0157957
0.0156965
0.0155974
0.0154982
0.0153991
0.0152999
0.0152008
0.0151017
0.0150027
0.0149037
0.0148048
0.0147059
0.0146072
0.0145085
0.0144099
0.0143115
0.0142131
0.0141149
0.0140168
0.0139189
0.0138211
0.0137235
0.0136261
0.0165713
0.0164682
0.0163649
0.0162616
0.0161582
0.0160548
0.0159513
0.0158478
0.0157442
0.0156406
0.015537
0.0154334
0.0153299
0.0152263
0.0151228
0.0150193
0.0149159
0.0148125
0.0147092
0.014606
0.0145029
0.0143999
0.014297
0.0141942
0.0140915
0.013989
0.0138866
0.0137845
0.0136824
0.0135806
0.0134789
0.0165476
0.0164394
0.0163311
0.0162227
0.0161142
0.0160057
0.0158972
0.0157886
0.01568
0.0155713
0.0154627
0.0153541
0.0152455
0.0151369
0.0150284
0.0149199
0.0148115
0.0147032
0.0145949
0.0144867
0.0143787
0.0142707
0.0141629
0.0140552
0.0139477
0.0138403
0.0137331
0.013626
0.0135192
0.0134125
0.0133061
0.0165146
0.0164007
0.0162867
0.0161726
0.0160584
0.0159442
0.01583
0.0157157
0.0156014
0.0154871
0.0153729
0.0152586
0.0151444
0.0150302
0.0149161
0.014802
0.014688
0.0145741
0.0144602
0.0143465
0.0142329
0.0141194
0.0140061
0.0138929
0.0137799
0.013667
0.0135544
0.0134419
0.0133296
0.0132176
0.0131057
0.0163503
0.0162299
0.0161095
0.015989
0.0158685
0.0157479
0.0156273
0.0155067
0.0153862
0.0152656
0.0151451
0.0150246
0.0149041
0.0147837
0.0146634
0.0145432
0.0144231
0.0143031
0.0141832
0.0140634
0.0139438
0.0138244
0.0137051
0.0135859
0.013467
0.0133483
0.0132298
0.0131115
0.0129934
0.0128756
0.0162865
0.0161591
0.0160317
0.0159042
0.0157767
0.0156492
0.0155216
0.0153941
0.0152665
0.015139
0.0150116
0.0148842
0.0147568
0.0146295
0.0145024
0.0143753
0.0142483
0.0141215
0.0139947
0.0138682
0.0137418
0.0136155
0.0134895
0.0133636
0.013238
0.0131125
0.0129873
0.0128624
0.0127377
0.0126132
0.0162076
0.0160726
0.0159374
0.0158023
0.0156671
0.0155319
0.0153966
0.0152615
0.0151263
0.0149912
0.0148561
0.0147211
0.0145861
0.0144513
0.0143166
0.0141819
0.0140474
0.0139131
0.0137789
0.0136448
0.0135109
0.0133773
0.0132438
0.0131105
0.0129775
0.0128447
0.0127121
0.0125798
0.0124478
0.012316
0.0161119
0.0159684
0.0158249
0.0156813
0.0155377
0.0153941
0.0152505
0.0151069
0.0149634
0.0148199
0.0146765
0.0145332
0.01439
0.0142468
0.0141038
0.0139609
0.0138182
0.0136756
0.0135332
0.0133909
0.0132489
0.0131071
0.0129654
0.0128241
0.0126829
0.012542
0.0124014
0.0122611
0.012121
0.0119812
0.0159976
0.0158449
0.0156921
0.0155394
0.0153866
0.0152339
0.0150812
0.0149285
0.0147758
0.0146233
0.0144708
0.0143184
0.0141661
0.0140139
0.0138618
0.0137099
0.0135582
0.0134066
0.0132553
0.0131041
0.0129531
0.0128024
0.0126518
0.0125016
0.0123516
0.0122019
0.0120524
0.0119033
0.0117545
0.011606
0.0158629
0.0157002
0.0155375
0.0153748
0.015212
0.0150493
0.0148867
0.014724
0.0145615
0.014399
0.0142366
0.0140743
0.0139121
0.0137501
0.0135882
0.0134265
0.013265
0.0131036
0.0129425
0.0127816
0.0126209
0.0124604
0.0123002
0.0121403
0.0119806
0.0118213
0.0116622
0.0115035
0.0113451
0.011187
0.0157062
0.0155326
0.0153591
0.0151855
0.0150119
0.0148384
0.0146649
0.0144915
0.0143182
0.0141449
0.0139718
0.0137987
0.0136259
0.0134531
0.0132806
0.0131082
0.012936
0.012764
0.0125922
0.0124207
0.0122494
0.0120784
0.0119077
0.0117372
0.0115671
0.0113972
0.0112277
0.0110585
0.0108897
0.0107213
0.0155258
0.0153404
0.0151551
0.0149697
0.0147844
0.0145992
0.0144139
0.0142288
0.0140437
0.0138588
0.013674
0.0134893
0.0133048
0.0131204
0.0129363
0.0127523
0.0125685
0.012385
0.0122017
0.0120187
0.0118359
0.0116534
0.0114712
0.0112893
0.0111077
0.0109265
0.0107456
0.0105651
0.0103849
0.0102051
0.0153201
0.0151219
0.0149238
0.0147257
0.0145276
0.0143296
0.0141317
0.0139338
0.0137361
0.0135384
0.013341
0.0131436
0.0129465
0.0127495
0.0125527
0.0123562
0.0121599
0.0119638
0.011768
0.0115725
0.0113772
0.0111823
0.0109877
0.0107934
0.0105994
0.0104058
0.0102125
0.0100197
0.00982719
0.00963511
0.0150875
0.0148755
0.0146635
0.0144515
0.0142396
0.0140278
0.013816
0.0136044
0.0133929
0.0131815
0.0129703
0.0127592
0.0125484
0.0123378
0.0121273
0.0119171
0.0117072
0.0114976
0.0112882
0.0110791
0.0108703
0.0106619
0.0104537
0.010246
0.0100386
0.00983153
0.00962487
0.00941861
0.00921276
0.00900732
0.0148266
0.0145995
0.0143725
0.0141455
0.0139186
0.0136917
0.013465
0.0132384
0.013012
0.0127857
0.0125596
0.0123337
0.012108
0.0118825
0.0116573
0.0114323
0.0112076
0.0109832
0.0107592
0.0105354
0.0103119
0.0100888
0.00986609
0.00964371
0.00942172
0.00920012
0.00897892
0.00875813
0.00853777
0.00831784
0.0145359
0.0142925
0.0140491
0.0138058
0.0135626
0.0133196
0.0130766
0.0128338
0.0125911
0.0123487
0.0121064
0.0118644
0.0116226
0.011381
0.0111397
0.0108988
0.0106581
0.0104177
0.0101776
0.00993792
0.00969856
0.00945957
0.00922096
0.00898274
0.00874492
0.00850751
0.00827052
0.00803397
0.00779798
0.00756237
0.0142142
0.013953
0.0136919
0.0134309
0.0131701
0.0129093
0.0126487
0.0123883
0.0121281
0.0118681
0.0116083
0.0113488
0.0110895
0.0108305
0.0105719
0.0103135
0.0100554
0.00979775
0.00954041
0.00928344
0.00902685
0.00877065
0.00851486
0.00825948
0.00800453
0.00775001
0.00749594
0.00724233
0.00698905
0.00673632
0.0138602
0.0135797
0.0132994
0.0130191
0.012739
0.0124591
0.0121794
0.0118998
0.0116205
0.0113415
0.0110627
0.0107841
0.0105059
0.010228
0.00995046
0.00967323
0.00939637
0.00911988
0.00884377
0.00856807
0.00829277
0.0080179
0.00774345
0.00746945
0.0071959
0.00692281
0.00665019
0.00637804
0.00610637
0.0058352
0.0134729
0.0131714
0.0128701
0.0125689
0.0122679
0.0119671
0.0116665
0.0113662
0.0110662
0.0107664
0.010467
0.0101678
0.00986903
0.00957058
0.00927251
0.00897483
0.00867754
0.00838066
0.0080842
0.00778818
0.0074926
0.00719748
0.00690282
0.00660863
0.00631493
0.00602171
0.00572898
0.00543676
0.00514503
0.00485382
0.0130513
0.0127269
0.0124027
0.0120787
0.0117549
0.0114314
0.0111082
0.0107853
0.0104627
0.0101404
0.00981849
0.00949694
0.00917578
0.00885503
0.00853468
0.00821477
0.00789531
0.00757629
0.00725774
0.00693967
0.00662208
0.00630499
0.0059884
0.00567231
0.00535674
0.00504169
0.00472716
0.00441316
0.00409969
0.00378674
0.0125945
0.0122451
0.011896
0.0115471
0.0111986
0.0108503
0.0105024
0.0101549
0.00980769
0.00946092
0.00911456
0.00876863
0.00842314
0.00807812
0.00773357
0.0073895
0.00704593
0.00670287
0.00636033
0.00601832
0.00567683
0.00533589
0.00499549
0.00465564
0.00431634
0.0039776
0.00363942
0.0033018
0.00296474
0.00262824
0.0121021
0.0117253
0.0113489
0.0109729
0.0105973
0.010222
0.00984717
0.00947276
0.00909881
0.00872533
0.00835234
0.00797986
0.00760789
0.00723646
0.00686557
0.00649523
0.00612546
0.00575626
0.00538764
0.00501961
0.00465217
0.00428532
0.00391907
0.00355342
0.00318838
0.00282394
0.00246009
0.00209686
0.00173421
0.00137215
0.0115734
0.0111668
0.0107605
0.0103548
0.00994954
0.00954476
0.00914049
0.00873675
0.00833357
0.00793096
0.00752892
0.00712749
0.00672666
0.00632645
0.00592687
0.00552792
0.00512962
0.00473197
0.00433498
0.00393865
0.00354297
0.00314797
0.00275362
0.00235994
0.00196691
0.00157455
0.00118284
0.000791789
0.000401373
1.15853e-05
0.0110084
0.0105689
0.01013
0.00969169
0.00925399
0.0088169
0.00838045
0.00794465
0.00750953
0.00707509
0.00664135
0.00620831
0.005776
0.00534441
0.00491356
0.00448345
0.00405409
0.00362548
0.00319762
0.00277051
0.00234416
0.00191855
0.00149369
0.00106957
0.000646179
0.000223516
-0.000198433
-0.000619657
-0.00104024
-0.00146018
0.0104069
0.00993135
0.00945657
0.00898255
0.00850929
0.00803679
0.00756507
0.00709416
0.00662406
0.00615479
0.00568636
0.00521878
0.00475205
0.00428618
0.00382117
0.00335702
0.00289374
0.00243133
0.00196978
0.00150909
0.00104925
0.000590272
0.000132133
-0.000325169
-0.000781641
-0.00123729
-0.00169209
-0.00214553
-0.00259861
-0.0030513
0.00976935
0.00925415
0.00873992
0.00822665
0.00771432
0.00720295
0.00669255
0.00618315
0.00567474
0.00516734
0.00466095
0.00415558
0.00365123
0.00314791
0.00264561
0.00214433
0.00164407
0.00114483
0.000646589
0.000149349
-0.000346905
-0.000842183
-0.0013365
-0.00182987
-0.00232232
-0.00281387
-0.00330456
-0.00379495
-0.00428408
-0.00477203
0.00909635
0.00853743
0.00797973
0.00742324
0.00686793
0.00631381
0.00576089
0.00520919
0.00465871
0.00410946
0.00356143
0.00301463
0.00246905
0.0019247
0.00138156
0.000839626
0.000298895
-0.000240646
-0.000779009
-0.00131621
-0.00185226
-0.00238718
-0.00292099
-0.0034537
-0.00398534
-0.00451594
-0.00504549
-0.0055741
-0.00610168
-0.0066283
0.00838897
0.00778178
0.00717612
0.00657196
0.00596929
0.0053681
0.0047684
0.00417019
0.00357347
0.00297825
0.00238452
0.00179228
0.0012015
0.0006122
2.43514e-05
-0.000562055
-0.00114703
-0.0017306
-0.00231278
-0.00289358
-0.00347304
-0.00405117
-0.004628
-0.00520356
-0.00577787
-0.00635098
-0.0069229
-0.00749371
-0.00806342
-0.00863205
0.00764865
0.00698805
0.00632938
0.00567258
0.00501762
0.0043645
0.00371321
0.00306376
0.00241613
0.00177032
0.00112633
0.000484123
-0.0001563
-0.000794959
-0.00143187
-0.00206706
-0.00270055
-0.00333236
-0.00396252
-0.00459106
-0.00521801
-0.00584339
-0.00646725
-0.00708962
-0.00771053
-0.00833003
-0.00894812
-0.00956492
-0.0101805
-0.0107948
0.00687741
0.00615764
0.00544026
0.00472522
0.00401245
0.00330194
0.00259369
0.00188769
0.00118393
0.00048238
-0.000216973
-0.000914152
-0.00160918
-0.00230208
-0.00299289
-0.00368163
-0.00436833
-0.00505302
-0.00573576
-0.00641655
-0.00709546
-0.00777252
-0.00844778
-0.00912127
-0.00979304
-0.0104631
-0.0111316
-0.0117985
-0.012464
-0.0131281
0.00607785
0.0052924
0.00450991
0.00373029
0.00295349
0.00217947
0.00140822
0.000639719
-0.000126056
-0.000889137
-0.00164955
-0.00240734
-0.00316252
-0.00391515
-0.00466525
-0.00541287
-0.00615805
-0.00690083
-0.00764126
-0.0083794
-0.00911528
-0.00984896
-0.0105805
-0.01131
-0.0120374
-0.0127628
-0.0134859
-0.0142074
-0.0149274
-0.0156457
0.00525331
0.00439484
0.00354
0.00268869
0.00184085
0.000996417
0.000155373
-0.000682315
-0.00151669
-0.00234778
-0.00317565
-0.00400033
-0.00482187
-0.00564032
-0.00645573
-0.00726816
-0.00807765
-0.00888427
-0.00968807
-0.0104891
-0.0112875
-0.0120832
-0.0128764
-0.0136671
-0.0144554
-0.0152414
-0.016025
-0.0168064
-0.0175857
-0.018363
0.00440795
0.00346814
0.00253276
0.00160173
0.000674928
-0.000247699
-0.0011662
-0.00208061
-0.00299099
-0.00389741
-0.00479991
-0.00569855
-0.00659341
-0.00748454
-0.008372
-0.00925587
-0.0101362
-0.0110131
-0.0118866
-0.0127568
-0.0136238
-0.0144876
-0.0153483
-0.016206
-0.0170608
-0.0179128
-0.0187625
-0.0196094
-0.0204536
-0.0212954
0.00354693
0.00251636
0.0014912
0.000471338
-0.000543357
-0.00155297
-0.00255756
-0.00355719
-0.00455194
-0.00554189
-0.0065271
-0.00750766
-0.00848365
-0.00945515
-0.0104222
-0.011385
-0.0123435
-0.0132979
-0.0142482
-0.0151946
-0.0161371
-0.0170758
-0.0180108
-0.0189423
-0.0198702
-0.0207947
-0.0217161
-0.0226344
-0.0235496
-0.0244618
0.00267653
0.00154452
0.000419089
-0.000699897
-0.0018126
-0.00291914
-0.00401958
-0.00511402
-0.00620256
-0.00728529
-0.00836231
-0.00943373
-0.0104996
-0.0115601
-0.0126153
-0.0136653
-0.0147102
-0.0157501
-0.0167852
-0.0178154
-0.018841
-0.0198621
-0.0208788
-0.0218911
-0.0228992
-0.0239031
-0.0249033
-0.0258998
-0.0268927
-0.027882
0.000558812
-0.000678792
-0.00190858
-0.00313076
-0.00434547
-0.00555281
-0.00675291
-0.00794588
-0.00913186
-0.010311
-0.0114833
-0.012649
-0.0138082
-0.0149611
-0.0161077
-0.0172482
-0.0183827
-0.0195114
-0.0206343
-0.0217517
-0.0228636
-0.0239702
-0.0250716
-0.0261679
-0.0272583
-0.0283447
-0.029427
-0.0305049
-0.0315785
-0.000433219
-0.00179651
-0.00315037
-0.00449502
-0.00583066
-0.00715741
-0.00847543
-0.00978488
-0.0110859
-0.0123786
-0.0136633
-0.0149399
-0.0162088
-0.0174699
-0.0187236
-0.01997
-0.0212092
-0.0224413
-0.0236666
-0.0248852
-0.0260973
-0.027303
-0.0285025
-0.029696
-0.030883
-0.0320646
-0.0332408
-0.0344116
-0.0355772
-0.00142247
-0.00292685
-0.00441986
-0.00590177
-0.00737283
-0.00883321
-0.0102831
-0.0117227
-0.0131521
-0.0145716
-0.0159814
-0.0173816
-0.0187724
-0.020154
-0.0215266
-0.0228904
-0.0242456
-0.0255923
-0.0269307
-0.028261
-0.0295834
-0.030898
-0.032205
-0.0335045
-0.0347987
-0.0360854
-0.0373647
-0.0386375
-0.0399041
-0.00239793
-0.00406093
-0.00571027
-0.00734628
-0.00896925
-0.0105794
-0.012177
-0.0137622
-0.0153352
-0.0168964
-0.0184458
-0.0199838
-0.0215106
-0.0230263
-0.0245312
-0.0260256
-0.0275096
-0.0289834
-0.0304473
-0.0319015
-0.0333463
-0.0347817
-0.036208
-0.037625
-0.0390344
-0.0404357
-0.0418287
-0.0432137
-0.044591
-0.00334641
-0.00518805
-0.00701332
-0.00882262
-0.0106163
-0.0123946
-0.0141579
-0.0159064
-0.0176403
-0.01936
-0.0210656
-0.0227576
-0.0244361
-0.0261015
-0.0277539
-0.0293936
-0.0310209
-0.0326361
-0.0342394
-0.0358311
-0.0374113
-0.0389803
-0.0405382
-0.0420833
-0.0436199
-0.0451476
-0.0466655
-0.0481736
-0.0496723
-0.00425208
-0.00629525
-0.00831886
-0.0103234
-0.0123092
-0.0142767
-0.0162262
-0.018158
-0.0200724
-0.0219698
-0.0238504
-0.0257147
-0.0275629
-0.0293952
-0.0312121
-0.0330138
-0.0348007
-0.0365731
-0.0383312
-0.0400754
-0.041806
-0.0435233
-0.0452275
-0.0469158
-0.0485935
-0.05026
-0.0519145
-0.0535574
-0.055189
-0.00509608
-0.007367
-0.00961459
-0.0118394
-0.014042
-0.0162226
-0.0183818
-0.0205199
-0.0226372
-0.0247342
-0.0268112
-0.0288686
-0.0309067
-0.032926
-0.0349267
-0.0369092
-0.0388737
-0.0408207
-0.0427504
-0.044663
-0.0465587
-0.0484378
-0.0503002
-0.0521528
-0.0539886
-0.0558082
-0.0576131
-0.0594043
-0.0611819
-0.00585581
-0.00838457
-0.0108856
-0.0133595
-0.0158069
-0.0182283
-0.020624
-0.0229946
-0.0253405
-0.0276621
-0.0299599
-0.0322343
-0.0344858
-0.0367147
-0.0389216
-0.0411068
-0.0432708
-0.0454138
-0.0475361
-0.0496378
-0.0517186
-0.0537783
-0.0558148
-0.057838
-0.0598457
-0.0618355
-0.0638074
-0.0657621
-0.0677002
-0.00650431
-0.00932552
-0.0121138
-0.0148699
-0.0175946
-0.0202882
-0.0229514
-0.0255846
-0.0281883
-0.030763
-0.0333093
-0.0358277
-0.0383188
-0.040783
-0.0432211
-0.0456338
-0.0480218
-0.0503862
-0.0527283
-0.0550497
-0.057352
-0.059636
-0.0618339
-0.0640368
-0.0662323
-0.0684073
-0.0705604
-0.0726929
-0.0748058
-0.00700933
-0.0101629
-0.0132776
-0.0163541
-0.0193933
-0.0223958
-0.025362
-0.0282925
-0.0311878
-0.0340484
-0.0368748
-0.0396676
-0.0424271
-0.045154
-0.0478484
-0.0505108
-0.0531413
-0.0557398
-0.058306
-0.0608391
-0.0633385
-0.065803
-0.0683079
-0.0707609
-0.0731711
-0.0755531
-0.0779103
-0.0802428
-0.0825505
-0.00733189
-0.0108639
-0.0143501
-0.0177913
-0.0211884
-0.0245421
-0.0278528
-0.031121
-0.0343475
-0.0375326
-0.0406771
-0.0437815
-0.0468464
-0.0498723
-0.0528599
-0.0558098
-0.0587225
-0.0615988
-0.0644391
-0.0672441
-0.070014
-0.0727432
-0.0754504
-0.0781262
-0.0807679
-0.0833772
-0.0859555
-0.0885035
-0.0910218
-0.00742563
-0.0113894
-0.0152995
-0.0191568
-0.0229622
-0.0267164
-0.0304197
-0.0340728
-0.0376762
-0.0412305
-0.0447363
-0.0481943
-0.051605
-0.0549691
-0.0582873
-0.0615602
-0.0647885
-0.0679731
-0.0711147
-0.0742139
-0.0772702
-0.0802753
-0.0832502
-0.0861889
-0.0890875
-0.091947
-0.0947687
-0.0975536
-0.100302
-0.00723159
-0.0116883
-0.0160825
-0.0204149
-0.0246866
-0.0288979
-0.0330494
-0.0371415
-0.0411747
-0.0451496
-0.0490667
-0.0529267
-0.0567302
-0.0604777
-0.0641698
-0.067807
-0.0713898
-0.0749182
-0.0783917
-0.0818095
-0.0851667
-0.0885053
-0.0917937
-0.0950271
-0.0982101
-0.101346
-0.104437
-0.107482
-0.110483
-0.00668766
-0.01171
-0.0166597
-0.0215378
-0.026345
-0.0310816
-0.0357477
-0.0403437
-0.0448699
-0.0493267
-0.0537148
-0.0580346
-0.0622867
-0.0664719
-0.0705911
-0.0746455
-0.0786363
-0.0825655
-0.0864339
-0.0902407
-0.0939274
-0.0975924
-0.101212
-0.104771
-0.108268
-0.111708
-0.115092
-0.11842
-0.121695
-0.00568535
-0.0113522
-0.0169361
-0.0224377
-0.0278576
-0.0331955
-0.0384512
-0.0436246
-0.0487159
-0.0537252
-0.0586527
-0.0634986
-0.068263
-0.072946
-0.0775478
-0.0820682
-0.0865066
-0.0908616
-0.0951315
-0.0993058
-0.103493
-0.107587
-0.111584
-0.115502
-0.11935
-0.123129
-0.126838
-0.130479
-0.134053
-0.00421061
-0.0106211
-0.0169385
-0.0231628
-0.0292933
-0.0353285
-0.0412676
-0.0471098
-0.0528548
-0.0585022
-0.064052
-0.0695041
-0.0748586
-0.0801155
-0.0852752
-0.0903378
-0.0953032
-0.100171
-0.104936
-0.10959
-0.114193
-0.118708
-0.123122
-0.127443
-0.131677
-0.135824
-0.139886
-0.143863
-0.147757
-0.00190224
-0.00914718
-0.0162912
-0.0233338
-0.0302732
-0.037107
-0.0438331
-0.0504497
-0.0569553
-0.0633481
-0.069627
-0.0757908
-0.0818386
-0.0877694
-0.0935825
-0.0992771
-0.104851
-0.110299
-0.115559
-0.12082
-0.125972
-0.130988
-0.135881
-0.140662
-0.145334
-0.149898
-0.154354
-0.158704
-0.162951
0.000724777
-0.00752461
-0.0156517
-0.0236557
-0.031535
-0.0392878
-0.0469126
-0.0544079
-0.061772
-0.0690034
-0.0761007
-0.0830626
-0.0898879
-0.0965752
-0.103122
-0.109524
-0.115768
-0.1218
-0.127814
-0.133689
-0.139387
-0.144931
-0.15034
-0.155618
-0.160761
-0.165769
-0.170644
-0.175389
-0.180005
0.00590607
-0.00349471
-0.0127817
-0.0219451
-0.030977
-0.0398706
-0.0486201
-0.0572205
-0.0656671
-0.0739559
-0.0820831
-0.0900456
-0.0978407
-0.105467
-0.112921
-0.120202
-0.127289
-0.134289
-0.141112
-0.147699
-0.154082
-0.160291
-0.166331
-0.172198
-0.177893
-0.183417
-0.188773
-0.193963
-0.198989
0.0139679
0.0138846
0.0138014
0.0137184
0.0136355
0.0135528
0.0134702
0.0133878
0.0133055
0.0132235
0.0131416
0.0130599
0.0129783
0.012897
0.0128158
0.0127349
0.0126541
0.0139472
0.0138629
0.0137787
0.0136947
0.0136108
0.0135271
0.0134436
0.0133602
0.013277
0.013194
0.0131112
0.0130286
0.0129462
0.012864
0.0127821
0.0127003
0.0126187
0.0139051
0.0138193
0.0137338
0.0136484
0.0135631
0.013478
0.0133932
0.0133085
0.0132239
0.0131396
0.0130555
0.0129716
0.012888
0.0128045
0.0127213
0.0126383
0.0125555
0.0138434
0.0137556
0.013668
0.0135806
0.0134933
0.0134063
0.0133194
0.0132327
0.0131463
0.01306
0.012974
0.0128882
0.0128026
0.0127173
0.0126322
0.0125474
0.0124628
0.0137603
0.01367
0.0135799
0.01349
0.0134002
0.0133107
0.0132213
0.0131322
0.0130433
0.0129546
0.0128661
0.0127779
0.01269
0.0126023
0.0125149
0.0124277
0.0123408
0.0136561
0.0135627
0.0134695
0.0133765
0.0132837
0.0131911
0.0130987
0.0130066
0.0129147
0.012823
0.0127316
0.0126404
0.0125496
0.012459
0.0123687
0.0122786
0.0121889
0.0135289
0.0134318
0.013335
0.0132384
0.013142
0.0130458
0.0129498
0.0128542
0.0127587
0.0126636
0.0125687
0.0124741
0.0123797
0.0122857
0.012192
0.0120986
0.0120055
0.0133775
0.0132762
0.0131752
0.0130744
0.0129739
0.0128736
0.0127735
0.0126737
0.0125742
0.012475
0.0123761
0.0122775
0.0121792
0.0120812
0.0119835
0.0118862
0.0117892
0.0131999
0.0130939
0.0129881
0.0128826
0.0127773
0.0126723
0.0125676
0.0124632
0.0123591
0.0122552
0.0121517
0.0120485
0.0119457
0.0118432
0.011741
0.0116392
0.0115378
0.0129942
0.0128828
0.0127717
0.0126609
0.0125503
0.0124401
0.0123301
0.0122205
0.0121111
0.0120021
0.0118935
0.0117851
0.0116772
0.0115696
0.0114623
0.0113555
0.011249
0.012758
0.0126407
0.0125237
0.0124069
0.0122905
0.0121744
0.0120586
0.0119431
0.0118279
0.0117131
0.0115987
0.0114846
0.0113709
0.0112576
0.0111447
0.0110322
0.0109201
0.012489
0.0123651
0.0122416
0.0121183
0.0119953
0.0118727
0.0117504
0.0116284
0.0115068
0.0113856
0.0112648
0.0111443
0.0110243
0.0109046
0.0107854
0.0106666
0.0105483
0.0121846
0.0120534
0.0119226
0.0117921
0.0116619
0.0115321
0.0114026
0.0112736
0.0111449
0.0110165
0.0108886
0.0107611
0.0106341
0.0105074
0.0103812
0.0102555
0.0101302
0.0118418
0.0117027
0.0115639
0.0114255
0.0112874
0.0111497
0.0110124
0.0108755
0.010739
0.0106028
0.0104672
0.0103319
0.0101971
0.0100627
0.00992883
0.0097954
0.00966245
0.0114578
0.01131
0.0111625
0.0110154
0.0108687
0.0107223
0.0105764
0.0104309
0.0102858
0.0101411
0.00999687
0.0098531
0.00970979
0.00956695
0.00942459
0.00928273
0.00914136
0.0110293
0.010872
0.010715
0.0105585
0.0104023
0.0102465
0.0100912
0.00993623
0.00978175
0.00962772
0.00947415
0.00932105
0.00916844
0.00901631
0.00886468
0.00871356
0.00856295
0.0105532
0.0103854
0.0102181
0.0100512
0.00988473
0.00971867
0.00955304
0.00938786
0.00922314
0.00905889
0.00889511
0.00873182
0.00856903
0.00840674
0.00824497
0.00808372
0.00792299
0.0100257
0.00984675
0.00966817
0.00949002
0.0093123
0.00913502
0.0089582
0.00878184
0.00860595
0.00843055
0.00825564
0.00808123
0.00790733
0.00773395
0.00756109
0.00738877
0.00721699
0.00944343
0.00925217
0.00906135
0.00887096
0.00868103
0.00849155
0.00830254
0.00811401
0.00792597
0.00773843
0.00755138
0.00736485
0.00717885
0.00699336
0.00680842
0.00662401
0.00644016
0.00880231
0.00859773
0.0083936
0.00818993
0.00798672
0.00778398
0.00758173
0.00737997
0.0071787
0.00697794
0.0067777
0.00657797
0.00637878
0.00618012
0.00598199
0.00578442
0.00558739
0.00809835
0.00787931
0.00766073
0.00744263
0.007225
0.00700786
0.00679122
0.00657507
0.00635943
0.00614431
0.0059297
0.00571563
0.00550208
0.00528907
0.0050766
0.00486468
0.00465331
0.00732718
0.00709244
0.00685819
0.00662442
0.00639115
0.00615837
0.0059261
0.00569433
0.00546308
0.00523235
0.00500214
0.00477246
0.00454331
0.0043147
0.00408663
0.0038591
0.00363211
0.00648411
0.00623239
0.00598115
0.00573041
0.00548016
0.00523042
0.0049812
0.00473248
0.00448429
0.00423661
0.00398946
0.00374284
0.00349674
0.00325117
0.00300613
0.00276163
0.00251765
0.00556452
0.00529434
0.00502466
0.00475549
0.00448683
0.00421869
0.00395106
0.00368396
0.00341737
0.0031513
0.00288575
0.00262073
0.00235622
0.00209223
0.00182877
0.00156581
0.00130338
0.00456311
0.00427293
0.00398326
0.00369411
0.00340549
0.00311738
0.0028298
0.00254274
0.0022562
0.00197017
0.00168466
0.00139967
0.00111518
0.000831204
0.000547724
0.00026474
-1.77549e-05
0.00347434
0.00316246
0.00285112
0.00254032
0.00223004
0.0019203
0.00161108
0.00130238
0.000994203
0.000686539
0.000379382
7.27261e-05
-0.000233435
-0.000539109
-0.000844305
-0.00114903
-0.0014533
0.00229229
0.0019569
0.00162206
0.00128777
0.000954027
0.000620819
0.000288142
-4.40102e-05
-0.000375646
-0.000706775
-0.00103741
-0.00136755
-0.00169721
-0.00202641
-0.00235516
-0.00268347
-0.00301136
0.00101067
0.000649775
0.000289456
-7.02973e-05
-0.000429492
-0.000788139
-0.00114625
-0.00150383
-0.0018609
-0.00221746
-0.00257354
-0.00292914
-0.00328429
-0.00363899
-0.00399328
-0.00434716
-0.00470065
-0.000377582
-0.000766135
-0.00115408
-0.00154144
-0.00192822
-0.00231444
-0.00270011
-0.00308525
-0.00346987
-0.00385399
-0.00423764
-0.00462083
-0.00500358
-0.00538592
-0.00576786
-0.00614944
-0.00653067
-0.00187945
-0.00229804
-0.00271598
-0.00313329
-0.00355001
-0.00396613
-0.00438169
-0.00479671
-0.0052112
-0.0056252
-0.00603873
-0.00645181
-0.00686448
-0.00727675
-0.00768866
-0.00810025
-0.00851154
-0.00350332
-0.00395456
-0.00440507
-0.00485489
-0.00530408
-0.00575264
-0.00620061
-0.00664802
-0.00709488
-0.00754124
-0.00798713
-0.00843258
-0.00887762
-0.0093223
-0.00976664
-0.0102107
-0.0106545
-0.00525911
-0.00574548
-0.00623116
-0.00671613
-0.0072004
-0.00768403
-0.00816704
-0.00864946
-0.00913134
-0.00961271
-0.0100936
-0.0105741
-0.0110541
-0.0115339
-0.0120133
-0.0124925
-0.0129714
-0.00715401
-0.00767888
-0.00820291
-0.00872616
-0.00924864
-0.00977041
-0.0102915
-0.010812
-0.0113318
-0.0118512
-0.01237
-0.0128884
-0.0134064
-0.0139241
-0.0144415
-0.0149586
-0.0154756
-0.00919966
-0.00976627
-0.0103319
-0.0108967
-0.0114607
-0.0120238
-0.0125862
-0.0131478
-0.0137089
-0.0142693
-0.0148293
-0.0153887
-0.0159478
-0.0165065
-0.0170649
-0.0176231
-0.0181811
-0.0114079
-0.0120198
-0.0126307
-0.0132406
-0.0138495
-0.0144575
-0.0150646
-0.015671
-0.0162766
-0.0168816
-0.017486
-0.0180898
-0.0186933
-0.0192963
-0.0198991
-0.0205016
-0.021104
-0.0137907
-0.0144521
-0.0151121
-0.015771
-0.0164287
-0.0170854
-0.0177411
-0.0183959
-0.0190499
-0.0197031
-0.0203556
-0.0210075
-0.0216589
-0.0223099
-0.0229605
-0.0236109
-0.0242612
-0.0163623
-0.0170773
-0.0177908
-0.018503
-0.0192138
-0.0199233
-0.0206317
-0.0213391
-0.0220454
-0.0227508
-0.0234554
-0.0241593
-0.0248626
-0.0255654
-0.0262677
-0.0269697
-0.0276716
-0.0191384
-0.0199118
-0.0206836
-0.0214536
-0.022222
-0.022989
-0.0237545
-0.0245188
-0.0252818
-0.0260438
-0.0268048
-0.0275649
-0.0283242
-0.0290829
-0.029841
-0.0305987
-0.0313561
-0.0221348
-0.022972
-0.0238071
-0.0246402
-0.0254713
-0.0263006
-0.0271283
-0.0279543
-0.0287789
-0.0296021
-0.0304241
-0.031245
-0.0320649
-0.0328839
-0.0337022
-0.0345199
-0.0353371
-0.0253712
-0.0262779
-0.0271821
-0.0280837
-0.0289831
-0.0298802
-0.0307752
-0.0316683
-0.0325595
-0.0334491
-0.0343371
-0.0352237
-0.036109
-0.0369931
-0.0378763
-0.0387586
-0.0396403
-0.0288679
-0.0298504
-0.0308298
-0.0318062
-0.0327798
-0.0337506
-0.0347188
-0.0356847
-0.0366482
-0.0376096
-0.038569
-0.0395266
-0.0404825
-0.0414369
-0.04239
-0.0433419
-0.0326478
-0.0337132
-0.0347747
-0.0358326
-0.0368869
-0.0379379
-0.0389857
-0.0400304
-0.0410724
-0.0421116
-0.0431483
-0.0441826
-0.0452148
-0.0462449
-0.0472733
-0.0483
-0.0367378
-0.0378935
-0.0390445
-0.0401911
-0.0413334
-0.0424715
-0.0436056
-0.044736
-0.0458628
-0.0469862
-0.0481065
-0.0492237
-0.050338
-0.0514498
-0.052559
-0.0536661
-0.0411645
-0.0424191
-0.043668
-0.0449113
-0.0461494
-0.0473823
-0.0486104
-0.0498338
-0.0510527
-0.0522673
-0.0534778
-0.0546845
-0.0558875
-0.0570871
-0.0582834
-0.0594767
-0.0459609
-0.0473236
-0.0486793
-0.0500283
-0.0513707
-0.0527068
-0.0540369
-0.0553611
-0.0566797
-0.057993
-0.0593011
-0.0606042
-0.0619027
-0.0631967
-0.0644865
-0.0657722
-0.051162
-0.052643
-0.0541154
-0.0555795
-0.0570356
-0.058484
-0.0599249
-0.0613585
-0.0627851
-0.064205
-0.0656184
-0.0670256
-0.0684268
-0.0698223
-0.0712122
-0.072597
-0.0568097
-0.0584197
-0.0600194
-0.061609
-0.0631888
-0.064759
-0.0663201
-0.0678722
-0.0694156
-0.0709506
-0.0724775
-0.0739966
-0.075508
-0.0770122
-0.0785093
-0.0799997
-0.0629463
-0.0646977
-0.0664365
-0.0681629
-0.0698773
-0.0715801
-0.0732715
-0.0749519
-0.0766215
-0.0782807
-0.0799298
-0.0815691
-0.0831988
-0.0848193
-0.0864308
-0.0880336
-0.0696222
-0.0715283
-0.073419
-0.0752947
-0.0771557
-0.0790023
-0.080835
-0.0826541
-0.0844599
-0.0862527
-0.088033
-0.0898011
-0.0915572
-0.0933018
-0.095035
-0.0967573
-0.0768993
-0.0789739
-0.0810297
-0.0830673
-0.085087
-0.0870893
-0.0890744
-0.0910428
-0.0929949
-0.0949311
-0.0968518
-0.0987573
-0.100648
-0.102524
-0.104386
-0.106235
-0.0848339
-0.0870937
-0.0893305
-0.0915447
-0.0937369
-0.0959077
-0.0980574
-0.100187
-0.102296
-0.104385
-0.106455
-0.108507
-0.11054
-0.112556
-0.114553
-0.116534
-0.0935109
-0.0959713
-0.0984037
-0.100809
-0.103187
-0.105539
-0.107865
-0.110166
-0.112442
-0.114694
-0.116923
-0.119129
-0.121312
-0.123473
-0.125613
-0.127731
-0.103015
-0.105694
-0.108338
-0.110948
-0.113526
-0.116071
-0.118586
-0.121069
-0.123522
-0.125946
-0.128341
-0.130708
-0.133047
-0.135359
-0.137645
-0.139905
-0.113441
-0.116355
-0.119228
-0.12206
-0.124851
-0.127604
-0.130317
-0.132993
-0.135632
-0.138236
-0.140803
-0.143337
-0.145837
-0.148303
-0.150738
-0.153142
-0.124916
-0.128085
-0.131202
-0.134269
-0.137287
-0.140257
-0.143179
-0.146056
-0.148887
-0.151674
-0.154418
-0.157121
-0.159782
-0.162403
-0.164986
-0.167531
-0.137561
-0.141004
-0.144384
-0.147701
-0.150958
-0.154156
-0.157296
-0.160378
-0.163406
-0.16638
-0.1693
-0.17217
-0.17499
-0.177761
-0.180485
-0.183163
-0.15157
-0.155304
-0.158959
-0.162538
-0.166042
-0.169472
-0.172832
-0.176122
-0.179344
-0.1825
-0.185592
-0.188622
-0.191591
-0.194502
-0.197356
-0.200155
-0.167095
-0.17114
-0.175088
-0.17894
-0.182699
-0.186367
-0.189947
-0.19344
-0.19685
-0.200179
-0.203428
-0.206602
-0.209702
-0.212732
-0.215694
-0.21859
-0.184495
-0.188861
-0.193105
-0.19723
-0.201239
-0.205134
-0.208919
-0.212597
-0.216169
-0.219641
-0.223014
-0.226291
-0.229477
-0.232574
-0.235586
-0.238516
-0.203855
-0.208564
-0.213118
-0.217523
-0.221781
-0.225896
-0.229873
-0.233716
-0.237429
-0.241016
-0.244481
-0.247828
-0.251062
-0.254186
-0.257204
-0.260117
)
;

boundaryField
{
    inlet
    {
        type            zeroGradient;
    }
    outlet
    {
        type            fixedValue;
        value           nonuniform 0();
    }
    cylinder
    {
        type            zeroGradient;
    }
    top
    {
        type            symmetryPlane;
    }
    bottom
    {
        type            symmetryPlane;
    }
    defaultFaces
    {
        type            empty;
    }
    procBoundary1to0
    {
        type            processor;
        value           nonuniform List<scalar> 
261
(
-0.00403539
-0.0161144
-0.00403539
-0.00227373
-0.00227373
-1.21724e-06
-1.21724e-06
0.00324025
0.00324025
0.0161642
0.0203187
0.0203187
0.0245836
0.0245836
0.0393045
0.0445647
0.0445647
0.0602493
0.0665008
0.0665008
0.0727975
0.0727975
0.0903892
0.0976736
0.0976736
0.116221
0.124491
0.124491
0.143957
0.163283
0.173524
0.173524
0.193643
0.204823
0.204823
0.225638
0.246133
0.259147
0.259147
0.280116
0.300641
0.315352
0.315352
0.336061
0.356195
0.375719
0.392409
0.392409
0.411648
0.430141
0.447853
0.464754
0.482591
0.482591
0.498558
0.513584
0.527642
0.540704
0.552748
0.563752
0.573696
0.582561
0.596684
0.596684
0.603632
0.609414
0.614021
0.617446
0.619683
0.62073
0.620585
0.619251
0.616732
0.613033
0.608165
0.608165
0.595547
0.588661
0.58069
0.57165
0.56156
0.55044
0.538315
0.525207
0.511145
0.511145
0.493607
0.478485
0.462536
0.44579
0.428282
0.428282
0.411107
0.393178
0.374621
0.374621
0.35834
0.339737
0.320635
0.30107
0.30107
0.286737
0.267517
0.247956
0.247956
0.235252
0.216267
0.216267
0.204454
0.18615
0.18615
0.17529
0.157742
0.14009
0.14009
0.131146
0.131146
0.122322
0.106425
0.106425
0.0986367
0.0836061
0.0836061
0.0768494
0.0627086
0.0627086
0.0569945
0.0569945
0.0514904
0.0514904
0.0462272
0.0344956
0.0344956
0.0309415
0.0309415
0.027971
0.027971
0.01541
-0.0161144
-0.0210524
-0.0237913
-0.0259561
-0.0273545
-0.028252
-0.0286955
-0.0287784
-0.0285648
-0.0281098
-0.0274568
-0.0266415
-0.0256935
-0.0246377
-0.0234949
-0.0222833
-0.0210184
-0.019714
-0.0183823
-0.0170343
-0.0156796
-0.0143271
-0.0129847
-0.0116595
-0.0103577
-0.00908497
-0.00784611
-0.00664535
-0.0054863
-0.0043719
-0.00330461
-0.00228629
-0.00131834
-0.000401682
0.000463201
0.000463201
0.00156296
0.00230195
0.00299193
0.0036336
0.00422792
0.00477612
0.00527961
0.00574003
0.00615913
0.00653882
0.00688108
0.00718797
0.00746158
0.00770404
0.00791742
0.00810382
0.00826519
0.00840348
0.00852037
0.00861762
0.00869634
0.0087582
0.00880314
0.00883322
0.00884557
0.0166814
0.0166864
0.0166892
0.0166925
0.0166934
0.0166918
0.0166858
0.0166744
0.0166558
0.0166285
0.0164706
0.0164706
0.0164138
0.0163427
0.0162554
0.0161502
0.0160255
0.0158797
0.0157111
0.0155182
0.0152995
0.0150536
0.0147793
0.0144754
0.0141407
0.0137745
0.0133758
0.0129441
0.0124791
0.0119805
0.0114483
0.0108831
0.0102854
0.00965639
0.00899759
0.00831104
0.00759943
0.00686611
0.00611528
0.00535208
0.00458279
0.00381498
0.00180439
0.00180439
0.000939695
9.3471e-05
-0.000721067
-0.00148819
-0.00218915
-0.00280165
-0.00329919
-0.00365016
-0.00381694
-0.00375437
-0.00340874
-0.00271307
-0.00159402
6.28076e-05
0.00229098
0.0054434
0.00909697
0.01541
)
;
    }
    procBoundary1to2
    {
        type            processor;
        value           nonuniform List<scalar> 
199
(
-0.42663
-0.428704
-0.428704
-0.430126
-0.430126
-0.430876
-0.434313
-0.434313
-0.434551
-0.434551
-0.434411
-0.434411
-0.434012
-0.434012
-0.433401
-0.433401
-0.432478
-0.432478
-0.430951
-0.430951
-0.428335
-0.428335
-0.42404
-0.42404
-0.416101
-0.408038
-0.408038
-0.397559
-0.397559
-0.384933
-0.384933
-0.372369
-0.357478
-0.357478
-0.34154
-0.34154
-0.328829
-0.307491
-0.299679
-0.285484
-0.26293
-0.299679
-0.317166
-0.348247
-0.317166
-0.33402
-0.348247
-0.363256
-0.387295
-0.363256
-0.376401
-0.387295
-0.396487
-0.396487
-0.403405
-0.403405
-0.408377
-0.408377
-0.411835
-0.411835
-0.414191
-0.414191
-0.415762
-0.415762
-0.416742
-0.416742
-0.417225
-0.417225
-0.417241
-0.417241
-0.416758
-0.416758
-0.414134
-0.413059
-0.413059
-0.411828
-0.307491
-0.286799
-0.267176
-0.248614
-0.231117
-0.21467
-0.21467
-0.202466
-0.187796
-0.174033
-0.161136
-0.149061
-0.137766
-0.127208
-0.117345
-0.108135
-0.0995388
-0.0915193
-0.0840408
-0.0770695
-0.0705736
-0.0645231
-0.0588898
-0.0536474
-0.0487709
-0.0442372
-0.0400243
-0.0361119
-0.0324807
-0.0291128
-0.0259912
-0.0231002
-0.0204249
-0.0179515
-0.0156667
-0.0135585
-0.0116153
-0.00982627
-0.00818126
-0.00667076
-0.00528581
-0.00401802
-0.00285948
-0.00180281
-0.000841049
-0.000841049
-9.08677e-05
0.000708919
0.00143118
0.00208125
0.00266411
0.0031843
0.00364601
0.00405297
0.00440859
0.00471568
0.00497684
0.00519383
0.00536823
0.00550067
0.00559079
0.00563932
0.0125736
0.0125374
0.012473
0.0123785
0.0122542
0.0120995
0.0119128
0.0116926
0.0114368
0.011143
0.0108085
0.0104304
0.0100054
0.00953
0.0090005
0.00841288
0.00776281
0.00704576
0.00625686
0.00539093
0.00444249
0.00340566
0.00227421
0.00104145
-0.000299766
-0.00175711
-0.00333883
-0.00505377
-0.00691159
-0.00892256
-0.0110981
-0.0134502
-0.0159925
-0.0187391
-0.0217063
-0.0249113
-0.0283733
-0.0321133
-0.036154
-0.0405213
-0.0442927
-0.0442927
-0.0493252
-0.0547711
-0.0606672
-0.0670542
-0.0739766
-0.0814835
-0.0896281
-0.0984688
-0.10807
-0.118498
-0.129829
-0.14214
-0.155514
-0.170039
-0.185797
-0.202901
-0.221426
-0.241367
-0.26293
)
;
    }
}


// ************************************************************************* //
