/*--------------------------------*- C++ -*----------------------------------*\
  =========                 |
  \\      /  F ield         | OpenFOAM: The Open Source CFD Toolbox
   \\    /   O peration     | Website:  https://openfoam.org
    \\  /    A nd           | Version:  7
     \\/     M anipulation  |
\*---------------------------------------------------------------------------*/
FoamFile
{
    version     2.0;
    format      ascii;
    class       volScalarField;
    location    "90";
    object      p;
}
// * * * * * * * * * * * * * * * * * * * * * * * * * * * * * * * * * * * * * //

dimensions      [0 2 -2 0 0 0 0];

internalField   nonuniform List<scalar> 
8500
(
-0.507913
-0.511778
-0.51121
-0.505311
-0.493311
-0.474713
-0.449467
-0.418268
-0.382634
-0.344782
-0.307205
-0.272074
-0.240983
-0.214854
-0.194084
-0.178757
-0.168881
-0.164565
-0.166064
-0.173521
-0.186381
-0.202835
-0.219697
-0.233034
-0.239107
-0.23544
-0.221456
-0.19892
-0.171159
-0.142241
-0.115232
-0.0925052
-0.0743733
-0.0616161
-0.0528498
-0.0492839
-0.048427
-0.0537232
-0.0616242
-0.077347
-0.0903295
-0.102707
-0.0999189
-0.0867174
-0.0591032
-0.0203643
-0.495619
-0.498915
-0.497962
-0.491893
-0.479974
-0.461768
-0.437258
-0.407143
-0.372875
-0.336565
-0.30059
-0.267011
-0.237363
-0.212541
-0.192949
-0.178701
-0.169847
-0.166554
-0.169113
-0.177654
-0.191538
-0.208824
-0.226207
-0.239697
-0.245568
-0.241386
-0.226652
-0.203231
-0.174565
-0.144798
-0.117048
-0.0936737
-0.0749912
-0.0617209
-0.0524899
-0.0484311
-0.0470986
-0.0518015
-0.0590857
-0.0740917
-0.0865375
-0.0985739
-0.0960257
-0.0834144
-0.0569512
-0.0195174
-0.482558
-0.485266
-0.483925
-0.477703
-0.46591
-0.448146
-0.424428
-0.395455
-0.362605
-0.327878
-0.293544
-0.261549
-0.233369
-0.209876
-0.191479
-0.178323
-0.170506
-0.16825
-0.171882
-0.181512
-0.196411
-0.214506
-0.232383
-0.24601
-0.251677
-0.246997
-0.231543
-0.207274
-0.177741
-0.147164
-0.118708
-0.0947134
-0.075502
-0.0617358
-0.052054
-0.0475133
-0.0457151
-0.0498341
-0.05651
-0.0708068
-0.082722
-0.0944249
-0.0921162
-0.0800958
-0.0547804
-0.0186617
-0.468799
-0.470895
-0.46917
-0.462796
-0.451162
-0.433899
-0.411017
-0.383236
-0.351844
-0.318734
-0.28607
-0.255683
-0.228992
-0.206843
-0.189655
-0.177603
-0.170838
-0.169636
-0.174355
-0.185077
-0.200978
-0.219858
-0.238205
-0.251954
-0.25742
-0.252262
-0.23612
-0.211041
-0.180684
-0.149339
-0.120211
-0.095626
-0.0759083
-0.0616641
-0.0515458
-0.046535
-0.0442814
-0.0478265
-0.0539035
-0.0674993
-0.0788905
-0.0902674
-0.0881972
-0.0767671
-0.0525946
-0.0177985
-0.454417
-0.455874
-0.453756
-0.447262
-0.435762
-0.419081
-0.397066
-0.370519
-0.340617
-0.309146
-0.278174
-0.249411
-0.224224
-0.203432
-0.187462
-0.176528
-0.170829
-0.170696
-0.176514
-0.188331
-0.205221
-0.224862
-0.243652
-0.257512
-0.262784
-0.257169
-0.240374
-0.214529
-0.183393
-0.151321
-0.121559
-0.0964136
-0.0762131
-0.0615094
-0.0509692
-0.0455006
-0.0428023
-0.0457843
-0.0512725
-0.0641763
-0.0750503
-0.0861086
-0.0842748
-0.0734335
-0.0503973
-0.016929
-0.439496
-0.440284
-0.437759
-0.431152
-0.419867
-0.403666
-0.382626
-0.357341
-0.328948
-0.29913
-0.269862
-0.242733
-0.219058
-0.19963
-0.184888
-0.175082
-0.170464
-0.171418
-0.178348
-0.191258
-0.209123
-0.229498
-0.24871
-0.262671
-0.267756
-0.261711
-0.2443
-0.217733
-0.185864
-0.153111
-0.122754
-0.0970788
-0.0764196
-0.0612752
-0.0503284
-0.0444146
-0.0412827
-0.043713
-0.048623
-0.0608446
-0.0712085
-0.0819557
-0.0803555
-0.0701003
-0.0481921
-0.0160545
-0.424123
-0.424207
-0.421259
-0.414539
-0.403479
-0.387764
-0.367746
-0.343739
-0.316864
-0.288702
-0.261144
-0.23565
-0.21349
-0.19543
-0.181923
-0.173256
-0.169735
-0.171792
-0.179845
-0.193848
-0.21267
-0.233754
-0.253364
-0.267418
-0.272328
-0.265881
-0.247893
-0.220651
-0.188099
-0.154709
-0.123796
-0.0976244
-0.0765311
-0.0609654
-0.0496274
-0.0432814
-0.0397275
-0.041618
-0.0459611
-0.0575108
-0.067372
-0.0778156
-0.0764451
-0.0667725
-0.0459822
-0.0151761
-0.408389
-0.407732
-0.40434
-0.397497
-0.386658
-0.371551
-0.352363
-0.329755
-0.304392
-0.27788
-0.252029
-0.228164
-0.207518
-0.190827
-0.17856
-0.171042
-0.168633
-0.171811
-0.180997
-0.19609
-0.21585
-0.237617
-0.257605
-0.271746
-0.276494
-0.269673
-0.251151
-0.223281
-0.190096
-0.156118
-0.12469
-0.0980536
-0.0765513
-0.0605839
-0.0488704
-0.0421056
-0.0381414
-0.0395045
-0.0432925
-0.0541813
-0.0635474
-0.0736947
-0.0725495
-0.0634547
-0.043771
-0.014295
-0.39239
-0.39095
-0.387084
-0.380097
-0.369471
-0.354992
-0.336589
-0.315447
-0.29156
-0.266683
-0.242527
-0.220281
-0.201141
-0.185818
-0.174795
-0.168437
-0.167157
-0.171472
-0.181801
-0.197977
-0.218657
-0.241079
-0.261424
-0.275648
-0.280249
-0.273085
-0.25407
-0.225624
-0.191856
-0.157338
-0.125437
-0.0983697
-0.0764839
-0.0601346
-0.0480616
-0.0408915
-0.0365292
-0.0373779
-0.0406229
-0.0508622
-0.059741
-0.0695992
-0.068674
-0.0601517
-0.0415617
-0.0134123
-0.376223
-0.373954
-0.369575
-0.362446
-0.35199
-0.338123
-0.320473
-0.300861
-0.2784
-0.25513
-0.232653
-0.212008
-0.194364
-0.180403
-0.170628
-0.165442
-0.165307
-0.170775
-0.182253
-0.199507
-0.221083
-0.244134
-0.264818
-0.279123
-0.283592
-0.276117
-0.256652
-0.227678
-0.193382
-0.158374
-0.126041
-0.0985764
-0.076333
-0.0596217
-0.0472051
-0.0396436
-0.0348956
-0.035243
-0.0379578
-0.0475594
-0.0559588
-0.0655352
-0.064824
-0.0568679
-0.0393575
-0.0125292
-0.356837
-0.351901
-0.344615
-0.334285
-0.32102
-0.30444
-0.285663
-0.264937
-0.243244
-0.22242
-0.203354
-0.187193
-0.174587
-0.166062
-0.162059
-0.163086
-0.169722
-0.182357
-0.200677
-0.223126
-0.24678
-0.267784
-0.282169
-0.286524
-0.278769
-0.258897
-0.229448
-0.194677
-0.159227
-0.126506
-0.0986777
-0.0761024
-0.0590493
-0.0463054
-0.0383664
-0.033245
-0.0331047
-0.0353022
-0.0442786
-0.0522068
-0.0615081
-0.0610043
-0.0536073
-0.0371612
-0.0116468
-0.339696
-0.334154
-0.326615
-0.316425
-0.303735
-0.288152
-0.270287
-0.251213
-0.231049
-0.211847
-0.194333
-0.179636
-0.168378
-0.161106
-0.158296
-0.160502
-0.168321
-0.182114
-0.201489
-0.224787
-0.249016
-0.270323
-0.284788
-0.289045
-0.281042
-0.260808
-0.230935
-0.195742
-0.159903
-0.126835
-0.0986776
-0.0757964
-0.0584216
-0.0453664
-0.037064
-0.0315818
-0.0309677
-0.0326614
-0.041025
-0.0484901
-0.0575233
-0.0572198
-0.0503741
-0.0349759
-0.010766
-0.322626
-0.31643
-0.308602
-0.298485
-0.286332
-0.271663
-0.254766
-0.237259
-0.218575
-0.200951
-0.18496
-0.171707
-0.161788
-0.15577
-0.154166
-0.157565
-0.166579
-0.181532
-0.201947
-0.226067
-0.250845
-0.27244
-0.286984
-0.291161
-0.282942
-0.262388
-0.232143
-0.196584
-0.160404
-0.127033
-0.0985803
-0.0754193
-0.0577427
-0.0443924
-0.0357408
-0.0299105
-0.0288366
-0.0300399
-0.0378038
-0.0448141
-0.0535856
-0.0534748
-0.047172
-0.0328043
-0.00988797
-0.305722
-0.298822
-0.290672
-0.280457
-0.268875
-0.255064
-0.239101
-0.223092
-0.205854
-0.189757
-0.175256
-0.163424
-0.154833
-0.15007
-0.149682
-0.154291
-0.16451
-0.18062
-0.202057
-0.226972
-0.252271
-0.274138
-0.288763
-0.292878
-0.284473
-0.263642
-0.233076
-0.197205
-0.160736
-0.127105
-0.0983904
-0.0749752
-0.0570169
-0.0433875
-0.0344007
-0.0282351
-0.0267156
-0.0274423
-0.0346198
-0.0411835
-0.0496997
-0.0497734
-0.0440045
-0.030649
-0.00901361
-0.289077
-0.281419
-0.27289
-0.262393
-0.251454
-0.23842
-0.223521
-0.208552
-0.192923
-0.178291
-0.165245
-0.154808
-0.147533
-0.144027
-0.144866
-0.150695
-0.162127
-0.179389
-0.201828
-0.227509
-0.253303
-0.275426
-0.290134
-0.294201
-0.285641
-0.264575
-0.233741
-0.197611
-0.160904
-0.127054
-0.0981123
-0.0744686
-0.0562483
-0.0423556
-0.0330479
-0.0265596
-0.0246088
-0.024873
-0.0314773
-0.0376028
-0.0458699
-0.0461196
-0.040875
-0.0285126
-0.00814388
-0.272781
-0.264303
-0.255365
-0.246209
-0.234171
-0.221776
-0.207915
-0.193859
-0.179826
-0.166583
-0.154955
-0.145886
-0.139914
-0.137665
-0.139738
-0.1468
-0.159447
-0.177851
-0.201269
-0.227686
-0.253948
-0.276314
-0.291105
-0.295141
-0.286454
-0.265195
-0.234142
-0.197809
-0.160913
-0.126887
-0.0977506
-0.0739037
-0.0554409
-0.0413007
-0.0316861
-0.0248879
-0.0225202
-0.0223359
-0.0283807
-0.0340762
-0.0421001
-0.042517
-0.0377866
-0.0263976
-0.00727968
-0.256921
-0.247557
-0.238071
-0.228429
-0.216982
-0.205189
-0.192262
-0.179152
-0.166602
-0.154671
-0.144421
-0.136689
-0.132006
-0.131011
-0.134326
-0.142626
-0.156489
-0.176023
-0.200394
-0.227514
-0.254217
-0.276812
-0.291687
-0.295707
-0.286919
-0.265508
-0.234288
-0.197804
-0.160768
-0.126608
-0.0973099
-0.0732849
-0.0545989
-0.0402266
-0.030319
-0.0232235
-0.0204535
-0.0198348
-0.0253339
-0.0306075
-0.038394
-0.0389688
-0.0347421
-0.0243061
-0.00642185
-0.24158
-0.231271
-0.221153
-0.211075
-0.200025
-0.188725
-0.176632
-0.164465
-0.153283
-0.142597
-0.133679
-0.127253
-0.123843
-0.124099
-0.128657
-0.1382
-0.153274
-0.17392
-0.199214
-0.227005
-0.254123
-0.276932
-0.291893
-0.295908
-0.287047
-0.265522
-0.234184
-0.197603
-0.160477
-0.126223
-0.096795
-0.0726164
-0.0537262
-0.0391371
-0.0289503
-0.0215701
-0.018412
-0.0173732
-0.0223405
-0.0272005
-0.0347549
-0.0354783
-0.0317443
-0.0222405
-0.00557124
-0.226836
-0.215531
-0.204722
-0.194269
-0.183372
-0.172459
-0.161112
-0.149824
-0.139912
-0.130411
-0.122775
-0.117619
-0.115462
-0.116962
-0.122764
-0.133548
-0.149823
-0.171558
-0.197745
-0.226173
-0.253678
-0.276689
-0.291734
-0.295758
-0.286847
-0.265246
-0.233839
-0.197213
-0.160045
-0.125737
-0.0962106
-0.0719024
-0.0528266
-0.0380356
-0.0275833
-0.0199309
-0.0163992
-0.0149545
-0.0194038
-0.0238582
-0.0311857
-0.0320483
-0.0287957
-0.0202028
-0.00472861
-0.212761
-0.200418
-0.188863
-0.177994
-0.167094
-0.156467
-0.145778
-0.135284
-0.126537
-0.118165
-0.111755
-0.107831
-0.106907
-0.10964
-0.116681
-0.128698
-0.14616
-0.168958
-0.196001
-0.225031
-0.252897
-0.276095
-0.291225
-0.295266
-0.286329
-0.26469
-0.233262
-0.196642
-0.159479
-0.125156
-0.0955614
-0.071147
-0.0519039
-0.0369257
-0.0262212
-0.0183089
-0.014418
-0.0125815
-0.0165269
-0.0205838
-0.0276894
-0.0286814
-0.0258984
-0.0181948
-0.0038947
-0.19942
-0.186002
-0.173646
-0.16228
-0.151596
-0.14083
-0.130699
-0.12092
-0.113209
-0.105916
-0.100672
-0.0979395
-0.0982212
-0.102172
-0.110442
-0.12368
-0.142307
-0.166136
-0.193999
-0.223594
-0.251794
-0.275166
-0.290383
-0.294446
-0.285504
-0.263863
-0.232461
-0.195897
-0.158785
-0.124484
-0.0948521
-0.0703544
-0.0509618
-0.0358107
-0.0248672
-0.0167072
-0.0124712
-0.0102571
-0.0137127
-0.01738
-0.0242682
-0.0253799
-0.0230545
-0.0162185
-0.00307023
-0.17235
-0.159139
-0.147171
-0.136188
-0.125609
-0.11595
-0.106818
-0.0999867
-0.0937263
-0.0895843
-0.087997
-0.0894542
-0.0946023
-0.104084
-0.118524
-0.138288
-0.163113
-0.191754
-0.221878
-0.250385
-0.273916
-0.289224
-0.293312
-0.284383
-0.262775
-0.231445
-0.194987
-0.157969
-0.123728
-0.0940872
-0.0695285
-0.0500036
-0.0346937
-0.0235242
-0.0151283
-0.0105615
-0.00798379
-0.0109636
-0.0142491
-0.0209245
-0.0221462
-0.020266
-0.0142756
-0.00225585
-0.15952
-0.145414
-0.132773
-0.121343
-0.110912
-0.101605
-0.093061
-0.0869371
-0.0816604
-0.0785515
-0.0780595
-0.0806559
-0.0869743
-0.0976449
-0.11326
-0.134128
-0.159907
-0.189284
-0.219898
-0.248685
-0.27236
-0.287757
-0.291875
-0.282978
-0.261437
-0.230225
-0.193919
-0.15704
-0.122894
-0.0932713
-0.0686731
-0.049033
-0.0335777
-0.0221948
-0.0135749
-0.00869124
-0.00576375
-0.00828185
-0.0111934
-0.0176602
-0.018982
-0.0175344
-0.0123677
-0.00145218
-0.147563
-0.132532
-0.119184
-0.107319
-0.0968393
-0.087738
-0.0797202
-0.0741428
-0.0697856
-0.0676375
-0.0681848
-0.0718779
-0.0793327
-0.0911611
-0.107918
-0.129849
-0.156537
-0.186603
-0.217669
-0.24671
-0.270513
-0.285973
-0.290145
-0.2813
-0.259859
-0.228808
-0.192702
-0.156003
-0.121986
-0.0924089
-0.067792
-0.0480529
-0.0324655
-0.0208817
-0.0120492
-0.00686255
-0.00359904
-0.00566959
-0.00821478
-0.0144768
-0.0158893
-0.0148614
-0.0104963
-0.000659819
-0.136517
-0.120544
-0.106465
-0.0941646
-0.0833843
-0.0744026
-0.0668694
-0.0616957
-0.058171
-0.0569071
-0.0584317
-0.0631721
-0.0717222
-0.0846697
-0.102526
-0.125474
-0.153021
-0.18373
-0.215208
-0.244475
-0.268392
-0.283872
-0.288136
-0.279361
-0.258053
-0.227206
-0.191344
-0.154866
-0.12101
-0.0915044
-0.0668887
-0.0470665
-0.0313599
-0.0195871
-0.0105534
-0.00507741
-0.00149142
-0.00312852
-0.00531491
-0.0113761
-0.0128697
-0.0122481
-0.00866276
0.000120694
-0.126415
-0.10949
-0.0946543
-0.0818627
-0.0706386
-0.0616314
-0.0546053
-0.0496903
-0.0468861
-0.0464255
-0.048859
-0.0545903
-0.0641866
-0.0782065
-0.0971147
-0.121027
-0.149378
-0.180678
-0.21253
-0.241997
-0.266012
-0.281546
-0.28586
-0.277172
-0.25603
-0.225429
-0.189855
-0.153635
-0.119972
-0.0905619
-0.0659666
-0.0460768
-0.0302634
-0.0183132
-0.00908944
-0.00333757
0.000557579
-0.000660193
-0.00249523
-0.00835905
-0.00992441
-0.00969582
-0.0068684
0.000888842
-0.11728
-0.099402
-0.0837767
-0.0704539
-0.0602353
-0.0494916
-0.0429936
-0.0382119
-0.0359993
-0.0362563
-0.039524
-0.0461825
-0.0567683
-0.0718061
-0.0917094
-0.116528
-0.145626
-0.177465
-0.209649
-0.23929
-0.263388
-0.278969
-0.283332
-0.274747
-0.2538
-0.223487
-0.188242
-0.152317
-0.118877
-0.0895856
-0.0650291
-0.0450864
-0.0291783
-0.0170622
-0.00765895
-0.00164456
0.00254664
0.0017341
0.000243029
-0.00542684
-0.00705486
-0.00720552
-0.00511442
0.00164414
-0.109132
-0.0903057
-0.0738576
-0.0598805
-0.0488017
-0.038296
-0.0318551
-0.0273253
-0.0255755
-0.0264602
-0.0304818
-0.0379968
-0.0495075
-0.0655008
-0.0863362
-0.111997
-0.14178
-0.174106
-0.206582
-0.236368
-0.260533
-0.276151
-0.280564
-0.272096
-0.251376
-0.22139
-0.186514
-0.150919
-0.11773
-0.0885796
-0.0640793
-0.044098
-0.0281067
-0.0158357
-0.00626354
2.56745e-07
0.00447469
0.00405327
0.00289886
-0.00258028
-0.00426211
-0.00477808
-0.00340193
0.00238615
-0.0822143
-0.0649123
-0.0502046
-0.0382486
-0.028046
-0.0213983
-0.0170777
-0.0156739
-0.0170935
-0.0217835
-0.0300778
-0.0424418
-0.0593209
-0.0810189
-0.107452
-0.137857
-0.170614
-0.203341
-0.233247
-0.257462
-0.273106
-0.277567
-0.269231
-0.248769
-0.219149
-0.18468
-0.149447
-0.116536
-0.0875475
-0.0631202
-0.0431139
-0.0270508
-0.0146356
-0.00490455
0.00159574
0.00634085
0.00629644
0.00547146
0.000179955
-0.00154713
-0.00241426
-0.00173193
0.00311445
-0.0751034
-0.0569891
-0.0415372
-0.0290214
-0.0185428
-0.0117703
-0.0075075
-0.00634819
-0.0082069
-0.0134758
-0.0224663
-0.0356052
-0.0532939
-0.0757793
-0.102913
-0.133871
-0.167005
-0.199941
-0.22994
-0.254186
-0.269844
-0.274353
-0.266165
-0.245991
-0.216774
-0.182748
-0.147908
-0.115299
-0.086493
-0.0621545
-0.0421363
-0.0260122
-0.0134631
-0.00358315
0.00314093
0.00814446
0.00846295
0.00796024
0.00285339
0.00108924
-0.000114668
-0.000105372
0.00382865
-0.0689486
-0.050171
-0.0340743
-0.0207912
-0.00990243
-0.00295435
0.00134622
0.00235548
0.00015542
-0.00559994
-0.0151988
-0.0290284
-0.0474447
-0.0706371
-0.0983944
-0.129838
-0.163291
-0.196396
-0.226459
-0.250718
-0.266378
-0.270933
-0.262909
-0.243053
-0.214275
-0.180726
-0.146309
-0.114026
-0.0854197
-0.0611849
-0.0411674
-0.0249927
-0.0123198
-0.00230036
0.00463503
0.00988507
0.0105523
0.0103648
0.00543971
0.0036463
0.00212018
0.0014769
0.00452838
-0.06389
-0.0442109
-0.0273611
-0.0135271
-0.00220763
0.00503901
0.00944647
0.0104004
0.00795639
0.00180903
-0.00830653
-0.0227379
-0.0417949
-0.0656098
-0.0939113
-0.12577
-0.159485
-0.192718
-0.222818
-0.247068
-0.262716
-0.267319
-0.259474
-0.239968
-0.211663
-0.178623
-0.144655
-0.11272
-0.0843312
-0.0602141
-0.0402093
-0.023994
-0.0112068
-0.00105711
0.00607735
0.0115624
0.0125642
0.0126848
0.00793869
0.00612342
0.00428984
0.0030141
0.0052133
-0.0598131
-0.0393249
-0.0217118
-0.00729293
0.00455471
0.0121781
0.0167663
0.0177579
0.0151659
0.00872214
-0.00181552
-0.016756
-0.0363628
-0.0607127
-0.0894767
-0.121679
-0.1556
-0.188918
-0.219025
-0.243246
-0.258869
-0.263519
-0.255873
-0.236746
-0.208948
-0.176448
-0.142954
-0.111386
-0.0832313
-0.059245
-0.0392642
-0.0230178
-0.0101255
0.000145757
0.00746731
0.0131761
0.0144984
0.0149203
0.0103502
0.00852006
0.00639397
0.0045055
0.00588308
-0.0566948
-0.0354579
-0.017096
-0.00204455
0.00984859
0.0184337
0.0232887
0.0244061
0.0217605
0.0151163
0.00425314
-0.0111009
-0.0311639
-0.0559586
-0.0851021
-0.117576
-0.151645
-0.185006
-0.21509
-0.23926
-0.254843
-0.259543
-0.252115
-0.233398
-0.20614
-0.174207
-0.14121
-0.110028
-0.0821218
-0.0582787
-0.0383326
-0.0220644
-0.00907613
0.00130813
0.00880492
0.0147267
0.0163552
0.0170714
0.0126746
0.0108359
0.00843229
0.00595041
0.00653738
-0.0325374
-0.0134495
0.00227311
0.0142134
0.02382
0.0290065
0.0303316
0.0277234
0.0209741
0.00988271
-0.00578767
-0.0262112
-0.0513593
-0.0807985
-0.113472
-0.147631
-0.180993
-0.211022
-0.235122
-0.250652
-0.255407
-0.248218
-0.229939
-0.203246
-0.171903
-0.139423
-0.108643
-0.0809994
-0.057312
-0.037412
-0.021132
-0.00805703
0.00243147
0.0100915
0.0162153
0.0181355
0.0191392
0.0149129
0.0130713
0.0104049
0.00734835
0.00717588
-0.0304899
-0.010709
0.005726
0.0185582
0.0283639
0.0339289
0.0355335
0.0330475
0.026285
0.0150611
-0.000828799
-0.0215174
-0.0469278
-0.0765798
-0.109382
-0.143576
-0.176896
-0.20684
-0.23085
-0.246315
-0.251132
-0.244201
-0.226383
-0.200277
-0.169542
-0.137594
-0.107232
-0.0798652
-0.0563456
-0.0365027
-0.0202205
-0.0070682
0.00351598
0.0113275
0.0176425
0.0198396
0.0211241
0.0170659
0.0152269
0.0123124
0.00869911
0.00779832
-0.0293162
-0.00887324
0.00827537
0.0219132
0.0320414
0.0380499
0.0400012
0.0377236
0.0310421
0.0197838
0.00377312
-0.0170836
-0.0426643
-0.0724454
-0.105304
-0.139474
-0.172705
-0.202528
-0.226437
-0.241812
-0.246699
-0.240054
-0.222735
-0.197252
-0.167158
-0.135765
-0.105836
-0.0787559
-0.0554106
-0.03563
-0.0193499
-0.00612544
0.0045497
0.0125033
0.0190025
0.0214629
0.0230218
0.0191285
0.017298
0.0141526
0.0100014
0.0084043
-0.0292923
-0.00818684
0.00968728
0.0240815
0.0347146
0.0412456
0.0436379
0.0416837
0.0352064
0.0240392
0.00803196
-0.0128729
-0.0385101
-0.0683151
-0.101136
-0.1352
-0.168274
-0.197921
-0.221728
-0.236989
-0.241983
-0.235703
-0.218975
-0.194202
-0.164812
-0.134015
-0.104535
-0.0777439
-0.0545682
-0.0348441
-0.0185594
-0.00525995
0.00550864
0.0135994
0.0202835
0.022996
0.024824
0.0210887
0.01927
0.015916
0.011249
0.00899211
-0.030325
-0.00858426
0.00998598
0.0250743
0.0363349
0.0434794
0.0463859
0.0448471
0.0386846
0.0277354
0.0118686
-0.00894267
-0.0344955
-0.0641899
-0.0968514
-0.130706
-0.163544
-0.192964
-0.216664
-0.231849
-0.237016
-0.231177
-0.215109
-0.191093
-0.162433
-0.132244
-0.103224
-0.0767294
-0.0537313
-0.0340717
-0.0177902
-0.00442289
0.00643188
0.0146483
0.0215087
0.0244602
0.0265506
0.0229665
0.0211555
0.0176062
0.0124407
0.00956006
-0.029717
-0.00762674
0.0113299
0.0267667
0.0383887
0.0459477
0.0491129
0.0477496
0.0416865
0.0307725
0.0148944
-0.00594746
-0.0315178
-0.0611858
-0.0937552
-0.127448
-0.160074
-0.189263
-0.212793
-0.22779
-0.232894
-0.227149
-0.211342
-0.187717
-0.159527
-0.129816
-0.101237
-0.0750944
-0.0523629
-0.0328631
-0.016681
-0.00331896
0.00755411
0.0158475
0.0228092
0.0259638
0.0283026
0.0248946
0.0231001
0.0193206
0.013636
0.010122
-0.00262733
0.0165618
0.0322893
0.0439931
0.0515263
0.0546244
0.0530579
0.0466219
0.035158
0.0185753
-0.00307779
-0.0294916
-0.059937
-0.0931039
-0.127117
-0.159752
-0.188688
-0.211911
-0.226043
-0.230333
-0.223822
-0.207442
-0.183547
-0.155417
-0.12602
-0.0978925
-0.0722167
-0.0499084
-0.0307187
-0.0147859
-0.00152744
0.00927583
0.0176072
0.0245691
0.0279185
0.0305529
0.0274475
0.0257444
0.0216103
0.0152257
0.0108396
-0.000170743
0.0187308
0.0342113
0.0457837
0.0532134
0.0562051
0.0545196
0.0479433
0.0363207
0.019586
-0.00216448
-0.0285541
-0.0587812
-0.0914812
-0.124765
-0.156433
-0.184205
-0.205639
-0.219227
-0.222668
-0.21572
-0.199435
-0.176137
-0.148956
-0.120653
-0.093575
-0.0687844
-0.0471625
-0.0284493
-0.0128403
0.000259424
0.0109657
0.0193238
0.0263378
0.0299029
0.0327455
0.0298687
0.0281768
0.0237397
0.0167355
0.0115408
0.00130555
0.0197326
0.0348185
0.0460705
0.0531964
0.0559319
0.0540268
0.0472733
0.0355353
0.0187845
-0.00282856
-0.0288645
-0.0584696
-0.0902641
-0.122394
-0.152723
-0.179067
-0.199204
-0.211501
-0.214121
-0.206879
-0.190875
-0.168351
-0.142253
-0.115128
-0.0891515
-0.0652798
-0.0443708
-0.0261579
-0.0108948
0.00202215
0.0126112
0.0209728
0.0280201
0.0317657
0.0347811
0.0321014
0.0303972
0.0256816
0.0180901
0.0121867
0.00189358
0.0198154
0.0344788
0.0453925
0.0522357
0.0547382
0.0526467
0.0457632
0.0339752
0.0172945
-0.00407413
-0.0296334
-0.0584865
-0.0892499
-0.120113
-0.149018
-0.173883
-0.192645
-0.203654
-0.205458
-0.197931
-0.182227
-0.160498
-0.1355
-0.109564
-0.0846948
-0.0617469
-0.0415578
-0.0238546
-0.00895026
0.00377035
0.0142298
0.0225778
0.0296365
0.0335358
0.0367138
0.034232
0.0325207
0.0275481
0.0193697
0.0128036
0.00146465
0.0188388
0.033046
0.0436264
0.0502227
0.0525482
0.0503506
0.0434419
0.0317304
0.0152643
-0.00570463
-0.0306311
-0.0585865
-0.0881919
-0.117685
-0.145086
-0.168412
-0.185729
-0.195493
-0.196508
-0.188753
-0.173416
-0.152544
-0.128691
-0.103969
-0.0802199
-0.0582042
-0.0387432
-0.0215596
-0.00702583
0.00548496
0.0158027
0.0241206
0.0311722
0.0351998
0.0385248
0.0362377
0.0345196
0.0293179
0.020564
0.0133852
9.68953e-05
0.0168688
0.0305921
0.0408204
0.0471781
0.0493653
0.0471311
0.0402973
0.0287928
0.0126973
-0.00769846
-0.0318125
-0.0586973
-0.0869911
-0.114987
-0.140792
-0.16252
-0.178373
-0.186934
-0.18723
-0.179344
-0.164468
-0.144525
-0.121858
-0.0983675
-0.0757457
-0.0546659
-0.035938
-0.019282
-0.00512944
0.00715804
0.0173217
0.0255933
0.0326199
0.0367496
0.0402022
0.0381023
0.0363729
0.0309697
0.0216568
0.0139239
-0.00206103
0.0140638
0.0272743
0.0371328
0.0432574
0.0453392
0.0431295
0.0364612
0.0252823
0.00970071
-0.00996136
-0.0330958
-0.0587495
-0.0855895
-0.111975
-0.136105
-0.156197
-0.170597
-0.178018
-0.177687
-0.169773
-0.155449
-0.136494
-0.115041
-0.0927892
-0.0712923
-0.0511462
-0.0331527
-0.01703
-0.00326767
0.00878362
0.0187813
0.0269907
0.033975
0.0381802
0.0417401
0.0398192
0.0380733
0.0324969
0.0226422
0.0144167
-0.00485756
0.010585
0.0232602
0.0327404
0.0386422
0.0406526
0.0385269
0.0321094
0.0213659
0.0064277
-0.0123585
-0.0343688
-0.0586559
-0.0839268
-0.108615
-0.131018
-0.149467
-0.162445
-0.16881
-0.167956
-0.160119
-0.146426
-0.128503
-0.108278
-0.0872613
-0.0668792
-0.0476594
-0.030398
-0.0148121
-0.00144742
0.0103555
0.0201758
0.0283075
0.0352329
0.0394873
0.0431335
0.0413827
0.0396156
0.0338956
0.0235173
0.014862
-0.00814083
0.00659494
0.018721
0.0278192
0.0335109
0.0354842
0.0334998
0.0274129
0.0172051
0.00302634
-0.0147601
-0.0355242
-0.0583352
-0.0819494
-0.104883
-0.125536
-0.142359
-0.153978
-0.159386
-0.15812
-0.150459
-0.137465
-0.120604
-0.101607
-0.0818099
-0.0625252
-0.0442191
-0.0276842
-0.0126368
0.0003244
0.0118673
0.0214992
0.0295383
0.0363889
0.0406667
0.0443776
0.042787
0.0409943
0.0351615
0.0242796
0.0152578
-0.0117577
0.00225633
0.0138246
0.0225409
0.0280366
0.0300048
0.0282138
0.0225293
0.0129458
-0.000373272
-0.0170557
-0.0364752
-0.0577272
-0.0796256
-0.100775
-0.119686
-0.134931
-0.145273
-0.149837
-0.148271
-0.140876
-0.128633
-0.112845
-0.0950621
-0.0764597
-0.0582479
-0.0408385
-0.0250216
-0.010512
0.00204105
0.0133133
0.022746
0.030678
0.0374389
0.041715
0.0454681
0.0440268
0.042204
0.0362898
0.0249265
0.0156018
-0.0155702
-0.00228052
0.00872781
0.0170664
0.0223804
0.0243725
0.0228199
0.0175986
0.00871337
-0.00366432
-0.0191609
-0.0371628
-0.0568009
-0.0769544
-0.0963212
-0.113527
-0.127265
-0.136431
-0.140267
-0.138507
-0.131452
-0.11999
-0.105272
-0.0886752
-0.0712333
-0.0540639
-0.0375301
-0.0224198
-0.00844591
0.00369602
0.0146877
0.023911
0.0317221
0.0383788
0.042629
0.0464019
0.0450974
0.0432405
0.0372767
0.0254568
0.0158919
-0.0194505
-0.00688226
0.00357033
0.0115387
0.0166851
0.0187252
0.0174471
0.0127368
0.00460654
-0.00676909
-0.0210225
-0.0375611
-0.0555595
-0.0739685
-0.0915832
-0.107143
-0.119465
-0.127564
-0.130785
-0.128922
-0.122261
-0.111593
-0.0979242
-0.0824745
-0.0661508
-0.0499882
-0.0343054
-0.0198879
-0.00644591
0.00528308
0.0159853
0.0249892
0.032666
0.0392053
0.0434068
0.0471763
0.0459951
0.0441004
0.0381183
0.0258701
0.0161263
-0.0232939
-0.0114358
-0.00152938
0.00607865
0.0110702
0.0131767
0.0121989
0.00803233
0.000694631
-0.00964121
-0.0226199
-0.0376776
-0.0540389
-0.0707312
-0.0866488
-0.100644
-0.11165
-0.118791
-0.121498
-0.119606
-0.113371
-0.103492
-0.0908352
-0.0764838
-0.0612299
-0.0460343
-0.0311752
-0.0174347
-0.00451915
0.0067963
0.017201
0.0259761
0.0335059
0.0399154
0.0440468
0.0477901
0.0467173
0.0447813
0.0388115
0.0261676
0.0163033
-0.0270162
-0.01585
-0.00647572
0.000783494
0.00563101
0.00781593
0.007153
0.00354715
-0.0029806
-0.0122626
-0.0239614
-0.0375473
-0.0523009
-0.0673281
-0.0816225
-0.0941451
-0.103939
-0.110225
-0.112504
-0.110635
-0.10484
-0.0957243
-0.084033
-0.070723
-0.0564855
-0.0422141
-0.0281491
-0.0150679
-0.00267227
0.00823018
0.0183303
0.0268678
0.0342384
0.0405064
0.0445485
0.0482427
0.0472624
0.045282
0.0393536
0.0263518
0.0164212
-0.030552
-0.0200548
-0.0111954
-0.00427267
0.000439245
0.00270834
0.002364
-0.000679584
-0.00639955
-0.0146366
-0.0250747
-0.0372233
-0.0504213
-0.0638545
-0.076613
-0.0877618
-0.0964437
-0.101967
-0.103885
-0.102072
-0.0967113
-0.0883214
-0.0775383
-0.0652075
-0.0519301
-0.0385378
-0.0252358
-0.012795
-0.000911336
0.00957963
0.0193693
0.0276608
0.0348606
0.0409763
0.044912
0.0485346
0.0476304
0.0456023
0.0397425
0.0264267
0.0164787
-0.0338537
-0.0239994
-0.0156355
-0.0090366
-0.0044542
-0.002101
-0.00213269
-0.00462625
-0.00955812
-0.0167793
-0.025998
-0.0367645
-0.048478
-0.0604027
-0.0717205
-0.0815954
-0.0892599
-0.0940963
-0.0957038
-0.0939623
-0.0890153
-0.0813038
-0.071366
-0.0599489
-0.0475733
-0.0350141
-0.0224428
-0.0106222
0.000758136
0.0108401
0.0203145
0.0283522
0.0353701
0.0413237
0.0451384
0.0486673
0.0478227
0.0457432
0.0399766
0.0263982
0.0164742
-0.0368889
-0.0276493
-0.0197604
-0.0134728
-0.00901605
-0.00658361
-0.00631661
-0.00828367
-0.0124614
-0.0187124
-0.0267701
-0.0362268
-0.0465408
-0.057052
-0.0670294
-0.0757267
-0.0824591
-0.0866731
-0.0880048
-0.0863352
-0.0817711
-0.0746835
-0.0655249
-0.0549549
-0.0434226
-0.03165
-0.0197767
-0.00855546
0.00233127
0.0120074
0.0211628
0.0289397
0.0357655
0.0415475
0.0452293
0.0486431
0.0478424
0.0457069
0.040055
0.0262733
0.0164063
-0.0396376
-0.0309837
-0.0235486
-0.0175604
-0.0132271
-0.010724
-0.0101782
-0.0116507
-0.0151189
-0.0204574
-0.0274253
-0.035656
-0.0446646
-0.0538626
-0.0625999
-0.0702123
-0.0760891
-0.0797332
-0.0808118
-0.079205
-0.0749863
-0.0684651
-0.0600189
-0.05023
-0.039483
-0.028451
-0.0172431
-0.00659969
0.00380386
0.0130782
0.0219118
0.0294216
0.0360458
0.0416476
0.0451874
0.0484653
0.0476943
0.0454968
0.0399775
0.0260606
0.0162733
-0.0420899
-0.033992
-0.0269897
-0.0212893
-0.0170789
-0.0145163
-0.0137157
-0.0147312
-0.0175414
-0.022033
-0.0279901
-0.0350852
-0.0428873
-0.0508742
-0.0584699
-0.0650847
-0.0701747
-0.0732926
-0.0741326
-0.0725734
-0.0686596
-0.0626468
-0.0548476
-0.0457756
-0.0357578
-0.0254213
-0.0148463
-0.00475905
0.00517236
0.0140496
0.0225598
0.0297971
0.0362109
0.041624
0.0450159
0.0481383
0.0473848
0.0451178
0.0397454
0.0257697
0.0160733
-0.0442426
-0.0366718
-0.0300816
-0.0246581
-0.0205708
-0.0179616
-0.0169326
-0.0175315
-0.019739
-0.0234534
-0.0284823
-0.0345353
-0.0412309
-0.0481074
-0.0546568
-0.0603562
-0.0647217
-0.0673505
-0.0679613
-0.0664318
-0.0627822
-0.057222
-0.0500072
-0.0415908
-0.0322486
-0.0225638
-0.0125898
-0.00303694
0.00643393
0.0149193
0.0231055
0.0300657
0.0362615
0.0414779
0.0447186
0.047667
0.0469221
0.044576
0.039361
0.0254102
0.0158043
-0.0460985
-0.0390263
-0.032828
-0.0276712
-0.0237081
-0.0210658
-0.0198355
-0.0200597
-0.0217209
-0.0247287
-0.0289127
-0.0340163
-0.0397036
-0.0455683
-0.0511618
-0.0560229
-0.0597211
-0.061894
-0.0622824
-0.0607645
-0.0573404
-0.05218
-0.0454912
-0.037673
-0.0289551
-0.0198802
-0.0104762
-0.00143592
0.00758642
0.015686
0.0235482
0.0302277
0.0361992
0.0412109
0.0442997
0.0470576
0.0463155
0.0438792
0.0388288
0.0249916
0.0154644
-0.0476638
-0.0410627
-0.0352371
-0.0303372
-0.0264997
-0.023838
-0.0224337
-0.0223246
-0.0234952
-0.0258657
-0.029286
-0.0335305
-0.038304
-0.0432501
-0.0479743
-0.0520696
-0.0551539
-0.0569013
-0.0570736
-0.0555508
-0.0523167
-0.047508
-0.0412912
-0.0340175
-0.0258761
-0.017371
-0.0085071
4.22341e-05
0.00862842
0.0163486
0.023888
0.0302842
0.0360263
0.0408255
0.0437639
0.0463168
0.0455754
0.0430366
0.0381554
0.024522
0.0150521
-0.0489476
-0.0427913
-0.0373198
-0.0326677
-0.0289572
-0.0262896
-0.0247377
-0.0243353
-0.0250692
-0.0268691
-0.0296036
-0.0330747
-0.0370242
-0.04114
-0.0450762
-0.0484739
-0.0509946
-0.0523457
-0.0523087
-0.0507667
-0.0476913
-0.0431909
-0.0373971
-0.0306186
-0.0230089
-0.0150358
-0.00668311
0.00139653
0.00955919
0.0169072
0.0241256
0.0302367
0.035746
0.0403251
0.0431161
0.0454527
0.0447127
0.0420595
0.0373502
0.0240073
0.0145676
-0.0499608
-0.0442242
-0.0390892
-0.0346761
-0.031094
-0.0284334
-0.0267592
-0.0261017
-0.0264497
-0.0277422
-0.0298642
-0.0326429
-0.0358526
-0.0392212
-0.0424454
-0.0452097
-0.0472144
-0.0481976
-0.0479595
-0.0463872
-0.0434433
-0.0392128
-0.0337978
-0.0274695
-0.0203502
-0.0128732
-0.0050041
0.00262677
0.0103787
0.0173623
0.0242622
0.0300876
0.0353621
0.0397138
0.0423619
0.0444736
0.0437385
0.0409605
0.0364247
0.0234506
0.0140133
-0.0507158
-0.045375
-0.0405597
-0.0363772
-0.0329249
-0.0302833
-0.0285104
-0.0276336
-0.0276437
-0.0284877
-0.0300659
-0.0322277
-0.0347772
-0.037475
-0.0400583
-0.0422494
-0.0437837
-0.0444269
-0.0439971
-0.0423865
-0.0395513
-0.0355571
-0.0304816
-0.0245625
-0.0178953
-0.0108809
-0.00346907
0.00373353
0.0110876
0.0177152
0.0242998
0.0298396
0.0348792
0.0389967
0.0415071
0.043389
0.0426639
0.0397542
0.0353928
0.0228524
0.0133952
-0.0512258
-0.0462581
-0.0417465
-0.0377867
-0.0344652
-0.0318538
-0.0300043
-0.0289415
-0.0286582
-0.0291087
-0.0302065
-0.0318212
-0.0337825
-0.0358823
-0.0378911
-0.0395658
-0.0406731
-0.0410039
-0.0403933
-0.0387393
-0.0359939
-0.0322071
-0.0274361
-0.0218892
-0.0156392
-0.00905588
-0.00207626
0.00471811
0.0116871
0.0179678
0.0242409
0.0294965
0.0343023
0.0381798
0.0405581
0.0422085
0.0414994
0.038457
0.0342694
0.0222111
0.0127234
-0.0515049
-0.0468889
-0.0426658
-0.0389209
-0.035731
-0.0331601
-0.0312543
-0.0300364
-0.0295007
-0.0296082
-0.0302846
-0.0314166
-0.0328569
-0.0344251
-0.0359213
-0.0371327
-0.0378543
-0.0378999
-0.0371207
-0.0354208
-0.0327503
-0.029146
-0.0246487
-0.0194409
-0.0135759
-0.00739431
-0.000823159
0.00558252
0.0121793
0.0181227
0.0240887
0.0290623
0.0336368
0.0372699
0.0395218
0.0409422
0.0402551
0.0370863
0.0330697
0.0215241
0.0120127
-0.0515678
-0.0472829
-0.043334
-0.0397966
-0.0367388
-0.0342176
-0.0322743
-0.0309294
-0.0301792
-0.0299903
-0.030299
-0.0310078
-0.0319892
-0.0330871
-0.0341279
-0.0349257
-0.0353008
-0.035088
-0.0341533
-0.0324074
-0.0297999
-0.0263571
-0.0221067
-0.0172081
-0.0116989
-0.00589172
0.000293443
0.00632947
0.0125668
0.0181832
0.0238469
0.0285419
0.0328884
0.0362745
0.0384059
0.0396003
0.03894
0.0356595
0.0318076
0.0207894
0.0112814
-0.0514293
-0.0474564
-0.0437679
-0.0404307
-0.0375053
-0.0350422
-0.0330783
-0.0316324
-0.0307021
-0.0302594
-0.0302499
-0.0305896
-0.0311691
-0.0318532
-0.0324916
-0.0329224
-0.0329883
-0.032543
-0.0314667
-0.0296765
-0.0271231
-0.0238242
-0.0197973
-0.0151812
-0.0100013
-0.00454304
0.00127741
0.00696227
0.0128527
0.018153
0.0235197
0.0279408
0.0320632
0.0352018
0.0372184
0.0381935
0.0375632
0.0341925
0.0304953
0.0200074
0.01055
-0.0511048
-0.0474257
-0.0439846
-0.0408406
-0.0380474
-0.0356497
-0.0336805
-0.0321571
-0.0310782
-0.0304207
-0.030138
-0.0301584
-0.030388
-0.0307101
-0.0309951
-0.0311021
-0.030894
-0.0302415
-0.0290378
-0.0272068
-0.024701
-0.0215313
-0.0177075
-0.0133503
-0.00847535
-0.00334261
0.0021332
0.00748481
0.0130408
0.0180363
0.023112
0.0272647
0.0311675
0.0340606
0.0359677
0.0367322
0.0361331
0.0327018
0.0291437
0.0191813
0.00983837
-0.0506098
-0.0472071
-0.0440009
-0.0410434
-0.0383819
-0.0360561
-0.0340954
-0.0325157
-0.0313169
-0.0304797
-0.0299649
-0.0297113
-0.0296385
-0.0296463
-0.0296229
-0.0294463
-0.0289972
-0.0281617
-0.0268452
-0.0249781
-0.0225154
-0.0194629
-0.0158247
-0.0117053
-0.00711333
-0.00228431
0.00286586
0.00790152
0.0131354
0.0178379
0.0226288
0.0265203
0.0302078
0.0328599
0.0346624
0.0352269
0.0346582
0.0311986
0.0277629
0.0183172
0.00916321
-0.0499597
-0.0468171
-0.0438341
-0.0410563
-0.0385257
-0.0362772
-0.0343374
-0.0327205
-0.0314276
-0.0304427
-0.029733
-0.0292464
-0.0289145
-0.0286514
-0.0283611
-0.0279381
-0.0272789
-0.0262837
-0.0248689
-0.0229712
-0.020549
-0.0176039
-0.0141361
-0.0102359
-0.00590697
-0.00136159
0.00348092
0.0082173
0.0131415
0.0175629
0.0220757
0.0257141
0.0291909
0.0316089
0.033311
0.0336881
0.0331472
0.0296916
0.0263629
0.0174237
0.0085357
-0.04917
-0.0462721
-0.0435008
-0.0408963
-0.0384953
-0.036329
-0.0344207
-0.0327839
-0.0314199
-0.0303161
-0.0294451
-0.0287629
-0.0282112
-0.0277168
-0.0271975
-0.0265624
-0.0257219
-0.024589
-0.0230901
-0.0211683
-0.0187852
-0.0159397
-0.0126293
-0.0089318
-0.00484777
-0.000567521
0.00398439
0.00843744
0.0130643
0.0172168
0.0214588
0.0248534
0.0281239
0.0303168
0.0319221
0.0321256
0.0316087
0.0281863
0.0249544
0.0165102
0.00796017
-0.0482559
-0.0455881
-0.0430178
-0.04058
-0.0383072
-0.0362268
-0.0343596
-0.0327179
-0.0313037
-0.0301068
-0.0291048
-0.0282604
-0.0275245
-0.0268348
-0.0261211
-0.0253053
-0.0243105
-0.0230607
-0.0214916
-0.0195524
-0.0172083
-0.0144561
-0.0112919
-0.00778262
-0.00392702
0.000105123
0.00438265
0.00856762
0.0129096
0.0168053
0.0207842
0.0239452
0.027014
0.0289929
0.0305037
0.0305493
0.0300523
0.0266871
0.0235481
0.0155865
0.00743424
-0.0472326
-0.044781
-0.0424012
-0.0401239
-0.0379774
-0.0359858
-0.0341678
-0.0325346
-0.0310887
-0.0298219
-0.0287158
-0.0277395
-0.0268515
-0.025999
-0.0251224
-0.0241548
-0.0230303
-0.021683
-0.0200573
-0.0181077
-0.0158032
-0.0131395
-0.010112
-0.00677805
-0.00313589
0.000663825
0.00468243
0.00861383
0.0126835
0.0163344
0.0200587
0.0229969
0.0258686
0.0276461
0.029064
0.0289683
0.0284868
0.0251981
0.0221543
0.0146621
0.00695032
-0.0461147
-0.0438662
-0.041667
-0.0395438
-0.0375214
-0.035621
-0.0338592
-0.032246
-0.0307842
-0.0294682
-0.0282824
-0.0272011
-0.0261898
-0.0252038
-0.0241928
-0.0230997
-0.0218683
-0.0204419
-0.0187722
-0.0168193
-0.0145559
-0.0119769
-0.00907786
-0.00590786
-0.00246543
0.00111626
0.00489069
0.00858231
0.0123923
0.0158102
0.0192891
0.0220157
0.0246954
0.0262853
0.0276109
0.0273914
0.0269212
0.0237246
0.020782
0.0137459
0.00649821
-0.0449166
-0.0428587
-0.0408305
-0.0388553
-0.0369545
-0.0351468
-0.0334468
-0.0318638
-0.0304006
-0.0290531
-0.0278089
-0.0266468
-0.0255379
-0.0244448
-0.0233251
-0.0221303
-0.0208129
-0.019324
-0.0176224
-0.0156732
-0.0134528
-0.0109556
-0.00817798
-0.00516192
-0.0019067
0.00147025
0.00501461
0.00847957
0.0120427
0.0152392
0.0184823
0.0210089
0.0235019
0.0249188
0.0261522
0.0258274
0.0253642
0.0222732
0.0194387
0.0128458
0.00606802
-0.0436521
-0.0417731
-0.0399067
-0.0380732
-0.0362913
-0.0345771
-0.0329436
-0.0313994
-0.0299469
-0.0285838
-0.0273001
-0.0260784
-0.0248949
-0.0237181
-0.0225127
-0.0212379
-0.0198533
-0.0183175
-0.0165954
-0.0146566
-0.0124812
-0.0100637
-0.00740133
-0.00453027
-0.0014508
0.00173371
0.00506148
0.00831227
0.0116413
0.0146277
0.0176454
0.0199834
0.0222957
0.023555
0.0246954
0.0242847
0.0238239
0.0208512
0.0181305
0.0119682
0.0056525
-0.0423348
-0.0406233
-0.0389099
-0.037212
-0.0355457
-0.0339253
-0.0323618
-0.0308626
-0.0294322
-0.0280674
-0.0267608
-0.0254983
-0.0242602
-0.0230207
-0.0217503
-0.0204146
-0.0189801
-0.0174114
-0.0156791
-0.0137573
-0.0116291
-0.00928971
-0.00673725
-0.00400319
-0.00108887
0.00191459
0.00503866
0.00808721
0.011195
0.0139823
0.0167856
0.0189464
0.0210844
0.0222015
0.0232482
0.0227712
0.0223085
0.0194655
0.0168625
0.0111182
0.00524815
-0.0409774
-0.0394227
-0.0378537
-0.0362853
-0.0347315
-0.0332044
-0.031714
-0.0302663
-0.0288659
-0.027511
-0.0261958
-0.0249088
-0.0236341
-0.0223503
-0.021033
-0.0196537
-0.0181845
-0.0165958
-0.014863
-0.0129641
-0.0108853
-0.0086227
-0.00617544
-0.00357115
-0.000812231
0.00202083
0.00495352
0.00781128
0.0107106
0.0133096
0.0159096
0.0179045
0.0198753
0.0208656
0.021818
0.0212941
0.0208255
0.0181226
0.0156391
0.0102996
0.0048549
-0.0395924
-0.0381843
-0.0367514
-0.0353063
-0.0338613
-0.0324269
-0.031012
-0.0296196
-0.0282566
-0.0269216
-0.0256101
-0.0243128
-0.0230169
-0.0217049
-0.0203569
-0.0189493
-0.0174591
-0.0158616
-0.0141368
-0.0122664
-0.0102391
-0.00805234
-0.00570605
-0.00322492
-0.000612348
0.0020603
0.00481336
0.00749139
0.0101946
0.0126161
0.0150242
0.0168645
0.0186756
0.0195537
0.0204125
0.0198597
0.019382
0.0168276
0.0144641
0.00951516
0.00447486
-0.0381916
-0.0369203
-0.0356154
-0.0342875
-0.0329471
-0.0316039
-0.0302682
-0.0289322
-0.0276125
-0.026306
-0.0250086
-0.0237132
-0.0224095
-0.0210833
-0.0197185
-0.0182959
-0.0167968
-0.0152008
-0.0134917
-0.0116546
-0.00968087
-0.00756884
-0.00531965
-0.00295559
-0.000480903
0.00204079
0.00462542
0.00713442
0.00965382
0.0119084
0.0141362
0.0158327
0.0174923
0.018272
0.0190388
0.0184731
0.0179849
0.0155844
0.013341
0.00876697
0.00411094
-0.0367861
-0.0356424
-0.0344576
-0.0332409
-0.0320005
-0.0307438
-0.0294746
-0.0282108
-0.0269417
-0.0256708
-0.0243964
-0.0231131
-0.0218129
-0.0204846
-0.0191152
-0.0176892
-0.0161915
-0.0146059
-0.0129193
-0.0111198
-0.0092012
-0.007163
-0.00500729
-0.00275456
-0.000409822
0.00196989
0.00439682
0.00674718
0.00909466
0.0111927
0.0132517
0.0148151
0.016332
0.0170258
0.0177039
0.0171388
0.0166403
0.014396
0.0122731
0.00805675
0.00376574
-0.0353867
-0.0343617
-0.0332897
-0.0321781
-0.0310341
-0.0298641
-0.0286738
-0.0274703
-0.0262531
-0.0250228
-0.0237784
-0.0225158
-0.0212287
-0.0199084
-0.0185447
-0.0171252
-0.0156381
-0.0140703
-0.0124119
-0.0106538
-0.00879157
-0.00682613
-0.00476044
-0.0026136
-0.000391302
0.00185502
0.00413449
0.00633632
0.00852346
0.0104753
0.0123771
0.0138175
0.0152011
0.0158202
0.0164143
0.0158602
0.0153538
0.0132649
0.0112627
0.00738586
0.00344108
-0.0340036
-0.0330888
-0.0321222
-0.03111
-0.0300581
-0.0289721
-0.0278569
-0.026717
-0.025554
-0.0243685
-0.0231596
-0.0219245
-0.0206585
-0.0193547
-0.0180053
-0.0166006
-0.0151316
-0.0135881
-0.0119628
-0.0102489
-0.00844405
-0.00655013
-0.00457106
-0.00252486
-0.000417834
0.00170336
0.0038452
0.00590834
0.00794638
0.00976222
0.011518
0.0128455
0.0141053
0.0146596
0.0151759
0.0146404
0.01413
0.012193
0.0103117
0.00675534
0.00313796
-0.0326463
-0.0318336
-0.0309654
-0.0300466
-0.0290822
-0.0280768
-0.0270346
-0.0259588
-0.0248517
-0.0237138
-0.0225449
-0.0213427
-0.020104
-0.0188236
-0.0174956
-0.0161127
-0.014668
-0.0131541
-0.0115657
-0.0098984
-0.00815129
-0.00632744
-0.00443156
-0.00248088
-0.000482228
0.00152182
0.00353549
0.00546954
0.00736937
0.00905911
0.0106801
0.0119041
0.0130501
0.0135481
0.0139939
0.0134823
0.0129726
0.0111822
0.00942151
0.00616586
0.0028567
-0.0313241
-0.0306057
-0.0298289
-0.0289976
-0.028116
-0.0271876
-0.0262159
-0.0252038
-0.0241531
-0.0230648
-0.0219389
-0.0207738
-0.0195674
-0.0183158
-0.0170148
-0.0156591
-0.0142438
-0.0127636
-0.0112152
-0.00959595
-0.00790654
-0.00615103
-0.00433484
-0.00247461
-0.00057763
0.00131704
0.00321167
0.00502595
0.00679816
0.00837149
0.00986869
0.0109982
0.0120404
0.0124895
0.0128726
0.0123881
0.0118845
0.0102339
0.00859251
0.00561778
0.0025972
-0.0300456
-0.029414
-0.0287219
-0.0279722
-0.0271683
-0.0263131
-0.0254094
-0.0244595
-0.0234651
-0.0224274
-0.0213463
-0.0202213
-0.0190507
-0.017832
-0.0165624
-0.0152381
-0.013856
-0.0124125
-0.0109061
-0.00933588
-0.00770363
-0.00601438
-0.00427426
-0.00249938
-0.000697531
0.00109533
0.00287976
0.00458339
0.00623822
0.00770459
0.00908863
0.0101322
0.0110807
0.0114874
0.0118158
0.0113602
0.0108677
0.00934921
0.0078248
0.00511112
0.00235909
-0.0288191
-0.0282671
-0.027653
-0.0269791
-0.0262479
-0.0254619
-0.0246229
-0.0237332
-0.0227942
-0.021807
-0.0207719
-0.0196886
-0.0185563
-0.0173733
-0.0161381
-0.0148482
-0.0135019
-0.0120973
-0.0106342
-0.0091131
-0.00753691
-0.00591151
-0.00424363
-0.00254899
-0.00083578
0.000862711
0.00254556
0.00414739
0.00569479
0.00706337
0.00834463
0.00931058
0.010175
0.010545
0.0108266
0.0104004
0.00992384
0.00852911
0.00711801
0.00464562
0.00214187
-0.0276526
-0.0271732
-0.0266306
-0.0260266
-0.025363
-0.0246415
-0.023864
-0.023032
-0.0221468
-0.0212093
-0.0202201
-0.0191792
-0.0180865
-0.0169411
-0.0157422
-0.0144885
-0.0131797
-0.011815
-0.0103956
-0.00892302
-0.00740128
-0.00583693
-0.00423724
-0.00261759
-0.000986584
0.000624869
0.00221453
0.00372325
0.00517286
0.00645256
0.00764106
0.00853715
0.00932686
0.00966528
0.00990783
0.00951258
0.00905383
0.00777419
0.00647153
0.00422079
0.00194491
-0.0265538
-0.0261402
-0.0256628
-0.0251229
-0.0245216
-0.0238602
-0.0231402
-0.0223627
-0.0215289
-0.0206396
-0.0196955
-0.0186969
-0.017644
-0.0165367
-0.0153749
-0.0141584
-0.0128876
-0.0115631
-0.0101868
-0.00876159
-0.00729213
-0.00578561
-0.00424981
-0.00269979
-0.00114451
0.000387179
0.00189191
0.00331599
0.00467718
0.00587664
0.00698205
0.00781573
0.00853969
0.00885106
0.0090612
0.00869455
0.00825796
0.00708477
0.00588457
0.003836
0.00176758
-0.0255302
-0.0251757
-0.0247573
-0.0242755
-0.0237312
-0.0231252
-0.0224584
-0.0217319
-0.0209466
-0.0201032
-0.0192025
-0.0182451
-0.0172314
-0.0161619
-0.015037
-0.0138574
-0.0126244
-0.0113393
-0.010005
-0.00862525
-0.00720534
-0.00575301
-0.00427649
-0.00279054
-0.00130447
0.000154701
0.00158262
0.00293039
0.0042123
0.00533991
0.00637151
0.00714989
0.00781652
0.00810487
0.00828862
0.0079497
0.00753671
0.00646105
0.0053563
0.00349054
0.00160923
-0.0245891
-0.0242873
-0.0239216
-0.0234921
-0.0229993
-0.0224435
-0.0218256
-0.0211461
-0.0204058
-0.0196054
-0.0187458
-0.0178275
-0.0168515
-0.0158185
-0.0147295
-0.0135858
-0.0123892
-0.011142
-0.00984779
-0.00851087
-0.00713724
-0.00573504
-0.00431286
-0.00288523
-0.00146173
-6.78022e-05
0.00129137
0.00257102
0.00378253
0.00484647
0.00581318
0.00654309
0.00716025
0.00742929
0.00759192
0.00727926
0.00689035
0.00590312
0.00488589
0.00318369
0.00146921
-0.0237378
-0.0234824
-0.0231633
-0.0227801
-0.0223331
-0.0218223
-0.0212483
-0.0206113
-0.0199121
-0.0191513
-0.0183297
-0.017448
-0.0165073
-0.0155086
-0.0144536
-0.0133437
-0.0121816
-0.01097
-0.00971307
-0.00841579
-0.0070846
-0.00572801
-0.00435489
-0.00297957
-0.00161186
-0.000275848
0.00102259
0.00224225
0.00339207
0.00440032
0.0053107
0.00599865
0.00657367
0.00682685
0.00697293
0.00668455
0.00631918
0.00541107
0.00447265
0.00291484
0.00134695
-0.0229838
-0.0227684
-0.0224896
-0.0221468
-0.0217398
-0.0212686
-0.0207332
-0.020134
-0.0194715
-0.0187461
-0.0179587
-0.0171102
-0.0162017
-0.0152346
-0.0142106
-0.0131319
-0.0120013
-0.0108223
-0.00959927
-0.00833777
-0.00704464
-0.00572866
-0.00439895
-0.00306964
-0.00175076
-0.000465213
0.000780527
0.00194829
0.00304498
0.00400538
0.00486769
0.00551998
0.00605963
0.00629992
0.00643331
0.00616716
0.00582387
0.00498519
0.00411608
0.00268351
0.00124196
-0.0223344
-0.0221529
-0.0219081
-0.0215995
-0.0212266
-0.0207891
-0.020287
-0.0197203
-0.0190895
-0.018395
-0.0176375
-0.0168181
-0.015938
-0.0149988
-0.0140024
-0.0129513
-0.0118487
-0.0106983
-0.00950516
-0.00827498
-0.00701497
-0.00573411
-0.00444176
-0.00315186
-0.00187459
-0.000631911
0.000569252
0.00169323
0.00274528
0.00366558
0.00448783
0.00511052
0.00562115
0.00585128
0.00597511
0.00572873
0.00540519
0.00462601
0.00381597
0.00248944
0.00115386
-0.0217976
-0.0216435
-0.0214265
-0.0211458
-0.0208008
-0.020391
-0.0199162
-0.0193764
-0.0187719
-0.0181031
-0.0173707
-0.0165758
-0.0157196
-0.0148039
-0.0138309
-0.0128031
-0.0117242
-0.010598
-0.00942992
-0.00822597
-0.00699358
-0.00574189
-0.00448042
-0.00322295
-0.00197981
-0.000772158
0.000392686
0.00148109
0.00249698
0.00338489
0.00417491
0.00477394
0.00526155
0.00548405
0.00560077
0.00537119
0.00506437
0.00433443
0.00357257
0.00233269
0.00108233
-0.0213814
-0.0212482
-0.0210524
-0.0207932
-0.0204696
-0.0200812
-0.0196276
-0.0191087
-0.0185246
-0.0178759
-0.0171631
-0.0163873
-0.01555
-0.0146528
-0.0136982
-0.0126889
-0.0116286
-0.0105215
-0.00937312
-0.00818972
-0.00697888
-0.00574989
-0.00451235
-0.00327995
-0.0020631
-0.000882361
0.000254647
0.00131586
0.00230416
0.00316744
0.00393301
0.00451423
0.00498453
0.0052016
0.00531323
0.00509711
0.00480334
0.00411192
0.00338663
0.00221391
0.00102703
-0.0210944
-0.0209755
-0.0207943
-0.0205497
-0.0202408
-0.0198671
-0.019428
-0.0189235
-0.0183536
-0.0177187
-0.0170195
-0.0162571
-0.0154329
-0.0145486
-0.0136068
-0.0126104
-0.0115631
-0.0104694
-0.00933469
-0.00816557
-0.00696968
-0.00575637
-0.00453534
-0.00332018
-0.00212138
-0.000959078
0.000158892
0.00120155
0.00217104
0.00301761
0.00376653
0.00433584
0.0047943
0.00500815
0.0051161
0.00490997
0.00462451
0.003961
0.00325894
0.00213491
0.000987347
-0.0209459
-0.0208344
-0.0206607
-0.0204236
-0.0201223
-0.0197561
-0.0193246
-0.0188275
-0.0182649
-0.0176372
-0.0169451
-0.0161896
-0.0153722
-0.0144947
-0.0135596
-0.0125699
-0.0115294
-0.0104426
-0.00931504
-0.00815334
-0.00696519
-0.00576001
-0.00454752
-0.00334126
-0.0021518
-0.000998948
0.00010914
0.00114241
0.002102
0.00294037
0.0036802
0.00424424
0.00469554
0.00490943
0.00501328
0.00481553
0.00453038
0.00388628
0.00319009
0.00209838
0.00096311
-0.0133253
-0.0128913
-0.0123599
-0.0117295
-0.0109987
-0.010167
-0.00923469
-0.00820293
-0.00707391
-0.00585086
-0.00453826
-0.0031418
-0.00166867
-0.000127337
0.00147192
0.00311758
0.00479593
0.00649219
0.00818898
0.00986842
0.0115096
0.0130914
0.0145895
0.0159803
0.0172373
0.0183351
0.0192478
0.0199486
0.0204168
0.0206246
0.0205633
0.020203
0.0195569
0.0185883
0.0173438
0.0157718
0.0139619
0.0118389
0.00953746
0.00696017
0.00427177
0.0013825
-0.0135533
-0.0131097
-0.0125679
-0.0119259
-0.0111827
-0.0103375
-0.00939081
-0.00834373
-0.00719851
-0.00595845
-0.00462811
-0.00321325
-0.00172119
-0.000160506
0.00145837
0.00312375
0.00482176
0.00653749
0.00825327
0.00995094
0.0116093
0.0132074
0.0147203
0.0161242
0.0173924
0.0184995
0.0194189
0.0201242
0.0205941
0.0208009
0.0207361
0.0203692
0.0197149
0.0187345
0.0174779
0.0158899
0.0140658
0.0119234
0.00960752
0.00700722
0.00430404
0.00138908
-0.0139958
-0.0135337
-0.0129715
-0.0123072
-0.0115397
-0.0106684
-0.0096937
-0.00861685
-0.00744016
-0.00616704
-0.0048022
-0.0033516
-0.00182274
-0.000224464
0.00143252
0.00313624
0.00487242
0.00662583
0.00837844
0.0101116
0.0118036
0.013433
0.0149745
0.016404
0.017694
0.0188187
0.0197514
0.020465
0.0209382
0.021143
0.0210712
0.0206917
0.0200205
0.0190179
0.0177367
0.0161189
0.0142653
0.0120878
0.00973983
0.00710048
0.00436344
0.00140508
-0.0146418
-0.0141526
-0.0135605
-0.0128636
-0.0120606
-0.0111511
-0.0101354
-0.00901503
-0.0077923
-0.00647083
-0.00505556
-0.00355269
-0.00197006
-0.00031683
0.00139585
0.00315556
0.00494753
0.00675596
0.00856217
0.0103471
0.0120883
0.0137635
0.0153466
0.0168131
0.0181347
0.0192851
0.0202368
0.0209624
0.0214402
0.0216417
0.0215592
0.0211609
0.0204647
0.0194294
0.0181118
0.0164506
0.0145534
0.0123254
0.00993022
0.00723548
0.00444811
0.00142932
-0.0154824
-0.0149579
-0.0143268
-0.0135872
-0.012738
-0.0117786
-0.0107095
-0.00953228
-0.00824949
-0.00686496
-0.00538392
-0.0038129
-0.00216015
-0.00043532
0.00134992
0.00318257
0.00504717
0.00692724
0.00880329
0.0106555
0.0124604
0.0141949
0.0158322
0.0173466
0.0187092
0.0198926
0.0208688
0.0216095
0.0220928
0.0222893
0.0221924
0.0217689
0.0210395
0.019961
0.0185955
0.0168774
0.0149232
0.0126299
0.0101737
0.00740804
0.00455605
0.00146057
-0.0165107
-0.0159428
-0.0152638
-0.014472
-0.0135659
-0.0125452
-0.0114106
-0.0101637
-0.00880718
-0.00734529
-0.00578358
-0.00412899
-0.0023903
-0.000577714
0.00129641
0.00321837
0.00517185
0.00713954
0.00910099
0.0110353
0.012918
0.014725
0.0164282
0.018001
0.0194132
0.0206366
0.0216422
0.0224005
0.0228898
0.0230794
0.0229638
0.0225085
0.0217375
0.0206051
0.01918
0.0173919
0.0153678
0.0129951
0.0104649
0.00761406
0.0046848
0.00149775
-0.0177211
-0.0171019
-0.0163665
-0.0155127
-0.0145395
-0.0134465
-0.0122344
-0.0109051
-0.00946157
-0.00790832
-0.00625134
-0.00449812
-0.00265801
-0.000741905
0.00123703
0.00326423
0.00532241
0.00739324
0.00945509
0.011486
0.0134601
0.0153521
0.0171325
0.0187735
0.0202436
0.0215133
0.0225526
0.023331
0.0238261
0.0240064
0.0238674
0.0233733
0.0225517
0.0213546
0.0198581
0.0179867
0.0158801
0.0134142
0.0107982
0.00784922
0.00483173
0.00153979
-0.0191097
-0.0184314
-0.0176308
-0.0167058
-0.0156553
-0.0144789
-0.0131776
-0.0117533
-0.0102096
-0.00855112
-0.0067845
-0.00491778
-0.00296103
-0.000925922
0.00117344
0.00332152
0.00549985
0.00768897
0.00986588
0.0120074
0.014086
0.016075
0.0179435
0.0196622
0.021198
0.02252
0.0235969
0.0243969
0.0248975
0.0250654
0.0248979
0.0243572
0.0234757
0.0222024
0.0206225
0.0186543
0.0164526
0.0138805
0.0111679
0.00810888
0.00499396
0.00158558
-0.0206734
-0.0199282
-0.0190539
-0.0180483
-0.0169103
-0.0156396
-0.0142373
-0.0127058
-0.0110487
-0.0092713
-0.00738078
-0.00538584
-0.00329737
-0.00112795
0.00110726
0.00339159
0.00570529
0.00802756
0.0103339
0.0125995
0.0147954
0.0168934
0.0188604
0.0206657
0.0222745
0.0236542
0.0247723
0.0255952
0.0261001
0.0262522
0.0260503
0.0254547
0.0245032
0.0231415
0.0214657
0.019387
0.0170777
0.0143865
0.0115676
0.008388
0.00516843
0.00163389
-0.0224103
-0.0215905
-0.020634
-0.0195384
-0.0183027
-0.0169268
-0.0154118
-0.0137605
-0.011977
-0.010067
-0.00803832
-0.00590049
-0.0036653
-0.00134635
0.00103999
0.0034758
0.00593988
0.00840998
0.0108598
0.013263
0.0155886
0.0178068
0.0198825
0.0217831
0.0234718
0.0249143
0.0260765
0.0269231
0.0274307
0.0275627
0.0273199
0.0266604
0.025628
0.024165
0.0223799
0.0201765
0.0177471
0.0149245
0.0119905
0.00868111
0.00535176
0.00168338
-0.0243193
-0.0234173
-0.0223699
-0.0211749
-0.0198313
-0.0183391
-0.0166998
-0.0149162
-0.0129931
-0.0109367
-0.00875564
-0.00646023
-0.00406334
-0.0015797
0.000972989
0.00357542
0.00620473
0.00883709
0.0114443
0.0139982
0.0164658
0.0188153
0.0210094
0.0230135
0.0247887
0.0262987
0.0275076
0.028378
0.0288862
0.0289932
0.0287023
0.0279689
0.0268439
0.0252656
0.0233571
0.0210141
0.0184522
0.0154858
0.012429
0.00898217
0.00554022
0.00173254
-0.0264003
-0.0254081
-0.0242612
-0.0229574
-0.0214957
-0.0198761
-0.0181005
-0.0161721
-0.014096
-0.0118795
-0.00953166
-0.00706393
-0.00449031
-0.00182679
0.00090745
0.00369155
0.00650088
0.00930976
0.0120881
0.0148058
0.0174273
0.0199188
0.0222408
0.0243564
0.0262243
0.027806
0.0290637
0.0299577
0.0304636
0.0305402
0.030193
0.0293747
0.0281443
0.0264357
0.0243888
0.0218904
0.0191831
0.0160609
0.0128747
0.00928444
0.0057297
0.00177971
-0.0286538
-0.0275634
-0.0263083
-0.0248861
-0.0232958
-0.0215377
-0.0196137
-0.0175278
-0.0152855
-0.0128947
-0.0103657
-0.00771076
-0.00494529
-0.00208666
0.000844337
0.00382514
0.00682917
0.00982885
0.0127918
0.0156859
0.0184732
0.0211173
0.0235762
0.025811
0.0277775
0.0294348
0.030743
0.0316597
0.0321601
0.0321999
0.0317875
0.0308723
0.0295224
0.0276674
0.0254657
0.0227951
0.0199293
0.0166395
0.0133183
0.00958049
0.00591562
0.00182303
-0.0310807
-0.0298843
-0.0285122
-0.0269619
-0.0252324
-0.0233243
-0.02124
-0.0189835
-0.0165614
-0.0139822
-0.0112573
-0.00840023
-0.00542769
-0.00235864
0.00078436
0.00397689
0.00719028
0.0103949
0.0135559
0.0166389
0.0196032
0.0224103
0.0250152
0.0273764
0.0294471
0.0311835
0.0325434
0.0334816
0.0339725
0.0339685
0.033481
0.0324558
0.0309711
0.0289517
0.0265778
0.0237171
0.0206787
0.0172097
0.0137498
0.00986221
0.00609288
0.00186042
-0.0336829
-0.0323724
-0.0308743
-0.0291861
-0.0273068
-0.0252372
-0.0229799
-0.0205399
-0.0179241
-0.0151422
-0.0122066
-0.00913219
-0.00593722
-0.00264234
0.000727951
0.00414724
0.0075846
0.0110081
0.0143804
0.0176645
0.0208173
0.0237974
0.0265569
0.0290515
0.0312315
0.0330501
0.0344627
0.0354207
0.0358975
0.0358418
0.0352684
0.0341189
0.0324827
0.0302795
0.0277138
0.0246439
0.0214183
0.0177589
0.0141579
0.0101204
0.00625581
0.0018896
-0.0364626
-0.0350299
-0.0333967
-0.0315606
-0.0295206
-0.0272777
-0.024835
-0.022198
-0.0193746
-0.0163753
-0.013214
-0.00990685
-0.00647393
-0.00293771
0.000675227
0.00433629
0.00801213
0.0116684
0.015265
0.0187625
0.0221146
0.0252774
0.0281998
0.0308346
0.0331288
0.0350325
0.0364982
0.0374736
0.0379313
0.0378155
0.0371443
0.0358546
0.0340486
0.0316403
0.0288618
0.0255615
0.0221337
0.0182725
0.0145295
0.0103447
0.00639811
0.001908
-0.0394225
-0.0378594
-0.036082
-0.0340879
-0.0318761
-0.0294479
-0.026807
-0.0239594
-0.020914
-0.0176826
-0.0142802
-0.0107248
-0.00703823
-0.00324503
0.000625955
0.0045438
0.00847256
0.0123753
0.0162092
0.0199319
0.0234942
0.026849
0.0299423
0.0327235
0.0351365
0.0371276
0.0386466
0.0396368
0.0400696
0.0398843
0.0391026
0.0376557
0.0356597
0.0330229
0.0300084
0.0264548
0.0228085
0.0187343
0.0148502
0.0105237
0.00651279
0.00191282
-0.0425658
-0.0408641
-0.0389333
-0.0367708
-0.034376
-0.0317504
-0.0288981
-0.025826
-0.0225441
-0.0190653
-0.0154063
-0.0115869
-0.00763084
-0.00356494
0.000579531
0.00476914
0.00896517
0.013128
0.0172117
0.0211712
0.0249541
0.0285101
0.0317818
0.0347156
0.0372514
0.0393321
0.040904
0.0419058
0.0423076
0.0420426
0.0411364
0.0395138
0.0373058
0.0344148
0.0311388
0.0273068
0.0234245
0.0191261
0.0151042
0.0106447
0.00659212
0.00190095
-0.0458964
-0.0440476
-0.041954
-0.0396128
-0.0370235
-0.034188
-0.031111
-0.0278002
-0.0242669
-0.0205253
-0.0165939
-0.0124944
-0.00825291
-0.00389847
0.00053497
0.00501126
0.00948878
0.013925
0.0182709
0.0224784
0.0264914
0.0302577
0.0337153
0.0368071
0.0394697
0.0416416
0.0432658
0.0442756
0.0446395
0.0442839
0.0432383
0.0414198
0.0389758
0.0358022
0.0322362
0.0280985
0.0239616
0.019428
0.0152736
0.0106937
0.00662761
0.00186899
-0.0494182
-0.0474141
-0.0451482
-0.0426177
-0.0398222
-0.0367641
-0.0334487
-0.0298848
-0.0260848
-0.0220647
-0.0178449
-0.0134491
-0.00890591
-0.004247
0.000490869
0.00526867
0.0100417
0.0147645
0.0193847
0.023851
0.0281043
0.0320886
0.0357387
0.0389938
0.0417864
0.0440508
0.0457262
0.04674
0.0470587
0.0466009
0.0453997
0.0433634
0.0406571
0.0371697
0.0332823
0.0288086
0.0243969
0.0196177
0.015339
0.0106553
0.00660991
0.00181326
-0.053136
-0.0509681
-0.0485203
-0.0457898
-0.0427763
-0.0394826
-0.0359149
-0.032083
-0.0280008
-0.0236862
-0.0191615
-0.0144529
-0.00959171
-0.00461235
0.000445394
0.00553942
0.0106218
0.0156439
0.02055
0.0252857
0.0297884
0.0339985
0.0378473
0.0412702
0.0441958
0.0465535
0.0482785
0.0492919
0.0495575
0.048985
0.0476109
0.0453333
0.0423361
0.0385004
0.0342565
0.0294132
0.0247046
0.0196698
0.0152783
0.0105124
0.00652884
0.00172975
-0.0570547
-0.0547147
-0.0520754
-0.049134
-0.0458903
-0.0423477
-0.0385134
-0.0343983
-0.0300181
-0.0253925
-0.0205463
-0.0155083
-0.0103126
-0.00499672
0.000396276
0.00582105
0.0112263
0.0165601
0.0217633
0.0267783
0.0315389
0.035982
0.0400353
0.0436301
0.0466911
0.0491423
0.0509151
0.0519229
0.052127
0.0514266
0.0498612
0.0473168
0.0439971
0.0397754
0.0351359
0.0298858
0.0248562
0.019556
0.0150669
0.0102463
0.00637333
0.00161416
-0.0611799
-0.0586593
-0.0558188
-0.0526554
-0.0491693
-0.0453643
-0.0412487
-0.0368349
-0.0321403
-0.027187
-0.0220023
-0.0166179
-0.0110711
-0.00540271
0.000340805
0.00611062
0.011852
0.0175094
0.0230205
0.0283239
0.0333503
0.0380329
0.0422958
0.0460658
0.049264
0.0518086
0.0536266
0.0546235
0.0547569
0.0539146
0.052138
0.0492995
0.045623
0.0409732
0.0358946
0.0301966
0.0248199
0.0192451
0.0146781
0.00983651
0.0061314
0.00146193
-0.0655173
-0.0628079
-0.0597566
-0.05636
-0.0526188
-0.0485376
-0.0441257
-0.0393971
-0.0343715
-0.0290734
-0.0235328
-0.0177849
-0.0118703
-0.00583334
0.00027583
0.0064047
0.0124949
0.0184874
0.0243163
0.0299169
0.0352164
0.0401441
0.0446209
0.048569
0.0519055
0.0545425
0.0564027
0.0573825
0.0574357
0.0564364
0.0544277
0.0512654
0.0471945
0.0420702
0.0365035
0.0303115
0.0245593
0.0187028
0.0140825
0.00926087
0.00579016
0.00126822
-0.0700735
-0.0671671
-0.063895
-0.0602539
-0.0562448
-0.0518731
-0.0471495
-0.0420899
-0.0367161
-0.0310555
-0.0251416
-0.0190128
-0.0127135
-0.00629198
0.000197761
0.00669937
0.0131508
0.0194891
0.0256453
0.0315509
0.0371297
0.0423076
0.0470017
0.0511297
0.0546049
0.0573327
0.0592314
0.0601873
0.0601499
0.0589778
0.0567143
0.0531964
0.0486898
0.0430399
0.03693
0.0301927
0.0240344
0.0178905
0.0132475
0.0084953
0.00533586
0.00102798
-0.0748553
-0.0717437
-0.068241
-0.064344
-0.0600539
-0.0553771
-0.0503259
-0.0449182
-0.0391787
-0.0331378
-0.0268326
-0.0203053
-0.0136044
-0.00678241
0.000102582
0.00699018
0.0138145
0.0205089
0.0270009
0.0332184
0.0390822
0.0445141
0.0494281
0.053737
0.0573504
0.0601663
0.0620992
0.0630235
0.0628845
0.0615226
0.0589803
0.0550726
0.0500849
0.0438526
0.0371378
0.0297983
0.0231999
0.0167651
0.0121373
0.00751386
0.00475383
0.000735982
-0.0798701
-0.0765452
-0.0728022
-0.0686375
-0.064053
-0.0590562
-0.053661
-0.0478879
-0.0417645
-0.0353249
-0.02861
-0.0216664
-0.014547
-0.00730876
-1.41299e-05
0.00727224
0.0144805
0.0215404
0.0283759
0.0349114
0.0410647
0.0467535
0.0518891
0.0563786
0.0601288
0.0630293
0.064991
0.0658751
0.0656225
0.0640528
0.0612061
0.0568717
0.0513535
0.044476
0.0370868
0.0290814
0.0220057
0.0152795
0.0107133
0.00628893
0.00402863
0.000386936
-0.0851257
-0.0815798
-0.0775865
-0.0731423
-0.0682496
-0.0629173
-0.0571613
-0.0510048
-0.044479
-0.0376217
-0.0304784
-0.0231005
-0.0155456
-0.00787547
-0.000157184
0.0075402
0.0151429
0.0225768
0.0297626
0.036621
0.0430673
0.0490148
0.0543724
0.0590412
0.0629257
0.0659059
0.0678902
0.0687242
0.0683454
0.0665482
0.0633705
0.0585699
0.0524676
0.0448756
0.0367333
0.0279914
0.0203978
0.0133829
0.00893388
0.00479126
0.00314413
-2.44389e-05
-0.0906305
-0.0868559
-0.0826025
-0.0778668
-0.0726519
-0.066968
-0.0608337
-0.0542753
-0.0473277
-0.0400334
-0.0324427
-0.0246122
-0.0166047
-0.00848731
-0.000331744
0.00778829
0.0157951
0.0236105
0.0311523
0.0383376
0.0450791
0.0512858
0.0568647
0.0617103
0.0657253
0.068779
0.0707784
0.071551
0.0710325
0.0689874
0.065451
0.0601428
0.0533992
0.0450168
0.0360335
0.0264749
0.0183179
0.011022
0.00675518
0.00299051
0.00208366
-0.000503262
-0.0963937
-0.0923829
-0.0878596
-0.08282
-0.0772683
-0.0712165
-0.0646857
-0.057706
-0.0503167
-0.0425654
-0.0345078
-0.0262062
-0.0177292
-0.00914929
-0.000543296
0.00801033
0.01643
0.0246335
0.032536
0.0400507
0.0470885
0.0535538
0.0593519
0.0643702
0.0685106
0.07163
0.0736358
0.0743343
0.0736619
0.0713473
0.0674251
0.0615675
0.0541234
0.0448686
0.0349465
0.0244807
0.0157079
0.00814597
0.00413237
0.000855846
0.000830309
-0.00105432
-0.102425
-0.0981707
-0.0933674
-0.0880116
-0.082108
-0.075671
-0.0687249
-0.0613039
-0.0534523
-0.0452234
-0.0366789
-0.0278876
-0.018924
-0.00986666
-0.00079761
0.00819981
0.0170401
0.0256373
0.0339038
0.0417494
0.0490833
0.0558049
0.061819
0.0670043
0.0712636
0.0744392
0.076441
0.0770511
0.0762102
0.0736051
0.0692723
0.0628252
0.0546229
0.0444099
0.0334411
0.0219653
0.0125142
0.00470392
0.0010206
-0.00164305
-0.000632601
-0.00168185
-0.108734
-0.10423
-0.0991367
-0.0934516
-0.0871807
-0.0803407
-0.0729596
-0.0650764
-0.056741
-0.0480131
-0.0389614
-0.0296613
-0.0201943
-0.0106448
-0.00110069
0.0083499
0.0176177
0.0266128
0.0352457
0.0434222
0.0510506
0.0580248
0.06425
0.0695951
0.0739651
0.0771854
0.0791715
0.0796773
0.0786536
0.0757385
0.0709754
0.0639054
0.0548937
0.0436369
0.0315059
0.0189026
0.00869515
0.000633326
-0.00262166
-0.00453422
-0.00232089
-0.00238931
-0.115333
-0.110571
-0.105179
-0.0991511
-0.0924967
-0.0852351
-0.0773983
-0.0690309
-0.0601893
-0.0509405
-0.0413606
-0.0315326
-0.0215451
-0.0114894
-0.00145872
0.00845356
0.0181546
0.0275508
0.0365508
0.0450568
0.0529768
0.0601986
0.0666285
0.0721246
0.0765952
0.0798467
0.0818033
0.0821878
0.0809676
0.0777271
0.0725222
0.0648071
0.0549488
0.0425696
0.0291584
0.0152945
0.00423273
-0.00408682
-0.00682709
-0.00784133
-0.00424866
-0.00317906
-0.122233
-0.117208
-0.111505
-0.105122
-0.098067
-0.090364
-0.0820498
-0.0731753
-0.0638043
-0.0540117
-0.043882
-0.0335067
-0.0229819
-0.012406
-0.00187802
0.00850352
0.0186424
0.0284416
0.0378083
0.046641
0.054848
0.0623108
0.0689374
0.0745737
0.079133
0.0824003
0.0843114
0.0845568
0.0831276
0.0795516
0.073904
0.0655379
0.0548167
0.0412531
0.0264505
0.011179
-0.000859539
-0.00946485
-0.0116155
-0.0115811
-0.00642718
-0.00405214
-0.124152
-0.118129
-0.111376
-0.103903
-0.0957379
-0.0869235
-0.0775178
-0.0675928
-0.0572326
-0.0465312
-0.0355887
-0.0245098
-0.0134002
-0.00236498
0.00849242
0.0190726
0.0292752
0.0390066
0.0481619
0.05665
0.0643457
0.0711592
0.0769234
0.0815571
0.0848224
0.0866695
0.0867571
0.0851072
0.0811913
0.0751107
0.0661055
0.0545316
0.0397486
0.0234636
0.00663194
-0.00653061
-0.0154813
-0.0169887
-0.0157606
-0.00886372
-0.00500802
-0.131418
-0.125065
-0.117926
-0.110017
-0.101368
-0.0920291
-0.0820665
-0.0715619
-0.0606095
-0.0493134
-0.0377837
-0.026134
-0.0144778
-0.002926
0.00841282
0.0194365
0.0300417
0.0401345
0.0496066
0.0583683
0.0662878
0.0732761
0.0791539
0.0838454
0.0870882
0.0888498
0.088759
0.086876
0.0826191
0.0761221
0.0665053
0.0541161
0.0381143
0.0202925
0.001758
-0.0126927
-0.0220857
-0.0229274
-0.0203752
-0.0115604
-0.00604442
-0.139021
-0.132326
-0.124788
-0.116422
-0.107266
-0.0973764
-0.0868301
-0.0757189
-0.0641483
-0.052234
-0.0400968
-0.0278596
-0.0156442
-0.00356742
0.0082573
0.0197254
0.0307309
0.0411802
0.0509621
0.0599881
0.0681194
0.0752698
0.0812454
0.0859751
0.0891719
0.0908219
0.0905287
0.0883958
0.0837954
0.0768996
0.0667079
0.0535632
0.036383
0.0170202
-0.00332881
-0.0192323
-0.0291996
-0.0293901
-0.0254069
-0.0145131
-0.00715723
-0.146976
-0.13993
-0.131974
-0.123131
-0.113443
-0.102976
-0.0918172
-0.0800708
-0.0678551
-0.0552982
-0.0425326
-0.0296915
-0.0169048
-0.00429546
0.00801853
0.0199306
0.0313328
0.0421322
0.0522152
0.0614947
0.0698251
0.0771223
0.0831778
0.0879226
0.0910452
0.0925517
0.0920262
0.0896189
0.0846649
0.0773823
0.0666547
0.0528287
0.0345466
0.0136953
-0.00852902
-0.0260269
-0.036724
-0.0363144
-0.0308244
-0.0177113
-0.00834061
-0.155301
-0.147892
-0.139503
-0.130159
-0.119912
-0.108839
-0.0970366
-0.0846248
-0.0717356
-0.0585109
-0.0450959
-0.0316343
-0.0182647
-0.00511618
0.00768931
0.0200436
0.0318373
0.0429789
0.053353
0.0628735
0.0713887
0.0788159
0.0849303
0.0896624
0.0926773
0.094001
0.0932047
0.0904875
0.0851596
0.0774935
0.0662662
0.0518393
0.032558
0.0103225
-0.013776
-0.0329644
-0.0445512
-0.0436225
-0.0365843
-0.0211373
-0.00958715
-0.164015
-0.15623
-0.147389
-0.137521
-0.126687
-0.114975
-0.102497
-0.0893881
-0.0757956
-0.061877
-0.0477909
-0.0336924
-0.019729
-0.00603539
0.00726264
0.0200559
0.0322347
0.043709
0.0543625
0.06411
0.0727945
0.0803322
0.0864814
0.0911675
0.094034
0.0951271
0.0940121
0.0909398
0.0852084
0.0771558
0.0654619
0.0505138
0.0303488
0.00686958
-0.0190412
-0.0399559
-0.0525746
-0.0512268
-0.0426335
-0.0247676
-0.0108881
-0.173137
-0.164965
-0.155652
-0.145234
-0.133782
-0.121397
-0.108208
-0.0943677
-0.0800406
-0.0654007
-0.0506215
-0.0358699
-0.0213021
-0.00705858
0.00673182
0.0199595
0.0325154
0.0443114
0.055231
0.0651899
0.0740264
0.0816528
0.0878079
0.092408
0.0950783
0.095885
0.0943961
0.090919
0.084752
0.0763094
0.0641806
0.0487865
0.0278535
0.00328706
-0.0243262
-0.0469417
-0.0606974
-0.0590368
-0.0489122
-0.0285732
-0.0122338
-0.182689
-0.174116
-0.16431
-0.153314
-0.14121
-0.128116
-0.114179
-0.0995704
-0.0844756
-0.0690862
-0.0535914
-0.0381703
-0.0229882
-0.00819093
0.00609044
0.0197466
0.03267
0.0447752
0.055946
0.0660992
0.0750685
0.0827584
0.0888849
0.0933523
0.0957711
0.0962304
0.0943116
0.0903846
0.0837569
0.0749265
0.0623953
0.0466233
0.0250291
-0.000470535
-0.0296475
-0.0538857
-0.0688416
-0.0669647
-0.0553571
-0.0325211
-0.0136138
-0.192692
-0.183706
-0.173383
-0.161778
-0.148986
-0.135144
-0.120418
-0.105003
-0.0891056
-0.0729372
-0.0567036
-0.040597
-0.0247913
-0.0094372
0.00533249
0.0194098
0.0326896
0.0450897
0.0564954
0.0668242
0.0759049
0.0836286
0.0896859
0.093967
0.096074
0.0961259
0.0937286
0.0893211
0.0822221
0.0730158
0.0601161
0.0440257
0.0218633
-0.00443004
-0.0350213
-0.0607675
-0.0769425
-0.0749285
-0.0619039
-0.0365758
-0.0150174
-0.203171
-0.193755
-0.182892
-0.170645
-0.157126
-0.142492
-0.126935
-0.110672
-0.093935
-0.0769568
-0.0599609
-0.0431526
-0.0267145
-0.0108017
0.00445236
0.0189419
0.0325656
0.0452448
0.0568673
0.0673517
0.0765192
0.0842419
0.0901826
0.0942186
0.0959528
0.0955452
0.0926377
0.0877406
0.0801785
0.0706183
0.0573843
0.0410252
0.0183731
-0.00859427
-0.0404532
-0.0675724
-0.084947
-0.0828538
-0.0684899
-0.0407002
-0.016434
-0.214149
-0.204288
-0.192857
-0.179933
-0.165644
-0.150173
-0.133737
-0.116583
-0.0989677
-0.0811477
-0.0633653
-0.0458394
-0.0287608
-0.0122884
0.00344494
0.0183365
0.0322899
0.0452308
0.0570505
0.0676684
0.0768945
0.0845757
0.0903466
0.0940758
0.095381
0.094478
0.0910518
0.0856804
0.0776814
0.0677969
0.054261
0.037674
0.0145974
-0.0129441
-0.0459344
-0.0742841
-0.0928099
-0.0906741
-0.0750552
-0.0448568
-0.0178529
-0.225649
-0.215328
-0.203301
-0.18966
-0.174556
-0.158198
-0.140834
-0.122741
-0.104207
-0.085512
-0.0669185
-0.048659
-0.0309325
-0.0139005
0.00230559
0.0175876
0.0318548
0.0450382
0.0570341
0.0677611
0.0770131
0.0846064
0.0901495
0.0935115
0.0943428
0.0929307
0.0890032
0.0831952
0.0747997
0.0646245
0.050817
0.0340346
0.0105883
-0.017444
-0.0514418
-0.0808814
-0.100491
-0.0983308
-0.0815444
-0.0490094
-0.0192639
-0.237693
-0.226894
-0.214242
-0.199844
-0.183876
-0.166578
-0.148232
-0.129152
-0.109655
-0.0900509
-0.0706211
-0.0516125
-0.0332314
-0.0156408
0.00103024
0.0166895
0.0312531
0.0446584
0.0568076
0.0676165
0.0768567
0.0843108
0.0895652
0.0925055
0.0928354
0.0909254
0.086538
0.0803483
0.0716057
0.0611751
0.0471239
0.0301728
0.00640376
-0.022049
-0.0569421
-0.0873377
-0.107953
-0.105772
-0.0879064
-0.053123
-0.0206573
-0.250299
-0.239007
-0.225699
-0.2105
-0.193616
-0.175321
-0.155939
-0.135818
-0.115315
-0.094765
-0.0744734
-0.0547003
-0.0356585
-0.0175117
-0.00038461
0.0156373
0.0304783
0.0440831
0.0563611
0.067221
0.0764061
0.0836648
0.0885713
0.0910461
0.0908681
0.0884957
0.083709
0.0772032
0.0681675
0.0575168
0.0432485
0.0261521
0.00210259
-0.0267095
-0.0623955
-0.093622
-0.11516
-0.112953
-0.0940954
-0.057165
-0.0220241
-0.263479
-0.251682
-0.237687
-0.221642
-0.203787
-0.184437
-0.163957
-0.142742
-0.121185
-0.0996537
-0.0784747
-0.0579221
-0.0382143
-0.0195146
-0.00194184
0.0144268
0.0295244
0.043305
0.0556848
0.0665605
0.0756426
0.0826475
0.0871502
0.0891312
0.088461
0.0856818
0.0805692
0.0738181
0.0645445
0.053709
0.0392502
0.0220308
-0.00225957
-0.0313757
-0.0677601
-0.0997012
-0.122078
-0.119833
-0.100071
-0.0611054
-0.0233561
-0.277239
-0.264925
-0.250213
-0.233279
-0.214397
-0.193928
-0.172291
-0.149925
-0.127266
-0.104715
-0.0826232
-0.0612767
-0.0408988
-0.0216505
-0.00364368
0.0130541
0.0283863
0.0423172
0.054769
0.0656212
0.074548
0.0812403
0.0852911
0.0867677
0.0856419
0.082526
0.0771674
0.070242
0.0607854
0.0498009
0.0351794
0.0178602
-0.00663206
-0.0360005
-0.0729943
-0.105542
-0.128676
-0.126379
-0.105798
-0.0649173
-0.0246457
-0.29157
-0.278735
-0.263282
-0.245413
-0.225447
-0.203798
-0.180939
-0.157364
-0.133554
-0.109947
-0.0869165
-0.0647623
-0.043711
-0.0239198
-0.00549168
0.0115164
0.0270594
0.0411136
0.0536044
0.064389
0.0731054
0.0794279
0.0829899
0.0839707
0.0824427
0.0790687
0.0735451
0.0665139
0.0569283
0.045832
0.0310782
0.0136848
-0.0109701
-0.0405409
-0.0780591
-0.111113
-0.134926
-0.132562
-0.111246
-0.068577
-0.0258864
-0.306453
-0.293099
-0.276883
-0.258039
-0.236935
-0.214043
-0.189898
-0.165055
-0.140046
-0.115345
-0.0913506
-0.068376
-0.0466491
-0.0263218
-0.00748666
0.00981151
0.0255402
0.0396885
0.0521817
0.0628507
0.0712995
0.0771997
0.08025
0.0807614
0.0788967
0.0753463
0.0697359
0.0626638
0.0530026
0.0418341
0.0269814
0.00954219
-0.0152351
-0.0449589
-0.0829201
-0.116387
-0.140803
-0.138359
-0.11639
-0.0720642
-0.0270724
-0.321844
-0.307987
-0.290997
-0.271145
-0.24885
-0.224654
-0.199161
-0.172992
-0.146734
-0.120902
-0.0959207
-0.072114
-0.0497109
-0.0288556
-0.00962869
0.00793804
0.0238261
0.0380371
0.050492
0.0609937
0.0691178
0.0745504
0.0770814
0.0771653
0.0750367
0.0713904
0.0657664
0.0587143
0.0490304
0.0378315
0.0229167
0.00546337
-0.0193945
-0.0492219
-0.0875478
-0.121341
-0.146288
-0.143752
-0.121211
-0.0753618
-0.0281989
-0.337682
-0.323351
-0.305589
-0.284702
-0.261173
-0.235615
-0.208714
-0.181162
-0.153608
-0.126611
-0.10062
-0.0759716
-0.0528928
-0.031519
-0.011917
0.0058957
0.0219156
0.036155
0.0485269
0.058807
0.0665507
0.0714802
0.0735005
0.0732099
0.0708927
0.0672266
0.0616563
0.0546812
0.0450267
0.0338416
0.0189037
0.00147125
-0.0234237
-0.053303
-0.0919165
-0.125955
-0.151366
-0.148729
-0.125695
-0.0784562
-0.029262
-0.353881
-0.339124
-0.320606
-0.298673
-0.273874
-0.246904
-0.218539
-0.189552
-0.160658
-0.132462
-0.105442
-0.0799429
-0.0561907
-0.0343092
-0.01435
0.00368512
0.0198077
0.0340385
0.0462784
0.0562805
0.0635917
0.067994
0.0695262
0.0689208
0.0664883
0.0628717
0.057416
0.050572
0.0409995
0.0298743
0.0149548
-0.00241905
-0.0273049
-0.0571813
-0.0960043
-0.130212
-0.156024
-0.153281
-0.12983
-0.0813371
-0.0302588
-0.370328
-0.355215
-0.335978
-0.313003
-0.286911
-0.25849
-0.228612
-0.198143
-0.167867
-0.138443
-0.110376
-0.084021
-0.0595997
-0.037223
-0.0169258
0.001307
0.0175015
0.0316827
0.0437377
0.053404
0.0602351
0.0640973
0.0651743
0.0643161
0.0618377
0.0583343
0.0530508
0.0463924
0.0369569
0.0259415
0.0110852
-0.00618966
-0.0310195
-0.060839
-0.0997949
-0.134098
-0.16025
-0.157403
-0.133609
-0.0839968
-0.031187
-0.386887
-0.371509
-0.351611
-0.327619
-0.300229
-0.27033
-0.238901
-0.206909
-0.175218
-0.14454
-0.115413
-0.0881994
-0.0631159
-0.0402586
-0.0196442
-0.00123965
0.0149939
0.029081
0.0408954
0.0501696
0.0564814
0.0598047
0.0604696
0.059426
0.0569739
0.0536463
0.0485919
0.0421733
0.0329318
0.0220797
0.0073367
-0.00979838
-0.0345304
-0.0642569
-0.103287
-0.137628
-0.164054
-0.161098
-0.137031
-0.0864301
-0.0320449
-0.403481
-0.387932
-0.367437
-0.34246
-0.313775
-0.28238
-0.249372
-0.215824
-0.182689
-0.150738
-0.12054
-0.0924678
-0.0667301
-0.0434068
-0.022495
-0.0039431
0.0122965
0.0262428
0.0377607
0.0465955
0.0523716
0.0551897
0.0555132
0.0543681
0.0520222
0.0489244
0.0441387
0.0379952
0.0289909
0.0183484
0.00376873
-0.0131914
-0.0377963
-0.0674239
-0.106503
-0.140856
-0.167493
-0.164405
-0.14011
-0.0886395
-0.0328323
-0.420222
-0.404581
-0.383531
-0.357576
-0.327578
-0.29465
-0.260016
-0.224867
-0.190249
-0.156997
-0.125711
-0.0967725
-0.0703821
-0.0466014
-0.0254062
-0.00672727
0.00948443
0.0232346
0.0343913
0.0427444
0.047996
0.0503796
0.0504595
0.0492972
0.0470947
0.0442368
0.0397189
0.0338544
0.025104
0.014699
0.000313491
-0.0164415
-0.0408908
-0.0703853
-0.109466
-0.143793
-0.170597
-0.167373
-0.142877
-0.0906378
-0.0335531
-0.43616
-0.420623
-0.399207
-0.372433
-0.341237
-0.306847
-0.270621
-0.23388
-0.197779
-0.163224
-0.130857
-0.101071
-0.0740571
-0.0498584
-0.0284268
-0.00967394
0.00644681
0.0199257
0.0306372
0.0384215
0.0430689
0.0449557
0.0447512
0.0435774
0.0414737
0.0389043
0.034742
0.0292644
0.0208474
0.0107358
-0.0034482
-0.0199387
-0.0441421
-0.0732635
-0.112098
-0.146133
-0.173032
-0.169751
-0.145208
-0.0923694
-0.0341998
-0.452951
-0.44403
-0.429016
-0.407915
-0.38121
-0.349831
-0.315034
-0.278234
-0.240824
-0.204029
-0.168819
-0.13588
-0.105632
-0.0782806
-0.0538666
-0.0323359
-0.0135862
0.00245063
0.0157713
0.0261822
0.033405
0.0372178
0.0382328
0.0374206
0.0360948
0.0343898
0.0324722
0.029057
0.0243131
0.0164541
0.00674644
-0.00722913
-0.0233818
-0.0471821
-0.0755453
-0.113712
-0.147021
-0.17384
-0.17047
-0.146421
-0.0934144
-0.0346403
-0.461153
-0.452065
-0.436654
-0.414945
-0.387468
-0.355221
-0.319536
-0.281893
-0.243735
-0.206321
-0.170637
-0.13737
-0.10693
-0.0795066
-0.055124
-0.033712
-0.0151568
0.000602051
0.0135293
0.0234021
0.0299756
0.0331723
0.033789
0.0328724
0.0316872
0.0302508
0.0286698
0.0255786
0.0211356
0.0135026
0.00399824
-0.00986125
-0.0258469
-0.0495528
-0.0776724
-0.115637
-0.148557
-0.175179
-0.171589
-0.147455
-0.0942288
-0.0349346
-0.469718
-0.45998
-0.443615
-0.420708
-0.3919
-0.358317
-0.321408
-0.282738
-0.243796
-0.20585
-0.169867
-0.1365
-0.106119
-0.0788751
-0.0547635
-0.033691
-0.0155357
-0.000255869
0.0120767
0.0212307
0.0270387
0.0296007
0.0298549
0.0288446
0.0277423
0.0264754
0.025111
0.0222448
0.0180339
0.010599
0.0012952
-0.0124328
-0.0282563
-0.0518804
-0.0797964
-0.117592
-0.150181
-0.176599
-0.172741
-0.14841
-0.0949683
-0.0351703
-0.477921
-0.46762
-0.450384
-0.426354
-0.396277
-0.361408
-0.323315
-0.283652
-0.243955
-0.2055
-0.169238
-0.135786
-0.105477
-0.0784241
-0.0545934
-0.0338714
-0.0161321
-0.00135237
0.010369
0.0188034
0.0238633
0.0258103
0.0257016
0.0245791
0.023557
0.022488
0.0213821
0.0187899
0.0148566
0.00766106
-0.00141091
-0.0149769
-0.0306116
-0.0541168
-0.081796
-0.119378
-0.151609
-0.177804
-0.173699
-0.149222
-0.0956266
-0.0353735
-0.485957
-0.475203
-0.457213
-0.432174
-0.400933
-0.364871
-0.32567
-0.285069
-0.244648
-0.205696
-0.169147
-0.135592
-0.105329
-0.0784411
-0.0548663
-0.0344752
-0.0171417
-0.00286047
0.00825068
0.0159753
0.0203121
0.0216764
0.0212325
0.0200281
0.0191339
0.018319
0.017527
0.0152573
0.0116397
0.00471577
-0.00409916
-0.0174759
-0.0328989
-0.0562547
-0.0836733
-0.12101
-0.152857
-0.178806
-0.174467
-0.149884
-0.0961978
-0.0355461
-0.493933
-0.482763
-0.464051
-0.438026
-0.405637
-0.368395
-0.328103
-0.286584
-0.245462
-0.206035
-0.169219
-0.135577
-0.105374
-0.0786615
-0.0553545
-0.0353087
-0.0184008
-0.00464323
0.0058329
0.0128335
0.0164546
0.0172632
0.0165184
0.0152712
0.0145507
0.0140328
0.0135927
0.011678
0.00840256
0.00177592
-0.00676005
-0.0199223
-0.0351127
-0.0582916
-0.0854296
-0.122493
-0.153944
-0.179628
-0.175068
-0.150402
-0.0966795
-0.0356849
-0.506001
-0.501801
-0.490241
-0.470826
-0.443819
-0.410276
-0.371847
-0.330463
-0.288036
-0.246233
-0.206356
-0.169304
-0.135605
-0.105492
-0.0789847
-0.0559733
-0.0363018
-0.0198522
-0.00665369
0.003155
0.00941196
0.0123212
0.0125977
0.011584
0.0103293
0.00982449
0.00964229
0.00958799
0.00805828
0.00515049
-0.0011537
-0.009389
-0.0223118
-0.037249
-0.0602235
-0.0870603
-0.123825
-0.154866
-0.180269
-0.175503
-0.150775
-0.0970698
-0.0357884
-0.513793
-0.509505
-0.497585
-0.477497
-0.449531
-0.414847
-0.375239
-0.332775
-0.289457
-0.246995
-0.206696
-0.169435
-0.135709
-0.105714
-0.0794366
-0.0567465
-0.0374767
-0.0215163
-0.0089094
0.000203224
0.00570177
0.00790675
0.00767577
0.00642643
0.00520333
0.00495603
0.00514977
0.00551649
0.00440271
0.00188835
-0.00406811
-0.0119813
-0.0246398
-0.0393033
-0.0620461
-0.0885611
-0.125
-0.15562
-0.180727
-0.175769
-0.151002
-0.0973675
-0.0358566
-0.521369
-0.517009
-0.50476
-0.484036
-0.455144
-0.419346
-0.378583
-0.33506
-0.290875
-0.247783
-0.20709
-0.16965
-0.135923
-0.106068
-0.080045
-0.057699
-0.0388561
-0.0234135
-0.0114279
-0.00303656
0.00169275
0.00320425
0.00249261
0.001044
-7.54146e-05
-5.01556e-05
0.000560757
0.00138427
0.000717367
-0.00137795
-0.00696182
-0.0145318
-0.0269019
-0.0412716
-0.0637555
-0.089928
-0.126015
-0.156202
-0.180999
-0.175861
-0.151081
-0.0975713
-0.0358894
-0.528712
-0.524287
-0.511736
-0.490411
-0.460631
-0.423751
-0.381861
-0.337308
-0.292287
-0.248596
-0.207542
-0.169951
-0.136251
-0.106563
-0.080817
-0.0588386
-0.0404481
-0.0255518
-0.0142166
-0.00657011
-0.00261855
-0.00178768
-0.00295151
-0.00456092
-0.00555309
-0.0051876
-0.00411774
-0.00280181
-0.0029912
-0.00464233
-0.00982927
-0.0170355
-0.0290937
-0.0431499
-0.0653483
-0.0911575
-0.126867
-0.156608
-0.181082
-0.175777
-0.151011
-0.09768
-0.0358867
-0.535804
-0.531314
-0.518479
-0.496588
-0.465959
-0.428036
-0.385054
-0.339504
-0.293682
-0.249428
-0.208046
-0.170338
-0.136692
-0.107198
-0.0817542
-0.0601682
-0.0422568
-0.0279358
-0.0172794
-0.0104004
-0.00723307
-0.00706821
-0.00865416
-0.0103835
-0.0112032
-0.0104492
-0.00887852
-0.0070347
-0.00671632
-0.00789856
-0.0126649
-0.0194875
-0.0312109
-0.0449343
-0.0668211
-0.0922465
-0.127553
-0.156838
-0.180976
-0.175518
-0.150791
-0.0976929
-0.0358485
-0.542625
-0.538063
-0.524958
-0.502533
-0.471098
-0.432174
-0.388141
-0.341636
-0.295052
-0.250272
-0.2086
-0.170808
-0.137249
-0.107976
-0.0828597
-0.0616918
-0.0442868
-0.03057
-0.0206204
-0.01453
-0.0121511
-0.0126357
-0.014612
-0.0164181
-0.0170157
-0.0158274
-0.0137141
-0.0113071
-0.0104511
-0.0111404
-0.0154631
-0.0218829
-0.0332494
-0.0466215
-0.0681709
-0.0931921
-0.128071
-0.156888
-0.18068
-0.175083
-0.150422
-0.0976095
-0.0357747
-0.546542
-0.54916
-0.544512
-0.531144
-0.508214
-0.476016
-0.436141
-0.391105
-0.34369
-0.296389
-0.251127
-0.209203
-0.171364
-0.137923
-0.108899
-0.0841374
-0.0634136
-0.0465427
-0.0334587
-0.0242432
-0.0189608
-0.0173721
-0.0184877
-0.0208204
-0.0226582
-0.022984
-0.0213143
-0.0186164
-0.0156113
-0.0141885
-0.0143614
-0.0182185
-0.024217
-0.0352053
-0.0482081
-0.0693952
-0.0939922
-0.128418
-0.156758
-0.180193
-0.174474
-0.149905
-0.0974294
-0.0356654
-0.552786
-0.555392
-0.550636
-0.537008
-0.5136
-0.480682
-0.439909
-0.393926
-0.345654
-0.297686
-0.251988
-0.209856
-0.172006
-0.138716
-0.109971
-0.0855901
-0.0653371
-0.049028
-0.0366052
-0.02815
-0.0236932
-0.0228941
-0.0246201
-0.0272737
-0.0290962
-0.0290996
-0.0269012
-0.0235772
-0.0199395
-0.0179212
-0.0175552
-0.0209254
-0.0264851
-0.0370748
-0.049691
-0.0704916
-0.0946448
-0.128594
-0.156448
-0.179515
-0.173693
-0.149239
-0.0971526
-0.0355207
-0.558751
-0.561305
-0.556415
-0.542523
-0.518658
-0.485066
-0.443453
-0.396583
-0.347513
-0.298933
-0.25285
-0.210554
-0.172733
-0.139629
-0.111192
-0.0872198
-0.0674647
-0.051745
-0.0400112
-0.0323418
-0.0287265
-0.0287138
-0.0310278
-0.0339644
-0.0357231
-0.0353531
-0.0325789
-0.0285874
-0.0242833
-0.0216419
-0.0207153
-0.0235785
-0.0286827
-0.0388546
-0.0510676
-0.0714581
-0.0951485
-0.128598
-0.155955
-0.178647
-0.172739
-0.148426
-0.0967794
-0.0353407
-0.564421
-0.566879
-0.561826
-0.547661
-0.523359
-0.489138
-0.446745
-0.399055
-0.349253
-0.300122
-0.253708
-0.211296
-0.173545
-0.14066
-0.112563
-0.0890272
-0.0697972
-0.0546947
-0.0436771
-0.0368182
-0.0340579
-0.0348261
-0.0377037
-0.0408839
-0.0425293
-0.0417341
-0.0383372
-0.0336377
-0.0286342
-0.0253431
-0.0238354
-0.0261726
-0.0308056
-0.0405412
-0.0523353
-0.0722933
-0.0955022
-0.12843
-0.155282
-0.177589
-0.171614
-0.147467
-0.0963101
-0.0351257
-0.569779
-0.572096
-0.566846
-0.552396
-0.527673
-0.492867
-0.449758
-0.401321
-0.350858
-0.301242
-0.254555
-0.212077
-0.174438
-0.14181
-0.114083
-0.0910122
-0.0723347
-0.0578766
-0.0476022
-0.0415769
-0.0396834
-0.0412246
-0.0446396
-0.048022
-0.0495057
-0.0482318
-0.0441655
-0.0387183
-0.0329836
-0.0290173
-0.0269091
-0.0287024
-0.0328496
-0.0421319
-0.0534922
-0.0729959
-0.0957055
-0.128089
-0.154428
-0.176345
-0.170318
-0.146364
-0.0957456
-0.0348761
-0.574799
-0.576931
-0.571449
-0.5567
-0.531571
-0.496224
-0.452466
-0.403358
-0.352312
-0.302282
-0.255384
-0.212893
-0.17541
-0.143075
-0.11575
-0.0931731
-0.0750756
-0.0612889
-0.0517838
-0.0466144
-0.045597
-0.0479011
-0.0518251
-0.0553665
-0.0566401
-0.0548342
-0.0500526
-0.0438191
-0.0373226
-0.032657
-0.0299302
-0.0311632
-0.0348109
-0.0436237
-0.0545362
-0.0735652
-0.0957583
-0.127578
-0.153395
-0.174915
-0.168853
-0.145119
-0.0950867
-0.0345921
-0.579454
-0.581357
-0.575611
-0.560546
-0.535023
-0.499179
-0.454842
-0.405146
-0.353599
-0.30323
-0.256187
-0.213737
-0.176456
-0.144452
-0.117562
-0.0955073
-0.0780169
-0.0649281
-0.0562179
-0.0519251
-0.0517908
-0.0548454
-0.0592485
-0.062904
-0.0639167
-0.0615281
-0.0559864
-0.0489294
-0.0416422
-0.0362547
-0.0328926
-0.03355
-0.0366859
-0.0450144
-0.0554661
-0.0740008
-0.095661
-0.126896
-0.152185
-0.173302
-0.167223
-0.143735
-0.0943346
-0.0342743
-0.576016
-0.583713
-0.585347
-0.579302
-0.563907
-0.538001
-0.501705
-0.456861
-0.406663
-0.354702
-0.304073
-0.256954
-0.214603
-0.177571
-0.145937
-0.119514
-0.0980103
-0.081154
-0.068789
-0.0608986
-0.0575017
-0.0582552
-0.0620459
-0.0668962
-0.0706194
-0.0713124
-0.0682992
-0.0619545
-0.0540386
-0.0459333
-0.039803
-0.0357903
-0.0358585
-0.0384712
-0.0463018
-0.0562806
-0.0743026
-0.0954145
-0.126047
-0.150801
-0.17151
-0.165433
-0.142214
-0.0934909
-0.0339231
-0.580128
-0.58754
-0.588868
-0.582494
-0.566753
-0.540477
-0.503774
-0.458497
-0.407886
-0.355603
-0.3048
-0.257675
-0.215483
-0.178748
-0.147523
-0.1216
-0.100676
-0.0844806
-0.0728649
-0.0658182
-0.0633349
-0.0649785
-0.0694889
-0.0747527
-0.0784964
-0.0788116
-0.0751324
-0.067944
-0.0591356
-0.0501869
-0.0432947
-0.0386176
-0.0380843
-0.0401639
-0.0474841
-0.056979
-0.0744712
-0.0950201
-0.125032
-0.149244
-0.169543
-0.163485
-0.14056
-0.092557
-0.0335392
-0.583799
-0.590897
-0.591884
-0.585154
-0.569055
-0.542422
-0.50536
-0.459725
-0.408796
-0.356287
-0.305396
-0.258341
-0.216368
-0.179979
-0.149203
-0.123813
-0.103498
-0.0879888
-0.0771472
-0.0709673
-0.0694132
-0.0719471
-0.0771587
-0.0828008
-0.0865175
-0.0864114
-0.0820126
-0.0739413
-0.0642093
-0.0543939
-0.0467225
-0.041369
-0.0402235
-0.0417612
-0.0485599
-0.0575608
-0.0745072
-0.0944795
-0.123854
-0.147519
-0.167404
-0.161384
-0.138777
-0.091535
-0.0331232
-0.586989
-0.593734
-0.594359
-0.58725
-0.570783
-0.543809
-0.506434
-0.460521
-0.40937
-0.356734
-0.305847
-0.258939
-0.217248
-0.181255
-0.150968
-0.126144
-0.106466
-0.0916688
-0.0816251
-0.0763342
-0.0757235
-0.0791452
-0.0850378
-0.0910214
-0.0946634
-0.094087
-0.0889238
-0.0799328
-0.0692483
-0.0585454
-0.0500797
-0.0440394
-0.0422725
-0.0432606
-0.049528
-0.0580261
-0.074412
-0.0937951
-0.122517
-0.14563
-0.165098
-0.159134
-0.136868
-0.0904269
-0.0326757
-0.589582
-0.596008
-0.596252
-0.588747
-0.571906
-0.544609
-0.506974
-0.460863
-0.409589
-0.356928
-0.306138
-0.259457
-0.218112
-0.182566
-0.152808
-0.128582
-0.109569
-0.0955088
-0.0862865
-0.0819055
-0.08225
-0.0865552
-0.0931068
-0.0993938
-0.102913
-0.101819
-0.0958494
-0.0859043
-0.0742413
-0.0626325
-0.0533595
-0.0466236
-0.0442277
-0.0446601
-0.0503877
-0.058375
-0.0741871
-0.0929694
-0.121025
-0.143581
-0.162632
-0.156739
-0.134837
-0.089235
-0.0321976
-0.591586
-0.59768
-0.597524
-0.589608
-0.572393
-0.544797
-0.506954
-0.460729
-0.409433
-0.356853
-0.306255
-0.259881
-0.218947
-0.1839
-0.154711
-0.131117
-0.112795
-0.0994953
-0.091117
-0.0876657
-0.0889753
-0.0941575
-0.101344
-0.107896
-0.111246
-0.109589
-0.102772
-0.0918416
-0.0791772
-0.0666467
-0.0565554
-0.0491172
-0.0460863
-0.045958
-0.0511385
-0.0586084
-0.0738346
-0.0920056
-0.119381
-0.141376
-0.160009
-0.154205
-0.132689
-0.0879618
-0.0316897
-0.59298
-0.598707
-0.598133
-0.589798
-0.572214
-0.544345
-0.506351
-0.460098
-0.408884
-0.35649
-0.306182
-0.260197
-0.21974
-0.185243
-0.156664
-0.133733
-0.116129
-0.103613
-0.0961004
-0.0935972
-0.0958798
-0.10193
-0.109727
-0.116503
-0.119639
-0.117375
-0.109674
-0.0977304
-0.0840446
-0.0705794
-0.0596613
-0.0515158
-0.0478454
-0.0471529
-0.0517803
-0.0587272
-0.0733567
-0.0909072
-0.117591
-0.139022
-0.157237
-0.151536
-0.130428
-0.0866099
-0.0311529
-0.593715
-0.599044
-0.598038
-0.58928
-0.571337
-0.543227
-0.505144
-0.45895
-0.407923
-0.355824
-0.305904
-0.260391
-0.220477
-0.186581
-0.158652
-0.136415
-0.119555
-0.107844
-0.101219
-0.0996806
-0.102942
-0.10985
-0.118229
-0.125189
-0.128068
-0.125157
-0.116538
-0.103556
-0.0888326
-0.0744225
-0.0626716
-0.0538154
-0.0495029
-0.0482437
-0.0523134
-0.0587328
-0.0727564
-0.089678
-0.115659
-0.136524
-0.154322
-0.14874
-0.12806
-0.0851821
-0.0305881
-0.593731
-0.598642
-0.597197
-0.588019
-0.569733
-0.541421
-0.503313
-0.457268
-0.406535
-0.354838
-0.305405
-0.260446
-0.221141
-0.187898
-0.160659
-0.139146
-0.123054
-0.112171
-0.106452
-0.105894
-0.110138
-0.117892
-0.126824
-0.133929
-0.13651
-0.132911
-0.123345
-0.109305
-0.0935304
-0.0781683
-0.0655806
-0.0560126
-0.0510567
-0.0492298
-0.0527385
-0.0586268
-0.0720365
-0.0883223
-0.113592
-0.133887
-0.15127
-0.145822
-0.125589
-0.0836815
-0.0299963
-0.592974
-0.597454
-0.595568
-0.585978
-0.567374
-0.538904
-0.50084
-0.455037
-0.404703
-0.353517
-0.30467
-0.260348
-0.221718
-0.189178
-0.162666
-0.141908
-0.126606
-0.116571
-0.111778
-0.112216
-0.117443
-0.126028
-0.135484
-0.142694
-0.144936
-0.140617
-0.130078
-0.114962
-0.0981274
-0.0818092
-0.0683834
-0.0581041
-0.0525053
-0.0501109
-0.0530564
-0.0584115
-0.0712006
-0.0868446
-0.111394
-0.131119
-0.148089
-0.142789
-0.123021
-0.0821112
-0.0293786
-0.591393
-0.595436
-0.593112
-0.583126
-0.564233
-0.535655
-0.497708
-0.452241
-0.402414
-0.351846
-0.303682
-0.260079
-0.222188
-0.190401
-0.164654
-0.144679
-0.130191
-0.121024
-0.117175
-0.118619
-0.124831
-0.13423
-0.144179
-0.151455
-0.15332
-0.148251
-0.136717
-0.120513
-0.102614
-0.0853381
-0.0710754
-0.0600872
-0.0538474
-0.050887
-0.0532685
-0.058089
-0.0702523
-0.08525
-0.109073
-0.128227
-0.144786
-0.139647
-0.120361
-0.0804745
-0.0287359
-0.580194
-0.588946
-0.592548
-0.589793
-0.579432
-0.560288
-0.531657
-0.493904
-0.448869
-0.399656
-0.349812
-0.302426
-0.259622
-0.222534
-0.191549
-0.166603
-0.147438
-0.133785
-0.125505
-0.122617
-0.125079
-0.132272
-0.142468
-0.152878
-0.160182
-0.161636
-0.155792
-0.143246
-0.125946
-0.106979
-0.0887485
-0.0736524
-0.0619595
-0.0550823
-0.0515585
-0.0533763
-0.0576622
-0.0691958
-0.0835435
-0.106634
-0.125216
-0.141369
-0.136403
-0.117615
-0.0787746
-0.0280695
-0.577274
-0.585592
-0.588753
-0.58558
-0.57487
-0.555518
-0.526896
-0.489418
-0.444911
-0.396416
-0.347401
-0.300887
-0.25896
-0.222737
-0.1926
-0.168491
-0.150161
-0.137364
-0.129988
-0.128079
-0.131568
-0.139737
-0.15071
-0.161549
-0.168846
-0.169855
-0.163216
-0.149647
-0.131247
-0.111215
-0.0920341
-0.0761106
-0.0637191
-0.0562095
-0.0521263
-0.0533819
-0.057134
-0.0680352
-0.0817306
-0.104084
-0.122095
-0.137845
-0.133063
-0.114789
-0.0770151
-0.0273805
-0.573426
-0.581297
-0.58402
-0.580446
-0.569419
-0.549908
-0.521362
-0.484242
-0.44036
-0.392687
-0.344601
-0.29905
-0.258076
-0.222778
-0.193535
-0.170295
-0.152825
-0.140902
-0.13445
-0.133533
-0.138057
-0.147197
-0.158925
-0.17016
-0.177416
-0.177953
-0.170503
-0.155903
-0.136403
-0.115311
-0.0951893
-0.0784467
-0.0653645
-0.0572289
-0.0525914
-0.0532873
-0.0565076
-0.0667752
-0.0798171
-0.101431
-0.118872
-0.134223
-0.129636
-0.111888
-0.0751996
-0.0266701
-0.568624
-0.576037
-0.578325
-0.574369
-0.563063
-0.543447
-0.515048
-0.478371
-0.435212
-0.388462
-0.341402
-0.296901
-0.256952
-0.222636
-0.19433
-0.171992
-0.155404
-0.144374
-0.138861
-0.138952
-0.144516
-0.154618
-0.167079
-0.178677
-0.185862
-0.185906
-0.177631
-0.161998
-0.141402
-0.119261
-0.0982089
-0.080658
-0.0668947
-0.0581409
-0.0529552
-0.0530953
-0.0557865
-0.0654205
-0.0778089
-0.0986807
-0.115553
-0.130511
-0.126127
-0.108919
-0.0733317
-0.0259394
-0.562848
-0.569794
-0.571651
-0.567336
-0.555792
-0.53613
-0.507952
-0.471806
-0.429463
-0.383733
-0.337794
-0.294425
-0.255572
-0.222292
-0.194963
-0.173555
-0.157872
-0.147753
-0.143196
-0.144308
-0.150915
-0.161969
-0.175138
-0.18707
-0.194154
-0.193687
-0.184579
-0.167915
-0.146234
-0.123057
-0.101088
-0.0827421
-0.0683088
-0.0589461
-0.0532195
-0.0528085
-0.0549745
-0.0639761
-0.0757119
-0.0958413
-0.112147
-0.126717
-0.122546
-0.105887
-0.071415
-0.0251898
-0.55609
-0.56256
-0.563989
-0.559342
-0.547604
-0.527957
-0.500077
-0.464549
-0.423116
-0.3785
-0.333769
-0.291611
-0.253918
-0.221725
-0.195412
-0.174962
-0.160203
-0.151011
-0.147426
-0.149571
-0.157224
-0.169219
-0.183071
-0.195304
-0.202263
-0.201271
-0.191328
-0.173639
-0.150887
-0.12669
-0.103823
-0.0846971
-0.0696068
-0.0596456
-0.0533863
-0.0524299
-0.0540756
-0.0624471
-0.0735326
-0.09292
-0.108662
-0.12285
-0.118898
-0.102799
-0.0694534
-0.0244224
-0.548348
-0.554323
-0.555339
-0.550386
-0.538501
-0.518935
-0.491431
-0.456607
-0.416174
-0.372759
-0.32932
-0.288447
-0.251973
-0.220915
-0.195653
-0.176186
-0.16237
-0.154122
-0.151525
-0.154713
-0.163414
-0.176335
-0.190843
-0.203349
-0.21016
-0.208634
-0.197858
-0.179158
-0.155352
-0.130156
-0.106411
-0.0865216
-0.0707887
-0.0602407
-0.0534581
-0.051963
-0.0530938
-0.0608389
-0.0712772
-0.0899242
-0.105106
-0.118918
-0.115191
-0.0996599
-0.0674506
-0.0236386
-0.539633
-0.545101
-0.545712
-0.540482
-0.528497
-0.509077
-0.482026
-0.447991
-0.408643
-0.366513
-0.324442
-0.28492
-0.249723
-0.219843
-0.195663
-0.177202
-0.164347
-0.157059
-0.155463
-0.159706
-0.169453
-0.183285
-0.198422
-0.211173
-0.217818
-0.215752
-0.204151
-0.184456
-0.159619
-0.133449
-0.108847
-0.0882149
-0.0718552
-0.0607332
-0.0534373
-0.0514111
-0.0520335
-0.0591568
-0.0689521
-0.0868615
-0.101486
-0.11493
-0.111432
-0.0964763
-0.0654104
-0.0228396
-0.529967
-0.534915
-0.535127
-0.529647
-0.517611
-0.498402
-0.471881
-0.438716
-0.400534
-0.359764
-0.319131
-0.281021
-0.24715
-0.218488
-0.19542
-0.177985
-0.166107
-0.159795
-0.159217
-0.164523
-0.175312
-0.190038
-0.205778
-0.218747
-0.225211
-0.222606
-0.210192
-0.189524
-0.163681
-0.136563
-0.111131
-0.0897765
-0.0728072
-0.061125
-0.0533269
-0.0507781
-0.0508992
-0.0574065
-0.0665639
-0.0837393
-0.0978118
-0.110893
-0.107629
-0.0932541
-0.0633366
-0.0220267
-0.519379
-0.523794
-0.523614
-0.517911
-0.505871
-0.486937
-0.461019
-0.428801
-0.391859
-0.352518
-0.313386
-0.276742
-0.244242
-0.216831
-0.1949
-0.178511
-0.167626
-0.162305
-0.162758
-0.169136
-0.180964
-0.196564
-0.212879
-0.226042
-0.232315
-0.229175
-0.215965
-0.194348
-0.16753
-0.139495
-0.11326
-0.0912064
-0.073646
-0.0614184
-0.05313
-0.0500677
-0.0496955
-0.0555933
-0.0641191
-0.0805654
-0.0940902
-0.106816
-0.103789
-0.0899992
-0.0612329
-0.0212012
)
;

boundaryField
{
    inlet
    {
        type            zeroGradient;
    }
    outlet
    {
        type            fixedValue;
        value           uniform 0;
    }
    cylinder
    {
        type            zeroGradient;
    }
    top
    {
        type            symmetryPlane;
    }
    bottom
    {
        type            symmetryPlane;
    }
    defaultFaces
    {
        type            empty;
    }
    procBoundary3to2
    {
        type            processor;
        value           nonuniform List<scalar> 
211
(
-0.500545
-0.488977
-0.476683
-0.463732
-0.450204
-0.436182
-0.421758
-0.407025
-0.392079
-0.377019
-0.359985
-0.359985
-0.343774
-0.327689
-0.311823
-0.29627
-0.281117
-0.266447
-0.252336
-0.238855
-0.226067
-0.214024
-0.186869
-0.186869
-0.175156
-0.164319
-0.15439
-0.145389
-0.137328
-0.130218
-0.101982
-0.101982
-0.0957698
-0.090391
-0.0862713
-0.0830208
-0.0806426
-0.0544922
-0.0544922
-0.0531181
-0.052568
-0.0531475
-0.0547454
-0.0544417
-0.0248918
-0.0248918
-0.0220673
-0.0200285
-0.0188354
-0.0186033
-0.0192451
-0.0206245
-0.0226012
-0.0250331
-0.0277812
-0.0307405
-0.033752
-0.0367439
-0.0396392
-0.0423775
-0.0449143
-0.0472193
-0.0492741
-0.0510688
-0.0526002
-0.05387
-0.0548833
-0.0556477
-0.0561729
-0.0564695
-0.0565493
-0.0564249
-0.0561095
-0.0556167
-0.0549603
-0.0541546
-0.0532139
-0.0521524
-0.0509844
-0.0497238
-0.0483845
-0.0469799
-0.0455231
-0.0440266
-0.0425026
-0.0409628
-0.0394182
-0.0378797
-0.0363572
-0.0348604
-0.0333985
-0.0319801
-0.0306136
-0.0293068
-0.0280674
-0.0269028
-0.0258202
-0.0248268
-0.0239297
-0.0231362
-0.0224537
-0.0218899
-0.0214532
-0.0211522
-0.0209966
-0.0136645
-0.013901
-0.0143602
-0.0150305
-0.0159029
-0.0169702
-0.0182268
-0.0196684
-0.0212922
-0.0230961
-0.0250792
-0.0272412
-0.0295828
-0.0321049
-0.0348095
-0.0376987
-0.0407755
-0.044043
-0.047505
-0.0511656
-0.0550293
-0.0591012
-0.0633865
-0.0678911
-0.0726212
-0.0775834
-0.0827847
-0.0882328
-0.0939356
-0.0999019
-0.106141
-0.112662
-0.119476
-0.126594
-0.129446
-0.129446
-0.136988
-0.144871
-0.153112
-0.161729
-0.170739
-0.180161
-0.190018
-0.200332
-0.211124
-0.222419
-0.234239
-0.246604
-0.25953
-0.273026
-0.287092
-0.301714
-0.316857
-0.33247
-0.348471
-0.364757
-0.381194
-0.397623
-0.413969
-0.430352
-0.445751
-0.445751
-0.456199
-0.464352
-0.473251
-0.481712
-0.489915
-0.498023
-0.498023
-0.503853
-0.511535
-0.519005
-0.526251
-0.533264
-0.540031
-0.540031
-0.538245
-0.544426
-0.550372
-0.556077
-0.561522
-0.56668
-0.571522
-0.571522
-0.563412
-0.567621
-0.571519
-0.575946
-0.578525
-0.580652
-0.582312
-0.583379
-0.583765
-0.583396
-0.582222
-0.582222
-0.567352
-0.564855
-0.561455
-0.557126
-0.55185
-0.545618
-0.538432
-0.530303
-0.521255
-0.511322
)
;
    }
}


// ************************************************************************* //
