/*--------------------------------*- C++ -*----------------------------------*\
  =========                 |
  \\      /  F ield         | OpenFOAM: The Open Source CFD Toolbox
   \\    /   O peration     | Website:  https://openfoam.org
    \\  /    A nd           | Version:  7
     \\/     M anipulation  |
\*---------------------------------------------------------------------------*/
FoamFile
{
    version     2.0;
    format      ascii;
    class       volScalarField;
    location    "40";
    object      p;
}
// * * * * * * * * * * * * * * * * * * * * * * * * * * * * * * * * * * * * * //

dimensions      [0 2 -2 0 0 0 0];

internalField   nonuniform List<scalar> 
8500
(
0.107065
0.110339
0.11686
0.114166
0.120667
0.126674
0.118743
0.125072
0.131041
0.136464
0.130312
0.13605
0.141447
0.1462
0.135648
0.141965
0.147096
0.151882
0.155853
0.141059
0.14804
0.153694
0.15821
0.162339
0.165314
0.154222
0.160516
0.1655
0.169413
0.172777
0.174304
0.16048
0.167466
0.173069
0.1774
0.18075
0.183169
0.182616
0.174511
0.180775
0.185689
0.189408
0.192243
0.193603
0.191029
0.181616
0.188592
0.194128
0.198359
0.201492
0.203788
0.204049
0.202277
0.188733
0.196504
0.202699
0.2075
0.21105
0.213583
0.215285
0.214927
0.213937
0.20447
0.211402
0.216809
0.220869
0.223735
0.225646
0.226735
0.225876
0.224989
0.212437
0.220201
0.226286
0.230896
0.234211
0.236387
0.237662
0.238138
0.236804
0.235724
0.229041
0.235899
0.24113
0.244939
0.247503
0.248981
0.24961
0.24947
0.247647
0.246232
0.237859
0.245591
0.251537
0.255909
0.258912
0.260721
0.261497
0.26147
0.26071
0.258373
0.256547
0.255297
0.262059
0.267088
0.270598
0.272792
0.273843
0.273913
0.273225
0.271839
0.268969
0.266687
0.272626
0.278414
0.282526
0.285173
0.286556
0.286848
0.286208
0.284855
0.282839
0.279424
0.276658
0.283173
0.289815
0.29463
0.297824
0.299608
0.300181
0.299714
0.298364
0.296344
0.293695
0.289727
0.286461
0.301218
0.306834
0.310677
0.312956
0.31388
0.313646
0.312421
0.310362
0.307674
0.304392
0.299869
0.296091
0.31258
0.319057
0.323652
0.326528
0.327896
0.327964
0.326926
0.324948
0.322183
0.31883
0.314917
0.30984
0.305544
0.331248
0.33666
0.340238
0.342154
0.342618
0.341837
0.340002
0.337276
0.333809
0.329796
0.325255
0.319627
0.314809
0.349638
0.353993
0.356564
0.357529
0.357097
0.355475
0.352851
0.349384
0.345223
0.340554
0.335394
0.329221
0.323879
0.362597
0.367715
0.371024
0.372599
0.372624
0.371308
0.368856
0.365452
0.361254
0.356407
0.351091
0.345318
0.338607
0.332743
0.381399
0.385446
0.387722
0.388315
0.387414
0.385227
0.381957
0.377785
0.372866
0.367344
0.36139
0.355014
0.347776
0.341391
0.399805
0.402797
0.404056
0.403684
0.401872
0.398829
0.394755
0.389829
0.384203
0.378016
0.371437
0.36447
0.356714
0.349812
0.414211
0.41778
0.419736
0.419997
0.418678
0.415973
0.412091
0.407229
0.401564
0.395245
0.388409
0.381215
0.37367
0.365408
0.357996
0.432751
0.43529
0.436229
0.435514
0.433269
0.429691
0.424989
0.419359
0.412972
0.405975
0.398504
0.390711
0.382602
0.373848
0.365931
0.45077
0.4523
0.452247
0.450579
0.447431
0.443003
0.437502
0.431122
0.424032
0.416376
0.408286
0.39991
0.391253
0.38202
0.373608
0.468232
0.468778
0.467759
0.465164
0.461138
0.455884
0.449608
0.4425
0.434727
0.426431
0.41774
0.408797
0.399609
0.389912
0.381016
0.48425
0.485102
0.484692
0.482735
0.479242
0.474366
0.468312
0.461284
0.453472
0.445038
0.436122
0.426851
0.41736
0.407658
0.397513
0.388144
0.501402
0.501346
0.500011
0.497148
0.492787
0.487091
0.480264
0.472512
0.464019
0.454948
0.445435
0.435603
0.425584
0.415387
0.404812
0.394983
0.517865
0.516933
0.514706
0.510969
0.505774
0.499289
0.49172
0.483271
0.474125
0.464441
0.454354
0.443984
0.433456
0.422785
0.411796
0.401523
0.533606
0.531832
0.528747
0.524174
0.518179
0.510937
0.502658
0.493542
0.48377
0.4735
0.462863
0.451978
0.440964
0.42984
0.418456
0.407755
0.548593
0.546012
0.542109
0.536737
0.529979
0.522016
0.513059
0.503307
0.492939
0.48211
0.470949
0.459573
0.448097
0.436541
0.424781
0.413669
0.565334
0.562796
0.559447
0.554765
0.548634
0.541151
0.532504
0.522904
0.512548
0.501615
0.490256
0.478599
0.466757
0.454842
0.442877
0.430762
0.419257
0.579398
0.576187
0.57211
0.566691
0.559843
0.551676
0.542383
0.532175
0.52125
0.509783
0.497924
0.485799
0.473518
0.461188
0.448838
0.436388
0.424511
0.592583
0.588736
0.583975
0.577864
0.570342
0.561533
0.551634
0.540857
0.529398
0.51743
0.505102
0.492537
0.479844
0.467126
0.454415
0.441651
0.429423
0.604862
0.600421
0.595019
0.588263
0.580112
0.570704
0.56024
0.548932
0.536975
0.524541
0.511776
0.498802
0.485726
0.472646
0.459599
0.446542
0.433986
0.616209
0.611216
0.605221
0.597866
0.589134
0.579172
0.568186
0.556387
0.54397
0.531105
0.517935
0.504583
0.491152
0.477738
0.464381
0.451054
0.438193
0.626601
0.6211
0.614561
0.606657
0.597392
0.586922
0.575456
0.563208
0.550369
0.537109
0.523569
0.50987
0.496115
0.482395
0.468753
0.45518
0.442037
0.636015
0.630054
0.62302
0.614617
0.604868
0.593938
0.582039
0.569382
0.556162
0.542543
0.528668
0.514655
0.500606
0.486608
0.472709
0.458912
0.445514
0.644434
0.638059
0.630581
0.621732
0.611551
0.600208
0.58792
0.574899
0.561337
0.547398
0.533223
0.518929
0.504616
0.49037
0.476242
0.462245
0.448618
0.651838
0.645098
0.63723
0.627988
0.617425
0.605721
0.593091
0.579749
0.565886
0.551665
0.537226
0.522685
0.508141
0.493676
0.479346
0.465173
0.451344
0.664533
0.658214
0.651159
0.642953
0.633373
0.622482
0.610465
0.59754
0.583922
0.5698
0.555337
0.54067
0.525917
0.511173
0.496521
0.482016
0.467692
0.453688
0.670087
0.663547
0.656228
0.64774
0.637876
0.62671
0.614431
0.601261
0.587412
0.573072
0.558406
0.54355
0.528618
0.513707
0.498898
0.484248
0.469797
0.455647
0.674545
0.667827
0.660295
0.651581
0.641489
0.630102
0.617614
0.604246
0.590211
0.575698
0.560868
0.545859
0.530785
0.51574
0.500804
0.486038
0.471486
0.457218
0.677896
0.671044
0.663353
0.654468
0.644205
0.632652
0.620006
0.606489
0.592314
0.57767
0.562719
0.547595
0.532413
0.517268
0.502237
0.487383
0.472754
0.458398
0.680134
0.673193
0.665395
0.656396
0.646018
0.634355
0.621603
0.607987
0.593719
0.578988
0.563954
0.548754
0.5335
0.518288
0.503194
0.488281
0.473601
0.459186
0.681255
0.674268
0.666417
0.657361
0.646926
0.635207
0.622402
0.608736
0.594422
0.579647
0.564572
0.549333
0.534044
0.518798
0.503672
0.48873
0.474025
0.45958
0.681255
0.674268
0.666417
0.657361
0.646926
0.635207
0.622402
0.608736
0.594422
0.579647
0.564572
0.549333
0.534044
0.518798
0.503672
0.48873
0.474025
0.459579
0.680134
0.673193
0.665395
0.656396
0.646018
0.634354
0.621603
0.607987
0.593719
0.578987
0.563954
0.548753
0.5335
0.518287
0.503193
0.488281
0.473601
0.459185
0.677896
0.671044
0.663353
0.654468
0.644205
0.632652
0.620005
0.606489
0.592314
0.57767
0.562718
0.547594
0.532412
0.517267
0.502236
0.487382
0.472754
0.458397
0.674545
0.667826
0.660295
0.65158
0.641489
0.630102
0.617613
0.604245
0.59021
0.575697
0.560867
0.545858
0.530784
0.515739
0.500804
0.486037
0.471485
0.457217
0.670087
0.663547
0.656228
0.64774
0.637876
0.626709
0.614431
0.60126
0.587411
0.573071
0.558405
0.543549
0.528617
0.513706
0.498897
0.484247
0.469796
0.455646
0.664533
0.658214
0.651158
0.642953
0.633372
0.622481
0.610464
0.597539
0.583921
0.569799
0.555335
0.540669
0.525915
0.511171
0.496519
0.482015
0.46769
0.453687
0.651838
0.645098
0.637229
0.627987
0.617424
0.605719
0.59309
0.579748
0.565884
0.551663
0.537224
0.522684
0.508139
0.493675
0.479344
0.465171
0.451342
0.644434
0.638058
0.63058
0.621731
0.611549
0.600207
0.587919
0.574898
0.561335
0.547396
0.533221
0.518927
0.504614
0.490368
0.47624
0.462243
0.448616
0.636015
0.630053
0.623019
0.614616
0.604867
0.593937
0.582037
0.569381
0.55616
0.542541
0.528666
0.514653
0.500603
0.486605
0.472707
0.45891
0.445512
0.6266
0.6211
0.61456
0.606656
0.59739
0.58692
0.575454
0.563206
0.550367
0.537106
0.523567
0.509868
0.496112
0.482392
0.468751
0.455177
0.442035
0.616209
0.611216
0.60522
0.597865
0.589133
0.57917
0.568184
0.556385
0.543968
0.531102
0.517933
0.50458
0.49115
0.477735
0.464378
0.451051
0.43819
0.604862
0.60042
0.595018
0.588261
0.58011
0.570702
0.560238
0.54893
0.536973
0.524538
0.511773
0.498799
0.485723
0.472643
0.459596
0.446539
0.433983
0.592583
0.588736
0.583974
0.577863
0.57034
0.561531
0.551631
0.540854
0.529395
0.517427
0.505098
0.492534
0.479841
0.467123
0.454412
0.441647
0.42942
0.579398
0.576186
0.572109
0.56669
0.559841
0.551673
0.54238
0.532172
0.521247
0.50978
0.497921
0.485795
0.473515
0.461185
0.448835
0.436384
0.424508
0.565334
0.562796
0.559446
0.554764
0.548632
0.541149
0.532502
0.522901
0.512545
0.501611
0.490252
0.478595
0.466754
0.454838
0.442873
0.430758
0.419253
0.548593
0.546011
0.542108
0.536735
0.529976
0.522013
0.513055
0.503303
0.492935
0.482106
0.470946
0.45957
0.448093
0.436537
0.424777
0.413665
0.533606
0.531831
0.528746
0.524172
0.518176
0.510935
0.502654
0.493538
0.483766
0.473496
0.462859
0.451974
0.44096
0.429836
0.418452
0.407751
0.517865
0.516932
0.514704
0.510967
0.505771
0.499286
0.491716
0.483267
0.474121
0.464437
0.454349
0.443979
0.433452
0.422781
0.411792
0.401519
0.501401
0.501346
0.500009
0.497145
0.492784
0.487088
0.480261
0.472508
0.464015
0.454944
0.445431
0.435599
0.425579
0.415382
0.404807
0.394979
0.48425
0.485101
0.48469
0.482733
0.479239
0.474363
0.468308
0.461281
0.453467
0.445033
0.436118
0.426846
0.417355
0.407653
0.397508
0.38814
0.468231
0.468777
0.467756
0.465161
0.461135
0.45588
0.449604
0.442495
0.434722
0.426426
0.417735
0.408792
0.399604
0.389907
0.381011
0.45077
0.452299
0.452245
0.450576
0.447427
0.442999
0.437498
0.431118
0.424027
0.416371
0.408281
0.399905
0.391247
0.382015
0.373603
0.432751
0.435288
0.436227
0.435511
0.433265
0.429687
0.424985
0.419354
0.412967
0.40597
0.398499
0.390706
0.382597
0.373843
0.365926
0.417779
0.419733
0.419994
0.418674
0.415969
0.412086
0.407225
0.401559
0.39524
0.388403
0.38121
0.373665
0.365403
0.35799
0.399804
0.402795
0.404053
0.403681
0.401868
0.398825
0.39475
0.389824
0.384197
0.378011
0.371431
0.364464
0.356708
0.349806
0.381398
0.385444
0.387719
0.388312
0.38741
0.385222
0.381952
0.37778
0.372861
0.367338
0.361385
0.355009
0.34777
0.341385
0.362596
0.367713
0.371021
0.372596
0.37262
0.371304
0.368851
0.365447
0.361248
0.356401
0.351085
0.345312
0.338602
0.332737
0.349636
0.35399
0.35656
0.357524
0.357093
0.35547
0.352845
0.349378
0.345217
0.340549
0.335388
0.329215
0.323873
0.331246
0.336657
0.340235
0.34215
0.342613
0.341832
0.339996
0.33727
0.333803
0.32979
0.325249
0.319621
0.314803
0.312579
0.319055
0.323648
0.326524
0.327891
0.327959
0.326921
0.324942
0.322177
0.318824
0.314911
0.309834
0.305538
0.301215
0.30683
0.310673
0.312951
0.313875
0.31364
0.312415
0.310356
0.307668
0.304386
0.299863
0.296085
0.28317
0.289812
0.294626
0.297819
0.299603
0.300176
0.299708
0.298358
0.296338
0.293689
0.289721
0.286454
0.272623
0.27841
0.282521
0.285168
0.28655
0.286842
0.286202
0.284849
0.282833
0.279418
0.276651
0.255294
0.262054
0.267083
0.270593
0.272786
0.273837
0.273907
0.273218
0.271833
0.268963
0.26668
0.245587
0.251532
0.255904
0.258906
0.260715
0.261491
0.261464
0.260704
0.258367
0.256541
0.229037
0.235894
0.241125
0.244933
0.247497
0.248975
0.249604
0.249464
0.24764
0.246226
0.212433
0.220197
0.226281
0.230891
0.234205
0.23638
0.237656
0.238131
0.236798
0.235717
0.204466
0.211397
0.216803
0.220863
0.223729
0.22564
0.226728
0.225869
0.224983
0.196498
0.202694
0.207494
0.211044
0.213576
0.215279
0.214921
0.21393
0.18161
0.188587
0.194122
0.198353
0.201486
0.203782
0.204043
0.202271
0.174506
0.180769
0.185683
0.189402
0.192237
0.193597
0.191023
0.160474
0.16746
0.173062
0.177394
0.180744
0.183162
0.18261
0.154216
0.160509
0.165493
0.169407
0.17277
0.174298
0.141053
0.148033
0.153687
0.158204
0.162333
0.165308
0.135642
0.141959
0.14709
0.151876
0.155847
0.130306
0.136044
0.141441
0.146194
0.125065
0.131035
0.136458
0.11416
0.120661
0.126668
0.110334
0.116855
0.10706
0.183933
0.175572
0.166689
0.15814
0.149314
0.140207
0.131055
0.121931
0.112833
0.103782
0.0948105
0.17269
0.1642
0.15422
0.145525
0.137254
0.128787
0.12029
0.111938
0.103726
0.095623
0.0876333
0.1598
0.151618
0.142063
0.134018
0.126691
0.119246
0.111723
0.104326
0.097079
0.0899363
0.0828837
0.147221
0.139711
0.131103
0.123911
0.117426
0.110842
0.104151
0.0975457
0.0910749
0.0847013
0.0784055
0.136142
0.1294
0.121749
0.115333
0.109542
0.103671
0.0976955
0.0917868
0.0859978
0.0802998
0.0746728
0.126474
0.120399
0.113584
0.107836
0.102629
0.0973607
0.0920032
0.0867029
0.0815082
0.0763959
0.0713473
0.117941
0.112444
0.106369
0.10122
0.0965342
0.0917982
0.0869889
0.0822293
0.077561
0.0729648
0.0684241
0.110379
0.105402
0.0999823
0.0953687
0.0911461
0.0868793
0.082551
0.0782658
0.0740585
0.0699129
0.0658148
0.103672
0.0991641
0.0943205
0.0901778
0.0863638
0.0825093
0.0786028
0.0747335
0.0709304
0.0671798
0.0634694
0.0977087
0.0936195
0.08928
0.0855499
0.0820959
0.0786042
0.0750682
0.0715641
0.0681163
0.0647126
0.0613428
0.0923851
0.0886696
0.0847711
0.081403
0.0782668
0.0750953
0.0718857
0.0687033
0.0655685
0.0624707
0.0594012
0.0876137
0.0842317
0.0807193
0.0776696
0.0748145
0.0719263
0.0690049
0.0661066
0.0632483
0.0604211
0.0576172
0.0833204
0.080236
0.0770625
0.0742932
0.0716874
0.0690504
0.0663842
0.0637376
0.0611245
0.0585373
0.0559693
0.0794424
0.0766239
0.0737483
0.0712267
0.0688425
0.0664288
0.0639894
0.0615664
0.0591715
0.0567979
0.0544402
0.075926
0.0733455
0.0707326
0.0684303
0.0662437
0.0640293
0.061792
0.0595683
0.0573681
0.0551856
0.053016
0.0727261
0.070359
0.0679784
0.0658709
0.0638609
0.0618248
0.0597682
0.0577228
0.0556971
0.0536859
0.0516852
0.0698042
0.0676287
0.0654542
0.0635204
0.0616689
0.0597929
0.0578983
0.0560131
0.0541442
0.0522871
0.0504385
0.0671276
0.0651245
0.0631336
0.0613551
0.0596462
0.0579143
0.0561657
0.0544246
0.0526971
0.0509793
0.0492682
0.0646683
0.0628211
0.0609941
0.0593549
0.0577747
0.056173
0.0545561
0.0529452
0.0513457
0.049754
0.0481676
0.0624027
0.0606963
0.0590162
0.0575026
0.0560388
0.054555
0.0530574
0.0515646
0.0500812
0.048604
0.047131
0.06031
0.0587316
0.0571835
0.0557832
0.0544252
0.0530485
0.0516592
0.0502737
0.0488959
0.0475231
0.0461534
0.0583728
0.0569106
0.0554816
0.0541839
0.0529222
0.0516431
0.0503524
0.0490647
0.0477833
0.0465058
0.0452307
0.0565754
0.0552192
0.053898
0.0526936
0.0515197
0.0503297
0.0491291
0.0479307
0.0467375
0.0455473
0.0443588
0.0549046
0.0536453
0.0524217
0.0513022
0.0502087
0.0491002
0.0479821
0.0468656
0.0457531
0.0446431
0.0435342
0.0533484
0.0521778
0.0510431
0.0500011
0.0489813
0.0479477
0.0469052
0.0458638
0.0448257
0.0437893
0.0427537
0.0518965
0.0508074
0.0497536
0.0487826
0.0478306
0.0468658
0.0458928
0.0449205
0.0439508
0.0429824
0.0420143
0.0505396
0.0495254
0.0485456
0.0476398
0.0467501
0.0458488
0.0449398
0.0440312
0.0431247
0.042219
0.0413134
0.0492694
0.0483244
0.0474123
0.0465664
0.0457343
0.0448914
0.0440416
0.0431919
0.0423437
0.0414961
0.0406483
0.0480787
0.0471974
0.0463476
0.0455568
0.044778
0.0439892
0.0431941
0.0423988
0.0416047
0.0408109
0.0400167
0.0469607
0.0461385
0.0453458
0.044606
0.0438764
0.0431378
0.0423934
0.0416485
0.0409045
0.0401606
0.0394161
0.0459096
0.045142
0.0444021
0.0437093
0.0430255
0.0423334
0.041636
0.040938
0.0402405
0.039543
0.0388448
0.04492
0.0442031
0.0435119
0.0428628
0.0422214
0.0415725
0.0409187
0.0402642
0.0396101
0.0389557
0.0383007
0.043987
0.0433173
0.0426711
0.0420625
0.0414606
0.040852
0.0402387
0.0396248
0.039011
0.0383968
0.037782
0.0431065
0.0424806
0.041876
0.041305
0.04074
0.0401688
0.0395934
0.0390172
0.038441
0.0378644
0.037287
0.0422743
0.0416892
0.0411233
0.0405873
0.0400566
0.0395203
0.0389802
0.0384392
0.0378981
0.0373565
0.0368141
0.041487
0.0409399
0.04041
0.0399066
0.0394079
0.0389042
0.038397
0.0378889
0.0373805
0.0368717
0.0407415
0.0402298
0.0397333
0.0392603
0.0387915
0.0383183
0.0378418
0.0373644
0.0368867
0.0364084
0.0400349
0.0395562
0.0390908
0.0386463
0.0382054
0.0377606
0.0373128
0.0368641
0.0364151
0.0359654
0.0393647
0.0389168
0.0384804
0.0380624
0.0376477
0.0372295
0.0368085
0.0363867
0.0359644
0.0355415
0.0387288
0.0383096
0.0379002
0.037507
0.0371168
0.0367234
0.0363276
0.0359308
0.0355336
0.0351358
0.0381252
0.0377327
0.0373485
0.0369785
0.0366112
0.0362411
0.0358687
0.0354954
0.0351217
0.0347473
0.0375523
0.0371847
0.036824
0.0364757
0.0361298
0.0357814
0.0354309
0.0350796
0.0347278
0.0343754
0.0370086
0.0366642
0.0363254
0.0359974
0.0356715
0.0353434
0.0350135
0.0346826
0.0343513
0.0340194
0.0364931
0.0361703
0.0358519
0.0355428
0.0352356
0.0349265
0.0346156
0.034304
0.0339917
0.033679
0.0360049
0.035702
0.0354027
0.0351113
0.0348215
0.03453
0.034237
0.0339431
0.0336488
0.0333538
0.0355432
0.0352589
0.0349772
0.0347022
0.0344287
0.0341536
0.0338772
0.0335999
0.0333222
0.0330438
0.0351076
0.0348404
0.0345751
0.0343155
0.034057
0.0337972
0.0335361
0.0332743
0.0330119
0.032749
0.034698
0.0344465
0.0341963
0.0339508
0.0337063
0.0334606
0.0332138
0.0329662
0.0327181
0.0324694
0.0343142
0.0340771
0.0338409
0.0336085
0.0333768
0.0331441
0.0329104
0.032676
0.032441
0.0322055
0.0339564
0.0337325
0.033509
0.0332886
0.0330688
0.032848
0.0326263
0.0324039
0.032181
0.0319576
0.033625
0.0334131
0.0332012
0.0329917
0.0327827
0.0325728
0.032362
0.0321506
0.0319386
0.0317262
0.0333206
0.0331194
0.032918
0.0327184
0.032519
0.032319
0.0321181
0.0319166
0.0317146
0.0315121
0.0330441
0.0328523
0.0326603
0.0324695
0.0322788
0.0320875
0.0318955
0.0317028
0.0315097
0.0313161
0.0327962
0.0326127
0.0324288
0.0322458
0.0320628
0.0318792
0.0316949
0.0315101
0.0313247
0.031139
0.0325784
0.032402
0.0322252
0.0320489
0.0318725
0.0316955
0.0315179
0.0313398
0.0311612
0.0309822
0.0323916
0.0322211
0.0320501
0.0318794
0.0317085
0.031537
0.031365
0.0311925
0.0310196
0.0308462
0.0322384
0.0320726
0.0319062
0.0317399
0.0315734
0.0314063
0.0312388
0.0310708
0.0309025
0.0307337
0.032119
0.0319564
0.0317935
0.0316304
0.031467
0.0313031
0.0311389
0.0309742
0.0308092
0.0306438
0.0320383
0.0318778
0.0317169
0.0315558
0.0313944
0.0312326
0.0310705
0.030908
0.0307452
0.0305821
0.0319945
0.0318344
0.0316739
0.0315133
0.0313523
0.0311911
0.0310295
0.0308677
0.0307056
0.0305432
0.171764
0.172527
0.174022
0.176154
0.178861
0.182084
0.185776
0.189891
0.194383
0.199206
0.204308
0.209633
0.215117
0.220685
0.226251
0.231714
0.236958
0.241847
0.246229
0.249925
0.252748
0.254466
0.254868
0.25366
0.250643
0.24541
0.237909
0.227327
0.214206
0.195976
0.170704
0.171438
0.172869
0.174912
0.177497
0.180567
0.18407
0.187958
0.192181
0.196685
0.201416
0.20631
0.211298
0.216297
0.221216
0.225948
0.230373
0.234353
0.237738
0.240352
0.24202
0.242528
0.241689
0.239248
0.235054
0.228773
0.220409
0.209437
0.196555
0.181435
0.169554
0.170256
0.17162
0.173564
0.176018
0.178922
0.182223
0.185868
0.189803
0.193972
0.198315
0.202762
0.20724
0.211662
0.215932
0.219942
0.223572
0.226685
0.229139
0.23077
0.231419
0.230899
0.229059
0.225688
0.220694
0.213835
0.2052
0.19451
0.182407
0.168608
0.168311
0.168979
0.17027
0.17211
0.174425
0.177154
0.180242
0.183633
0.18727
0.191093
0.195036
0.199027
0.202988
0.20683
0.210456
0.213755
0.216611
0.218893
0.220466
0.221183
0.220904
0.219471
0.216765
0.212628
0.207007
0.199754
0.190979
0.180531
0.168852
0.155726
0.166974
0.167604
0.16882
0.170549
0.172719
0.175267
0.178134
0.181264
0.184595
0.188063
0.191602
0.195135
0.198582
0.201851
0.204847
0.20746
0.209579
0.21108
0.211842
0.211733
0.210636
0.208421
0.205001
0.200263
0.194187
0.186688
0.177874
0.167661
0.156409
0.144042
0.165539
0.166131
0.167268
0.168883
0.170902
0.173262
0.175903
0.178764
0.181783
0.184894
0.188026
0.191103
0.194041
0.196752
0.199139
0.201098
0.202526
0.203307
0.203336
0.202498
0.200699
0.197837
0.193853
0.188673
0.182301
0.174698
0.165971
0.156089
0.145378
0.133827
0.164007
0.164558
0.165615
0.167111
0.168975
0.171141
0.17355
0.176138
0.178842
0.181593
0.18432
0.186946
0.189387
0.191556
0.193361
0.194705
0.195491
0.195617
0.194992
0.193521
0.19113
0.187745
0.18333
0.177845
0.17131
0.163721
0.155187
0.145716
0.135589
0.12482
0.162377
0.162886
0.163859
0.165233
0.166938
0.168907
0.17108
0.173392
0.175779
0.178172
0.180499
0.182681
0.18464
0.186291
0.187545
0.188315
0.188512
0.188049
0.186848
0.184835
0.181955
0.178159
0.173428
0.16775
0.161159
0.153676
0.145405
0.136381
0.126837
0.116806
0.160648
0.161114
0.162002
0.163251
0.164793
0.166563
0.168497
0.170533
0.172604
0.174642
0.176576
0.178329
0.179824
0.180982
0.181721
0.18196
0.181624
0.180638
0.178938
0.17647
0.173195
0.169084
0.164138
0.15836
0.151797
0.144485
0.136524
0.127961
0.118991
0.109662
0.158821
0.159242
0.160043
0.161166
0.162544
0.164112
0.165807
0.167567
0.169326
0.171016
0.172567
0.173906
0.17496
0.175654
0.175915
0.175671
0.174857
0.173412
0.171288
0.168445
0.164859
0.160521
0.155442
0.149642
0.143172
0.136079
0.128457
0.12036
0.111948
0.103284
0.156896
0.157272
0.157985
0.15898
0.160193
0.161559
0.163017
0.164504
0.165956
0.167307
0.168489
0.169432
0.170069
0.170332
0.170154
0.169474
0.168238
0.166398
0.163917
0.160772
0.156952
0.152461
0.147319
0.141557
0.13523
0.128391
0.121124
0.113488
0.105615
0.0975717
0.154874
0.155205
0.15583
0.156697
0.157744
0.158909
0.160132
0.161351
0.162504
0.163527
0.164356
0.164925
0.165173
0.165037
0.16446
0.163392
0.161788
0.159611
0.156839
0.153458
0.149471
0.144889
0.139741
0.134067
0.12792
0.121356
0.11445
0.107265
0.0999042
0.0924388
0.152757
0.153042
0.153579
0.154318
0.155202
0.156169
0.157161
0.158119
0.158982
0.159691
0.160184
0.160402
0.160289
0.159789
0.158855
0.157445
0.155524
0.153067
0.150062
0.146504
0.142406
0.137787
0.132681
0.127131
0.12119
0.114913
0.108369
0.101617
0.0947403
0.0878101
0.150547
0.150787
0.151236
0.151849
0.152571
0.153344
0.154111
0.154815
0.155401
0.155811
0.155988
0.15588
0.155435
0.154607
0.153356
0.151648
0.14946
0.146774
0.143588
0.139906
0.135746
0.131134
0.126107
0.120709
0.114991
0.109008
0.102818
0.0964804
0.0900576
0.0836218
0.148247
0.148442
0.148805
0.149294
0.149857
0.15044
0.150989
0.151451
0.151773
0.1519
0.151784
0.151374
0.150628
0.149507
0.147978
0.146016
0.143605
0.140738
0.137418
0.133657
0.129477
0.124908
0.119989
0.114763
0.109278
0.103588
0.0977421
0.0917976
0.0857994
0.0798191
0.14586
0.146011
0.146289
0.146657
0.147066
0.147466
0.147806
0.148037
0.148108
0.147972
0.147583
0.146899
0.145883
0.144503
0.142733
0.140558
0.137967
0.134961
0.131548
0.127747
0.123581
0.119085
0.114295
0.109255
0.104009
0.0986077
0.0930927
0.0875188
0.0819162
0.0763551
0.14339
0.143499
0.143694
0.143944
0.144205
0.144429
0.14457
0.144581
0.144418
0.144038
0.1434
0.142468
0.141212
0.139606
0.137632
0.13528
0.132548
0.129441
0.125972
0.122163
0.118041
0.113639
0.108995
0.10415
0.0991439
0.0940241
0.0888258
0.0836001
0.0783653
0.0731899
0.140842
0.140909
0.141025
0.141162
0.14128
0.141336
0.141289
0.141095
0.140714
0.14011
0.139246
0.138093
0.136626
0.134826
0.132682
0.130189
0.12735
0.124176
0.120682
0.116893
0.112837
0.108548
0.104061
0.0994148
0.0946467
0.0897994
0.0849022
0.0800029
0.0751096
0.070289
0.13822
0.138247
0.138287
0.138316
0.138298
0.138197
0.137972
0.137587
0.137007
0.136198
0.135132
0.133784
0.132135
0.130172
0.127889
0.125287
0.122372
0.119159
0.115668
0.111922
0.107951
0.103787
0.0994644
0.0950195
0.0904846
0.0858993
0.0812874
0.0766934
0.0721172
0.067623
0.13553
0.135519
0.135486
0.135413
0.135268
0.135018
0.134629
0.134069
0.133306
0.132314
0.131069
0.129551
0.127747
0.125649
0.123256
0.120574
0.117611
0.114386
0.110918
0.107235
0.103363
0.0993347
0.0951807
0.0909356
0.0866278
0.0822931
0.0779508
0.073642
0.06936
0.0651665
0.132778
0.13273
0.13263
0.13246
0.132195
0.131808
0.131268
0.130548
0.129622
0.128467
0.127065
0.125401
0.123468
0.121262
0.118787
0.116049
0.113063
0.109847
0.106423
0.102816
0.099055
0.0951685
0.0911854
0.0871372
0.083049
0.0789534
0.0748653
0.0708228
0.0668137
0.0628974
0.12997
0.129889
0.129724
0.129464
0.12909
0.128576
0.127898
0.127034
0.125962
0.124664
0.123127
0.121342
0.119304
0.117015
0.11448
0.11171
0.108722
0.105534
0.102169
0.0986519
0.095009
0.0912684
0.0874559
0.0836005
0.0797238
0.0758555
0.0720067
0.0682129
0.0644573
0.0607968
0.127113
0.127
0.126776
0.126434
0.125958
0.12533
0.124528
0.123535
0.122335
0.120914
0.119264
0.117379
0.115259
0.112908
0.110335
0.107555
0.104582
0.101438
0.0981446
0.0947264
0.0912078
0.0876151
0.0839716
0.0803037
0.0766301
0.0729773
0.0693538
0.065792
0.062272
0.058848
0.124213
0.124071
0.123793
0.123376
0.122809
0.122077
0.121165
0.12006
0.118749
0.117224
0.11548
0.113516
0.111334
0.108943
0.106352
0.103577
0.100636
0.0975494
0.0943379
0.0910255
0.087635
0.0841906
0.0807134
0.0772271
0.0737477
0.0702993
0.0668876
0.0635425
0.0602415
0.0570364
0.121279
0.121111
0.120784
0.120299
0.11965
0.118826
0.117818
0.116616
0.115211
0.1136
0.111781
0.109757
0.107533
0.105118
0.102527
0.0997739
0.0968777
0.0938585
0.090737
0.0875356
0.0842753
0.0809784
0.0776637
0.0743526
0.0710588
0.0678037
0.0645911
0.0614484
0.0583514
0.0553493
0.118317
0.118126
0.117755
0.11721
0.116489
0.115585
0.114494
0.113209
0.111727
0.110048
0.108172
0.106105
0.103855
0.101434
0.0988568
0.0961388
0.0932985
0.0903557
0.0873304
0.0842434
0.0811141
0.0779628
0.0748064
0.0716638
0.0685469
0.0654748
0.0624493
0.0594959
0.056589
0.0537753
0.115336
0.115124
0.114715
0.114117
0.113333
0.112362
0.1112
0.109848
0.108304
0.106571
0.104654
0.102561
0.100301
0.0978888
0.0953381
0.0926662
0.089891
0.0870316
0.084107
0.0811365
0.0781379
0.0751296
0.0721267
0.0691459
0.0661974
0.0632982
0.0604487
0.0576724
0.0549429
0.0523044
0.112343
0.112113
0.111671
0.111028
0.110191
0.109162
0.107943
0.106537
0.104945
0.103174
0.101231
0.0991264
0.096871
0.0944792
0.0919666
0.0893503
0.0866476
0.0838771
0.0810562
0.0782032
0.0753341
0.0724656
0.069611
0.0667853
0.063997
0.0612613
0.0585774
0.0559668
0.053403
0.0509277
0.109346
0.109101
0.108631
0.10795
0.107069
0.105994
0.10473
0.103282
0.101656
0.0998612
0.097906
0.0958022
0.093563
0.091203
0.0887381
0.086185
0.0835609
0.0808831
0.078168
0.0754324
0.072691
0.0699587
0.0672472
0.0645698
0.0619337
0.0593525
0.0568244
0.0543691
0.0519603
0.0496371
0.106354
0.106096
0.105603
0.104891
0.103975
0.102863
0.101565
0.100088
0.0984411
0.0966344
0.0946792
0.0925883
0.0903759
0.0880571
0.0856478
0.0831645
0.0806235
0.0780412
0.0754329
0.072814
0.0701978
0.0675976
0.0650238
0.0624882
0.0599968
0.0575615
0.0551801
0.0528704
0.0506067
0.0484256
0.103374
0.103106
0.102594
0.101859
0.100916
0.0997773
0.0984553
0.0969604
0.0953034
0.0934963
0.091552
0.0894843
0.087308
0.0850384
0.0826914
0.0802828
0.0778283
0.0753433
0.072842
0.0703384
0.0678444
0.0653722
0.0629307
0.0605305
0.0581764
0.0558791
0.0536358
0.0514628
0.049335
0.0472867
0.100413
0.100137
0.0996121
0.0988593
0.0978971
0.0967412
0.0954055
0.0939028
0.0922462
0.090449
0.0885252
0.0864896
0.0843572
0.0821436
0.0798641
0.0775342
0.0751687
0.0727819
0.0703869
0.0679966
0.0656217
0.0632731
0.0609585
0.0586874
0.0564636
0.0542967
0.0521836
0.050139
0.0481387
0.0462146
0.0974796
0.0971986
0.0966642
0.0958998
0.094926
0.0937608
0.0924202
0.0909191
0.0892721
0.0874938
0.0855991
0.0836032
0.0815215
0.0793693
0.0771616
0.0749132
0.0726381
0.0703496
0.06806
0.0657806
0.0635213
0.0612918
0.0590988
0.0569507
0.0548506
0.052807
0.0508165
0.0488925
0.0470118
0.0452041
0.0945811
0.0942969
0.0937571
0.0929867
0.0920081
0.0908412
0.0895039
0.0880128
0.0863837
0.0846321
0.0827738
0.0808241
0.0787985
0.0767121
0.0745794
0.0724145
0.0702306
0.06804
0.0658539
0.0636828
0.0615355
0.0594205
0.0573439
0.0553129
0.0533302
0.0514031
0.0495281
0.0477175
0.0459492
0.0442505
0.0917245
0.0914391
0.0908977
0.0901263
0.089149
0.0879873
0.0866606
0.0851868
0.0835828
0.0818649
0.0800491
0.0781511
0.0761861
0.0741688
0.0721134
0.0700332
0.0679404
0.0658466
0.0637621
0.0616963
0.0596571
0.0576522
0.0556868
0.0537673
0.0518957
0.0500788
0.0483128
0.0466088
0.044946
0.0433497
0.0889168
0.088632
0.0880922
0.0873245
0.086354
0.0852036
0.083894
0.082444
0.0808714
0.0791929
0.0774248
0.0755827
0.0736818
0.0717363
0.0697596
0.0677644
0.0657623
0.0637638
0.0617784
0.0598147
0.0578798
0.0559804
0.0541211
0.0523076
0.0505415
0.0488286
0.0471654
0.0455617
0.0439981
0.0424978
0.0861646
0.0858819
0.0853468
0.0845869
0.0836281
0.0824944
0.0812074
0.0797868
0.0782508
0.0766166
0.0749004
0.0731178
0.0712835
0.0694113
0.0675142
0.0656039
0.0636914
0.0617863
0.0598974
0.0580324
0.0561977
0.0543993
0.0526413
0.0509285
0.0492623
0.0476477
0.0460813
0.044572
0.0431016
0.0416914
0.083474
0.083195
0.0826672
0.0819187
0.0809759
0.0798635
0.078604
0.0772175
0.0757225
0.0741364
0.0724754
0.0707549
0.068989
0.0671912
0.0653736
0.0635476
0.0617231
0.0599093
0.0581139
0.0563441
0.0546056
0.0529038
0.0512422
0.049625
0.0480533
0.0465316
0.0450565
0.043636
0.0422532
0.0409275
0.0808512
0.0805769
0.0800588
0.0793247
0.0784016
0.0773146
0.0760865
0.0747379
0.0732876
0.0717527
0.0701494
0.0684926
0.0667963
0.0650731
0.0633347
0.0615917
0.0598534
0.0581282
0.0564233
0.0547452
0.0530988
0.0514891
0.0499191
0.0483926
0.0469104
0.0454763
0.0440872
0.0427502
0.0414498
0.0402035
0.0783016
0.0780332
0.0775266
0.0768097
0.0759093
0.0748509
0.0736576
0.0723501
0.070947
0.0694657
0.0679217
0.0663299
0.0647034
0.0630546
0.0613944
0.0597328
0.0580785
0.0564392
0.0548215
0.0532312
0.051673
0.0501511
0.0486682
0.0472276
0.0458299
0.0444785
0.0431704
0.0419118
0.0406888
0.0395169
0.0758306
0.075569
0.0750755
0.0743778
0.0735027
0.0724756
0.0713196
0.0700554
0.0687018
0.0672755
0.0657919
0.0642654
0.0627086
0.0611334
0.05955
0.0579679
0.056395
0.0548386
0.0533047
0.0517986
0.0503244
0.048886
0.0474856
0.0461263
0.0448084
0.0435349
0.042303
0.0411183
0.0399678
0.0388658
0.0734431
0.0731889
0.0727099
0.0720331
0.0711852
0.0701914
0.0690747
0.0678556
0.0665526
0.0651822
0.0637595
0.0622981
0.0608104
0.0593074
0.0577991
0.0562941
0.0548
0.0533234
0.0518697
0.050444
0.0490498
0.0476905
0.0463684
0.0450858
0.0438431
0.042643
0.0414827
0.0403672
0.0392848
0.0382482
0.0711437
0.0708976
0.0704339
0.0697794
0.0689601
0.068001
0.0669249
0.065752
0.0645003
0.0631862
0.061824
0.0604271
0.0590072
0.0575749
0.0561395
0.054709
0.0532907
0.0518905
0.0505136
0.0491643
0.0478461
0.0465619
0.0453136
0.0441034
0.0429316
0.0418004
0.0407073
0.0396567
0.0386382
0.0376628
0.0689367
0.068699
0.0682515
0.0676201
0.0668304
0.065907
0.0648722
0.0637458
0.0625457
0.0612875
0.0599852
0.0586516
0.057298
0.0559343
0.0545692
0.0532106
0.0518649
0.0505378
0.0492339
0.0479572
0.0467109
0.0454975
0.0443189
0.0431769
0.0420716
0.0410051
0.0399751
0.0389853
0.0380264
0.0371082
0.0668262
0.0665972
0.0661662
0.0655585
0.064799
0.0639116
0.0629183
0.0618385
0.0606894
0.0594864
0.0582428
0.056971
0.0556816
0.0543841
0.0530869
0.051797
0.0505206
0.0492629
0.0480283
0.0468204
0.045642
0.0444954
0.0433823
0.0423043
0.0412615
0.0402555
0.0392844
0.0383514
0.0374482
0.0365835
0.0648161
0.0645958
0.0641815
0.0635976
0.0628684
0.0620171
0.061065
0.0600313
0.0589324
0.0577833
0.0565969
0.0553848
0.0541573
0.0529235
0.051691
0.0504666
0.0492562
0.0480644
0.0468953
0.0457522
0.0446376
0.0435539
0.0425022
0.0414841
0.0404997
0.0395503
0.0386343
0.0377542
0.0369029
0.0360879
0.0629099
0.0626984
0.0623007
0.0617406
0.0610414
0.0602256
0.0593142
0.0583254
0.0572755
0.0561786
0.0550473
0.0538928
0.0527246
0.0515515
0.0503806
0.0492185
0.0480703
0.0469407
0.0458332
0.044751
0.0436964
0.0426714
0.0416772
0.0407151
0.0397851
0.0388884
0.0380236
0.0371928
0.0363897
0.0356208
0.0611112
0.0609083
0.060527
0.0599902
0.0593204
0.0585394
0.0576674
0.0567223
0.0557196
0.054673
0.0535946
0.0524949
0.0513832
0.0502676
0.0491551
0.0480516
0.0469621
0.0458908
0.0448411
0.0438159
0.0428173
0.0418471
0.0409064
0.0399963
0.0391169
0.0382692
0.0374518
0.0366666
0.0359082
0.035182
0.0594233
0.0592288
0.0588635
0.0583493
0.057708
0.0569606
0.0561267
0.0552234
0.0542659
0.0532672
0.052239
0.0511913
0.050133
0.0490717
0.048014
0.0469655
0.0459309
0.0449141
0.0439183
0.0429461
0.0419995
0.0410801
0.040189
0.0393271
0.0384945
0.037692
0.0369185
0.0361755
0.0354582
0.0347714
0.0578496
0.0576632
0.0573133
0.0568208
0.0562068
0.0554916
0.0546939
0.0538304
0.0529157
0.0519624
0.0509815
0.0499827
0.0489744
0.0479638
0.0469572
0.04596
0.0449764
0.0440101
0.0430643
0.0421411
0.0412426
0.0403702
0.0395248
0.0387072
0.0379177
0.0371568
0.0364236
0.0357192
0.0350398
0.034389
0.0563936
0.0562149
0.0558795
0.0554076
0.0548195
0.0541347
0.0533712
0.0525452
0.0516706
0.0507597
0.049823
0.0488697
0.0479079
0.0469444
0.0459852
0.0450352
0.0440987
0.0431791
0.0422791
0.041401
0.0405466
0.0397172
0.0389136
0.0381367
0.0373866
0.0366637
0.0359672
0.0352982
0.0346532
0.0340353
0.0550589
0.0548874
0.0545656
0.0541131
0.0535491
0.0528926
0.052161
0.0513698
0.0505325
0.0496608
0.0487649
0.0478536
0.0469345
0.0460143
0.0450984
0.0441918
0.0432983
0.0424212
0.0415631
0.0407261
0.0399118
0.0391215
0.0383559
0.0376159
0.0369014
0.036213
0.0355498
0.0349127
0.0342989
0.0337108
0.0538492
0.0536844
0.0533752
0.0529404
0.0523988
0.0517683
0.051066
0.0503067
0.0495035
0.0486677
0.047809
0.0469359
0.0460556
0.0451746
0.0442981
0.0434307
0.0425761
0.0417374
0.040917
0.0401169
0.0393388
0.0385836
0.0378523
0.0371453
0.0364629
0.0358053
0.0351721
0.0345636
0.0339777
0.0334162
0.0527688
0.0526101
0.0523123
0.0518936
0.0513721
0.0507653
0.0500894
0.0493589
0.0485864
0.0477828
0.0469575
0.0461186
0.0452731
0.0444272
0.0435858
0.0427534
0.0419334
0.0411288
0.040342
0.0395748
0.0388286
0.0381047
0.0374036
0.036726
0.0360719
0.0354417
0.0348349
0.0342517
0.0336905
0.0331524
0.0518222
0.0516688
0.0513812
0.0509768
0.0504732
0.0498873
0.0492348
0.0485297
0.0477843
0.047009
0.0462131
0.0454043
0.0445894
0.0437742
0.0429635
0.0421617
0.0413719
0.0405972
0.0398396
0.0391011
0.0383829
0.0376861
0.0370114
0.0363592
0.0357298
0.0351234
0.0345395
0.0339783
0.0334385
0.0329209
0.0510147
0.0508659
0.050587
0.050195
0.0497068
0.0491388
0.0485064
0.0478232
0.047101
0.0463501
0.0455793
0.0447962
0.0440073
0.0432183
0.0424339
0.0416581
0.0408941
0.0401447
0.039412
0.0386978
0.0380033
0.0373296
0.0366772
0.0360467
0.0354382
0.0348519
0.0342874
0.0337449
0.0332232
0.0327227
0.0503522
0.0502073
0.0499356
0.0495538
0.0490784
0.0485252
0.0479094
0.0472442
0.0465411
0.0458102
0.0450601
0.0442981
0.0435306
0.0427632
0.0420002
0.0412457
0.0405029
0.0397742
0.0390619
0.0383675
0.0376924
0.0370375
0.0364034
0.0357905
0.0351991
0.0346292
0.0340806
0.0335532
0.0330463
0.0325601
0.0498417
0.0496998
0.0494337
0.0490599
0.0485943
0.0480527
0.0474497
0.0467984
0.0461101
0.0453946
0.0446604
0.0439148
0.0431638
0.0424129
0.0416665
0.0409285
0.0402018
0.0394891
0.0387924
0.0381134
0.0374531
0.0368126
0.0361925
0.0355932
0.0350149
0.0344576
0.0339211
0.0334053
0.0329097
0.032434
0.0494913
0.0493514
0.0490892
0.0487208
0.0482621
0.0477285
0.0471343
0.0464926
0.0458144
0.0451096
0.0443864
0.0436519
0.0429123
0.0421728
0.0414377
0.0407109
0.0399954
0.0392936
0.0386076
0.037939
0.037289
0.0366584
0.0360479
0.0354578
0.0348884
0.0343398
0.0338116
0.0333039
0.0328162
0.0323482
0.0493106
0.0491717
0.0489115
0.0485459
0.0480908
0.0475613
0.0469717
0.0463349
0.045662
0.0449627
0.0442451
0.0435164
0.0427826
0.0420489
0.0413198
0.0405988
0.039889
0.0391928
0.0385124
0.0378492
0.0372043
0.0365788
0.0359732
0.035388
0.0348231
0.0342789
0.0337549
0.0332512
0.0327672
0.0323027
0.178678
0.179479
0.181105
0.18341
0.186372
0.189933
0.194074
0.198769
0.203998
0.20976
0.216048
0.222861
0.230205
0.23808
0.246499
0.255465
0.264995
0.275092
0.285777
0.297052
0.308938
0.321432
0.334558
0.348298
0.362684
0.377664
0.3933
0.40945
0.426289
0.443414
0.17867
0.179471
0.181097
0.183401
0.186363
0.189923
0.194064
0.198758
0.203987
0.209747
0.216034
0.222846
0.230187
0.23806
0.246476
0.255438
0.264962
0.275054
0.285731
0.296997
0.308872
0.321352
0.334463
0.348183
0.362546
0.377498
0.393102
0.409213
0.426007
0.443075
0.178653
0.179454
0.181079
0.183384
0.186344
0.189904
0.194044
0.198737
0.203964
0.209722
0.216007
0.222815
0.230152
0.23802
0.246429
0.255383
0.264898
0.274977
0.28564
0.296887
0.30874
0.321194
0.334272
0.347953
0.362271
0.377167
0.392706
0.408738
0.425443
0.442399
0.178628
0.179428
0.181053
0.183357
0.186317
0.189875
0.194013
0.198705
0.20393
0.209685
0.215965
0.222769
0.230099
0.237959
0.246358
0.255301
0.264801
0.274862
0.285502
0.296722
0.308542
0.320956
0.333986
0.347609
0.361858
0.376671
0.392112
0.408026
0.424598
0.441385
0.178595
0.179395
0.181019
0.183322
0.18628
0.189837
0.193973
0.198662
0.203884
0.209635
0.21591
0.222707
0.230029
0.237879
0.246265
0.255191
0.264671
0.274708
0.285318
0.296502
0.308279
0.320639
0.333605
0.347151
0.361308
0.37601
0.391322
0.407079
0.423472
0.440034
0.178553
0.179352
0.180976
0.183277
0.186235
0.18979
0.193923
0.198609
0.203826
0.209572
0.215841
0.222629
0.229941
0.237778
0.246148
0.255054
0.264509
0.274516
0.285089
0.296228
0.307949
0.320243
0.333129
0.346578
0.360621
0.375184
0.390335
0.405896
0.422067
0.43835
0.178503
0.179301
0.180924
0.183224
0.18618
0.189733
0.193863
0.198545
0.203757
0.209497
0.215758
0.222537
0.229836
0.237657
0.246008
0.25489
0.264316
0.274286
0.284815
0.295899
0.307555
0.319768
0.332559
0.345892
0.359797
0.374195
0.389153
0.404479
0.420385
0.436333
0.178444
0.179242
0.180863
0.183162
0.186116
0.189666
0.193792
0.198471
0.203677
0.20941
0.215661
0.222429
0.229714
0.237516
0.245844
0.254699
0.26409
0.274018
0.284495
0.295516
0.307095
0.319215
0.331894
0.345093
0.358838
0.373043
0.387776
0.402829
0.418427
0.433987
0.178377
0.179174
0.180794
0.183092
0.186043
0.189591
0.193707
0.198385
0.203586
0.20931
0.215551
0.222305
0.229574
0.237356
0.245658
0.25448
0.263832
0.273711
0.28413
0.295078
0.30657
0.318584
0.331136
0.344181
0.357744
0.371729
0.386206
0.400949
0.416196
0.431313
0.178302
0.179098
0.180717
0.183012
0.185961
0.189507
0.193631
0.198289
0.203483
0.209198
0.215428
0.222167
0.229417
0.237176
0.245449
0.254235
0.263543
0.273368
0.283719
0.294587
0.30598
0.317875
0.330284
0.343156
0.356516
0.370254
0.384445
0.398839
0.413694
0.428317
0.178219
0.179014
0.180631
0.182924
0.18587
0.189413
0.19353
0.198182
0.20337
0.209074
0.215291
0.222014
0.229243
0.236976
0.245217
0.253963
0.263222
0.272986
0.283264
0.294041
0.305326
0.317089
0.32934
0.34202
0.355154
0.368619
0.382492
0.396502
0.410923
0.425001
0.178128
0.178921
0.180536
0.182828
0.18577
0.189309
0.193419
0.198066
0.203245
0.208938
0.215141
0.221845
0.229052
0.236756
0.244962
0.253665
0.262869
0.272567
0.282765
0.293443
0.304608
0.316226
0.328303
0.340774
0.353659
0.366826
0.380352
0.39394
0.407888
0.42137
0.178028
0.17882
0.180433
0.182722
0.185661
0.189197
0.1933
0.197939
0.203109
0.20879
0.214977
0.221662
0.228844
0.236517
0.244685
0.25334
0.262486
0.272112
0.282221
0.292791
0.303827
0.315286
0.327175
0.339417
0.352033
0.364875
0.378024
0.391156
0.404591
0.417428
0.17792
0.178711
0.180322
0.182608
0.185544
0.189075
0.193172
0.197803
0.202962
0.20863
0.2148
0.221464
0.228619
0.236259
0.244385
0.252989
0.262071
0.271619
0.281633
0.292087
0.302982
0.31427
0.325955
0.337951
0.350277
0.362769
0.375512
0.388153
0.401036
0.413181
0.177804
0.178594
0.180203
0.182486
0.185418
0.188944
0.193034
0.197656
0.202805
0.208459
0.214611
0.221251
0.228378
0.235982
0.244063
0.252612
0.261626
0.27109
0.281001
0.29133
0.302074
0.313179
0.324645
0.336377
0.348391
0.360508
0.372818
0.384933
0.397227
0.408633
0.17768
0.178468
0.180075
0.182355
0.185283
0.188804
0.192887
0.1975
0.202637
0.208275
0.214408
0.221025
0.22812
0.235686
0.24372
0.252209
0.26115
0.270524
0.280326
0.290521
0.301104
0.312013
0.323246
0.334696
0.346378
0.358095
0.369942
0.381499
0.393168
0.40379
0.177548
0.178335
0.179939
0.182216
0.18514
0.188651
0.19273
0.197334
0.202458
0.20808
0.214193
0.220783
0.227846
0.235372
0.243354
0.25178
0.260644
0.269922
0.279608
0.289661
0.300072
0.310774
0.321758
0.332908
0.344238
0.355532
0.366889
0.377854
0.388864
0.398659
0.177408
0.178193
0.179795
0.182069
0.184988
0.188486
0.192564
0.197158
0.202268
0.207874
0.213965
0.220528
0.227557
0.235038
0.242967
0.251326
0.260108
0.269285
0.278847
0.28875
0.298979
0.30946
0.320182
0.331015
0.341973
0.352819
0.363661
0.374003
0.38432
0.393247
0.177259
0.178044
0.179643
0.181914
0.184829
0.188342
0.192388
0.196972
0.202069
0.207657
0.213724
0.220259
0.227251
0.234687
0.242559
0.250848
0.259542
0.268612
0.278044
0.287788
0.297825
0.308074
0.318518
0.329018
0.339584
0.34996
0.36026
0.369949
0.379539
0.387559
0.177103
0.177887
0.179483
0.18175
0.184662
0.188161
0.192203
0.196777
0.201859
0.207428
0.213472
0.219975
0.226929
0.234317
0.242129
0.250344
0.258947
0.267905
0.277199
0.286776
0.296611
0.306615
0.316769
0.326919
0.337073
0.346956
0.356689
0.365695
0.374529
0.381603
0.176939
0.177721
0.179315
0.181579
0.184485
0.187974
0.19201
0.196572
0.201639
0.207188
0.213207
0.219679
0.226592
0.23393
0.241679
0.249816
0.258323
0.267162
0.276313
0.285714
0.295337
0.305086
0.314934
0.324717
0.334441
0.34381
0.352951
0.361245
0.369293
0.375386
0.176768
0.177548
0.179139
0.181399
0.1843
0.187781
0.191808
0.196359
0.201409
0.206938
0.21293
0.219369
0.22624
0.233525
0.241208
0.249263
0.257669
0.266386
0.275385
0.284603
0.294005
0.303485
0.313015
0.322415
0.331691
0.340523
0.34905
0.356604
0.363837
0.368916
0.176588
0.177368
0.178956
0.181212
0.184105
0.187581
0.191598
0.196136
0.20117
0.206677
0.212641
0.219045
0.225873
0.233103
0.240717
0.248687
0.256988
0.265575
0.274417
0.283443
0.292614
0.301815
0.311013
0.320014
0.328824
0.337098
0.344987
0.351776
0.358168
0.362202
0.176401
0.17718
0.178764
0.181017
0.183901
0.187372
0.19138
0.195904
0.20092
0.206405
0.212341
0.218709
0.22549
0.232663
0.240206
0.248087
0.256278
0.264731
0.273409
0.282235
0.291165
0.300076
0.308928
0.317515
0.325841
0.333537
0.340767
0.346765
0.352291
0.35525
0.176206
0.176984
0.178565
0.180815
0.183705
0.187154
0.191153
0.195663
0.200662
0.206123
0.21203
0.218359
0.225093
0.232206
0.239675
0.247464
0.255541
0.263854
0.272361
0.28098
0.289659
0.298268
0.306762
0.31492
0.322745
0.329843
0.336392
0.341576
0.346212
0.34807
0.176004
0.176781
0.178359
0.180605
0.183484
0.186929
0.190917
0.195414
0.200393
0.205831
0.211707
0.217998
0.224682
0.231733
0.239125
0.246817
0.254777
0.262944
0.271274
0.279677
0.288097
0.296394
0.304516
0.31223
0.319536
0.326018
0.331867
0.336212
0.339938
0.34067
0.175794
0.17657
0.178145
0.180386
0.183258
0.186697
0.190674
0.195156
0.200116
0.205529
0.211373
0.217623
0.224257
0.231244
0.238555
0.246148
0.253985
0.262002
0.270148
0.278328
0.28648
0.294453
0.30219
0.309446
0.316218
0.322065
0.327193
0.33068
0.333475
0.333058
0.175577
0.176352
0.177925
0.180159
0.183026
0.186457
0.190423
0.194889
0.19983
0.205217
0.211028
0.217237
0.223818
0.230738
0.237967
0.245457
0.253167
0.261028
0.268984
0.276934
0.284807
0.292446
0.299787
0.30657
0.312792
0.317986
0.322376
0.324982
0.326828
0.325243
0.175352
0.176127
0.177697
0.179933
0.182787
0.18621
0.190163
0.194615
0.199535
0.204896
0.210673
0.216839
0.223365
0.230217
0.23736
0.244744
0.252322
0.260023
0.267783
0.275494
0.28308
0.290375
0.297306
0.303604
0.30926
0.313784
0.317418
0.319124
0.320005
0.317233
0.17512
0.175895
0.177462
0.179692
0.182541
0.185955
0.189897
0.194332
0.199231
0.204565
0.210307
0.216429
0.222899
0.22968
0.236734
0.244009
0.251452
0.258987
0.266544
0.274009
0.281299
0.28824
0.29475
0.300548
0.305623
0.309461
0.312323
0.313111
0.313012
0.309037
0.174881
0.175655
0.177218
0.179444
0.182288
0.185692
0.189622
0.194041
0.198919
0.204225
0.209932
0.216007
0.222419
0.229128
0.236091
0.243253
0.250556
0.25792
0.265268
0.272481
0.279465
0.286041
0.292119
0.297405
0.301884
0.305021
0.307095
0.306946
0.305856
0.300662
0.174634
0.175409
0.176967
0.17919
0.182027
0.185423
0.18934
0.193743
0.198598
0.203876
0.209546
0.215574
0.221927
0.228561
0.23543
0.242476
0.249635
0.256823
0.263956
0.270908
0.277579
0.283781
0.289413
0.294175
0.298044
0.300466
0.301736
0.300635
0.298542
0.292117
0.174381
0.175156
0.176716
0.17893
0.181761
0.185147
0.189051
0.193437
0.19827
0.203518
0.20915
0.215131
0.221422
0.227979
0.234752
0.241678
0.24869
0.255696
0.262608
0.269293
0.275642
0.28146
0.286636
0.290861
0.294105
0.295798
0.296249
0.294182
0.291077
0.283407
0.17412
0.174896
0.176452
0.178663
0.181487
0.184864
0.188755
0.193123
0.197933
0.203152
0.208745
0.214676
0.220905
0.227383
0.234058
0.240861
0.24772
0.254541
0.261225
0.267636
0.273654
0.279078
0.283786
0.287464
0.290069
0.291021
0.290639
0.287592
0.283468
0.274539
0.173853
0.17463
0.176181
0.178389
0.181207
0.184574
0.188452
0.192802
0.197589
0.202777
0.208331
0.214212
0.220376
0.226773
0.233346
0.240023
0.246727
0.253356
0.259807
0.265936
0.271615
0.276636
0.280866
0.283984
0.285937
0.286136
0.284906
0.280867
0.275717
0.265514
0.173579
0.174357
0.175905
0.178109
0.180919
0.184277
0.188142
0.192473
0.197236
0.202392
0.207905
0.213734
0.219832
0.226146
0.232614
0.239161
0.245704
0.252137
0.258349
0.264189
0.26952
0.274129
0.27787
0.280419
0.281707
0.281144
0.279052
0.274012
0.26783
0.256332
0.173298
0.174077
0.175623
0.177823
0.180626
0.183974
0.187825
0.192138
0.196875
0.201999
0.207471
0.213246
0.219276
0.225504
0.231865
0.238279
0.244657
0.250889
0.256855
0.262399
0.267375
0.271563
0.274805
0.276776
0.277387
0.276056
0.273089
0.267044
0.259823
0.247003
0.173011
0.173792
0.175336
0.177533
0.180331
0.18367
0.187509
0.191805
0.19652
0.201614
0.207047
0.21277
0.218735
0.224878
0.231133
0.237414
0.243628
0.249656
0.255373
0.260617
0.265231
0.268989
0.271721
0.2731
0.27302
0.270906
0.267044
0.259986
0.251723
0.237531
0.172717
0.173501
0.175045
0.177241
0.180035
0.183369
0.187199
0.191482
0.196179
0.201247
0.206644
0.212321
0.218224
0.224288
0.23044
0.23659
0.242638
0.248461
0.253924
0.258858
0.263095
0.266405
0.268602
0.269361
0.268553
0.26562
0.260809
0.252696
0.243347
0.227701
0.172415
0.173199
0.174736
0.176923
0.179704
0.18302
0.186827
0.191081
0.19574
0.200762
0.2061
0.211704
0.217516
0.223468
0.229482
0.235464
0.241309
0.246885
0.252053
0.256637
0.260459
0.263286
0.264918
0.265036
0.263484
0.259738
0.253972
0.244849
0.234308
0.217285
0.17241
0.173194
0.174731
0.176918
0.179699
0.183016
0.186823
0.191077
0.195736
0.200758
0.206096
0.2117
0.217512
0.223464
0.229478
0.23546
0.241305
0.246881
0.252049
0.256633
0.260455
0.263281
0.264914
0.26503
0.263479
0.259732
0.253966
0.244843
0.234302
0.217279
0.172712
0.173496
0.17504
0.177236
0.18003
0.183364
0.187194
0.191478
0.196175
0.201243
0.20664
0.212317
0.21822
0.224284
0.230436
0.236586
0.242635
0.248457
0.25392
0.258854
0.263091
0.2664
0.268597
0.269356
0.268547
0.265614
0.260804
0.25269
0.243341
0.227695
0.173006
0.173787
0.175332
0.177529
0.180326
0.183666
0.187505
0.191801
0.196517
0.201611
0.207043
0.212767
0.218731
0.224875
0.23113
0.237411
0.243624
0.249652
0.25537
0.260613
0.265227
0.268985
0.271716
0.273095
0.273015
0.270901
0.267038
0.25998
0.251717
0.237525
0.173294
0.174073
0.175619
0.177819
0.180622
0.18397
0.187821
0.192134
0.196872
0.201996
0.207467
0.213242
0.219273
0.2255
0.231861
0.238275
0.244654
0.250885
0.256851
0.262395
0.267371
0.271559
0.2748
0.276771
0.277382
0.27605
0.273083
0.267038
0.259817
0.246996
0.173575
0.174353
0.175901
0.178105
0.180915
0.184273
0.188138
0.192469
0.197232
0.202389
0.207902
0.21373
0.219829
0.226142
0.232611
0.239158
0.245701
0.252134
0.258345
0.264185
0.269516
0.274125
0.277865
0.280414
0.281702
0.281139
0.279046
0.274006
0.267823
0.256325
0.173849
0.174626
0.176177
0.178385
0.181203
0.18457
0.188449
0.192799
0.197585
0.202773
0.208328
0.214208
0.220373
0.22677
0.233343
0.240019
0.246723
0.253352
0.259803
0.265932
0.271611
0.276632
0.280861
0.283979
0.285932
0.286131
0.284901
0.280861
0.275711
0.265507
0.174116
0.174892
0.176448
0.178659
0.181483
0.18486
0.188752
0.19312
0.19793
0.203148
0.208742
0.214673
0.220902
0.22738
0.234054
0.240857
0.247717
0.254537
0.261221
0.267632
0.27365
0.279074
0.283782
0.287459
0.290064
0.291016
0.290633
0.287586
0.283462
0.274532
0.174377
0.175152
0.176712
0.178926
0.181757
0.185143
0.189048
0.193433
0.198266
0.203515
0.209147
0.215127
0.221419
0.227976
0.234749
0.241675
0.248687
0.255693
0.262604
0.269289
0.275638
0.281455
0.286631
0.290856
0.2941
0.295793
0.296244
0.294177
0.291071
0.283401
0.174631
0.175405
0.176964
0.179187
0.182024
0.18542
0.189337
0.193739
0.198595
0.203873
0.209543
0.215571
0.221924
0.228558
0.235427
0.242473
0.249632
0.25682
0.263952
0.270905
0.277576
0.283777
0.289409
0.294171
0.298039
0.30046
0.30173
0.30063
0.298536
0.29211
0.174877
0.175652
0.177215
0.17944
0.182284
0.185689
0.189619
0.194038
0.198916
0.204222
0.209928
0.216004
0.222416
0.229125
0.236088
0.24325
0.250553
0.257917
0.265264
0.272477
0.279462
0.286037
0.292114
0.2974
0.301879
0.305016
0.307089
0.306941
0.30585
0.300656
0.175116
0.175891
0.177458
0.179689
0.182538
0.185951
0.189893
0.194329
0.199228
0.204562
0.210304
0.216426
0.222896
0.229677
0.236731
0.244006
0.251449
0.258984
0.26654
0.274006
0.281295
0.288236
0.294746
0.300544
0.305619
0.309456
0.312318
0.313105
0.313007
0.309031
0.175349
0.176123
0.177693
0.17993
0.182784
0.186206
0.19016
0.194612
0.199532
0.204893
0.21067
0.216836
0.223362
0.230214
0.237357
0.244741
0.252319
0.26002
0.26778
0.275491
0.283076
0.290371
0.297302
0.303599
0.309255
0.313779
0.317413
0.319119
0.32
0.317227
0.175573
0.176349
0.177921
0.180155
0.183023
0.186454
0.19042
0.194886
0.199827
0.205214
0.211025
0.217234
0.223815
0.230736
0.237964
0.245454
0.253164
0.261026
0.268981
0.276931
0.284803
0.292442
0.299783
0.306566
0.312788
0.317981
0.322371
0.324977
0.326823
0.325237
0.175791
0.176567
0.178142
0.180383
0.183255
0.186694
0.190671
0.195153
0.200113
0.205526
0.21137
0.217621
0.224254
0.231241
0.238552
0.246146
0.253982
0.261999
0.270146
0.278325
0.286476
0.294449
0.302187
0.309442
0.316214
0.32206
0.327189
0.330674
0.333469
0.333052
0.176001
0.176777
0.178356
0.180602
0.183481
0.186927
0.190914
0.195411
0.200391
0.205828
0.211704
0.217995
0.22468
0.231731
0.239122
0.246815
0.254774
0.262942
0.271271
0.279674
0.288094
0.29639
0.304512
0.312226
0.319532
0.326013
0.331862
0.336207
0.339933
0.340664
0.176203
0.176981
0.178563
0.180812
0.183702
0.187152
0.19115
0.195661
0.200659
0.206121
0.212027
0.218357
0.225091
0.232204
0.239673
0.247461
0.255539
0.263852
0.272359
0.280977
0.289656
0.298265
0.306758
0.314916
0.322741
0.329839
0.336387
0.341571
0.346207
0.348064
0.176398
0.177177
0.178762
0.181014
0.183899
0.187369
0.191377
0.195901
0.200918
0.206403
0.212339
0.218706
0.225488
0.232661
0.240204
0.248085
0.256276
0.264729
0.273407
0.282232
0.291162
0.300073
0.308924
0.317512
0.325837
0.333533
0.340762
0.34676
0.352286
0.355245
0.176586
0.177365
0.178953
0.181209
0.184102
0.187578
0.191596
0.196133
0.201167
0.206674
0.212639
0.219043
0.22587
0.2331
0.240715
0.248685
0.256986
0.265573
0.274415
0.28344
0.292611
0.301812
0.311009
0.320011
0.32882
0.337094
0.344983
0.351772
0.358163
0.362196
0.176765
0.177546
0.179137
0.181397
0.184297
0.187779
0.191806
0.196356
0.201407
0.206936
0.212928
0.219366
0.226238
0.233523
0.241206
0.249261
0.257667
0.266383
0.275383
0.2846
0.294002
0.303482
0.313012
0.322412
0.331688
0.340519
0.349045
0.3566
0.363832
0.368911
0.176937
0.177719
0.179312
0.181576
0.184483
0.187971
0.192007
0.19657
0.201637
0.207186
0.213205
0.219677
0.22659
0.233928
0.241677
0.249814
0.25832
0.26716
0.276311
0.285711
0.295335
0.305083
0.314931
0.324714
0.334438
0.343806
0.352947
0.361241
0.369288
0.375381
0.177101
0.177884
0.179481
0.181748
0.184659
0.188159
0.192201
0.196775
0.201857
0.207426
0.21347
0.219973
0.226927
0.234315
0.242127
0.250342
0.258945
0.267903
0.277197
0.286773
0.296609
0.306613
0.316766
0.326916
0.33707
0.346953
0.356685
0.365691
0.374524
0.381598
0.177257
0.178042
0.179641
0.181912
0.184827
0.188341
0.192386
0.19697
0.202067
0.207655
0.213722
0.220257
0.227249
0.234685
0.242557
0.250846
0.25954
0.26861
0.278042
0.287785
0.297823
0.308071
0.318516
0.329015
0.339581
0.349957
0.360256
0.369945
0.379535
0.387554
0.177405
0.178191
0.179793
0.182067
0.184986
0.188483
0.192562
0.197156
0.202267
0.207872
0.213963
0.220526
0.227555
0.235037
0.242965
0.251325
0.260106
0.269283
0.278845
0.288748
0.298977
0.309458
0.320179
0.331013
0.34197
0.352816
0.363658
0.373999
0.384316
0.393242
0.177546
0.178333
0.179937
0.182215
0.185138
0.188649
0.192729
0.197332
0.202456
0.208079
0.214191
0.220782
0.227845
0.23537
0.243353
0.251778
0.260642
0.269921
0.279606
0.289659
0.30007
0.310771
0.321755
0.332906
0.344235
0.355529
0.366886
0.377851
0.388861
0.398655
0.177678
0.178467
0.180073
0.182354
0.185281
0.188802
0.192885
0.197498
0.202635
0.208274
0.214406
0.221023
0.228119
0.235685
0.243718
0.252207
0.261148
0.270522
0.280324
0.290519
0.301102
0.312011
0.323244
0.334693
0.346375
0.358093
0.369939
0.381495
0.393165
0.403786
0.177802
0.178592
0.180201
0.182484
0.185416
0.188942
0.193032
0.197655
0.202803
0.208457
0.214609
0.22125
0.228376
0.235981
0.244062
0.25261
0.261624
0.271088
0.280999
0.291328
0.302072
0.313177
0.324643
0.336375
0.348389
0.360506
0.372815
0.384929
0.397224
0.408629
0.177918
0.17871
0.180321
0.182607
0.185542
0.189073
0.19317
0.197801
0.202961
0.208629
0.214799
0.221463
0.228618
0.236258
0.244384
0.252987
0.26207
0.271617
0.281631
0.292085
0.30298
0.314268
0.325953
0.337949
0.350274
0.362766
0.37551
0.38815
0.401033
0.413177
0.178026
0.178819
0.180432
0.182721
0.18566
0.189195
0.193299
0.197938
0.203108
0.208789
0.214976
0.221661
0.228842
0.236516
0.244683
0.253338
0.262484
0.27211
0.282219
0.29279
0.303825
0.315284
0.327173
0.339415
0.352031
0.364873
0.378022
0.391154
0.404588
0.417425
0.178126
0.17892
0.180535
0.182826
0.185769
0.189308
0.193418
0.198064
0.203244
0.208937
0.215139
0.221844
0.22905
0.236755
0.244961
0.253663
0.262868
0.272566
0.282763
0.293441
0.304607
0.316224
0.328301
0.340772
0.353657
0.366824
0.380349
0.393938
0.407885
0.421367
0.178218
0.179013
0.18063
0.182923
0.185869
0.189412
0.193529
0.198181
0.203368
0.209073
0.21529
0.222012
0.229242
0.236975
0.245216
0.253962
0.263221
0.272985
0.283263
0.29404
0.305325
0.317087
0.329338
0.342019
0.355152
0.368617
0.38249
0.3965
0.410921
0.424998
0.178301
0.179097
0.180716
0.183011
0.18596
0.189506
0.193631
0.198288
0.203482
0.209197
0.215427
0.222166
0.229416
0.237175
0.245448
0.254234
0.263542
0.273366
0.283718
0.294585
0.305979
0.317874
0.330283
0.343155
0.356514
0.370252
0.384443
0.398837
0.413691
0.428315
0.178376
0.179173
0.180793
0.183091
0.186042
0.18959
0.193706
0.198384
0.203585
0.209309
0.215551
0.222304
0.229573
0.237355
0.245657
0.254479
0.263831
0.27371
0.284129
0.295077
0.306569
0.318583
0.331135
0.344179
0.357743
0.371728
0.386204
0.400947
0.416194
0.431311
0.178443
0.179241
0.180862
0.183161
0.186115
0.189665
0.193791
0.19847
0.203677
0.209409
0.215661
0.222428
0.229713
0.237516
0.245844
0.254698
0.264089
0.274017
0.284494
0.295515
0.307094
0.319214
0.331893
0.345092
0.358837
0.373042
0.387775
0.402828
0.418425
0.433985
0.178502
0.179301
0.180923
0.183223
0.186179
0.189732
0.193863
0.198544
0.203757
0.209496
0.215757
0.222536
0.229835
0.237656
0.246007
0.254889
0.264315
0.274285
0.284814
0.295898
0.307554
0.319767
0.332558
0.345891
0.359796
0.374194
0.389151
0.404477
0.420383
0.436331
0.178552
0.179351
0.180975
0.183277
0.186234
0.189789
0.193923
0.198608
0.203826
0.209571
0.21584
0.222629
0.229941
0.237777
0.246147
0.255054
0.264509
0.274515
0.285089
0.296227
0.307949
0.320242
0.333128
0.346578
0.36062
0.375183
0.390334
0.405894
0.422066
0.438348
0.178594
0.179394
0.181018
0.183321
0.18628
0.189837
0.193973
0.198662
0.203883
0.209634
0.215909
0.222706
0.230029
0.237878
0.246264
0.255191
0.264671
0.274707
0.285318
0.296502
0.308278
0.320638
0.333604
0.34715
0.361307
0.376009
0.391321
0.407078
0.423471
0.440033
0.178628
0.179428
0.181053
0.183357
0.186317
0.189875
0.194013
0.198704
0.203929
0.209684
0.215965
0.222768
0.230099
0.237959
0.246358
0.2553
0.2648
0.274861
0.285501
0.296722
0.308542
0.320955
0.333985
0.347609
0.361857
0.37667
0.392112
0.408026
0.424597
0.441384
0.178653
0.179454
0.181079
0.183383
0.186344
0.189904
0.194043
0.198736
0.203964
0.209722
0.216006
0.222815
0.230152
0.23802
0.246428
0.255383
0.264897
0.274977
0.285639
0.296887
0.30874
0.321193
0.334271
0.347953
0.362271
0.377167
0.392705
0.408737
0.425442
0.442398
0.17867
0.179471
0.181097
0.183401
0.186363
0.189923
0.194063
0.198758
0.203987
0.209747
0.216034
0.222846
0.230187
0.23806
0.246475
0.255438
0.264962
0.275054
0.285731
0.296997
0.308872
0.321352
0.334462
0.348183
0.362546
0.377498
0.393101
0.409212
0.426007
0.443075
0.178678
0.179479
0.181105
0.18341
0.186372
0.189932
0.194073
0.198769
0.203998
0.20976
0.216048
0.222861
0.230205
0.23808
0.246499
0.255465
0.264995
0.275092
0.285777
0.297052
0.308938
0.321432
0.334558
0.348298
0.362684
0.377664
0.393299
0.40945
0.426289
0.443414
0.0492508
0.0491118
0.0488513
0.0484854
0.0480298
0.0474998
0.0469097
0.0462722
0.0455987
0.0448986
0.0441803
0.0434508
0.0427163
0.0419818
0.0412519
0.0405301
0.0398195
0.0391225
0.0384413
0.0377773
0.0371318
0.0365055
0.0358992
0.0353132
0.0347477
0.0342027
0.0336782
0.0331738
0.0326892
0.0322241
0.0494317
0.0492917
0.0490292
0.0486605
0.0482013
0.0476672
0.0470725
0.0464301
0.0457513
0.0450457
0.0443218
0.0435865
0.0428461
0.0421058
0.04137
0.0406424
0.039926
0.0392235
0.0385368
0.0378674
0.0372166
0.0365852
0.035974
0.0353832
0.0348131
0.0342638
0.033735
0.0332267
0.0327383
0.0322697
0.0497824
0.0496404
0.0493741
0.0489999
0.0485338
0.0479917
0.0473882
0.0467362
0.0460472
0.0453311
0.0445962
0.0438497
0.043098
0.0423463
0.0415991
0.0408603
0.0401328
0.0394193
0.0387219
0.038042
0.037381
0.0367398
0.0361189
0.0355189
0.0349399
0.0343819
0.0338447
0.0333284
0.0328321
0.0323558
0.0502934
0.0501484
0.0498765
0.0494943
0.0490184
0.0484648
0.0478484
0.0471825
0.0464787
0.0457471
0.0449963
0.0442335
0.0434653
0.042697
0.0419333
0.041178
0.0404343
0.0397049
0.0389918
0.0382967
0.0376208
0.0369651
0.0363302
0.0357167
0.0351245
0.0345539
0.0340046
0.0334766
0.0329691
0.0324822
0.0509565
0.0508076
0.0505285
0.0501361
0.0496475
0.049079
0.048446
0.0477621
0.0470393
0.0462877
0.0455161
0.0447323
0.0439426
0.0431528
0.0423676
0.041591
0.0408262
0.040076
0.0393426
0.0386275
0.0379323
0.0372578
0.0366046
0.0359734
0.0353642
0.0347772
0.034212
0.0336688
0.0331465
0.0326454
0.0517647
0.0516112
0.0513234
0.0509187
0.0504146
0.0498282
0.0491751
0.0484694
0.0477233
0.0469474
0.0461507
0.0453412
0.0445255
0.0437095
0.042898
0.0420954
0.0413048
0.0405292
0.0397709
0.0390315
0.0383126
0.037615
0.0369395
0.0362866
0.0356565
0.0350494
0.0344648
0.0339029
0.0333625
0.0328442
0.0527122
0.0525533
0.0522553
0.0518363
0.0513144
0.0507071
0.0500306
0.0492995
0.0485263
0.047722
0.046896
0.0460564
0.0452102
0.0443634
0.0435212
0.042688
0.0418672
0.0410618
0.0402741
0.0395061
0.0387592
0.0380345
0.0373326
0.0366543
0.0359995
0.0353685
0.034761
0.0341771
0.0336152
0.0330765
0.0537936
0.0536287
0.0533192
0.0528841
0.052342
0.0517111
0.0510082
0.0502483
0.0494445
0.048608
0.0477485
0.0468747
0.0459937
0.0451119
0.0442346
0.0433664
0.0425109
0.0416714
0.0408502
0.0400493
0.0392704
0.0385144
0.0377823
0.0370746
0.0363914
0.0357331
0.0350991
0.0344899
0.0339034
0.0333412
0.0550043
0.0548327
0.0545107
0.0540578
0.0534934
0.0528364
0.0521043
0.0513125
0.0504746
0.0496022
0.0487056
0.0477935
0.0468737
0.0459527
0.0450361
0.0441286
0.0432343
0.0423564
0.0414974
0.0406596
0.0398445
0.0390534
0.0382871
0.0375463
0.0368311
0.0361419
0.035478
0.0348402
0.0342256
0.0336368
0.0563401
0.0561613
0.0558257
0.0553535
0.054765
0.0540797
0.0533157
0.0524891
0.0516139
0.0507023
0.0497649
0.0488109
0.0478483
0.0468841
0.0459241
0.0449733
0.044036
0.0431155
0.0422147
0.0413359
0.0404807
0.0396504
0.0388461
0.0380684
0.0373175
0.0365938
0.0358966
0.0352268
0.0345811
0.0339626
0.0577973
0.0576108
0.0572606
0.0567679
0.0561535
0.0554378
0.0546397
0.0537756
0.0528603
0.0519063
0.0509248
0.0499252
0.0489162
0.0479049
0.0468975
0.0458995
0.0449151
0.043948
0.0430013
0.0420774
0.0411781
0.0403049
0.0394586
0.0386403
0.03785
0.0370884
0.0363544
0.0356493
0.0349691
0.0343176
0.0593722
0.0591777
0.0588122
0.0582976
0.057656
0.0569082
0.0560738
0.05517
0.0542119
0.0532126
0.0521837
0.0511353
0.0500763
0.0490142
0.0479558
0.0469065
0.0458711
0.0448535
0.0438569
0.0428839
0.0419365
0.0410164
0.0401244
0.0392617
0.0384284
0.0376251
0.0368508
0.036107
0.0353891
0.0347015
0.0610614
0.0608585
0.060477
0.0599399
0.0592697
0.0584884
0.0576159
0.0566703
0.055667
0.0546198
0.0535407
0.0524404
0.051328
0.0502117
0.0490985
0.0479942
0.046904
0.0458319
0.0447814
0.0437554
0.042756
0.041785
0.0408435
0.0399326
0.0390525
0.038204
0.0373858
0.0365999
0.0358408
0.0351139
0.0628615
0.0626499
0.0622521
0.0616917
0.0609921
0.060176
0.0592641
0.0582749
0.0572244
0.056127
0.0549951
0.0538399
0.0526711
0.0514972
0.0503257
0.0491628
0.0480139
0.0468835
0.0457753
0.0446923
0.043637
0.0426112
0.0416162
0.0406533
0.0397225
0.0388251
0.0379595
0.037128
0.0363242
0.0355545
0.0647691
0.0645488
0.0641343
0.0635502
0.0628206
0.061969
0.0610165
0.0599823
0.0588829
0.0577332
0.0565463
0.0553336
0.0541055
0.052871
0.0516378
0.0504128
0.0492016
0.0480091
0.0468392
0.0456954
0.0445801
0.0434956
0.0424432
0.0414243
0.0404391
0.039489
0.0385722
0.0376914
0.0368394
0.0360236
0.0667807
0.0665516
0.0661204
0.0655125
0.0647527
0.063865
0.0628713
0.0617911
0.0606416
0.059438
0.0581939
0.0569215
0.0556315
0.0543334
0.0530355
0.051745
0.0504679
0.0492096
0.0479743
0.0467657
0.0455865
0.0444392
0.0433254
0.0422466
0.0412031
0.0401964
0.0392246
0.0382908
0.0373869
0.0365215
0.0688926
0.0686548
0.0682072
0.0675756
0.0667857
0.0658619
0.0648267
0.0637
0.0624995
0.0612408
0.059938
0.0586039
0.0572497
0.0558854
0.0545198
0.0531606
0.0518142
0.0504865
0.0491819
0.0479046
0.0466575
0.0454435
0.0442642
0.0431214
0.0420155
0.0409483
0.0399175
0.038927
0.0379674
0.0370486
0.071101
0.0708548
0.0703911
0.0697364
0.0689169
0.0679575
0.0668811
0.0657078
0.0644558
0.0631412
0.0617786
0.0603812
0.0589609
0.057528
0.056092
0.054661
0.0532421
0.0518414
0.0504638
0.0491139
0.047795
0.0465101
0.0452612
0.0440503
0.0428779
0.041746
0.0406523
0.039601
0.0385817
0.0376057
0.0734019
0.0731477
0.0726686
0.0719916
0.0711435
0.0701494
0.0690324
0.0678131
0.0665097
0.065139
0.0637159
0.0622541
0.0607659
0.0592625
0.0577537
0.0562481
0.0547535
0.0532763
0.0518222
0.0503958
0.049001
0.0476412
0.0463184
0.0450352
0.0437919
0.0425911
0.0414302
0.0403141
0.0392311
0.0381939
0.0757909
0.0755292
0.0750357
0.0743378
0.0734625
0.0724352
0.071279
0.0700146
0.0686606
0.067234
0.0657501
0.0642232
0.0626661
0.0610904
0.0595066
0.057924
0.0563507
0.0547939
0.0532595
0.0517528
0.0502781
0.0488391
0.0474382
0.0460783
0.0447598
0.0434858
0.0422533
0.0410679
0.0399169
0.0388143
0.0782633
0.0779949
0.0774882
0.0767711
0.0758706
0.0748121
0.0736186
0.0723108
0.0709076
0.0694259
0.0678817
0.0662896
0.0646628
0.0630136
0.0613531
0.0596911
0.0580364
0.0563967
0.0547786
0.0531878
0.0516292
0.0501067
0.0486233
0.0471822
0.045784
0.0444321
0.0431235
0.0418644
0.0406408
0.0394685
0.0808143
0.08054
0.0800218
0.0792877
0.0783644
0.0772773
0.0760491
0.0747004
0.0732498
0.0717147
0.0701112
0.0684542
0.0667576
0.0650341
0.0632954
0.0615521
0.0598135
0.058088
0.0563827
0.0547042
0.0530575
0.0514474
0.049877
0.04835
0.0468674
0.0454328
0.0440433
0.0427058
0.0414049
0.0401582
0.0834386
0.0831595
0.0826317
0.0818831
0.0809402
0.0798278
0.0785681
0.0771815
0.0756864
0.0741002
0.072439
0.0707183
0.0689522
0.0671542
0.0653364
0.0635102
0.0616854
0.0598713
0.0580757
0.0563056
0.0545668
0.0528647
0.0512027
0.0495852
0.0480131
0.046491
0.0450155
0.0435946
0.0422115
0.0408855
0.0861305
0.0858478
0.0853127
0.0845528
0.0835939
0.0824602
0.0811731
0.0797525
0.0782164
0.0765821
0.0748657
0.073083
0.0712486
0.0693763
0.067479
0.0655686
0.0636559
0.0617507
0.0598616
0.0579964
0.0561615
0.0543628
0.0526046
0.0508915
0.049225
0.0476102
0.0460435
0.0445338
0.0430632
0.0416527
0.0888842
0.0885993
0.0880595
0.0872918
0.0863213
0.0851709
0.0838612
0.0824112
0.0808386
0.07916
0.0773919
0.0755498
0.0736488
0.0717032
0.0697265
0.0677312
0.065729
0.0637305
0.061745
0.0597811
0.0578461
0.0559465
0.0540871
0.0522734
0.0505072
0.0487941
0.0471306
0.0455267
0.0439629
0.0424624
0.0916932
0.0914078
0.0908664
0.090095
0.0891177
0.087956
0.0866293
0.0851556
0.0835516
0.0818337
0.0800179
0.0781199
0.0761549
0.0741377
0.0720823
0.070002
0.0679093
0.0658155
0.0637309
0.0616651
0.0596259
0.0576209
0.0556555
0.0537359
0.0518643
0.0500473
0.0482812
0.0465771
0.0449142
0.0433178
0.0945511
0.0942669
0.0937271
0.0929567
0.0919781
0.0908113
0.0894741
0.087983
0.086354
0.0846025
0.0827443
0.0807947
0.0787692
0.0766828
0.0745502
0.0723854
0.0702016
0.068011
0.065825
0.063654
0.0615068
0.0593918
0.0573153
0.0552844
0.0533016
0.0513746
0.0494996
0.047689
0.0459207
0.0442221
0.0974508
0.0971699
0.0966355
0.0958711
0.0948974
0.0937323
0.0923918
0.0908908
0.0892439
0.0874657
0.0855712
0.0835754
0.0814939
0.0793418
0.0771343
0.0748861
0.0726111
0.0703229
0.0680333
0.0657542
0.0634951
0.0612657
0.0590729
0.0569249
0.054825
0.0527815
0.050791
0.0488671
0.0469866
0.045179
0.100385
0.10011
0.0995847
0.0988319
0.0978698
0.0967141
0.0953784
0.0938759
0.0922194
0.0904224
0.0884988
0.0864634
0.0843313
0.0821179
0.0798386
0.077509
0.0751437
0.0727571
0.0703625
0.0679724
0.0655978
0.0632494
0.0609352
0.0586643
0.0564407
0.0542741
0.0521612
0.0501168
0.0481167
0.0461929
0.103347
0.103079
0.102568
0.101833
0.10089
0.0997514
0.0984296
0.0969348
0.0952781
0.0934712
0.0915271
0.0894597
0.0872836
0.0850144
0.0826676
0.0802594
0.0778053
0.0753206
0.0728196
0.0703163
0.0678228
0.0653509
0.0629098
0.0605099
0.0581562
0.0558592
0.0536163
0.0514437
0.0493163
0.0472684
0.106329
0.106071
0.105578
0.104867
0.10395
0.102839
0.101541
0.100064
0.0984171
0.0966107
0.0946557
0.0925652
0.0903531
0.0880346
0.0856257
0.0831428
0.0806022
0.0780203
0.0754125
0.0727941
0.0701783
0.0675786
0.0650053
0.0624702
0.0599792
0.0575444
0.0551635
0.0528543
0.0505911
0.0484105
0.109322
0.109077
0.108607
0.107927
0.107045
0.10597
0.104706
0.103259
0.101634
0.0998388
0.0978839
0.0957805
0.0935416
0.091182
0.0887176
0.086165
0.0835414
0.080864
0.0781495
0.0754144
0.0726736
0.0699418
0.0672309
0.0645541
0.0619186
0.0593379
0.0568105
0.0543558
0.0519476
0.0496251
0.11232
0.11209
0.111648
0.111005
0.110168
0.10914
0.107921
0.106515
0.104924
0.103153
0.101211
0.099106
0.096851
0.0944597
0.0919476
0.0893318
0.0866297
0.0838597
0.0810395
0.078187
0.0753186
0.0724508
0.0695968
0.0667718
0.0639842
0.0612492
0.058566
0.0559561
0.0533931
0.0509186
0.115314
0.115102
0.114693
0.114096
0.113312
0.11234
0.111179
0.109827
0.108283
0.106551
0.104634
0.102542
0.100283
0.0978706
0.0953205
0.0926491
0.0898746
0.0870158
0.0840919
0.081122
0.0781242
0.0751166
0.0721144
0.0691345
0.0661867
0.0632883
0.0604397
0.0576642
0.0549356
0.052298
0.118296
0.118105
0.117734
0.117189
0.116468
0.115565
0.114474
0.11319
0.111708
0.110029
0.108153
0.106087
0.103838
0.101418
0.0988405
0.0961231
0.0932834
0.0903414
0.0873168
0.0842305
0.081102
0.0779515
0.074796
0.0716543
0.0685382
0.065467
0.0624425
0.05949
0.0565841
0.0537714
0.121259
0.121091
0.120764
0.120279
0.11963
0.118807
0.117799
0.116597
0.115193
0.113583
0.111764
0.10974
0.107516
0.105103
0.102512
0.0997595
0.096864
0.0938454
0.0907247
0.0875241
0.0842647
0.0809686
0.0776549
0.0743447
0.0710519
0.0677978
0.0645862
0.0614446
0.0583487
0.0553477
0.124194
0.124053
0.123775
0.123358
0.122791
0.122059
0.121147
0.120042
0.118732
0.117208
0.115464
0.1135
0.111319
0.108928
0.106338
0.103564
0.100624
0.0975375
0.0943269
0.0910154
0.0876257
0.0841823
0.0807061
0.0772207
0.0737424
0.0702951
0.0668844
0.0635404
0.0602407
0.0570368
0.127095
0.126982
0.126758
0.126416
0.125941
0.125312
0.124511
0.123519
0.122319
0.120899
0.119249
0.117364
0.115244
0.112894
0.110322
0.107542
0.10457
0.101427
0.0981347
0.0947173
0.0911997
0.0876079
0.0839655
0.0802987
0.0766261
0.0729745
0.0693522
0.0657916
0.0622728
0.0588501
0.129953
0.129871
0.129707
0.129447
0.129073
0.12856
0.127882
0.127018
0.125946
0.124649
0.123113
0.121328
0.119291
0.117002
0.114468
0.111699
0.108711
0.105524
0.10216
0.0986439
0.0950019
0.0912623
0.0874509
0.0835966
0.0797211
0.0758539
0.0720064
0.0682138
0.0644595
0.0608004
0.132762
0.132714
0.132613
0.132444
0.13218
0.131793
0.131253
0.130533
0.129607
0.128453
0.127051
0.125388
0.123456
0.121251
0.118775
0.116038
0.113053
0.109838
0.106415
0.102809
0.0990488
0.0951633
0.0911813
0.0871342
0.0830472
0.0789528
0.0748659
0.0708248
0.0668171
0.0629022
0.135515
0.135503
0.135471
0.135397
0.135253
0.135003
0.134614
0.134055
0.133293
0.132301
0.131056
0.129539
0.127735
0.125638
0.123246
0.120564
0.117602
0.114378
0.110911
0.107228
0.103357
0.0993303
0.0951774
0.0909334
0.0866267
0.0822933
0.0779523
0.0736448
0.0693642
0.0651722
0.138205
0.138232
0.138272
0.138301
0.138284
0.138183
0.137958
0.137574
0.136994
0.136186
0.13512
0.133772
0.132124
0.130162
0.127879
0.125278
0.122364
0.119152
0.115661
0.111916
0.107946
0.103783
0.0994616
0.0950178
0.0904841
0.0859
0.0812894
0.0766968
0.072122
0.0676293
0.140828
0.140895
0.141011
0.141148
0.141266
0.141323
0.141276
0.141082
0.140702
0.140098
0.139235
0.138082
0.136616
0.134816
0.132673
0.130181
0.127343
0.124169
0.120676
0.116888
0.112833
0.108545
0.104058
0.0994135
0.0946466
0.0898005
0.0849046
0.0800066
0.0751148
0.0702956
0.143377
0.143485
0.143681
0.143931
0.144192
0.144416
0.144557
0.144569
0.144407
0.144027
0.143389
0.142458
0.141202
0.139597
0.137624
0.135273
0.132541
0.129434
0.125967
0.122158
0.118037
0.113636
0.108993
0.104149
0.099144
0.0940254
0.0888283
0.0836039
0.0783705
0.0731966
0.145847
0.145999
0.146277
0.146645
0.147054
0.147454
0.147795
0.148025
0.148097
0.147961
0.147573
0.14689
0.145874
0.144494
0.142725
0.14055
0.13796
0.134955
0.131543
0.127742
0.123577
0.119082
0.114293
0.109254
0.104009
0.098609
0.0930952
0.0875226
0.0819212
0.0763616
0.148235
0.14843
0.148793
0.149282
0.149846
0.150429
0.150979
0.151441
0.151762
0.15189
0.151774
0.151365
0.15062
0.149499
0.14797
0.146009
0.143599
0.140732
0.137413
0.133653
0.129473
0.124906
0.119987
0.114762
0.109278
0.103589
0.0977443
0.0918011
0.0858041
0.0798251
0.150535
0.150776
0.151225
0.151838
0.15256
0.153333
0.1541
0.154805
0.155391
0.155801
0.155979
0.155872
0.155427
0.1546
0.153349
0.151642
0.149453
0.146769
0.143583
0.139902
0.135743
0.131132
0.126106
0.120708
0.114991
0.109009
0.102819
0.0964834
0.0900618
0.0836272
0.152746
0.153031
0.153568
0.154308
0.155191
0.156159
0.157151
0.158109
0.158973
0.159682
0.160176
0.160394
0.160281
0.159782
0.158848
0.157438
0.155518
0.153062
0.150057
0.1465
0.142402
0.137784
0.132679
0.12713
0.121189
0.114914
0.10837
0.10162
0.0947438
0.0878148
0.154863
0.155195
0.15582
0.156687
0.157734
0.1589
0.160123
0.161342
0.162496
0.163519
0.164348
0.164918
0.165165
0.16503
0.164454
0.163386
0.161782
0.159606
0.156835
0.153454
0.149467
0.144886
0.139739
0.134066
0.127919
0.121356
0.114451
0.107267
0.099907
0.0924426
0.156886
0.157262
0.157976
0.158971
0.160184
0.16155
0.163008
0.164496
0.165948
0.167299
0.168481
0.169425
0.170063
0.170325
0.170148
0.169468
0.168232
0.166393
0.163913
0.160768
0.156949
0.152457
0.147316
0.141555
0.135229
0.12839
0.121124
0.113489
0.105617
0.0975744
0.158812
0.159233
0.160034
0.161157
0.162535
0.164103
0.165799
0.167559
0.169319
0.171009
0.17256
0.173899
0.174954
0.175648
0.175909
0.175666
0.174852
0.173408
0.171284
0.168441
0.164856
0.160518
0.155439
0.149639
0.14317
0.136078
0.128456
0.12036
0.111949
0.103285
0.16064
0.161105
0.161993
0.163243
0.164785
0.166555
0.168489
0.170525
0.172597
0.174635
0.176569
0.178322
0.179818
0.180976
0.181715
0.181955
0.181619
0.180633
0.178934
0.176466
0.173191
0.169081
0.164134
0.158357
0.151795
0.144483
0.136523
0.12796
0.11899
0.109663
0.162369
0.162878
0.163851
0.165225
0.16693
0.1689
0.171072
0.173385
0.175773
0.178166
0.180492
0.182675
0.184635
0.186285
0.18754
0.18831
0.188507
0.188044
0.186844
0.184831
0.181951
0.178155
0.173425
0.167747
0.161157
0.153673
0.145403
0.136379
0.126836
0.116806
0.164
0.164551
0.165607
0.167103
0.168967
0.171134
0.173543
0.176131
0.178836
0.181587
0.184314
0.18694
0.189381
0.191551
0.193356
0.1947
0.195486
0.195613
0.194987
0.193517
0.191126
0.187741
0.183327
0.177841
0.171307
0.163718
0.155184
0.145713
0.135587
0.124818
0.165532
0.166123
0.167261
0.168876
0.170895
0.173255
0.175896
0.178758
0.181777
0.184888
0.188021
0.191097
0.194036
0.196747
0.199134
0.201094
0.202521
0.203303
0.203331
0.202494
0.200694
0.197833
0.193849
0.188669
0.182298
0.174695
0.165968
0.156086
0.145375
0.133825
0.166967
0.167597
0.168813
0.170542
0.172712
0.17526
0.178128
0.181258
0.184589
0.188058
0.191597
0.19513
0.198577
0.201846
0.204842
0.207455
0.209574
0.211076
0.211838
0.211729
0.210632
0.208417
0.204997
0.200258
0.194183
0.186684
0.17787
0.167657
0.156405
0.144038
0.168305
0.168973
0.170264
0.172103
0.174419
0.177148
0.180236
0.183628
0.187265
0.191087
0.195031
0.199022
0.202984
0.206826
0.210452
0.213751
0.216607
0.218888
0.220462
0.221178
0.2209
0.219467
0.216761
0.212623
0.207003
0.199749
0.190974
0.180526
0.168847
0.155722
0.169548
0.170251
0.171615
0.173559
0.176013
0.178917
0.182218
0.185863
0.189798
0.193968
0.19831
0.202758
0.207235
0.211657
0.215928
0.219938
0.223568
0.226681
0.229135
0.230765
0.231415
0.230894
0.229054
0.225684
0.220689
0.21383
0.205195
0.194505
0.182402
0.168603
0.170698
0.171432
0.172864
0.174906
0.177492
0.180562
0.184066
0.187953
0.192176
0.196681
0.201412
0.206306
0.211293
0.216293
0.221212
0.225944
0.230369
0.234349
0.237734
0.240348
0.242016
0.242523
0.241684
0.239244
0.235049
0.228768
0.220404
0.209432
0.19655
0.181429
0.171759
0.172522
0.174017
0.176149
0.178856
0.182079
0.185772
0.189887
0.194379
0.199202
0.204304
0.209629
0.215113
0.220681
0.226247
0.23171
0.236954
0.241843
0.246225
0.249921
0.252743
0.254462
0.254863
0.253655
0.250638
0.245404
0.237904
0.227322
0.214201
0.19597
0.0319156
0.0317552
0.0315945
0.0314337
0.0312725
0.0311111
0.0309493
0.0307873
0.030625
0.0319594
0.0317987
0.0316376
0.0314763
0.0313147
0.0311527
0.0309904
0.0308277
0.0306647
0.0320404
0.0318776
0.0317144
0.0315511
0.0313875
0.0312235
0.031059
0.0308942
0.0307289
0.0321602
0.0319941
0.0318276
0.0316611
0.0314943
0.031327
0.0311593
0.0309911
0.0308225
0.0323139
0.0321432
0.031972
0.031801
0.0316299
0.0314582
0.0312859
0.0311132
0.0309401
0.0325013
0.0323247
0.0321476
0.0319711
0.0317944
0.0316172
0.0314394
0.0312611
0.0310823
0.0327198
0.0325361
0.032352
0.0321688
0.0319855
0.0318017
0.0316171
0.0314321
0.0312465
0.0329686
0.0327766
0.0325843
0.0323933
0.0322024
0.0320108
0.0318185
0.0316256
0.0314323
0.0332462
0.0330447
0.0328431
0.0326432
0.0324436
0.0322433
0.0320421
0.0318404
0.0316381
0.0335518
0.0333396
0.0331275
0.0329177
0.0327084
0.0324982
0.0322872
0.0320755
0.0318633
0.0338845
0.0336604
0.0334366
0.0332159
0.0329958
0.0327748
0.0325528
0.0323301
0.0321069
0.0318832
0.0342438
0.0340065
0.03377
0.0335373
0.0333053
0.0330724
0.0328383
0.0326036
0.0323683
0.0321325
0.0346293
0.0343776
0.0341271
0.0338813
0.0336365
0.0333905
0.0331433
0.0328955
0.032647
0.0323981
0.0350409
0.0347734
0.0345077
0.0342478
0.033989
0.0337289
0.0334675
0.0332053
0.0329426
0.0326794
0.0354785
0.0351939
0.0349118
0.0346366
0.0343627
0.0340873
0.0338105
0.033533
0.0332549
0.0329762
0.0359424
0.0356393
0.0353395
0.0350478
0.0347577
0.0344659
0.0341725
0.0338783
0.0335836
0.0332883
0.0364331
0.0361099
0.0357912
0.0354818
0.0351742
0.0348647
0.0345535
0.0342415
0.033929
0.0336158
0.0369511
0.0366064
0.0362673
0.0359389
0.0356126
0.0352842
0.0349539
0.0346227
0.034291
0.0339588
0.0374975
0.0371297
0.0367686
0.0364199
0.0360736
0.0357249
0.0353741
0.0350224
0.0346702
0.0343175
0.0380734
0.0376806
0.037296
0.0369256
0.0365579
0.0361875
0.0358148
0.0354411
0.035067
0.0346923
0.0386801
0.0382605
0.0378507
0.0374571
0.0370666
0.0366729
0.0362767
0.0358796
0.035482
0.0350839
0.0393192
0.038871
0.0384341
0.0380157
0.0376007
0.0371822
0.0367609
0.0363387
0.035916
0.0354928
0.0399927
0.0395137
0.0390479
0.0386029
0.0381618
0.0377166
0.0372685
0.0368195
0.0363701
0.0359201
0.0407026
0.0401907
0.0396937
0.0392204
0.0387513
0.0382777
0.0378009
0.0373232
0.0368451
0.0363665
0.0414516
0.0409043
0.040374
0.0398702
0.0393712
0.0388672
0.0383597
0.0378512
0.0373426
0.0368334
0.0422424
0.0416571
0.0410908
0.0405545
0.0400234
0.0394869
0.0389465
0.0384052
0.0378638
0.0373219
0.0430781
0.0424521
0.0418471
0.0412758
0.0407104
0.040139
0.0395633
0.0389869
0.0384104
0.0378335
0.0439622
0.0432924
0.0426458
0.0420368
0.0414347
0.0408258
0.0402124
0.0395982
0.0389841
0.0383697
0.0448986
0.0441817
0.0434901
0.0428407
0.0421991
0.0415501
0.040896
0.0402413
0.039587
0.0389324
0.0458916
0.045124
0.0443838
0.0436908
0.0430068
0.0423145
0.0416169
0.0409187
0.0402211
0.0395234
0.0469461
0.0461238
0.0453309
0.0445908
0.0438611
0.0431224
0.0423778
0.0416328
0.0408887
0.0401446
0.0480672
0.047186
0.0463359
0.045545
0.044766
0.0439772
0.043182
0.0423867
0.0415925
0.0407985
0.049261
0.048316
0.0474037
0.0465577
0.0457255
0.0448827
0.0440328
0.043183
0.0423348
0.0414871
0.0505339
0.0495199
0.04854
0.0476341
0.0467444
0.0458431
0.0449342
0.0440256
0.043119
0.0422134
0.0518935
0.0508045
0.0497506
0.0487797
0.0478277
0.046863
0.04589
0.0449178
0.0439482
0.0429798
0.0533477
0.0521774
0.0510426
0.0500007
0.048981
0.0479475
0.0469051
0.0458638
0.0448259
0.0437896
0.054906
0.053647
0.0524234
0.051304
0.0502107
0.0491024
0.0479844
0.0468681
0.0457559
0.044646
0.0565786
0.0552228
0.0539016
0.0526973
0.0515237
0.0503339
0.0491336
0.0479354
0.0467424
0.0455525
0.0583775
0.0569157
0.0554869
0.0541894
0.0529279
0.0516491
0.0503588
0.0490714
0.0477902
0.0465131
0.060316
0.0587379
0.0571901
0.05579
0.0544324
0.0530561
0.0516671
0.050282
0.0489045
0.0475321
0.0624095
0.0607036
0.0590238
0.0575105
0.0560471
0.0545637
0.0530665
0.0515741
0.0500911
0.0486144
0.0646757
0.062829
0.0610023
0.0593636
0.0577838
0.0561825
0.0545661
0.0529557
0.0513566
0.0497654
0.0481795
0.0671353
0.0651328
0.0631423
0.0613642
0.0596558
0.0579244
0.0561762
0.0544357
0.0527087
0.0509915
0.0492809
0.0698119
0.067637
0.065463
0.0635296
0.0616786
0.0598031
0.0579091
0.0560244
0.0541561
0.0522997
0.0504517
0.0727336
0.070367
0.067987
0.06588
0.0638705
0.061835
0.059779
0.0577342
0.0557091
0.0536985
0.0516984
0.0759331
0.0733531
0.0707408
0.068439
0.0662529
0.0640391
0.0618024
0.0595793
0.0573798
0.0551979
0.053029
0.0794487
0.0766308
0.0737558
0.0712347
0.0688511
0.066438
0.0639992
0.0615768
0.0591826
0.0568097
0.0544527
0.0833259
0.080242
0.0770691
0.0743005
0.0716952
0.0690587
0.0663932
0.0637472
0.0611348
0.0585482
0.055981
0.0876181
0.0842367
0.0807249
0.0776758
0.0748213
0.0719336
0.0690128
0.0661152
0.0632576
0.060431
0.0576279
0.0923884
0.0886735
0.0847756
0.0814081
0.0782724
0.0751015
0.0718925
0.0687107
0.0655765
0.0624794
0.0594106
0.0977108
0.0936221
0.0892833
0.0855537
0.0821002
0.0786091
0.0750736
0.0715702
0.068123
0.06472
0.0613508
0.103673
0.0991654
0.0943225
0.0901803
0.0863668
0.0825128
0.0786068
0.0747381
0.0709357
0.0671857
0.0634759
0.110379
0.105402
0.099983
0.0953699
0.0911477
0.0868814
0.0825536
0.078269
0.0740622
0.0699172
0.0658197
0.117939
0.112443
0.106368
0.10122
0.0965344
0.0917989
0.08699
0.082231
0.0775632
0.0729675
0.0684274
0.126471
0.120397
0.113583
0.107834
0.102628
0.0973601
0.092003
0.0867032
0.0815089
0.0763971
0.071349
0.136139
0.129397
0.121746
0.115331
0.10954
0.10367
0.0976939
0.0917856
0.085997
0.0802995
0.0746729
0.147216
0.139707
0.131099
0.123908
0.117422
0.110839
0.104148
0.0975432
0.0910728
0.0846996
0.0784042
0.159795
0.151613
0.142058
0.134013
0.126686
0.119242
0.111719
0.104322
0.0970757
0.0899333
0.082881
0.172684
0.164195
0.154214
0.14552
0.137249
0.128782
0.120285
0.111934
0.103722
0.0956189
0.0876294
0.183927
0.175566
0.166683
0.158134
0.149309
0.140202
0.13105
0.121926
0.112828
0.103777
0.0948058
)
;

boundaryField
{
    inlet
    {
        type            zeroGradient;
    }
    outlet
    {
        type            fixedValue;
        value           nonuniform 0();
    }
    cylinder
    {
        type            zeroGradient;
    }
    top
    {
        type            symmetryPlane;
    }
    bottom
    {
        type            symmetryPlane;
    }
    defaultFaces
    {
        type            empty;
    }
    procBoundary0to1
    {
        type            processor;
        value           nonuniform List<scalar> 
261
(
0.0973228
0.0973228
0.100079
0.100079
0.103345
0.103345
0.107269
0.107269
0.111161
0.123351
0.123351
0.127994
0.127994
0.132652
0.14652
0.14652
0.151969
0.166763
0.166763
0.173016
0.173016
0.179182
0.195808
0.195808
0.202782
0.220344
0.220344
0.228143
0.246602
0.264957
0.264957
0.274553
0.29367
0.29367
0.30419
0.323956
0.343437
0.343437
0.355832
0.375712
0.395185
0.395185
0.409478
0.429021
0.448023
0.466445
0.466445
0.482918
0.500902
0.518171
0.534688
0.55042
0.55042
0.567891
0.582514
0.596226
0.608999
0.620806
0.63162
0.64142
0.650184
0.657894
0.657894
0.671313
0.677023
0.681605
0.685051
0.687352
0.688504
0.688504
0.687352
0.685051
0.681605
0.677023
0.671313
0.657894
0.657894
0.650184
0.64142
0.631621
0.620806
0.608999
0.596226
0.582514
0.567891
0.55042
0.55042
0.534688
0.518171
0.500902
0.482919
0.466445
0.466445
0.448023
0.429021
0.41421
0.41421
0.395185
0.375712
0.355832
0.343436
0.343436
0.323955
0.304189
0.293668
0.293668
0.274551
0.264954
0.264954
0.2466
0.237856
0.237856
0.220341
0.202778
0.195804
0.195804
0.188729
0.188729
0.173011
0.166757
0.166757
0.151964
0.146514
0.146514
0.132647
0.127989
0.127989
0.123345
0.123345
0.118737
0.118737
0.107263
0.103339
0.103339
0.100073
0.100073
0.0973174
0.0973174
0.085939
0.079768
0.0759289
0.0721934
0.069119
0.0663625
0.0639381
0.0617631
0.0597982
0.0580058
0.056359
0.054836
0.05342
0.0520978
0.0508589
0.0496946
0.0485981
0.0475636
0.0465863
0.0456619
0.0447868
0.0439578
0.0431719
0.0424263
0.0417187
0.0410466
0.0404078
0.0398003
0.0392221
0.0386712
0.0381461
0.037645
0.0371665
0.0367089
0.036271
0.0363621
0.0363621
0.0359294
0.035515
0.035118
0.0347373
0.0343723
0.0340223
0.0336868
0.0333655
0.0330582
0.0327649
0.0324855
0.0322202
0.0319694
0.0317336
0.0315132
0.0313091
0.031122
0.0309527
0.0308027
0.0306725
0.0305645
0.0304781
0.0304186
0.0303806
0.0304624
0.0305013
0.0305633
0.0306535
0.0307665
0.030903
0.0310605
0.0312384
0.0314353
0.0316506
0.0316506
0.0316589
0.0318962
0.0321485
0.0324156
0.0326969
0.0329924
0.033302
0.0336258
0.033964
0.0343169
0.034685
0.0350689
0.0354693
0.0358872
0.0363235
0.0367792
0.0372559
0.0377546
0.0382771
0.0388251
0.0394001
0.0400042
0.0406393
0.0413078
0.0420118
0.0427541
0.0435373
0.0443643
0.0452383
0.0461628
0.0471418
0.0471418
0.0465987
0.0475769
0.0486118
0.0497085
0.0508726
0.052111
0.0534324
0.0548474
0.0563692
0.0580145
0.0598054
0.0617687
0.063942
0.0663647
0.0691196
0.0721925
0.0759266
0.0797644
0.0859345
)
;
    }
}


// ************************************************************************* //
