/*--------------------------------*- C++ -*----------------------------------*\
  =========                 |
  \\      /  F ield         | OpenFOAM: The Open Source CFD Toolbox
   \\    /   O peration     | Website:  https://openfoam.org
    \\  /    A nd           | Version:  7
     \\/     M anipulation  |
\*---------------------------------------------------------------------------*/
FoamFile
{
    version     2.0;
    format      ascii;
    class       volScalarField;
    location    "20";
    object      p;
}
// * * * * * * * * * * * * * * * * * * * * * * * * * * * * * * * * * * * * * //

dimensions      [0 2 -2 0 0 0 0];

internalField   nonuniform List<scalar> 
8500
(
-0.310261
-0.312916
-0.311677
-0.315726
-0.314314
-0.312709
-0.318696
-0.317097
-0.315337
-0.321834
-0.320033
-0.318109
-0.315805
-0.325144
-0.323127
-0.321031
-0.31855
-0.315783
-0.328631
-0.326383
-0.324106
-0.321444
-0.318495
-0.315379
-0.3323
-0.329807
-0.327341
-0.324489
-0.321356
-0.318061
-0.314679
-0.336154
-0.333401
-0.330738
-0.327692
-0.324369
-0.320892
-0.317333
-0.313739
-0.340196
-0.337168
-0.334301
-0.331056
-0.327538
-0.323875
-0.320134
-0.316354
-0.312543
-0.344427
-0.34111
-0.338033
-0.334583
-0.330866
-0.327013
-0.323082
-0.319106
-0.315081
-0.310966
-0.348846
-0.345229
-0.341935
-0.338276
-0.334356
-0.330307
-0.32618
-0.321995
-0.317736
-0.31335
-0.308758
-0.353454
-0.349524
-0.346008
-0.342135
-0.338009
-0.333759
-0.329426
-0.325017
-0.320503
-0.315816
-0.310869
-0.305569
-0.299841
-0.358247
-0.353993
-0.35025
-0.346162
-0.341825
-0.337367
-0.332816
-0.328167
-0.323372
-0.318352
-0.313012
-0.307261
-0.301032
-0.294299
-0.363223
-0.358634
-0.35466
-0.350353
-0.345802
-0.341128
-0.336347
-0.331436
-0.326332
-0.320944
-0.315171
-0.308927
-0.302163
-0.294873
-0.287105
-0.368374
-0.363441
-0.359234
-0.354705
-0.349935
-0.345038
-0.340012
-0.334815
-0.32937
-0.323574
-0.317327
-0.310551
-0.303217
-0.295347
-0.287015
-0.278334
-0.26942
-0.373693
-0.36841
-0.363968
-0.359215
-0.354221
-0.34909
-0.343799
-0.338291
-0.332469
-0.326225
-0.31946
-0.312113
-0.304178
-0.295707
-0.286801
-0.277596
-0.268221
-0.258858
-0.379172
-0.373531
-0.368853
-0.363875
-0.358651
-0.353273
-0.347699
-0.341847
-0.335611
-0.328874
-0.321548
-0.313592
-0.305028
-0.29594
-0.286455
-0.276728
-0.2669
-0.257149
-0.247416
-0.238409
-0.384798
-0.378796
-0.373881
-0.368676
-0.363216
-0.357578
-0.351694
-0.345466
-0.338773
-0.3315
-0.323571
-0.31497
-0.305752
-0.296033
-0.285967
-0.275723
-0.265452
-0.255322
-0.245291
-0.235999
-0.390558
-0.384191
-0.37904
-0.373606
-0.367903
-0.361987
-0.355768
-0.349127
-0.341934
-0.334078
-0.325504
-0.316226
-0.306334
-0.295975
-0.285328
-0.274574
-0.263869
-0.253371
-0.24305
-0.233482
-0.396435
-0.389704
-0.384318
-0.378653
-0.372697
-0.366485
-0.359901
-0.352806
-0.345067
-0.336583
-0.327324
-0.317339
-0.306757
-0.295754
-0.28453
-0.273275
-0.262147
-0.251291
-0.240687
-0.23085
-0.402411
-0.395316
-0.389698
-0.3838
-0.37758
-0.371051
-0.364067
-0.356478
-0.348146
-0.338989
-0.329007
-0.318291
-0.307006
-0.295358
-0.283563
-0.271818
-0.260278
-0.249075
-0.238196
-0.228098
-0.408465
-0.401009
-0.395162
-0.389028
-0.382532
-0.37566
-0.368243
-0.360113
-0.351141
-0.341267
-0.330531
-0.319063
-0.307066
-0.294775
-0.28242
-0.270196
-0.258257
-0.246718
-0.235572
-0.225218
-0.414574
-0.406762
-0.400688
-0.394316
-0.38753
-0.380289
-0.372398
-0.363682
-0.354023
-0.343392
-0.331871
-0.319635
-0.306924
-0.293996
-0.28109
-0.268402
-0.256075
-0.244211
-0.232807
-0.222206
-0.42071
-0.412551
-0.406254
-0.399639
-0.392546
-0.384906
-0.376501
-0.367153
-0.356761
-0.345335
-0.333004
-0.319989
-0.306565
-0.293009
-0.279565
-0.266427
-0.253726
-0.24155
-0.229896
-0.219054
-0.426847
-0.418348
-0.411834
-0.404969
-0.397552
-0.389482
-0.38052
-0.370492
-0.359323
-0.347069
-0.333908
-0.320108
-0.305975
-0.291803
-0.277838
-0.264264
-0.251203
-0.238725
-0.226833
-0.215758
-0.432953
-0.424126
-0.417398
-0.410278
-0.402516
-0.393981
-0.384419
-0.373665
-0.361679
-0.348567
-0.334561
-0.319975
-0.305142
-0.290368
-0.275897
-0.261904
-0.248498
-0.235732
-0.22361
-0.21231
-0.438994
-0.429853
-0.422915
-0.415533
-0.407403
-0.398369
-0.388162
-0.376636
-0.363796
-0.349802
-0.334942
-0.319573
-0.304052
-0.288693
-0.273736
-0.25934
-0.245604
-0.232563
-0.220222
-0.208706
-0.444935
-0.435494
-0.428352
-0.420698
-0.412178
-0.402606
-0.391711
-0.379371
-0.365643
-0.350749
-0.335031
-0.318886
-0.302694
-0.286769
-0.271343
-0.256564
-0.242512
-0.22921
-0.216662
-0.204939
-0.450738
-0.441015
-0.433672
-0.425737
-0.4168
-0.406653
-0.395026
-0.381834
-0.36719
-0.351381
-0.334807
-0.3179
-0.301054
-0.284585
-0.268712
-0.253567
-0.239216
-0.225667
-0.212924
-0.201005
-0.456364
-0.446377
-0.438837
-0.43061
-0.42123
-0.410469
-0.398069
-0.383989
-0.368406
-0.351676
-0.334252
-0.316599
-0.299122
-0.282131
-0.265832
-0.250341
-0.235708
-0.221927
-0.209002
-0.196897
-0.461771
-0.451541
-0.443808
-0.435276
-0.425426
-0.414013
-0.400801
-0.385801
-0.369263
-0.351611
-0.333349
-0.314969
-0.296885
-0.279397
-0.262695
-0.246878
-0.23198
-0.217983
-0.204889
-0.192611
-0.466917
-0.456465
-0.448542
-0.439692
-0.429343
-0.417242
-0.403182
-0.387236
-0.369732
-0.351162
-0.332079
-0.312998
-0.294333
-0.276373
-0.259292
-0.24317
-0.228026
-0.21383
-0.20058
-0.188142
-0.471757
-0.461106
-0.452996
-0.443814
-0.432938
-0.420114
-0.405174
-0.388262
-0.369787
-0.350309
-0.330427
-0.310671
-0.291454
-0.27305
-0.255614
-0.239209
-0.223837
-0.209459
-0.196069
-0.183484
-0.476248
-0.46542
-0.457126
-0.447598
-0.436167
-0.422587
-0.406739
-0.388847
-0.369403
-0.349034
-0.328377
-0.307977
-0.288239
-0.269419
-0.251654
-0.234987
-0.219408
-0.204867
-0.191352
-0.178634
-0.480342
-0.469363
-0.460887
-0.450998
-0.438985
-0.424619
-0.40784
-0.38896
-0.368554
-0.347316
-0.325915
-0.304905
-0.284677
-0.265471
-0.247402
-0.230498
-0.214732
-0.200046
-0.186422
-0.173587
-0.483994
-0.47289
-0.464232
-0.453967
-0.441347
-0.426169
-0.408443
-0.388573
-0.367221
-0.345139
-0.323028
-0.301442
-0.280759
-0.261198
-0.242853
-0.225735
-0.209803
-0.194991
-0.181275
-0.16834
-0.487158
-0.475955
-0.467118
-0.456462
-0.443211
-0.427198
-0.408513
-0.387658
-0.36538
-0.342488
-0.319704
-0.297579
-0.276476
-0.256592
-0.237998
-0.220691
-0.204615
-0.189699
-0.175908
-0.162889
-0.48979
-0.478513
-0.469497
-0.458436
-0.444534
-0.427669
-0.408021
-0.386192
-0.363015
-0.339347
-0.31593
-0.293306
-0.27182
-0.251644
-0.232832
-0.215361
-0.199164
-0.184164
-0.170316
-0.157231
-0.491843
-0.480519
-0.471327
-0.459847
-0.445275
-0.427545
-0.406935
-0.384151
-0.360106
-0.335704
-0.311696
-0.288616
-0.266783
-0.24635
-0.227347
-0.209738
-0.193443
-0.178382
-0.164497
-0.151364
-0.493275
-0.48193
-0.472561
-0.460652
-0.445395
-0.426793
-0.40523
-0.381515
-0.356639
-0.331546
-0.306993
-0.283498
-0.261359
-0.240701
-0.221539
-0.203819
-0.187451
-0.17235
-0.158446
-0.145285
-0.494043
-0.482704
-0.47316
-0.46081
-0.444857
-0.425383
-0.402879
-0.378264
-0.3526
-0.326864
-0.301813
-0.277948
-0.255541
-0.234694
-0.215402
-0.197599
-0.181182
-0.166065
-0.152162
-0.138993
-0.494106
-0.482798
-0.473081
-0.460283
-0.443627
-0.423284
-0.399861
-0.374382
-0.347976
-0.321647
-0.296148
-0.271958
-0.249323
-0.228323
-0.208933
-0.191074
-0.174634
-0.159524
-0.145644
-0.132486
-0.493426
-0.482175
-0.472286
-0.459033
-0.441673
-0.42047
-0.396156
-0.369854
-0.342757
-0.315889
-0.289993
-0.265524
-0.242702
-0.221584
-0.202128
-0.184242
-0.167805
-0.152726
-0.138889
-0.125763
-0.491965
-0.480798
-0.470738
-0.457027
-0.438964
-0.41692
-0.391747
-0.36467
-0.336936
-0.309583
-0.283342
-0.258641
-0.235674
-0.214475
-0.194985
-0.1771
-0.160692
-0.145669
-0.131898
-0.118829
-0.489691
-0.478631
-0.468405
-0.454235
-0.435476
-0.412612
-0.386619
-0.358818
-0.330504
-0.302725
-0.276192
-0.251307
-0.228236
-0.206992
-0.187501
-0.169648
-0.153295
-0.138353
-0.124674
-0.111684
-0.486572
-0.475643
-0.465254
-0.450628
-0.431185
-0.407528
-0.380761
-0.352291
-0.323458
-0.295311
-0.26854
-0.243519
-0.220387
-0.199136
-0.179677
-0.161884
-0.145613
-0.130777
-0.117213
-0.104312
-0.482579
-0.471806
-0.461259
-0.446181
-0.426072
-0.401656
-0.374162
-0.345084
-0.315794
-0.287339
-0.260385
-0.235277
-0.212127
-0.190905
-0.171511
-0.153808
-0.137647
-0.122942
-0.1095
-0.0966629
-0.477688
-0.467093
-0.456394
-0.440874
-0.420119
-0.394983
-0.366818
-0.337193
-0.307511
-0.27881
-0.251729
-0.226581
-0.203455
-0.182301
-0.163006
-0.145424
-0.1294
-0.11485
-0.101535
-0.088718
-0.471877
-0.461481
-0.450639
-0.434687
-0.413314
-0.387502
-0.358723
-0.328617
-0.29861
-0.269724
-0.242571
-0.217433
-0.194374
-0.173326
-0.154163
-0.136732
-0.120873
-0.106505
-0.0933488
-0.0807481
-0.465128
-0.454953
-0.443975
-0.427608
-0.405647
-0.379207
-0.349876
-0.319359
-0.289093
-0.260085
-0.232915
-0.207836
-0.184886
-0.163981
-0.144985
-0.127735
-0.112071
-0.0979088
-0.0849353
-0.0725721
-0.457426
-0.447493
-0.436389
-0.419626
-0.397112
-0.370098
-0.34028
-0.30942
-0.278964
-0.249896
-0.222765
-0.197793
-0.174995
-0.154271
-0.135475
-0.118439
-0.102997
-0.0890665
-0.0763037
-0.0641791
-0.44876
-0.439088
-0.42787
-0.410733
-0.387706
-0.360174
-0.329938
-0.298807
-0.268229
-0.239164
-0.212127
-0.187311
-0.164707
-0.144202
-0.12564
-0.108846
-0.0936553
-0.0799825
-0.0674545
-0.0555775
-0.439123
-0.429731
-0.418413
-0.400926
-0.37743
-0.349441
-0.318856
-0.287526
-0.256896
-0.227896
-0.201008
-0.176395
-0.154027
-0.133778
-0.115483
-0.0989637
-0.0840508
-0.0706617
-0.0583905
-0.0467768
-0.428512
-0.419419
-0.408014
-0.390206
-0.366288
-0.337905
-0.307043
-0.275588
-0.244975
-0.216101
-0.189416
-0.165053
-0.142963
-0.123007
-0.105013
-0.088797
-0.0741899
-0.0611097
-0.0491164
-0.0377848
-0.416927
-0.408149
-0.396674
-0.378576
-0.354288
-0.325575
-0.294511
-0.263005
-0.232475
-0.20379
-0.17736
-0.153294
-0.131523
-0.111897
-0.0942367
-0.0783537
-0.0640795
-0.0513328
-0.0396382
-0.0286086
-0.404372
-0.395927
-0.384399
-0.366046
-0.341439
-0.312466
-0.281272
-0.249788
-0.219411
-0.190973
-0.164852
-0.141128
-0.119717
-0.100457
-0.0831625
-0.067642
-0.0537274
-0.0413384
-0.029963
-0.0192557
-0.390855
-0.382758
-0.371196
-0.352624
-0.327755
-0.298591
-0.267344
-0.235955
-0.205797
-0.177665
-0.151904
-0.128568
-0.107556
-0.0886965
-0.0718001
-0.056671
-0.0431422
-0.0311343
-0.0200985
-0.00973381
-0.376388
-0.368654
-0.357079
-0.338327
-0.313253
-0.283969
-0.252743
-0.221522
-0.191648
-0.16388
-0.138529
-0.115625
-0.0950506
-0.0766274
-0.0601601
-0.0454505
-0.0323333
-0.0207296
-0.0100532
-5.11263e-05
-0.360985
-0.353629
-0.342062
-0.323171
-0.297952
-0.268619
-0.237491
-0.206509
-0.176981
-0.149634
-0.124742
-0.102313
-0.0822146
-0.0642614
-0.0482539
-0.0339914
-0.0213111
-0.0101339
0.000163643
0.00978342
-0.344667
-0.337702
-0.326165
-0.307177
-0.281874
-0.252564
-0.221609
-0.190934
-0.161817
-0.134945
-0.110559
-0.0886462
-0.0690615
-0.0516115
-0.0360937
-0.0223054
-0.0100865
0.00064243
0.0105419
0.0197602
-0.327454
-0.320893
-0.30941
-0.29037
-0.265046
-0.235837
-0.205113
-0.17482
-0.146175
-0.119831
-0.0959977
-0.0746415
-0.055606
-0.0386916
-0.0236926
-0.0104049
0.00132855
0.011588
0.0210707
0.0298686
-0.309372
-0.303227
-0.291823
-0.272776
-0.247498
-0.218472
-0.188021
-0.158187
-0.130077
-0.104311
-0.0810757
-0.0603154
-0.041864
-0.0255164
-0.0110646
0.0016969
0.0129214
0.022691
0.0317385
0.040097
-0.29045
-0.284733
-0.273432
-0.254425
-0.229253
-0.200445
-0.170408
-0.141068
-0.113546
-0.0884085
-0.0658125
-0.0456858
-0.0278519
-0.0121015
0.00177584
0.013986
0.0246786
0.0339385
0.0425326
0.0504323
-0.270719
-0.26544
-0.254268
-0.235351
-0.210342
-0.181834
-0.152263
-0.123486
-0.0966059
-0.0721439
-0.0502286
-0.0307713
-0.0135871
0.00153709
0.0148134
0.026448
0.0365863
0.0453172
0.0534398
-0.250212
-0.245383
-0.234368
-0.21559
-0.190794
-0.162667
-0.13362
-0.10547
-0.0792829
-0.0555408
-0.0343451
-0.0155916
0.000912145
0.0153824
0.0280324
0.0390679
0.0486297
0.0568132
-0.228966
-0.224598
-0.213766
-0.19516
-0.170665
-0.142974
-0.114512
-0.0870472
-0.0616033
-0.0386236
-0.0181843
-0.000167088
0.0156271
0.029417
0.0414165
0.0518301
0.0607939
-0.207019
-0.203126
-0.192502
-0.174114
-0.149979
-0.122791
-0.0949733
-0.0682489
-0.0435946
-0.0214174
-0.00176926
0.0154811
0.0305384
0.043623
0.0549491
0.0647192
-0.18441
-0.181008
-0.170608
-0.152503
-0.128777
-0.102154
-0.0750389
-0.0491059
-0.0252855
-0.00394834
0.0148761
0.031331
0.0456258
0.057982
0.0686137
0.0777194
-0.161175
-0.158296
-0.148139
-0.130359
-0.1071
-0.0811021
-0.0547439
-0.0296507
-0.00670521
0.0137567
0.0317273
0.0473601
0.0608688
0.0724754
0.0823932
-0.137363
-0.135038
-0.125143
-0.107727
-0.0849902
-0.0596738
-0.0341246
-0.00991643
0.0121158
0.0316701
0.0487588
0.0635452
0.0762462
0.087084
-0.113072
-0.111244
-0.101662
-0.084654
-0.062491
-0.0379096
-0.0132184
0.0100629
0.0311464
0.0497633
0.0659446
0.0798624
0.0917362
0.101788
-0.0883272
-0.0869744
-0.0777433
-0.0611856
-0.0396468
-0.0158511
0.00793685
0.0302524
0.050355
0.0680073
0.083258
0.0962872
0.107317
-0.0631594
-0.0622969
-0.0534378
-0.0373701
-0.0165032
0.00645974
0.0293023
0.0506168
0.0697091
0.0863723
0.100672
0.112795
0.122964
-0.0376242
-0.0372636
-0.028796
-0.0132568
0.00689357
0.02898
0.0508388
0.0711201
0.0891757
0.104828
0.118158
0.129359
-0.0117759
-0.0119243
-0.00386872
0.0111052
0.0304968
0.0516663
0.0725063
0.0917257
0.108721
0.123344
0.135688
0.014329
0.0136669
0.0212907
0.035665
0.054259
0.0744748
0.0942647
0.112397
0.128312
0.141889
0.153234
0.0406343
0.0394557
0.0466287
0.0603716
0.0781323
0.0973612
0.116073
0.133096
0.147915
0.160431
0.0670836
0.0653869
0.0720914
0.0851734
0.102069
0.120281
0.137891
0.153787
0.167494
0.178939
0.0936201
0.0914049
0.0976245
0.110019
0.12602
0.14319
0.159678
0.174431
0.187015
0.197382
0.120187
0.117454
0.123173
0.134856
0.149937
0.166044
0.181393
0.194991
0.206445
0.146726
0.143477
0.148684
0.159633
0.173772
0.188797
0.202995
0.21543
0.225748
0.173182
0.169419
0.174101
0.184299
0.197478
0.211406
0.224443
0.23571
0.199496
0.195224
0.19937
0.208801
0.221006
0.233827
0.245697
0.255794
0.225612
0.220835
0.224439
0.23309
0.244308
0.256016
0.266717
0.251474
0.246197
0.249253
0.257114
0.267339
0.27793
0.287463
0.277026
0.271257
0.273759
0.280825
0.290052
0.299527
0.307897
0.302214
0.295959
0.297905
0.304172
0.312402
0.320764
0.326982
0.320251
0.321641
0.327108
0.334343
0.341601
0.351279
0.344079
0.344916
0.349585
0.355832
0.361997
0.375051
0.367395
0.367681
0.371558
0.376827
0.398249
0.390146
0.389887
0.39298
0.397285
0.420822
0.412285
0.411489
0.413809
0.417165
0.442722
0.433764
0.43244
0.434001
0.43643
0.463903
0.454537
0.452697
0.453516
0.48432
0.474561
0.472218
0.472314
0.503929
0.493792
0.490961
0.490356
0.522688
0.51219
0.508887
0.507606
0.540558
0.529716
0.52596
0.524029
0.557501
0.546333
0.542143
0.573481
0.562005
0.557404
0.588465
0.576699
0.57171
0.60242
0.590386
0.585032
0.615318
0.603035
0.597342
0.627131
0.61462
0.608616
0.637835
0.625116
0.618829
0.647406
0.634503
0.627961
0.655826
0.64276
0.635993
0.663075
0.649869
0.66914
0.655817
0.674007
0.66059
0.677667
0.664178
0.68011
0.666575
0.681333
0.667774
0.681333
0.667774
0.68011
0.666575
0.677666
0.664178
0.674007
0.66059
0.66914
0.655817
0.663075
0.649869
0.655825
0.642759
0.635992
0.647406
0.634503
0.62796
0.637834
0.625116
0.618828
0.62713
0.614619
0.608615
0.615317
0.603034
0.597342
0.602419
0.590385
0.585031
0.588464
0.576698
0.571709
0.57348
0.562004
0.557403
0.5575
0.546332
0.542142
0.540557
0.529715
0.525959
0.524028
0.522687
0.512189
0.508886
0.507605
0.503927
0.493791
0.49096
0.490354
0.484319
0.47456
0.472216
0.472312
0.463902
0.454536
0.452696
0.453515
0.442721
0.433762
0.432439
0.434
0.436428
0.42082
0.412283
0.411487
0.413807
0.417164
0.398247
0.390144
0.389886
0.392978
0.397283
0.375049
0.367393
0.367679
0.371556
0.376825
0.381912
0.351277
0.344077
0.344914
0.349583
0.355831
0.361996
0.32698
0.320248
0.321639
0.327106
0.334341
0.341599
0.302211
0.295957
0.297903
0.30417
0.3124
0.320762
0.277024
0.271255
0.273756
0.280822
0.29005
0.299525
0.307895
0.251471
0.246195
0.24925
0.257112
0.267337
0.277928
0.287461
0.225609
0.220832
0.224436
0.233088
0.244306
0.256014
0.266715
0.199493
0.195221
0.199368
0.208799
0.221003
0.233825
0.245694
0.255792
0.173179
0.169417
0.174098
0.184296
0.197475
0.211404
0.22444
0.235708
0.146723
0.143474
0.148681
0.15963
0.17377
0.188795
0.202992
0.215427
0.225746
0.120184
0.117451
0.123171
0.134853
0.149934
0.166041
0.18139
0.194989
0.206443
0.0936171
0.0914019
0.0976215
0.110016
0.126017
0.143188
0.159676
0.174428
0.187013
0.19738
0.0670805
0.0653838
0.0720883
0.0851704
0.102066
0.120279
0.137889
0.153784
0.167491
0.178937
0.0406311
0.0394525
0.0466255
0.0603685
0.0781294
0.0973584
0.116071
0.133094
0.147912
0.160429
0.0143256
0.0136636
0.0212874
0.0356619
0.054256
0.0744719
0.0942619
0.112394
0.12831
0.141886
0.153232
-0.0117793
-0.0119277
-0.00387209
0.011102
0.0304937
0.0516633
0.0725034
0.0917229
0.108719
0.123341
0.135686
0.145952
-0.0376277
-0.0372671
-0.0287994
-0.0132602
0.00689033
0.0289769
0.0508358
0.0711172
0.089173
0.104825
0.118156
0.129357
-0.063163
-0.0623005
-0.0534414
-0.0373736
-0.0165065
0.00645655
0.0292993
0.0506139
0.0697063
0.0863696
0.100669
0.112792
0.122962
-0.0883309
-0.0869781
-0.077747
-0.0611891
-0.0396502
-0.0158544
0.00793372
0.0302494
0.0503521
0.0680045
0.0832554
0.0962847
0.107314
-0.113076
-0.111248
-0.101665
-0.0846576
-0.0624945
-0.037913
-0.0132216
0.0100598
0.0311435
0.0497605
0.0659419
0.0798598
0.0917337
0.101786
-0.137367
-0.135042
-0.125147
-0.107731
-0.0849939
-0.0596772
-0.0341279
-0.0099196
0.0121127
0.0316672
0.048756
0.0635425
0.0762436
0.0870815
-0.161179
-0.1583
-0.148143
-0.130363
-0.107104
-0.0811057
-0.0547473
-0.029654
-0.00670833
0.0137538
0.0317244
0.0473573
0.0608661
0.0724728
0.0823907
-0.184414
-0.181012
-0.170612
-0.152507
-0.128781
-0.102158
-0.0750424
-0.0491093
-0.0252886
-0.0039514
0.0148732
0.0313282
0.0456231
0.0579794
0.0686112
0.0777169
-0.207023
-0.20313
-0.192506
-0.174119
-0.149983
-0.122795
-0.0949769
-0.0682523
-0.0435979
-0.0214206
-0.00177227
0.0154782
0.0305356
0.0436203
0.0549465
0.0647166
0.0730614
-0.22897
-0.224603
-0.21377
-0.195164
-0.170669
-0.142978
-0.114515
-0.0870507
-0.0616067
-0.0386268
-0.0181874
-0.000170059
0.0156243
0.0294142
0.0414138
0.0518275
0.0607914
-0.250216
-0.245387
-0.234372
-0.215595
-0.190798
-0.162671
-0.133623
-0.105473
-0.0792863
-0.0555441
-0.0343482
-0.0155946
0.000909214
0.0153795
0.0280296
0.0390652
0.0486271
0.0568107
-0.270723
-0.265444
-0.254273
-0.235355
-0.210346
-0.181838
-0.152267
-0.12349
-0.0966094
-0.0721472
-0.0502318
-0.0307744
-0.0135901
0.00153419
0.0148106
0.0264453
0.0365836
0.0453146
0.0534374
-0.290455
-0.284737
-0.273436
-0.254429
-0.229258
-0.200449
-0.170412
-0.141072
-0.113549
-0.0884119
-0.0658158
-0.045689
-0.027855
-0.0121044
0.00177298
0.0139833
0.0246759
0.0339358
0.0425301
0.0504299
-0.309377
-0.303232
-0.291828
-0.27278
-0.247502
-0.218476
-0.188025
-0.158191
-0.130081
-0.104315
-0.0810791
-0.0603187
-0.0418671
-0.0255194
-0.0110675
0.00169407
0.0129186
0.0226883
0.0317359
0.0400945
-0.327459
-0.320898
-0.309415
-0.290374
-0.265051
-0.235841
-0.205118
-0.174824
-0.146179
-0.119834
-0.0960012
-0.0746448
-0.0556092
-0.0386947
-0.0236956
-0.0104078
0.00132575
0.0115853
0.0210681
0.029866
-0.344672
-0.337707
-0.32617
-0.307182
-0.281879
-0.252569
-0.221614
-0.190938
-0.161821
-0.134949
-0.110563
-0.0886496
-0.0690647
-0.0516146
-0.0360967
-0.0223083
-0.0100893
0.000639661
0.0105392
0.0197576
-0.360991
-0.353634
-0.342067
-0.323175
-0.297957
-0.268624
-0.237496
-0.206513
-0.176985
-0.149638
-0.124746
-0.102316
-0.0822179
-0.0642646
-0.048257
-0.0339944
-0.021314
-0.0101367
0.000160904
0.00978076
-0.376393
-0.368659
-0.357084
-0.338332
-0.313258
-0.283974
-0.252748
-0.221526
-0.191652
-0.163884
-0.138533
-0.115628
-0.095054
-0.0766307
-0.0601633
-0.0454535
-0.0323363
-0.0207325
-0.0100559
-5.38362e-05
-0.39086
-0.382763
-0.371201
-0.352629
-0.32776
-0.298596
-0.267348
-0.235959
-0.205801
-0.177669
-0.151908
-0.128572
-0.107559
-0.0886999
-0.0718034
-0.0566741
-0.0431452
-0.0311373
-0.0201013
-0.00973657
-0.404377
-0.395932
-0.384404
-0.366051
-0.341444
-0.312471
-0.281277
-0.249793
-0.219416
-0.190977
-0.164856
-0.141132
-0.119721
-0.10046
-0.0831658
-0.0676452
-0.0537305
-0.0413413
-0.0299659
-0.0192585
-0.416932
-0.408155
-0.396679
-0.378582
-0.354293
-0.32558
-0.294515
-0.263009
-0.23248
-0.203794
-0.177364
-0.153298
-0.131527
-0.1119
-0.0942401
-0.078357
-0.0640826
-0.0513359
-0.0396412
-0.0286115
-0.428517
-0.419424
-0.408019
-0.390211
-0.366294
-0.33791
-0.307048
-0.275593
-0.244979
-0.216106
-0.18942
-0.165056
-0.142966
-0.123011
-0.105017
-0.0888003
-0.074193
-0.0611128
-0.0491194
-0.0377877
-0.439129
-0.429737
-0.418418
-0.400931
-0.377435
-0.349446
-0.31886
-0.287531
-0.256901
-0.227901
-0.201012
-0.176398
-0.15403
-0.133782
-0.115487
-0.098967
-0.084054
-0.0706649
-0.0583935
-0.0467798
-0.448766
-0.439094
-0.427876
-0.410738
-0.387711
-0.360179
-0.329942
-0.298811
-0.268234
-0.239169
-0.212131
-0.187315
-0.16471
-0.144205
-0.125643
-0.10885
-0.0936586
-0.0799857
-0.0674576
-0.0555806
-0.457432
-0.447498
-0.436394
-0.419631
-0.397117
-0.370103
-0.340285
-0.309425
-0.278969
-0.2499
-0.222769
-0.197797
-0.174999
-0.154275
-0.135479
-0.118442
-0.103001
-0.0890698
-0.0763069
-0.0641822
-0.465134
-0.454959
-0.443981
-0.427614
-0.405652
-0.379213
-0.349881
-0.319363
-0.289098
-0.260089
-0.232919
-0.20784
-0.18489
-0.163985
-0.144988
-0.127739
-0.112075
-0.0979122
-0.0849385
-0.0725752
-0.471883
-0.461487
-0.450644
-0.434693
-0.413319
-0.387507
-0.358728
-0.328622
-0.298615
-0.269728
-0.242575
-0.217437
-0.194377
-0.173329
-0.154166
-0.136735
-0.120877
-0.106508
-0.0933521
-0.0807513
-0.477694
-0.467098
-0.4564
-0.440879
-0.420124
-0.394988
-0.366823
-0.337198
-0.307516
-0.278814
-0.251733
-0.226585
-0.203459
-0.182305
-0.16301
-0.145427
-0.129403
-0.114854
-0.101539
-0.0887213
-0.482585
-0.471812
-0.461265
-0.446187
-0.426077
-0.401661
-0.374168
-0.345089
-0.315799
-0.287344
-0.26039
-0.235281
-0.212131
-0.190909
-0.171515
-0.153812
-0.137651
-0.122945
-0.109504
-0.0966662
-0.486578
-0.475649
-0.46526
-0.450634
-0.431191
-0.407534
-0.380766
-0.352296
-0.323463
-0.295315
-0.268544
-0.243523
-0.220391
-0.19914
-0.179681
-0.161887
-0.145617
-0.130781
-0.117216
-0.104315
-0.489697
-0.478637
-0.468411
-0.454241
-0.435482
-0.412617
-0.386625
-0.358823
-0.330509
-0.302729
-0.276196
-0.251311
-0.228241
-0.206996
-0.187505
-0.169651
-0.153299
-0.138357
-0.124678
-0.111687
-0.491972
-0.480804
-0.470744
-0.457033
-0.43897
-0.416925
-0.391753
-0.364675
-0.336941
-0.309588
-0.283346
-0.258646
-0.235678
-0.214479
-0.194989
-0.177104
-0.160696
-0.145673
-0.131902
-0.118832
-0.493432
-0.482182
-0.472292
-0.459039
-0.441678
-0.420476
-0.396162
-0.36986
-0.342762
-0.315894
-0.289997
-0.265528
-0.242707
-0.221588
-0.202132
-0.184246
-0.167809
-0.15273
-0.138892
-0.125767
-0.494112
-0.482805
-0.473087
-0.460289
-0.443633
-0.423289
-0.399867
-0.374387
-0.347981
-0.321652
-0.296153
-0.271963
-0.249328
-0.228327
-0.208937
-0.191078
-0.174638
-0.159528
-0.145647
-0.132489
-0.494049
-0.48271
-0.473166
-0.460816
-0.444863
-0.425388
-0.402885
-0.378269
-0.352605
-0.326869
-0.301818
-0.277953
-0.255545
-0.234698
-0.215406
-0.197603
-0.181186
-0.166068
-0.152166
-0.138996
-0.493281
-0.481936
-0.472568
-0.460658
-0.445401
-0.426799
-0.405235
-0.38152
-0.356644
-0.331551
-0.306998
-0.283503
-0.261363
-0.240706
-0.221543
-0.203823
-0.187455
-0.172354
-0.15845
-0.145288
-0.49185
-0.480525
-0.471333
-0.459854
-0.445281
-0.427551
-0.406941
-0.384157
-0.360111
-0.335709
-0.311701
-0.28862
-0.266788
-0.246354
-0.227351
-0.209742
-0.193447
-0.178386
-0.1645
-0.151367
-0.489796
-0.478519
-0.469504
-0.458443
-0.44454
-0.427674
-0.408026
-0.386198
-0.36302
-0.339352
-0.315935
-0.293311
-0.271825
-0.251649
-0.232836
-0.215365
-0.199168
-0.184168
-0.17032
-0.157235
-0.487165
-0.475961
-0.467124
-0.456468
-0.443217
-0.427204
-0.408519
-0.387664
-0.365386
-0.342493
-0.319709
-0.297584
-0.276481
-0.256596
-0.238003
-0.220696
-0.204619
-0.189703
-0.175912
-0.162892
-0.484
-0.472896
-0.464239
-0.453973
-0.441353
-0.426175
-0.408448
-0.388578
-0.367226
-0.345145
-0.323033
-0.301447
-0.280764
-0.261203
-0.242858
-0.22574
-0.209807
-0.194995
-0.181279
-0.168344
-0.480348
-0.46937
-0.460893
-0.451004
-0.438991
-0.424625
-0.407846
-0.388965
-0.36856
-0.347321
-0.32592
-0.304909
-0.284682
-0.265476
-0.247407
-0.230503
-0.214736
-0.20005
-0.186426
-0.173591
-0.476254
-0.465427
-0.457132
-0.447604
-0.436173
-0.422593
-0.406744
-0.388853
-0.369408
-0.349039
-0.328382
-0.307982
-0.288244
-0.269424
-0.251658
-0.234992
-0.219412
-0.204871
-0.191356
-0.178638
-0.471763
-0.461112
-0.453002
-0.44382
-0.432944
-0.42012
-0.405179
-0.388268
-0.369793
-0.350315
-0.330432
-0.310676
-0.291459
-0.273055
-0.255618
-0.239213
-0.223842
-0.209464
-0.196074
-0.183488
-0.466923
-0.456471
-0.448548
-0.439698
-0.429349
-0.417248
-0.403188
-0.387242
-0.369738
-0.351167
-0.332084
-0.313003
-0.294338
-0.276378
-0.259296
-0.243174
-0.22803
-0.213834
-0.200584
-0.188146
-0.461777
-0.451547
-0.443814
-0.435282
-0.425431
-0.414019
-0.400807
-0.385807
-0.369269
-0.351616
-0.333354
-0.314974
-0.29689
-0.279402
-0.262699
-0.246883
-0.231985
-0.217988
-0.204893
-0.192615
-0.45637
-0.446383
-0.438843
-0.430616
-0.421236
-0.410475
-0.398075
-0.383994
-0.368412
-0.351682
-0.334258
-0.316604
-0.299127
-0.282136
-0.265837
-0.250346
-0.235713
-0.221931
-0.209006
-0.196902
-0.450744
-0.441021
-0.433678
-0.425743
-0.416806
-0.406659
-0.395032
-0.38184
-0.367196
-0.351387
-0.334812
-0.317905
-0.301059
-0.28459
-0.268717
-0.253572
-0.239221
-0.225671
-0.212929
-0.201009
-0.444941
-0.4355
-0.428358
-0.420704
-0.412184
-0.402611
-0.391716
-0.379377
-0.365649
-0.350754
-0.335036
-0.318891
-0.302699
-0.286774
-0.271348
-0.256569
-0.242517
-0.229214
-0.216667
-0.204944
-0.439
-0.429859
-0.422921
-0.415539
-0.407409
-0.398374
-0.388168
-0.376642
-0.363802
-0.349807
-0.334948
-0.319578
-0.304057
-0.288698
-0.27374
-0.259345
-0.245608
-0.232567
-0.220227
-0.20871
-0.432959
-0.424132
-0.417404
-0.410284
-0.402522
-0.393987
-0.384425
-0.37367
-0.361684
-0.348572
-0.334567
-0.31998
-0.305147
-0.290373
-0.275902
-0.261909
-0.248503
-0.235737
-0.223615
-0.212315
-0.426853
-0.418354
-0.41184
-0.404975
-0.397558
-0.389488
-0.380526
-0.370497
-0.359329
-0.347074
-0.333913
-0.320113
-0.30598
-0.291808
-0.277842
-0.264268
-0.251208
-0.23873
-0.226837
-0.215762
-0.420716
-0.412557
-0.40626
-0.399644
-0.392552
-0.384912
-0.376507
-0.367158
-0.356766
-0.34534
-0.333009
-0.319994
-0.30657
-0.293013
-0.27957
-0.266431
-0.253731
-0.241554
-0.229901
-0.219059
-0.414579
-0.406768
-0.400694
-0.394321
-0.387535
-0.380294
-0.372403
-0.363687
-0.354028
-0.343397
-0.331876
-0.31964
-0.306929
-0.294001
-0.281095
-0.268406
-0.25608
-0.244216
-0.232812
-0.222211
-0.408471
-0.401015
-0.395167
-0.389034
-0.382538
-0.375666
-0.368248
-0.360118
-0.351146
-0.341273
-0.330536
-0.319068
-0.307071
-0.29478
-0.282424
-0.270201
-0.258262
-0.246722
-0.235576
-0.225223
-0.402417
-0.395322
-0.389703
-0.383806
-0.377586
-0.371056
-0.364073
-0.356483
-0.348151
-0.338994
-0.329012
-0.318297
-0.307011
-0.295363
-0.283568
-0.271823
-0.260283
-0.24908
-0.238201
-0.228102
-0.396441
-0.389709
-0.384323
-0.378659
-0.372702
-0.36649
-0.359906
-0.352812
-0.345072
-0.336588
-0.327329
-0.317344
-0.306762
-0.295759
-0.284535
-0.27328
-0.262152
-0.251296
-0.240692
-0.230855
-0.390563
-0.384197
-0.379046
-0.373612
-0.367908
-0.361993
-0.355774
-0.349133
-0.341939
-0.334084
-0.325509
-0.316231
-0.306339
-0.29598
-0.285333
-0.274579
-0.263874
-0.253376
-0.243055
-0.233486
-0.384803
-0.378801
-0.373886
-0.368681
-0.363221
-0.357583
-0.351699
-0.345472
-0.338778
-0.331505
-0.323576
-0.314975
-0.305757
-0.296038
-0.285972
-0.275728
-0.265457
-0.255327
-0.245296
-0.236004
-0.379177
-0.373537
-0.368858
-0.36388
-0.358657
-0.353279
-0.347704
-0.341852
-0.335616
-0.328879
-0.321554
-0.313597
-0.305033
-0.295945
-0.28646
-0.276733
-0.266906
-0.257154
-0.247421
-0.238414
-0.373699
-0.368415
-0.363973
-0.35922
-0.354226
-0.349095
-0.343805
-0.338296
-0.332474
-0.32623
-0.319465
-0.312118
-0.304183
-0.295712
-0.286806
-0.277601
-0.268226
-0.258864
-0.368379
-0.363446
-0.35924
-0.354711
-0.349941
-0.345043
-0.340017
-0.33482
-0.329375
-0.323579
-0.317332
-0.310556
-0.303222
-0.295352
-0.28702
-0.278339
-0.269425
-0.363228
-0.358639
-0.354665
-0.350358
-0.345807
-0.341133
-0.336352
-0.331441
-0.326337
-0.320949
-0.315176
-0.308932
-0.302168
-0.294878
-0.28711
-0.358253
-0.353998
-0.350255
-0.346167
-0.34183
-0.337372
-0.332821
-0.328172
-0.323377
-0.318357
-0.313017
-0.307266
-0.301037
-0.294304
-0.353459
-0.349529
-0.346013
-0.34214
-0.338014
-0.333764
-0.32943
-0.325022
-0.320508
-0.315821
-0.310874
-0.305574
-0.348851
-0.345234
-0.34194
-0.338281
-0.334361
-0.330312
-0.326185
-0.322
-0.317741
-0.313354
-0.308763
-0.344432
-0.341115
-0.338038
-0.334588
-0.330871
-0.327017
-0.323087
-0.319111
-0.315085
-0.310971
-0.340201
-0.337173
-0.334306
-0.331061
-0.327542
-0.32388
-0.320138
-0.316359
-0.312548
-0.336159
-0.333405
-0.330743
-0.327697
-0.324373
-0.320897
-0.317338
-0.313744
-0.332305
-0.329811
-0.327345
-0.324494
-0.32136
-0.318066
-0.314684
-0.328636
-0.326388
-0.324111
-0.321448
-0.3185
-0.315383
-0.325148
-0.323131
-0.321035
-0.318555
-0.315787
-0.321838
-0.320038
-0.318114
-0.315809
-0.318701
-0.317102
-0.315342
-0.31573
-0.314318
-0.312921
-0.311682
-0.310266
-0.173904
-0.178536
-0.182999
-0.187297
-0.191433
-0.195412
-0.199238
-0.202915
-0.206448
-0.20984
-0.213096
-0.216219
-0.219213
-0.222081
-0.224827
-0.227454
-0.16671
-0.171282
-0.175701
-0.17997
-0.184094
-0.188074
-0.191916
-0.195621
-0.199195
-0.20264
-0.20596
-0.209158
-0.212238
-0.215203
-0.218056
-0.220799
-0.159837
-0.164334
-0.168694
-0.17292
-0.177016
-0.180984
-0.184827
-0.188548
-0.192151
-0.195639
-0.199015
-0.202283
-0.205444
-0.208504
-0.211465
-0.21433
-0.153273
-0.157693
-0.16199
-0.166168
-0.170229
-0.174176
-0.178011
-0.181738
-0.185359
-0.188876
-0.192294
-0.195614
-0.198841
-0.201976
-0.205023
-0.207986
-0.147018
-0.151355
-0.155583
-0.159705
-0.163722
-0.167638
-0.171453
-0.175171
-0.178795
-0.182326
-0.185768
-0.189122
-0.192392
-0.195581
-0.198691
-0.201725
-0.141054
-0.145305
-0.149458
-0.153517
-0.157482
-0.161356
-0.16514
-0.168838
-0.172451
-0.175982
-0.179432
-0.182804
-0.186101
-0.189325
-0.192479
-0.195565
-0.135366
-0.139527
-0.143601
-0.147591
-0.151497
-0.155322
-0.159067
-0.162734
-0.166326
-0.169844
-0.17329
-0.176666
-0.179976
-0.18322
-0.186401
-0.189522
-0.129938
-0.134007
-0.137999
-0.141915
-0.145757
-0.149526
-0.153224
-0.156852
-0.160413
-0.163908
-0.167339
-0.170708
-0.174017
-0.177268
-0.180462
-0.183603
-0.124757
-0.128733
-0.132639
-0.136478
-0.140251
-0.143959
-0.147603
-0.151186
-0.154708
-0.158171
-0.161577
-0.164928
-0.168225
-0.17147
-0.174665
-0.177812
-0.180912
-0.119811
-0.123692
-0.12751
-0.131269
-0.134969
-0.13861
-0.142196
-0.145726
-0.149203
-0.152626
-0.155999
-0.159323
-0.162598
-0.165827
-0.169011
-0.172151
-0.175251
-0.115088
-0.118872
-0.122602
-0.126277
-0.129901
-0.133473
-0.136995
-0.140467
-0.143892
-0.147269
-0.150601
-0.153889
-0.157134
-0.160338
-0.163501
-0.166625
-0.169713
-0.110578
-0.114265
-0.117903
-0.121494
-0.125039
-0.128537
-0.131991
-0.135402
-0.138769
-0.142095
-0.14538
-0.148625
-0.151833
-0.155003
-0.158137
-0.161236
-0.164302
-0.106269
-0.109859
-0.113406
-0.116911
-0.120374
-0.123797
-0.12718
-0.130524
-0.13383
-0.137098
-0.140331
-0.143528
-0.146691
-0.149821
-0.152918
-0.155985
-0.159021
-0.102154
-0.105647
-0.109102
-0.112519
-0.115899
-0.119244
-0.122553
-0.125827
-0.129068
-0.132276
-0.135451
-0.138595
-0.141708
-0.144792
-0.147846
-0.150873
-0.153873
-0.0982231
-0.101619
-0.104981
-0.10831
-0.111607
-0.114871
-0.118105
-0.121307
-0.124479
-0.127622
-0.130736
-0.133822
-0.136881
-0.139913
-0.14292
-0.145901
-0.148858
-0.0944673
-0.0977673
-0.101037
-0.104278
-0.10749
-0.110673
-0.113829
-0.116957
-0.120059
-0.123134
-0.126184
-0.129208
-0.132209
-0.135186
-0.138139
-0.14107
-0.14398
-0.090879
-0.0940838
-0.0972621
-0.100414
-0.103541
-0.106643
-0.10972
-0.112772
-0.115801
-0.118807
-0.121789
-0.12475
-0.127689
-0.130607
-0.133504
-0.13638
-0.139238
-0.0874506
-0.0905613
-0.0936487
-0.096713
-0.0997546
-0.102774
-0.105771
-0.108747
-0.111702
-0.114636
-0.11755
-0.120444
-0.123319
-0.126175
-0.129012
-0.131831
-0.134633
-0.0841751
-0.087193
-0.0901903
-0.0931671
-0.0961239
-0.099061
-0.101979
-0.104877
-0.107757
-0.110619
-0.113462
-0.116288
-0.119096
-0.121888
-0.124663
-0.127422
-0.130165
-0.0810453
-0.0839719
-0.0868802
-0.0897705
-0.0926431
-0.0954983
-0.0983362
-0.101157
-0.103962
-0.10675
-0.109522
-0.112278
-0.115019
-0.117744
-0.120455
-0.123151
-0.125834
-0.0780548
-0.0808916
-0.0837124
-0.0865172
-0.0893064
-0.0920802
-0.0948387
-0.0975821
-0.100311
-0.103025
-0.105725
-0.108411
-0.111083
-0.113741
-0.116386
-0.119019
-0.121638
-0.0751971
-0.077946
-0.0806807
-0.0834014
-0.0861082
-0.0888014
-0.091481
-0.0941474
-0.0968005
-0.0994408
-0.102068
-0.104683
-0.107286
-0.109876
-0.112455
-0.115022
-0.117577
-0.0724663
-0.0751292
-0.0777795
-0.0804175
-0.0830432
-0.0856568
-0.0882584
-0.0908482
-0.0934263
-0.0959928
-0.098548
-0.101092
-0.103625
-0.106147
-0.108658
-0.111159
-0.11365
-0.0698569
-0.0724357
-0.0750035
-0.0775603
-0.0801063
-0.0826415
-0.0851661
-0.0876802
-0.0901838
-0.0926772
-0.0951603
-0.0976335
-0.100097
-0.10255
-0.104994
-0.107428
-0.109853
-0.0673638
-0.0698605
-0.0723475
-0.0748248
-0.0772925
-0.0797507
-0.0821995
-0.0846389
-0.0870689
-0.0894898
-0.0919016
-0.0943043
-0.0966981
-0.0990831
-0.101459
-0.103827
-0.106186
-0.0649817
-0.0673984
-0.0698065
-0.0722061
-0.0745972
-0.0769798
-0.0793541
-0.0817199
-0.0840775
-0.0864268
-0.088768
-0.091101
-0.0934259
-0.0957429
-0.098052
-0.100353
-0.102647
-0.0627058
-0.0650446
-0.0673758
-0.0696995
-0.0720157
-0.0743244
-0.0766256
-0.0789193
-0.0812055
-0.0834844
-0.0857559
-0.08802
-0.0902769
-0.0925265
-0.0947689
-0.0970042
-0.0992324
-0.0605312
-0.0627942
-0.0650507
-0.0673004
-0.0695435
-0.07178
-0.0740097
-0.0762327
-0.078449
-0.0806587
-0.0828616
-0.085058
-0.0872476
-0.0894307
-0.0916072
-0.0937771
-0.0959406
-0.058454
-0.0606435
-0.0628271
-0.0650049
-0.0671768
-0.0693427
-0.0715026
-0.0736564
-0.0758043
-0.0779461
-0.0800818
-0.0822115
-0.0843351
-0.0864526
-0.088564
-0.0906694
-0.0927688
-0.056469
-0.0585873
-0.0607005
-0.0628084
-0.064911
-0.0670083
-0.0691001
-0.0711866
-0.0732675
-0.075343
-0.0774129
-0.0794772
-0.0815359
-0.083589
-0.0856366
-0.0876785
-0.0897147
-0.0545728
-0.0566222
-0.0586671
-0.0607072
-0.0627426
-0.0647731
-0.0667988
-0.0688195
-0.0708352
-0.0728459
-0.0748515
-0.0768519
-0.0788471
-0.0808372
-0.0828219
-0.0848015
-0.0867757
-0.052762
-0.0547448
-0.0567234
-0.0586978
-0.060668
-0.0626337
-0.064595
-0.0665518
-0.068504
-0.0704516
-0.0723944
-0.0743324
-0.0762656
-0.0781939
-0.0801173
-0.0820357
-0.0839492
-0.0510341
-0.0529522
-0.0548666
-0.0567773
-0.0586841
-0.0605869
-0.0624857
-0.0643803
-0.0662708
-0.0681569
-0.0700385
-0.0719158
-0.0737885
-0.0756566
-0.07752
-0.0793787
-0.0812326
-0.049384
-0.0512397
-0.0530923
-0.0549414
-0.056787
-0.058629
-0.0604672
-0.0623016
-0.0641321
-0.0659585
-0.0677808
-0.0695989
-0.0714128
-0.0732222
-0.0750272
-0.0768276
-0.0786235
-0.0478097
-0.0496053
-0.051398
-0.0531876
-0.0549741
-0.0567571
-0.0585368
-0.0603128
-0.0620852
-0.0638538
-0.0656185
-0.0673792
-0.0691358
-0.0708882
-0.0726363
-0.0743801
-0.0761195
-0.0463078
-0.0480456
-0.0497806
-0.0515129
-0.0532422
-0.0549684
-0.0566914
-0.0584111
-0.0601272
-0.0618398
-0.0635487
-0.0652537
-0.0669549
-0.068652
-0.0703449
-0.0720337
-0.0737181
-0.0448757
-0.0465578
-0.0482374
-0.0499144
-0.0515886
-0.05326
-0.0549284
-0.0565936
-0.0582555
-0.0599139
-0.0615688
-0.0632201
-0.0648675
-0.066511
-0.0681505
-0.0697859
-0.0714171
-0.0435112
-0.0451396
-0.0467659
-0.0483897
-0.050011
-0.0516296
-0.0532453
-0.054858
-0.0564675
-0.0580737
-0.0596766
-0.0612758
-0.0628714
-0.0644631
-0.0660509
-0.0676347
-0.0692143
-0.0422114
-0.0437885
-0.0453635
-0.0469363
-0.0485067
-0.0500745
-0.0516396
-0.0532018
-0.0547609
-0.0563169
-0.0578695
-0.0594186
-0.0609642
-0.0625059
-0.0640439
-0.0655778
-0.0671077
-0.0409742
-0.0425022
-0.0440282
-0.0455521
-0.0470737
-0.0485928
-0.0501092
-0.0516229
-0.0531336
-0.0546412
-0.0561456
-0.0576465
-0.0591439
-0.0606376
-0.0621274
-0.0636134
-0.0650952
-0.0397982
-0.0412792
-0.0427582
-0.0442353
-0.0457101
-0.0471825
-0.0486523
-0.0501194
-0.0515837
-0.0530449
-0.0545029
-0.0559575
-0.0574086
-0.0588561
-0.0602998
-0.0617395
-0.0631753
-0.0386822
-0.0401181
-0.0415522
-0.0429843
-0.0444143
-0.045842
-0.0472672
-0.0486898
-0.0501095
-0.0515262
-0.0529397
-0.05435
-0.0557567
-0.0571599
-0.0585593
-0.0599547
-0.0613462
-0.0376237
-0.0390166
-0.0404079
-0.0417973
-0.0431845
-0.0445696
-0.0459521
-0.0473321
-0.0487092
-0.0500834
-0.0514545
-0.0528223
-0.0541866
-0.0555474
-0.0569044
-0.0582575
-0.0596065
-0.0366219
-0.037974
-0.0393245
-0.040673
-0.0420196
-0.0433639
-0.0447059
-0.0460452
-0.0473818
-0.0487154
-0.050046
-0.0513733
-0.0526971
-0.0540174
-0.0553339
-0.0566465
-0.0579551
-0.0356755
-0.0369888
-0.0383005
-0.0396104
-0.0409182
-0.0422239
-0.0435272
-0.0448279
-0.0461259
-0.047421
-0.0487129
-0.0500017
-0.051287
-0.0525687
-0.0538467
-0.0551208
-0.0563909
-0.0347836
-0.0360602
-0.0373352
-0.0386084
-0.0398795
-0.0411485
-0.0424152
-0.0436793
-0.0449406
-0.0461991
-0.0474545
-0.0487067
-0.0499554
-0.0512006
-0.052442
-0.0536795
-0.054913
-0.0339457
-0.0351875
-0.0364278
-0.0376663
-0.0389028
-0.0401372
-0.0413692
-0.0425986
-0.0438254
-0.0450492
-0.04627
-0.0474876
-0.0487017
-0.0499123
-0.0511191
-0.0523221
-0.053521
-0.0331611
-0.0343703
-0.0355779
-0.0367837
-0.0379876
-0.0391893
-0.0403887
-0.0415855
-0.0427796
-0.0439709
-0.045159
-0.046344
-0.0475255
-0.0487035
-0.0498778
-0.0510482
-0.0522145
-0.0324298
-0.0336083
-0.0347853
-0.0359605
-0.0371337
-0.0383048
-0.0394735
-0.0406397
-0.0418032
-0.0429639
-0.0441215
-0.0452758
-0.0464268
-0.0475742
-0.0487179
-0.0498577
-0.0509935
-0.0521251
-0.0317516
-0.0329016
-0.0340499
-0.0351965
-0.0363411
-0.0374836
-0.0386238
-0.0397614
-0.0408963
-0.0420284
-0.0431574
-0.0442832
-0.0454057
-0.0465245
-0.0476397
-0.048751
-0.0498583
-0.0509615
-0.0311269
-0.0322503
-0.0333721
-0.0344922
-0.0356102
-0.0367261
-0.0378397
-0.0389508
-0.0400592
-0.0411648
-0.0422673
-0.0433666
-0.0444626
-0.045555
-0.0466437
-0.0477286
-0.0488096
-0.0498863
-0.0305563
-0.0316553
-0.0327526
-0.0338481
-0.0349417
-0.0360331
-0.0371223
-0.0382089
-0.0392928
-0.0403739
-0.041452
-0.0425269
-0.0435985
-0.0446666
-0.045731
-0.0467917
-0.0478483
-0.0489008
-0.0300403
-0.0311168
-0.0321918
-0.033265
-0.0343362
-0.0354052
-0.036472
-0.0375362
-0.0385979
-0.0396566
-0.0407125
-0.0417651
-0.0428145
-0.0438604
-0.0449026
-0.0459411
-0.0469757
-0.0480062
-0.0295806
-0.030637
-0.0316917
-0.0327446
-0.0337956
-0.0348444
-0.0358909
-0.036935
-0.0379764
-0.0390151
-0.0400507
-0.0410833
-0.0421126
-0.0431385
-0.0441608
-0.0451794
-0.0461941
-0.0472049
-0.0291778
-0.0302161
-0.0312527
-0.0322876
-0.0333205
-0.0343513
-0.0353798
-0.0364058
-0.0374293
-0.03845
-0.0394678
-0.0404826
-0.0414941
-0.0425023
-0.0435069
-0.044508
-0.0455052
-0.0464985
-0.0288363
-0.0298587
-0.0308794
-0.0318984
-0.0329154
-0.0339304
-0.034943
-0.0359533
-0.036961
-0.037966
-0.0389681
-0.0399672
-0.0409632
-0.0419559
-0.0429451
-0.0439308
-0.0449128
-0.0458909
-0.0285531
-0.029562
-0.0305693
-0.0315749
-0.0325785
-0.0335801
-0.0345794
-0.0355764
-0.0365709
-0.0375627
-0.0385517
-0.0395379
-0.0405209
-0.0415008
-0.0424773
-0.0434503
-0.0444197
-0.0453854
-0.0283407
-0.0293382
-0.0303341
-0.0313282
-0.0323204
-0.0333105
-0.0342985
-0.0352841
-0.0362673
-0.0372479
-0.0382258
-0.0392009
-0.0401729
-0.0411419
-0.0421077
-0.0430701
-0.044029
-0.0449843
-0.0281867
-0.0291762
-0.0301641
-0.0311503
-0.0321346
-0.0331169
-0.0340971
-0.0350751
-0.0360506
-0.0370237
-0.0379941
-0.0389618
-0.0399266
-0.0408884
-0.0418471
-0.0428026
-0.0437547
-0.0447034
-0.0281177
-0.0290996
-0.0300799
-0.0310584
-0.0320352
-0.0330099
-0.0339826
-0.0349532
-0.0359214
-0.0368873
-0.0378507
-0.0388116
-0.0397697
-0.040725
-0.0416774
-0.0426268
-0.0435732
-0.0445163
0.0395169
0.0298719
0.0203423
0.0109373
0.00166534
-0.0074659
-0.0164493
-0.0252783
-0.033947
-0.04245
-0.0507829
-0.0589427
-0.0669315
-0.0747579
-0.0824462
-0.0897807
-0.0970589
-0.104129
-0.110981
-0.11764
-0.124111
-0.130392
-0.136482
-0.142381
-0.148093
-0.153619
-0.15896
-0.164119
-0.1691
0.0373195
0.0281806
0.0191545
0.0102483
0.00146839
-0.00717921
-0.015689
-0.024056
-0.0322757
-0.0403441
-0.0482581
-0.0560153
-0.0636141
-0.0710487
-0.0783124
-0.0853169
-0.0923108
-0.0990848
-0.105646
-0.112037
-0.118263
-0.124319
-0.130203
-0.135916
-0.14146
-0.146837
-0.152048
-0.157096
-0.161982
0.034826
0.0261815
0.0176453
0.00922334
0.000920899
-0.00725733
-0.015307
-0.0232242
-0.0310053
-0.0386472
-0.0461472
-0.0535021
-0.0607073
-0.0677503
-0.0746074
-0.0812213
-0.0879764
-0.0944739
-0.100753
-0.106873
-0.112848
-0.118671
-0.12434
-0.129856
-0.13522
-0.140436
-0.145503
-0.150424
-0.155201
0.0326793
0.0244954
0.0164151
0.00844305
0.00058352
-0.0071598
-0.0147836
-0.0222847
-0.0296604
-0.0369083
-0.0440263
-0.0510125
-0.0578664
-0.0645913
-0.0712005
-0.0777275
-0.0838598
-0.0900139
-0.0960533
-0.101936
-0.107677
-0.113281
-0.118748
-0.124078
-0.129272
-0.134333
-0.139262
-0.14406
-0.14873
0.0306764
0.0229296
0.0152812
0.00773465
0.000293296
-0.00704
-0.0142627
-0.0213723
-0.0283669
-0.0352445
-0.0420034
-0.0486425
-0.0551607
-0.0615572
-0.0678265
-0.0739606
-0.0798994
-0.0858173
-0.0916146
-0.0972642
-0.102782
-0.108177
-0.113451
-0.118601
-0.123631
-0.128541
-0.133333
-0.138009
-0.14257
0.0288136
0.0214795
0.0142382
0.00709207
4.37616e-05
-0.00690449
-0.0137507
-0.0204931
-0.02713
-0.03366
-0.0400816
-0.0463935
-0.0525939
-0.0586801
-0.0646464
-0.0704876
-0.0761845
-0.0818849
-0.087441
-0.092857
-0.098158
-0.103352
-0.108438
-0.113414
-0.118283
-0.123045
-0.127701
-0.132254
-0.136704
0.0270845
0.02014
0.0132824
0.00651331
-0.000165324
-0.00675172
-0.0132444
-0.0196419
-0.0259432
-0.0321469
-0.0382521
-0.0442576
-0.0501624
-0.055965
-0.0616632
-0.0672548
-0.0727322
-0.0781503
-0.0834701
-0.0886757
-0.0937762
-0.098779
-0.103685
-0.108494
-0.113206
-0.117824
-0.122347
-0.126777
-0.131116
0.0254765
0.0188995
0.0124035
0.00598923
-0.000341697
-0.00658794
-0.0127484
-0.018822
-0.0248079
-0.0307053
-0.0365136
-0.042232
-0.0478604
-0.0533991
-0.0588497
-0.0642155
-0.069503
-0.0746111
-0.0796979
-0.0847101
-0.089624
-0.0944448
-0.099178
-0.103825
-0.108385
-0.112861
-0.117253
-0.121562
-0.12579
0.0239793
0.0177487
0.011593
0.00551271
-0.000491216
-0.00641771
-0.0122659
-0.0180352
-0.0237249
-0.0293344
-0.0348633
-0.0403112
-0.0456781
-0.050964
-0.056169
-0.0612916
-0.0663299
-0.0712555
-0.076148
-0.0809653
-0.085693
-0.0903373
-0.0949037
-0.0993932
-0.103806
-0.108144
-0.112406
-0.116595
-0.120712
0.0225831
0.016679
0.0108437
0.00507753
-0.000618898
-0.0062448
-0.0117996
-0.0172828
-0.0226939
-0.0280326
-0.0332985
-0.0384913
-0.0436107
-0.048656
-0.0536267
-0.0585216
-0.0633435
-0.0680858
-0.072812
-0.0774389
-0.0819766
-0.0864456
-0.0908497
-0.0951866
-0.0994556
-0.103657
-0.107793
-0.111863
-0.115869
0.0212793
0.0156826
0.0101489
0.00467816
-0.000729115
-0.00607241
-0.0113513
-0.0165655
-0.0217147
-0.0267987
-0.0318173
-0.0367703
-0.0416572
-0.0464775
-0.0512292
-0.055907
-0.0605009
-0.0649914
-0.0696069
-0.0740791
-0.0784457
-0.0827499
-0.0869989
-0.0911893
-0.0953192
-0.0993892
-0.1034
-0.107353
-0.111249
0.02006
0.0147526
0.00950256
0.00430976
-0.00082559
-0.00590314
-0.0109226
-0.0158838
-0.0207867
-0.0256311
-0.0304171
-0.0351446
-0.0398141
-0.0444262
-0.0489826
-0.0534884
-0.0579535
-0.0623947
-0.0666111
-0.07086
-0.0750813
-0.079242
-0.0833442
-0.0873922
-0.0913869
-0.0953285
-0.0992176
-0.103055
-0.106841
0.0189178
0.0138827
0.00889955
0.00396815
-0.000911455
-0.00573903
-0.0105144
-0.0152376
-0.0199085
-0.0245271
-0.0290936
-0.0336082
-0.0380712
-0.0424831
-0.0468444
-0.0511555
-0.0554134
-0.059613
-0.0637243
-0.0678273
-0.0718983
-0.0759142
-0.0798749
-0.0837856
-0.0876488
-0.0914649
-0.0952342
-0.0989576
-0.102636
0.0178461
0.0130672
0.00833518
0.00364967
-0.000989321
-0.00558167
-0.0101273
-0.0146262
-0.0190784
-0.0234841
-0.0278432
-0.0321559
-0.0364224
-0.0406429
-0.0448172
-0.0489451
-0.0530255
-0.057058
-0.061034
-0.0649876
-0.0689014
-0.0727671
-0.0765865
-0.0803625
-0.0840967
-0.0877894
-0.0914409
-0.0950518
-0.0986227
0.0168391
0.0123012
0.00780537
0.0033512
-0.00106136
-0.00543227
-0.0097615
-0.0140491
-0.0182951
-0.0224996
-0.0266627
-0.0307844
-0.0348648
-0.038904
-0.0429018
-0.0468582
-0.0507731
-0.0546476
-0.0584783
-0.0622943
-0.0660608
-0.0697807
-0.0734625
-0.0771084
-0.0807179
-0.0842906
-0.087827
-0.0913275
-0.0947927
0.0158913
0.0115801
0.00730649
0.00307004
-0.00112939
-0.00529176
-0.0094171
-0.0135055
-0.0175569
-0.0215715
-0.0255494
-0.0294907
-0.0333953
-0.0372632
-0.0410943
-0.0448878
-0.0486418
-0.0523534
-0.0560167
-0.0597205
-0.0633579
-0.0669426
-0.0704934
-0.0740139
-0.0775028
-0.0809592
-0.0843833
-0.0877758
-0.0911369
0.0149977
0.0108999
0.00683539
0.00280385
-0.00119487
-0.00516079
-0.00909395
-0.0129944
-0.0168623
-0.0206976
-0.0245006
-0.0282713
-0.03201
-0.0357168
-0.0393921
-0.0430368
-0.0466525
-0.050242
-0.0538089
-0.0572938
-0.0607768
-0.0642396
-0.067671
-0.0710718
-0.0744436
-0.0777868
-0.0811016
-0.0843883
-0.0876473
0.0141541
0.010257
0.00638929
0.0025507
-0.00125897
-0.00503974
-0.00879166
-0.0125148
-0.0162093
-0.0198752
-0.0235126
-0.0271218
-0.0307029
-0.0342562
-0.0377819
-0.0412804
-0.0447522
-0.0481966
-0.0516126
-0.0549756
-0.0583338
-0.0616757
-0.0649895
-0.0682745
-0.071533
-0.0747661
-0.0779742
-0.0811574
-0.0843161
0.0133564
0.00964823
0.00596581
0.00230893
-0.00132257
-0.00492876
-0.00850966
-0.0120654
-0.0155959
-0.0191015
-0.0225821
-0.026038
-0.0294691
-0.0328758
-0.0362581
-0.039616
-0.0429496
-0.0462582
-0.0495416
-0.0527922
-0.056031
-0.0592511
-0.0624467
-0.0656176
-0.0687653
-0.0718909
-0.0749944
-0.0780761
-0.0811363
0.0126012
0.0090708
0.00556287
0.00207721
-0.00138633
-0.00482781
-0.00824724
-0.0116447
-0.0150203
-0.018374
-0.0217059
-0.0250163
-0.028305
-0.0315722
-0.034818
-0.0380424
-0.0412455
-0.044427
-0.047587
-0.0507221
-0.0538448
-0.0569479
-0.0600294
-0.06309
-0.0661306
-0.0691519
-0.0721538
-0.0751365
-0.0781003
0.0118853
0.00852226
0.00517869
0.00185442
-0.00145071
-0.00473672
-0.00800364
-0.0112515
-0.0144804
-0.0176903
-0.0208813
-0.0240535
-0.0272069
-0.0303415
-0.0334574
-0.0365546
-0.0396331
-0.042693
-0.0457345
-0.0487561
-0.0517697
-0.0547616
-0.0577326
-0.0606861
-0.0636229
-0.0665429
-0.0694459
-0.0723321
-0.0752017
0.0112058
0.00800044
0.00481176
0.00163965
-0.00151601
-0.00465524
-0.00777804
-0.0108844
-0.0139745
-0.0170482
-0.0201055
-0.0231466
-0.0261714
-0.02918
-0.0321722
-0.0351481
-0.0381074
-0.0410496
-0.0439744
-0.0468803
-0.0497952
-0.0526832
-0.0555487
-0.0583987
-0.061235
-0.0640569
-0.0668639
-0.0696562
-0.0724339
0.0105604
0.00750346
0.00446077
0.00143218
-0.00158239
-0.00458298
-0.00756955
-0.0105421
-0.0135007
-0.0164453
-0.0193759
-0.0222926
-0.0251954
-0.0280843
-0.0309594
-0.0338206
-0.0366681
-0.039502
-0.0423224
-0.0451291
-0.0479203
-0.0507006
-0.0534673
-0.0562204
-0.0589603
-0.0616874
-0.0644014
-0.0671025
-0.0697908
0.00994666
0.00702968
0.00412464
0.00123148
-0.00164989
-0.00451945
-0.00737719
-0.0102231
-0.0130571
-0.0158794
-0.0186897
-0.0214883
-0.0242751
-0.0270501
-0.0298134
-0.0325652
-0.0353057
-0.0380352
-0.0407539
-0.0434618
-0.046138
-0.0488152
-0.0514871
-0.054147
-0.0567941
-0.0594294
-0.0620532
-0.0646657
-0.0672669
0.00936275
0.00657766
0.00380247
0.00103713
-0.0017184
-0.0044641
-0.00719993
-0.00992587
-0.0126419
-0.015348
-0.0180441
-0.0207302
-0.0234064
-0.0260726
-0.0287289
-0.0313751
-0.0340114
-0.0366375
-0.0392531
-0.0418578
-0.0444459
-0.0470305
-0.0496084
-0.0521759
-0.0547324
-0.0572785
-0.0598146
-0.0623409
-0.0648573
0.00880692
0.00614619
0.00349351
0.000848875
-0.00178774
-0.00441629
-0.00703673
-0.009649
-0.0122531
-0.0148489
-0.0174364
-0.0200156
-0.0225864
-0.0251488
-0.0277028
-0.0302482
-0.0327851
-0.0353134
-0.0378328
-0.0403432
-0.0428423
-0.0453363
-0.047823
-0.0503007
-0.0527693
-0.055229
-0.0576801
-0.0601226
-0.0625565
0.00827762
0.00573418
0.00319714
0.000666523
-0.00185767
-0.00437539
-0.00688656
-0.0093911
-0.011889
-0.0143801
-0.0168644
-0.0193418
-0.0218123
-0.0242758
-0.0267323
-0.0291816
-0.0316237
-0.0340585
-0.036486
-0.0389059
-0.0413171
-0.0437239
-0.0461235
-0.0485152
-0.0508991
-0.0532755
-0.0556443
-0.0580057
-0.0603595
0.00777351
0.00534072
0.00291285
0.00048996
-0.00192794
-0.00434077
-0.00674844
-0.00915087
-0.011548
-0.0139397
-0.0163259
-0.0187065
-0.0210815
-0.0234507
-0.0258141
-0.0281717
-0.0305232
-0.0328688
-0.0352082
-0.0375413
-0.0398673
-0.0421904
-0.0445065
-0.0468152
-0.0491173
-0.0514131
-0.0537024
-0.0559852
-0.0582615
0.00729336
0.00496498
0.00264021
0.000319121
-0.00199824
-0.00431179
-0.00662142
-0.00892703
-0.0112285
-0.0135258
-0.0158187
-0.0181072
-0.0203912
-0.0226705
-0.0249451
-0.0272148
-0.0294796
-0.0317395
-0.0339944
-0.0362447
-0.0384902
-0.0407367
-0.0429725
-0.0451996
-0.0474215
-0.0496389
-0.0518511
-0.0540578
-0.0562588
0.00683609
0.00460625
0.00237885
0.00015398
-0.00206829
-0.00428786
-0.00650462
-0.00871844
-0.0109292
-0.0131368
-0.0153412
-0.0175421
-0.0197394
-0.0219331
-0.0241229
-0.0263086
-0.0284898
-0.030666
-0.0328363
-0.0349995
-0.0371551
-0.0393416
-0.0415074
-0.043658
-0.0458034
-0.0479456
-0.0500839
-0.0522173
-0.0543457
0.00640072
0.00426389
0.00212847
-5.44534e-06
-0.00213776
-0.00426837
-0.00639714
-0.00852396
-0.0106487
-0.0127712
-0.0148914
-0.0170092
-0.0191245
-0.0212372
-0.0233472
-0.0254546
-0.0275595
-0.0296623
-0.0317636
-0.0338642
-0.0359645
-0.0380262
-0.0401012
-0.0421819
-0.0442589
-0.0463305
-0.0483975
-0.0504603
-0.0525187
0.00803569
0.00598641
0.00393738
0.00188884
-0.000159079
-0.00220628
-0.00425265
-0.00629805
-0.00834233
-0.0103854
-0.012427
-0.0144672
-0.0165058
-0.0185426
-0.0205775
-0.0226104
-0.0246412
-0.0266698
-0.0286958
-0.0307191
-0.0327388
-0.0347543
-0.0367616
-0.0387715
-0.0407819
-0.042789
-0.0447915
-0.0467898
-0.0487844
-0.0507752
0.00755797
0.00559237
0.00362623
0.00165979
-0.000306823
-0.00227349
-0.00424007
-0.00620643
-0.00817242
-0.0101379
-0.0121027
-0.0140667
-0.0160298
-0.0179917
-0.0199524
-0.0219118
-0.0238695
-0.0258256
-0.0277797
-0.0297317
-0.0316815
-0.0336288
-0.0355719
-0.0375142
-0.0394549
-0.0413929
-0.0433276
-0.0452591
-0.0471874
-0.0491125
0.00710455
0.0052179
0.00333001
0.00144113
-0.000448596
-0.00233905
-0.00423008
-0.00612154
-0.00801326
-0.0099051
-0.0117969
-0.0136885
-0.0155797
-0.0174705
-0.0193605
-0.0212498
-0.023138
-0.0250251
-0.0269108
-0.028795
-0.0306776
-0.0325582
-0.034436
-0.0363127
-0.0381877
-0.0400605
-0.0419307
-0.0437983
-0.0456631
-0.047525
0.00667453
0.00486234
0.00304832
0.00123271
-0.000584336
-0.00240269
-0.00422219
-0.00604267
-0.00786399
-0.00968596
-0.0115084
-0.0133312
-0.0151542
-0.0169771
-0.0187999
-0.0206224
-0.0224443
-0.0242656
-0.026086
-0.0279054
-0.0297236
-0.0315405
-0.0333553
-0.0351693
-0.0369817
-0.0387921
-0.0406004
-0.0424064
-0.0442101
-0.0460112
0.00626703
0.00452507
0.00278077
0.00103436
-0.000714001
-0.00246416
-0.00421595
-0.00596922
-0.00772379
-0.00947949
-0.0112361
-0.0129936
-0.0147517
-0.0165102
-0.0182689
-0.0200278
-0.0217866
-0.0235451
-0.0253032
-0.0270607
-0.0288174
-0.0305731
-0.0323275
-0.0340813
-0.0358337
-0.0375844
-0.0393332
-0.0410801
-0.0428249
-0.0445676
0.00588125
0.0042055
0.00252696
0.000845886
-0.00083757
-0.00252325
-0.00421099
-0.00590061
-0.00759195
-0.00928481
-0.010979
-0.0126744
-0.0143708
-0.0160681
-0.0177659
-0.0194643
-0.0211629
-0.0228616
-0.0245602
-0.0262585
-0.0279565
-0.0296537
-0.03135
-0.0330463
-0.0347413
-0.0364346
-0.0381263
-0.0398165
-0.0415049
-0.0431914
0.00551642
0.00390306
0.00228655
0.000667126
-0.000955042
-0.00257979
-0.00420696
-0.00583635
-0.0074678
-0.00910113
-0.0107361
-0.0123727
-0.0140105
-0.0156495
-0.0172895
-0.0189302
-0.0205715
-0.0222132
-0.0238551
-0.0254971
-0.0271389
-0.0287805
-0.0304216
-0.0320636
-0.0337036
-0.0353416
-0.0369784
-0.038614
-0.0402482
-0.0418806
0.00517182
0.00361722
0.00205916
0.000497884
-0.00106644
-0.00263365
-0.00420356
-0.005776
-0.00735079
-0.00892773
-0.0105066
-0.0120873
-0.0136696
-0.0152533
-0.0168382
-0.0184241
-0.0200107
-0.021598
-0.0231855
-0.0247731
-0.0263605
-0.0279473
-0.0295335
-0.031127
-0.032716
-0.0343016
-0.0358858
-0.0374693
-0.0390516
-0.0406324
0.00484675
0.00334744
0.00184443
0.000337953
-0.00117182
-0.00268473
-0.00420059
-0.00571922
-0.00724043
-0.00876405
-0.0102899
-0.0118177
-0.0133474
-0.0148788
-0.0164116
-0.0179457
-0.0194809
-0.021017
-0.022554
-0.0240916
-0.0256298
-0.0271684
-0.0287072
-0.0302394
-0.0317743
-0.0333105
-0.034846
-0.0363802
-0.037913
-0.0394444
0.00454053
0.00309322
0.00164202
0.000187136
-0.00127124
-0.00273295
-0.0041978
-0.00566561
-0.00713621
-0.00860939
-0.010085
-0.0115628
-0.0130426
-0.0145242
-0.0160075
-0.0174922
-0.0189781
-0.0204652
-0.021953
-0.0234415
-0.0249305
-0.0264196
-0.0279086
-0.0293948
-0.0308827
-0.0323713
-0.0338593
-0.035346
-0.0368315
-0.0383156
0.00425254
0.00285407
0.00145156
4.52107e-05
-0.00136479
-0.00277826
-0.00419503
-0.00561491
-0.00703772
-0.00846326
-0.00989135
-0.0113218
-0.0127544
-0.0141889
-0.0156252
-0.0170631
-0.0185024
-0.0199428
-0.0213842
-0.0228263
-0.024269
-0.025712
-0.027155
-0.0285972
-0.0300398
-0.0314825
-0.0329246
-0.0343657
-0.0358058
-0.0372447
0.00398215
0.00262949
0.00127268
-8.80776e-05
-0.0014526
-0.0028207
-0.00419221
-0.00556695
-0.00694471
-0.00832532
-0.00970858
-0.0110943
-0.0124823
-0.0138723
-0.0152642
-0.0166578
-0.0180528
-0.0194491
-0.0208465
-0.0222447
-0.0236435
-0.0250428
-0.0264423
-0.0278414
-0.0292407
-0.0306398
-0.0320385
-0.0334364
-0.0348334
-0.0362292
0.00372872
0.00241896
0.00110498
-0.000213016
-0.00153485
-0.00286035
-0.00418934
-0.00552161
-0.006857
-0.0081953
-0.00953632
-0.0108799
-0.0122258
-0.0135738
-0.0149238
-0.0162755
-0.0176287
-0.0189833
-0.020339
-0.0216956
-0.023053
-0.0244108
-0.025769
-0.027127
-0.0284851
-0.0298431
-0.0312007
-0.0325575
-0.0339134
-0.0352683
0.00349166
0.00222199
0.000948064
-0.000329922
-0.00161179
-0.00289736
-0.00418645
-0.00547889
-0.00677447
-0.00807302
-0.00937433
-0.0106782
-0.0119845
-0.013293
-0.0146034
-0.0159156
-0.0172294
-0.0185446
-0.019861
-0.0211783
-0.0224964
-0.0238151
-0.0251341
-0.0264532
-0.0277723
-0.0290913
-0.0304098
-0.0317277
-0.0330447
-0.0343607
0.00327034
0.00203805
0.00080149
-0.000439139
-0.00168366
-0.0029319
-0.00418367
-0.0054388
-0.0066971
-0.00795838
-0.00922244
-0.0104891
-0.0117582
-0.0130294
-0.0143027
-0.0155778
-0.0168545
-0.0181326
-0.0194119
-0.0206922
-0.0219733
-0.023255
-0.024537
-0.0258192
-0.0271015
-0.0283835
-0.0296652
-0.0309462
-0.0322265
-0.0335057
0.00306418
0.00186662
0.000664819
-0.000541037
-0.00175077
-0.0029642
-0.00418116
-0.00540147
-0.00662493
-0.00785136
-0.00908058
-0.0103124
-0.0115466
-0.012783
-0.0140214
-0.0152617
-0.0165035
-0.0177467
-0.0189912
-0.0202367
-0.0214829
-0.0227298
-0.0239771
-0.0252245
-0.026472
-0.0277193
-0.0289662
-0.0302125
-0.0314579
-0.0327024
0.00287259
0.00170719
0.000537592
-0.000636013
-0.00181345
-0.00299456
-0.00417915
-0.00536705
-0.00655808
-0.00775205
-0.00894877
-0.0101481
-0.0113497
-0.0125536
-0.0137594
-0.014967
-0.0161763
-0.0173869
-0.0185987
-0.0198115
-0.0210251
-0.0222393
-0.0234539
-0.0246687
-0.0258835
-0.0270982
-0.0283124
-0.0295259
-0.0307387
-0.0319505
0.00269499
0.00155922
0.000419339
-0.000724488
-0.00187209
-0.00302329
-0.00417792
-0.0053358
-0.00649675
-0.0076606
-0.00882715
-0.00999622
-0.0111676
-0.0123412
-0.0135167
-0.0146939
-0.0158727
-0.0170529
-0.0182343
-0.0194166
-0.0205997
-0.0217834
-0.0229674
-0.0241516
-0.0253359
-0.0265199
-0.0277035
-0.0288865
-0.0300686
-0.0312498
0.0025308
0.0014222
0.000309572
-0.000806911
-0.00192708
-0.00305077
-0.00417781
-0.00530802
-0.00644123
-0.00757726
-0.00871593
-0.00985706
-0.0110005
-0.0121459
-0.0132933
-0.0144424
-0.015593
-0.0167449
-0.0178979
-0.0190519
-0.0202066
-0.0213619
-0.0225175
-0.0236732
-0.0248291
-0.0259846
-0.0271397
-0.0282941
-0.0294477
-0.0306002
0.0023795
0.00129561
0.000207802
-0.000883745
-0.00197887
-0.00307742
-0.00417921
-0.00528409
-0.00639187
-0.00750238
-0.00861544
-0.00973088
-0.0108485
-0.0119682
-0.0130896
-0.0142127
-0.0153373
-0.0164631
-0.01759
-0.0187178
-0.0198462
-0.0209752
-0.0221044
-0.0232338
-0.0243634
-0.0254925
-0.0266211
-0.0277489
-0.028876
-0.0300021
0.00224052
0.00117891
0.00011351
-0.000955501
-0.00202797
-0.00310373
-0.00418262
-0.00526448
-0.00634914
-0.00743642
-0.00852615
-0.00961816
-0.0107123
-0.0118083
-0.0129061
-0.0140054
-0.0151061
-0.0162079
-0.0173108
-0.0184145
-0.0195188
-0.0206236
-0.0217286
-0.0228336
-0.0239393
-0.0250442
-0.0261483
-0.0272518
-0.0283544
-0.029456
0.00211342
0.00107164
2.62381e-05
-0.00102263
-0.00207481
-0.00313015
-0.00418848
-0.00524965
-0.00631349
-0.00737983
-0.0084485
-0.00951934
-0.0105922
-0.0116668
-0.0127431
-0.0138208
-0.0148999
-0.01598
-0.0170611
-0.0181429
-0.0192252
-0.0203079
-0.0213908
-0.0224737
-0.0235569
-0.0246395
-0.0257215
-0.0268027
-0.027883
-0.0289623
0.00199761
0.000973209
-5.46468e-05
-0.0010858
-0.00212011
-0.00315742
-0.00419757
-0.00524041
-0.00628577
-0.00733351
-0.00838344
-0.00943542
-0.0104893
-0.0115448
-0.0126019
-0.0136604
-0.01472
-0.0157807
-0.0168422
-0.0179044
-0.0189672
-0.0200302
-0.0210934
-0.0221566
-0.0232184
-0.0242804
-0.0253423
-0.0264035
-0.0274637
-0.0285228
0.00189299
0.0008835
-0.000129252
-0.00114512
-0.00216395
-0.00318561
-0.00420994
-0.00523679
-0.006266
-0.00729743
-0.00833091
-0.00936629
-0.0104034
-0.0114421
-0.0124822
-0.0135235
-0.0145659
-0.0156092
-0.0166533
-0.0176979
-0.0187429
-0.0197882
-0.0208335
-0.0218787
-0.0229233
-0.0239677
-0.0250117
-0.0260549
-0.027097
-0.0281381
0.00179844
0.000801256
-0.000198981
-0.00120213
-0.00220804
-0.00321659
-0.00422761
-0.00524098
-0.00625653
-0.00727413
-0.00829361
-0.00931483
-0.0103376
-0.0113619
-0.0123873
-0.013414
-0.0144415
-0.0154698
-0.0164988
-0.0175283
-0.018558
-0.0195879
-0.0206178
-0.0216474
-0.0226766
-0.0237054
-0.0247335
-0.0257609
-0.0267872
-0.0278124
0.00171568
0.000728327
-0.000261837
-0.00125468
-0.00225008
-0.00324788
-0.00424797
-0.00525019
-0.00625441
-0.00726049
-0.00826828
-0.00927763
-0.0102884
-0.0113005
-0.0123136
-0.0133278
-0.0143428
-0.0153584
-0.0163746
-0.0173911
-0.0184078
-0.0194246
-0.0204413
-0.0214577
-0.0224738
-0.0234892
-0.024504
-0.025518
-0.0265309
-0.0275426
0.00163952
0.000658907
-0.000324268
-0.00130988
-0.00229779
-0.00328787
-0.00427999
-0.00527402
-0.00626981
-0.00726725
-0.00826618
-0.00926646
-0.010268
-0.0112706
-0.0122741
-0.0132784
-0.0142834
-0.0152888
-0.0162947
-0.0173007
-0.0183069
-0.0193129
-0.0203188
-0.0213243
-0.0223292
-0.0233335
-0.0243371
-0.0253397
-0.0263413
-0.0273417
0.00158282
0.000606956
-0.000371214
-0.00135157
-0.002334
-0.00331838
-0.00430459
-0.00529251
-0.00628202
-0.00727298
-0.00826527
-0.00925876
-0.0102533
-0.0112488
-0.0122451
-0.0132421
-0.0142396
-0.0152376
-0.0162358
-0.0172341
-0.0182325
-0.0192307
-0.0202286
-0.0212262
-0.0222233
-0.0232197
-0.0242152
-0.0252098
-0.0262034
-0.0271957
0.00151371
0.000537632
-0.000440359
-0.00142014
-0.00240159
-0.0033846
-0.00436904
-0.0053548
-0.00634176
-0.00732979
-0.00831879
-0.00930863
-0.0102992
-0.0112904
-0.012282
-0.013274
-0.0142663
-0.0152587
-0.0162511
-0.0172434
-0.0182355
-0.0192272
-0.0202184
-0.0212091
-0.022199
-0.0231881
-0.0241763
-0.0251635
-0.0261496
-0.0271343
0.00248731
0.00151327
0.000537198
-0.000440781
-0.00142055
-0.00240199
-0.00338499
-0.00436941
-0.00535516
-0.0063421
-0.00733012
-0.00831911
-0.00930893
-0.0102995
-0.0112906
-0.0122823
-0.0132743
-0.0142665
-0.0152589
-0.0162513
-0.0172436
-0.0182356
-0.0192273
-0.0202186
-0.0212092
-0.022199
-0.0231881
-0.0241763
-0.0251635
-0.0261496
-0.0271343
0.0025558
0.00158237
0.000606514
-0.000371644
-0.00135199
-0.00233441
-0.00331878
-0.00430497
-0.00529288
-0.00628237
-0.00727332
-0.00826559
-0.00925907
-0.0102536
-0.0112491
-0.0122454
-0.0132424
-0.0142399
-0.0152378
-0.016236
-0.0172343
-0.0182326
-0.0192308
-0.0202288
-0.0212263
-0.0222234
-0.0232197
-0.0242153
-0.0252099
-0.0262034
-0.0271957
0.00261697
0.00163905
0.000658452
-0.000324711
-0.00131031
-0.0022982
-0.00328827
-0.00428038
-0.0052744
-0.00627018
-0.0072676
-0.00826651
-0.00926678
-0.0102683
-0.0112708
-0.0122743
-0.0132786
-0.0142836
-0.0152891
-0.0162949
-0.0173009
-0.018307
-0.0193131
-0.0203189
-0.0213244
-0.0223293
-0.0233336
-0.0243372
-0.0253398
-0.0263413
-0.0273417
0.00269958
0.00171519
0.000727853
-0.000262299
-0.00125513
-0.00225051
-0.00324831
-0.00424838
-0.00525059
-0.0062548
-0.00726086
-0.00826863
-0.00927798
-0.0102887
-0.0113008
-0.0123139
-0.0133281
-0.014343
-0.0153586
-0.0163748
-0.0173913
-0.018408
-0.0194248
-0.0204415
-0.0214579
-0.0224739
-0.0234893
-0.0245041
-0.025518
-0.0265309
-0.0275427
0.00279192
0.00179793
0.000800758
-0.000199468
-0.0012026
-0.00220851
-0.00321704
-0.00422805
-0.0052414
-0.00625695
-0.00727453
-0.008294
-0.0093152
-0.010338
-0.0113622
-0.0123877
-0.0134143
-0.0144418
-0.0154701
-0.0164991
-0.0175285
-0.0185582
-0.0195881
-0.020618
-0.0216476
-0.0226768
-0.0237055
-0.0247336
-0.025761
-0.0267873
-0.0278125
0.00289853
0.00189245
0.000882973
-0.000129768
-0.00114562
-0.00216445
-0.00318609
-0.0042104
-0.00523724
-0.00626644
-0.00729786
-0.00833133
-0.00936669
-0.0104038
-0.0114425
-0.0124825
-0.0135238
-0.0145662
-0.0156095
-0.0166536
-0.0176982
-0.0187432
-0.0197884
-0.0208337
-0.0218789
-0.0229235
-0.0239679
-0.0250118
-0.026055
-0.0270971
-0.0281382
0.00301783
0.00199704
0.000972649
-5.51963e-05
-0.00108634
-0.00212064
-0.00315793
-0.00419807
-0.0052409
-0.00628625
-0.00733397
-0.00838389
-0.00943586
-0.0104897
-0.0115452
-0.0126023
-0.0136607
-0.0147204
-0.015781
-0.0168426
-0.0179047
-0.0189674
-0.0200305
-0.0210937
-0.0221568
-0.0232186
-0.0242806
-0.0253425
-0.0264037
-0.0274639
-0.028523
0.00211281
0.00107104
2.56508e-05
-0.00102321
-0.00207538
-0.0031307
-0.00418903
-0.00525018
-0.00631401
-0.00738033
-0.00844899
-0.00951982
-0.0105926
-0.0116673
-0.0127435
-0.0138213
-0.0149003
-0.0159804
-0.0170614
-0.0181432
-0.0192256
-0.0203083
-0.0213911
-0.022474
-0.0235572
-0.0246398
-0.0257217
-0.0268029
-0.0278832
-0.0289624
0.00223987
0.00117827
0.000112881
-0.000956119
-0.00202857
-0.00310433
-0.00418321
-0.00526505
-0.0063497
-0.00743696
-0.00852668
-0.00961868
-0.0107128
-0.0118088
-0.0129065
-0.0140058
-0.0151065
-0.0162084
-0.0173112
-0.0184149
-0.0195192
-0.020624
-0.0217289
-0.022834
-0.0239396
-0.0250445
-0.0261486
-0.027252
-0.0283546
-0.0294562
0.0023788
0.00129492
0.000207129
-0.000884409
-0.00197953
-0.00307806
-0.00417984
-0.00528471
-0.00639248
-0.00750298
-0.00861603
-0.00973145
-0.0108491
-0.0119687
-0.0130902
-0.0142132
-0.0153378
-0.0164636
-0.0175905
-0.0187182
-0.0198467
-0.0209756
-0.0221049
-0.0232342
-0.0243637
-0.0254929
-0.0266214
-0.0277493
-0.0288763
-0.0300024
0.00253006
0.00142147
0.000308851
-0.000807622
-0.00192778
-0.00305146
-0.00417849
-0.00530869
-0.00644189
-0.00757791
-0.00871657
-0.00985768
-0.0110011
-0.0121465
-0.0132939
-0.014443
-0.0155935
-0.0167454
-0.0178985
-0.0190524
-0.0202071
-0.0213624
-0.022518
-0.0236737
-0.0248295
-0.025985
-0.0271401
-0.0282945
-0.029448
-0.0306006
0.0026942
0.00155844
0.000418568
-0.00072525
-0.00187284
-0.00302403
-0.00417865
-0.00533652
-0.00649747
-0.0076613
-0.00882784
-0.0099969
-0.0111683
-0.0123418
-0.0135173
-0.0146945
-0.0158733
-0.0170535
-0.0182348
-0.0194172
-0.0206002
-0.0217839
-0.0229679
-0.0241521
-0.0253364
-0.0265204
-0.027704
-0.0288869
-0.0300691
-0.0312502
0.00287175
0.00170636
0.000536769
-0.000636828
-0.00181426
-0.00299536
-0.00417994
-0.00536783
-0.00655885
-0.00775281
-0.00894952
-0.0101488
-0.0113505
-0.0125543
-0.0137601
-0.0149677
-0.0161769
-0.0173875
-0.0185994
-0.0198122
-0.0210258
-0.0222399
-0.0234545
-0.0246693
-0.0258841
-0.0270987
-0.0283129
-0.0295265
-0.0307392
-0.031951
0.00306329
0.00186574
0.000663941
-0.000541907
-0.00175163
-0.00296506
-0.00418201
-0.0054023
-0.00662576
-0.00785218
-0.00908138
-0.0103132
-0.0115474
-0.0127838
-0.0140222
-0.0152624
-0.0165042
-0.0177475
-0.0189919
-0.0202374
-0.0214836
-0.0227305
-0.0239777
-0.0252251
-0.0264726
-0.0277199
-0.0289668
-0.0302131
-0.0314585
-0.032703
0.00326939
0.00203711
0.000800556
-0.000440065
-0.00168458
-0.00293281
-0.00418458
-0.0054397
-0.00669799
-0.00795925
-0.00922331
-0.01049
-0.011759
-0.0130303
-0.0143035
-0.0155786
-0.0168553
-0.0181334
-0.0194127
-0.020693
-0.021974
-0.0232557
-0.0245378
-0.0258199
-0.0271022
-0.0283842
-0.0296659
-0.0309469
-0.0322271
-0.0335063
0.00349065
0.00222099
0.000947073
-0.000330906
-0.00161277
-0.00289833
-0.00418742
-0.00547984
-0.00677542
-0.00807396
-0.00937526
-0.0106791
-0.0119854
-0.0132939
-0.0146043
-0.0159165
-0.0172303
-0.0185455
-0.0198618
-0.0211792
-0.0224973
-0.0238159
-0.0251349
-0.026454
-0.0277731
-0.0290921
-0.0304106
-0.0317285
-0.0330455
-0.0343615
0.00372766
0.00241791
0.00110393
-0.000214059
-0.00153589
-0.00286138
-0.00419036
-0.00552263
-0.00685801
-0.0081963
-0.00953732
-0.0108809
-0.0122268
-0.0135748
-0.0149247
-0.0162764
-0.0176297
-0.0189842
-0.0203399
-0.0216965
-0.0230539
-0.0244117
-0.0257698
-0.0271279
-0.028486
-0.029844
-0.0312015
-0.0325583
-0.0339143
-0.0352691
0.00398103
0.00262838
0.00127157
-8.918e-05
-0.00145369
-0.00282179
-0.0041933
-0.00556803
-0.00694579
-0.00832639
-0.00970964
-0.0110953
-0.0124833
-0.0138733
-0.0152652
-0.0166588
-0.0180538
-0.0194501
-0.0208475
-0.0222456
-0.0236445
-0.0250437
-0.0264432
-0.0278423
-0.0292416
-0.0306408
-0.0320394
-0.0334373
-0.0348343
-0.0362301
0.00425137
0.0028529
0.00145039
4.40482e-05
-0.00136594
-0.00277941
-0.00419618
-0.00561606
-0.00703886
-0.00846439
-0.00989247
-0.0113229
-0.0127555
-0.01419
-0.0156263
-0.0170642
-0.0185035
-0.0199439
-0.0213852
-0.0228274
-0.02427
-0.025713
-0.0271561
-0.0285982
-0.0300408
-0.0314835
-0.0329256
-0.0343667
-0.0358068
-0.0372457
0.0045393
0.00309199
0.00164079
0.000185913
-0.00127246
-0.00273416
-0.00419901
-0.00566682
-0.00713741
-0.00861058
-0.0100862
-0.0115639
-0.0130438
-0.0145254
-0.0160086
-0.0174934
-0.0189793
-0.0204663
-0.0219542
-0.0234427
-0.0249316
-0.0264207
-0.0279097
-0.029396
-0.0308838
-0.0323724
-0.0338604
-0.0353471
-0.0368326
-0.0383167
0.00484546
0.00334615
0.00184315
0.00033667
-0.00117311
-0.00268601
-0.00420187
-0.00572049
-0.0072417
-0.00876531
-0.0102911
-0.011819
-0.0133487
-0.01488
-0.0164128
-0.0179469
-0.0194821
-0.0210183
-0.0225552
-0.0240928
-0.025631
-0.0271696
-0.0287084
-0.0302406
-0.0317755
-0.0333117
-0.0348472
-0.0363813
-0.0379141
-0.0394455
0.00517047
0.00361587
0.00205782
0.000496541
-0.00106778
-0.00263499
-0.0042049
-0.00577734
-0.00735212
-0.00892906
-0.010508
-0.0120887
-0.0136709
-0.0152546
-0.0168395
-0.0184254
-0.020012
-0.0215993
-0.0231868
-0.0247744
-0.0263618
-0.0279486
-0.0295347
-0.0311283
-0.0327173
-0.0343028
-0.0358871
-0.0374705
-0.0390528
-0.0406336
0.00551502
0.00390166
0.00228515
0.000665724
-0.000956443
-0.00258119
-0.00420836
-0.00583775
-0.0074692
-0.00910253
-0.0107375
-0.0123741
-0.0140119
-0.0156509
-0.0172908
-0.0189316
-0.0205729
-0.0222145
-0.0238565
-0.0254984
-0.0271403
-0.0287819
-0.030423
-0.032065
-0.0337049
-0.0353429
-0.0369797
-0.0386154
-0.0402495
-0.041882
0.00587979
0.00420404
0.0025255
0.000844425
-0.000839031
-0.00252471
-0.00421245
-0.00590208
-0.00759341
-0.00928628
-0.0109805
-0.0126759
-0.0143723
-0.0160695
-0.0177674
-0.0194657
-0.0211643
-0.022863
-0.0245616
-0.02626
-0.0279579
-0.0296552
-0.0313515
-0.0330478
-0.0347427
-0.036436
-0.0381278
-0.039818
-0.0415064
-0.0431928
0.00626551
0.00452355
0.00277925
0.00103284
-0.000715521
-0.00246568
-0.00421748
-0.00597074
-0.00772531
-0.00948101
-0.0112377
-0.0129951
-0.0147532
-0.0165117
-0.0182705
-0.0200293
-0.0217881
-0.0235466
-0.0253047
-0.0270622
-0.0288189
-0.0305747
-0.032329
-0.0340829
-0.0358353
-0.0375859
-0.0393347
-0.0410816
-0.0428265
-0.0445691
0.00667296
0.00486077
0.00304675
0.00123114
-0.000585914
-0.00240427
-0.00422377
-0.00604426
-0.00786557
-0.00968754
-0.01151
-0.0133328
-0.0151558
-0.0169787
-0.0188015
-0.020624
-0.0224459
-0.0242672
-0.0260876
-0.0279071
-0.0297253
-0.0315421
-0.0333569
-0.0351709
-0.0369833
-0.0387937
-0.040602
-0.042408
-0.0442117
-0.0460128
0.00710293
0.00521628
0.00332839
0.0014395
-0.000450231
-0.00234069
-0.00423172
-0.00612318
-0.00801491
-0.00990675
-0.0117986
-0.0136902
-0.0155814
-0.0174721
-0.0193622
-0.0212514
-0.0231397
-0.0250267
-0.0269125
-0.0287967
-0.0306793
-0.0325599
-0.0344377
-0.0363144
-0.0381894
-0.0400622
-0.0419324
-0.0438
-0.0456648
-0.0475268
0.0075563
0.0055907
0.00362455
0.0016581
-0.000308513
-0.00227518
-0.00424177
-0.00620814
-0.00817413
-0.0101396
-0.0121044
-0.0140684
-0.0160315
-0.0179935
-0.0199542
-0.0219135
-0.0238713
-0.0258273
-0.0277815
-0.0297335
-0.0316833
-0.0336306
-0.0355737
-0.037516
-0.0394567
-0.0413947
-0.0433294
-0.0452609
-0.0471892
-0.0491143
0.00803397
0.00598468
0.00393564
0.0018871
-0.000160823
-0.00220803
-0.00425441
-0.00629981
-0.0083441
-0.0103871
-0.0124288
-0.014469
-0.0165076
-0.0185444
-0.0205793
-0.0226122
-0.0246431
-0.0266716
-0.0286977
-0.0307209
-0.0327406
-0.0347562
-0.0367635
-0.0387734
-0.0407838
-0.0427909
-0.0447934
-0.0467917
-0.0487863
-0.0507771
0.00853695
0.00639895
0.00426211
0.00212668
-7.2422e-06
-0.00213957
-0.00427018
-0.00639896
-0.00852578
-0.0106505
-0.0127731
-0.0148933
-0.0170111
-0.0191264
-0.0212391
-0.0233491
-0.0254565
-0.0275614
-0.0296642
-0.0317655
-0.0338661
-0.0359664
-0.0380281
-0.0401031
-0.0421838
-0.0442608
-0.0463325
-0.0483995
-0.0504623
-0.0525207
0.0090663
0.00683426
0.00460442
0.00237701
0.000152132
-0.00207015
-0.00428973
-0.00650649
-0.00872032
-0.0109311
-0.0131387
-0.0153431
-0.017544
-0.0197414
-0.0219351
-0.0241249
-0.0263106
-0.0284918
-0.030668
-0.0328383
-0.0350016
-0.0371573
-0.0393437
-0.0415093
-0.0436601
-0.0458054
-0.0479477
-0.0500859
-0.0522193
-0.0543478
0.00962324
0.00729149
0.0049631
0.00263832
0.000317224
-0.00200015
-0.00431371
-0.00662335
-0.00892897
-0.0112305
-0.0135277
-0.0158207
-0.0181092
-0.0203932
-0.0226725
-0.0249471
-0.0272169
-0.0294817
-0.0317415
-0.0339964
-0.0362468
-0.0384923
-0.0407387
-0.0429746
-0.0452017
-0.0474236
-0.049641
-0.0518533
-0.05406
-0.0562609
0.0102091
0.0077716
0.0053388
0.00291092
0.000488016
-0.00192989
-0.00434273
-0.00675042
-0.00915285
-0.01155
-0.0139417
-0.0163279
-0.0187085
-0.0210835
-0.0234528
-0.0258162
-0.0281737
-0.0305253
-0.0328709
-0.0352103
-0.0375434
-0.0398695
-0.0421926
-0.0445086
-0.0468174
-0.0491195
-0.0514153
-0.0537047
-0.0559875
-0.0582638
0.0108253
0.00827567
0.00573222
0.00319517
0.000664535
-0.00185967
-0.00437741
-0.00688858
-0.00939314
-0.011891
-0.0143821
-0.0168665
-0.0193439
-0.0218144
-0.0242779
-0.0267344
-0.0291837
-0.0316258
-0.0340607
-0.0364882
-0.0389081
-0.0413193
-0.0437261
-0.0461258
-0.0485175
-0.0509014
-0.0532778
-0.0556466
-0.058008
-0.0603619
0.0114735
0.00880492
0.00614418
0.00349149
0.000846844
-0.00178978
-0.00441835
-0.0070388
-0.00965109
-0.0122552
-0.014851
-0.0174385
-0.0200177
-0.0225886
-0.025151
-0.027705
-0.0302505
-0.0327874
-0.0353156
-0.037835
-0.0403455
-0.0428446
-0.0453386
-0.0478253
-0.0503031
-0.0527716
-0.0552314
-0.0576825
-0.060125
-0.0625589
0.0121555
0.00936072
0.00657562
0.00380041
0.00103506
-0.00172049
-0.0044662
-0.00720205
-0.009928
-0.012644
-0.0153501
-0.0180463
-0.0207324
-0.0234086
-0.0260749
-0.0287311
-0.0313774
-0.0340137
-0.0366398
-0.0392555
-0.0418601
-0.0444483
-0.0470329
-0.0496108
-0.0521783
-0.0547348
-0.057281
-0.0598171
-0.0623434
-0.0648598
0.0128733
0.00994459
0.0070276
0.00412255
0.00122936
-0.00165202
-0.0045216
-0.00737935
-0.0102253
-0.0130593
-0.0158816
-0.018692
-0.0214906
-0.0242773
-0.0270524
-0.0298157
-0.0325676
-0.035308
-0.0380375
-0.0407562
-0.0434642
-0.0461404
-0.0488176
-0.0514896
-0.0541495
-0.0567966
-0.0594319
-0.0620558
-0.0646683
-0.0672695
0.0136292
0.0105583
0.00750135
0.00445864
0.00143003
-0.00158456
-0.00458516
-0.00757175
-0.0105443
-0.0135029
-0.0164476
-0.0193782
-0.0222949
-0.0251978
-0.0280867
-0.0309617
-0.033823
-0.0366705
-0.0395044
-0.0423248
-0.0451316
-0.0479228
-0.0507031
-0.0534699
-0.056223
-0.0589629
-0.06169
-0.064404
-0.0671052
-0.0697935
0.0144256
0.0112037
0.0079983
0.00480959
0.00163746
-0.00151821
-0.00465746
-0.00778028
-0.0108867
-0.0139768
-0.0170505
-0.0201078
-0.023149
-0.0261738
-0.0291823
-0.0321746
-0.0351505
-0.0381098
-0.0410521
-0.0439769
-0.0468828
-0.0497977
-0.0526858
-0.0555513
-0.0584013
-0.0612376
-0.0640595
-0.0668666
-0.0696589
-0.0724367
0.0118831
0.00852008
0.00517649
0.0018522
-0.00145295
-0.00473898
-0.00800592
-0.0112538
-0.0144827
-0.0176926
-0.0208837
-0.0240559
-0.0272093
-0.0303439
-0.0334598
-0.0365571
-0.0396356
-0.0426956
-0.0457371
-0.0487586
-0.0517723
-0.0547643
-0.0577353
-0.0606888
-0.0636256
-0.0665456
-0.0694487
-0.0723349
-0.0752045
0.012599
0.00906859
0.00556064
0.00207496
-0.0013886
-0.0048301
-0.00824956
-0.011647
-0.0150226
-0.0183764
-0.0217084
-0.0250187
-0.0283074
-0.0315747
-0.0348205
-0.0380449
-0.041248
-0.0444296
-0.0475896
-0.0507247
-0.0538475
-0.0569506
-0.0600321
-0.0630927
-0.0661334
-0.0691547
-0.0721566
-0.0751394
-0.0781032
0.0133542
0.00964599
0.00596355
0.00230665
-0.00132488
-0.00493108
-0.00851201
-0.0120677
-0.0155983
-0.0191039
-0.0225846
-0.0260404
-0.0294716
-0.0328783
-0.0362606
-0.0396186
-0.0429522
-0.0462608
-0.0495442
-0.0527949
-0.0560337
-0.0592538
-0.0624495
-0.0656204
-0.0687682
-0.0718937
-0.0749973
-0.0780791
-0.0811393
0.0141519
0.0102547
0.00638701
0.00254838
-0.0012613
-0.0050421
-0.00879404
-0.0125172
-0.0162117
-0.0198776
-0.0235151
-0.0271243
-0.0307054
-0.0342587
-0.0377845
-0.0412831
-0.0447549
-0.0481993
-0.0516152
-0.0549784
-0.0583366
-0.0616785
-0.0649924
-0.0682774
-0.0715359
-0.074769
-0.0779772
-0.0811604
-0.0843191
0.0149955
0.0108976
0.00683308
0.00280151
-0.00119723
-0.00516318
-0.00909636
-0.0129969
-0.0168647
-0.0207001
-0.0245031
-0.0282739
-0.0320125
-0.0357194
-0.0393947
-0.0430394
-0.0466552
-0.0502448
-0.0538118
-0.0572966
-0.0607796
-0.0642424
-0.0676739
-0.0710747
-0.0744466
-0.0777898
-0.0811046
-0.0843914
-0.0876504
0.015889
0.0115778
0.00730415
0.00306767
-0.00113178
-0.00529418
-0.00941955
-0.0135079
-0.0175594
-0.0215741
-0.025552
-0.0294932
-0.0333979
-0.0372659
-0.041097
-0.0448905
-0.0486446
-0.0523561
-0.0560194
-0.0597233
-0.0633608
-0.0669455
-0.0704963
-0.0740169
-0.0775058
-0.0809622
-0.0843864
-0.0877789
-0.0911401
0.0168368
0.0122989
0.007803
0.00334881
-0.00106378
-0.00543472
-0.00976397
-0.0140516
-0.0182976
-0.0225021
-0.0266652
-0.030787
-0.0348675
-0.0389066
-0.0429045
-0.0468609
-0.0507758
-0.0546504
-0.0584812
-0.0622972
-0.0660637
-0.0697837
-0.0734655
-0.0771115
-0.080721
-0.0842938
-0.0878302
-0.0913307
-0.094796
0.0178438
0.0130649
0.0083328
0.00364726
-0.000991761
-0.00558414
-0.0101298
-0.0146287
-0.019081
-0.0234866
-0.0278458
-0.0321586
-0.0364251
-0.0406456
-0.0448199
-0.0489479
-0.0530283
-0.0570609
-0.0610369
-0.0649905
-0.0689043
-0.0727702
-0.0765895
-0.0803656
-0.0840999
-0.0877926
-0.0914441
-0.0950551
-0.098626
0.0189154
0.0138803
0.00889714
0.00396571
-0.000913918
-0.00574152
-0.010517
-0.0152401
-0.019911
-0.0245297
-0.0290963
-0.0336109
-0.0380739
-0.0424858
-0.0468472
-0.0511583
-0.0554163
-0.0596159
-0.0637272
-0.0678302
-0.0719013
-0.0759173
-0.079878
-0.0837888
-0.087652
-0.0914681
-0.0952375
-0.0989609
-0.102639
0.0200576
0.0147502
0.00950014
0.00430731
-0.000828075
-0.00590565
-0.0109252
-0.0158864
-0.0207893
-0.0256338
-0.0304197
-0.0351474
-0.0398169
-0.0444289
-0.0489854
-0.0534912
-0.0579564
-0.0623977
-0.0666141
-0.070863
-0.0750844
-0.0792451
-0.0833473
-0.0873954
-0.0913901
-0.0953318
-0.0992209
-0.103058
-0.106845
0.021277
0.0156802
0.0101464
0.00467568
-0.000731622
-0.00607495
-0.0113539
-0.0165681
-0.0217174
-0.0268014
-0.03182
-0.036773
-0.04166
-0.0464803
-0.051232
-0.0559099
-0.0605038
-0.0649944
-0.06961
-0.0740822
-0.0784488
-0.082753
-0.0870021
-0.0911925
-0.0953225
-0.0993926
-0.103404
-0.107357
-0.111252
0.0225807
0.0166765
0.0108413
0.00507503
-0.000621426
-0.00624736
-0.0118022
-0.0172854
-0.0226965
-0.0280353
-0.0333012
-0.0384941
-0.0436135
-0.0486589
-0.0536296
-0.0585245
-0.0633464
-0.0680888
-0.072815
-0.077442
-0.0819798
-0.0864488
-0.0908529
-0.0951899
-0.0994589
-0.103661
-0.107796
-0.111867
-0.115873
0.0239769
0.0177463
0.0115906
0.0055102
-0.000493763
-0.00642029
-0.0122686
-0.0180379
-0.0237276
-0.0293371
-0.034866
-0.0403141
-0.045681
-0.0509669
-0.0561719
-0.0612946
-0.0663329
-0.0712585
-0.0761511
-0.0809684
-0.0856961
-0.0903406
-0.0949069
-0.0993965
-0.10381
-0.108147
-0.11241
-0.116599
-0.120716
0.0254741
0.0188971
0.012401
0.0059867
-0.000344263
-0.00659054
-0.012751
-0.0188247
-0.0248107
-0.0307081
-0.0365163
-0.0422348
-0.0478633
-0.053402
-0.0588526
-0.0642185
-0.0695061
-0.0746141
-0.079701
-0.0847132
-0.0896272
-0.0944481
-0.0991813
-0.103828
-0.108389
-0.112865
-0.117257
-0.121566
-0.125794
0.0270821
0.0201375
0.0132799
0.00651077
-0.000167908
-0.00675434
-0.013247
-0.0196446
-0.0259459
-0.0321497
-0.0382549
-0.0442605
-0.0501653
-0.0559679
-0.0616662
-0.0672578
-0.0727354
-0.0781535
-0.0834732
-0.0886789
-0.0937794
-0.0987823
-0.103688
-0.108497
-0.11321
-0.117827
-0.12235
-0.126781
-0.13112
0.0288111
0.021477
0.0142357
0.00708951
4.11593e-05
-0.00690713
-0.0137534
-0.0204958
-0.0271328
-0.0336628
-0.0400845
-0.0463964
-0.0525968
-0.0586831
-0.0646495
-0.0704906
-0.0761876
-0.0818881
-0.0874442
-0.0928603
-0.0981613
-0.103355
-0.108441
-0.113418
-0.118286
-0.123048
-0.127705
-0.132258
-0.136708
0.030674
0.0229271
0.0152787
0.00773208
0.000290676
-0.00704266
-0.0142654
-0.0213751
-0.0283697
-0.0352473
-0.0420063
-0.0486454
-0.0551637
-0.0615602
-0.0678296
-0.0739637
-0.0799026
-0.0858206
-0.0916179
-0.0972675
-0.102785
-0.108181
-0.113454
-0.118605
-0.123635
-0.128545
-0.133337
-0.138012
-0.142573
0.0326769
0.0244929
0.0164125
0.00844045
0.000580884
-0.00716248
-0.0147863
-0.0222874
-0.0296632
-0.0369112
-0.0440292
-0.0510155
-0.0578694
-0.0645943
-0.0712035
-0.0777305
-0.083863
-0.0900171
-0.0960566
-0.10194
-0.10768
-0.113284
-0.118751
-0.124081
-0.129276
-0.134337
-0.139266
-0.144064
-0.148734
0.0348236
0.026179
0.0176427
0.00922073
0.000918245
-0.00726003
-0.0153097
-0.0232269
-0.0310081
-0.0386501
-0.0461501
-0.0535051
-0.0607103
-0.0677534
-0.0746106
-0.0812247
-0.0879796
-0.0944771
-0.100756
-0.106877
-0.112851
-0.118674
-0.124343
-0.129859
-0.135224
-0.140439
-0.145507
-0.150428
-0.155205
0.037317
0.0281781
0.0191519
0.0102456
0.00146572
-0.00718193
-0.0156918
-0.0240588
-0.0322785
-0.040347
-0.048261
-0.0560183
-0.0636171
-0.0710518
-0.0783155
-0.0853201
-0.092314
-0.0990881
-0.10565
-0.11204
-0.118266
-0.124322
-0.130206
-0.13592
-0.141464
-0.146841
-0.152052
-0.1571
-0.161986
0.0395144
0.0298694
0.0203397
0.0109347
0.00166266
-0.00746863
-0.0164521
-0.0252812
-0.0339499
-0.042453
-0.0507859
-0.0589458
-0.0669346
-0.074761
-0.0824493
-0.089784
-0.0970622
-0.104132
-0.110984
-0.117643
-0.124115
-0.130396
-0.136485
-0.142385
-0.148097
-0.153622
-0.158964
-0.164123
-0.169104
-0.0281177
-0.0290996
-0.0300798
-0.0310583
-0.032035
-0.0330098
-0.0339824
-0.034953
-0.0359212
-0.0368871
-0.0378505
-0.0388112
-0.0397693
-0.0407246
-0.041677
-0.0426264
-0.0435727
-0.0445158
-0.0281867
-0.0291762
-0.030164
-0.0311502
-0.0321345
-0.0331168
-0.0340969
-0.0350749
-0.0360504
-0.0370234
-0.0379938
-0.0389615
-0.0399263
-0.0408881
-0.0418468
-0.0428022
-0.0437543
-0.0447029
-0.0283407
-0.0293382
-0.030334
-0.0313281
-0.0323203
-0.0333104
-0.0342983
-0.035284
-0.0362671
-0.0372477
-0.0382256
-0.0392006
-0.0401726
-0.0411416
-0.0421073
-0.0430697
-0.0440286
-0.0449839
-0.0285531
-0.029562
-0.0305693
-0.0315748
-0.0325784
-0.03358
-0.0345793
-0.0355762
-0.0365707
-0.0375625
-0.0385515
-0.0395376
-0.0405206
-0.0415004
-0.0424769
-0.0434499
-0.0444193
-0.0288363
-0.0298587
-0.0308794
-0.0318984
-0.0329154
-0.0339303
-0.0349429
-0.0359531
-0.0369608
-0.0379658
-0.0389679
-0.039967
-0.0409629
-0.0419556
-0.0429448
-0.0439304
-0.0449124
-0.0291779
-0.0302161
-0.0312528
-0.0322876
-0.0333205
-0.0343512
-0.0353797
-0.0364058
-0.0374292
-0.0384499
-0.0394677
-0.0404824
-0.0414939
-0.042502
-0.0435067
-0.0445077
-0.0455049
-0.0295807
-0.0306371
-0.0316918
-0.0327447
-0.0337956
-0.0348444
-0.0358909
-0.036935
-0.0379764
-0.039015
-0.0400506
-0.0410832
-0.0421124
-0.0431383
-0.0441606
-0.0451792
-0.0461939
-0.0300404
-0.031117
-0.0321919
-0.0332651
-0.0343362
-0.0354053
-0.036472
-0.0375363
-0.0385978
-0.0396566
-0.0407124
-0.041765
-0.0428144
-0.0438602
-0.0449025
-0.045941
-0.0469755
-0.0305565
-0.0316555
-0.0327528
-0.0338483
-0.0349418
-0.0360333
-0.0371223
-0.0382089
-0.0392929
-0.0403739
-0.041452
-0.0425269
-0.0435985
-0.0446665
-0.0457309
-0.0467915
-0.0478482
-0.0311272
-0.0322506
-0.0333724
-0.0344924
-0.0356104
-0.0367263
-0.0378399
-0.0389509
-0.0400593
-0.0411648
-0.0422673
-0.0433666
-0.0444626
-0.045555
-0.0466437
-0.0477286
-0.0488095
-0.0317519
-0.0329019
-0.0340502
-0.0351968
-0.0363414
-0.0374839
-0.038624
-0.0397616
-0.0408965
-0.0420285
-0.0431575
-0.0442833
-0.0454057
-0.0465246
-0.0476398
-0.048751
-0.0498583
-0.0324302
-0.0336087
-0.0347856
-0.0359608
-0.037134
-0.0383051
-0.0394738
-0.04064
-0.0418035
-0.0429641
-0.0441217
-0.045276
-0.046427
-0.0475743
-0.048718
-0.0498578
-0.0509936
-0.0331616
-0.0343708
-0.0355784
-0.0367842
-0.037988
-0.0391897
-0.040389
-0.0415858
-0.0427799
-0.0439712
-0.0451593
-0.0463443
-0.0475258
-0.0487038
-0.049878
-0.0510483
-0.0522146
-0.0339462
-0.0351881
-0.0364283
-0.0376668
-0.0389033
-0.0401376
-0.0413696
-0.042599
-0.0438258
-0.0450496
-0.0462704
-0.0474879
-0.048702
-0.0499126
-0.0511194
-0.0523223
-0.0535212
-0.0347843
-0.0360608
-0.0373358
-0.0386089
-0.0398801
-0.0411491
-0.0424157
-0.0436798
-0.0449411
-0.0461996
-0.047455
-0.0487071
-0.0499558
-0.051201
-0.0524424
-0.0536799
-0.0549134
-0.0356762
-0.0369895
-0.0383012
-0.039611
-0.0409189
-0.0422245
-0.0435278
-0.0448285
-0.0461265
-0.0474215
-0.0487135
-0.0500022
-0.0512875
-0.0525692
-0.0538472
-0.0551213
-0.0563913
-0.0366227
-0.0379748
-0.0393252
-0.0406738
-0.0420203
-0.0433647
-0.0447066
-0.0460459
-0.0473825
-0.0487161
-0.0500466
-0.0513739
-0.0526977
-0.054018
-0.0553345
-0.0566471
-0.0579557
-0.0376246
-0.0390175
-0.0404088
-0.0417981
-0.0431854
-0.0445704
-0.0459529
-0.0473329
-0.04871
-0.0500842
-0.0514553
-0.052823
-0.0541874
-0.0555481
-0.0569051
-0.0582582
-0.0596072
-0.0386831
-0.040119
-0.0415531
-0.0429853
-0.0444153
-0.0458429
-0.0472681
-0.0486907
-0.0501103
-0.051527
-0.0529406
-0.0543508
-0.0557576
-0.0571607
-0.0585601
-0.0599555
-0.061347
-0.0397993
-0.0412802
-0.0427593
-0.0442363
-0.0457111
-0.0471835
-0.0486533
-0.0501204
-0.0515847
-0.0530458
-0.0545038
-0.0559584
-0.0574096
-0.058857
-0.0603007
-0.0617405
-0.0631762
-0.0409753
-0.0425033
-0.0440293
-0.0455532
-0.0470748
-0.0485939
-0.0501103
-0.051624
-0.0531347
-0.0546423
-0.0561466
-0.0576476
-0.0591449
-0.0606386
-0.0621285
-0.0636144
-0.0650963
-0.0422126
-0.0437897
-0.0453648
-0.0469376
-0.0485079
-0.0500757
-0.0516408
-0.053203
-0.0547621
-0.0563181
-0.0578707
-0.0594198
-0.0609653
-0.0625071
-0.064045
-0.065579
-0.0671088
-0.0435125
-0.045141
-0.0467672
-0.048391
-0.0500123
-0.0516309
-0.0532466
-0.0548593
-0.0564688
-0.058075
-0.0596779
-0.0612771
-0.0628727
-0.0644644
-0.0660522
-0.067636
-0.0692156
-0.0448772
-0.0465592
-0.0482388
-0.0499158
-0.0515901
-0.0532615
-0.0549298
-0.056595
-0.0582569
-0.0599154
-0.0615703
-0.0632215
-0.0648689
-0.0665125
-0.068152
-0.0697874
-0.0714185
-0.0463094
-0.0480471
-0.0497822
-0.0515144
-0.0532437
-0.05497
-0.056693
-0.0584126
-0.0601288
-0.0618414
-0.0635502
-0.0652553
-0.0669564
-0.0686535
-0.0703465
-0.0720352
-0.0737197
-0.0478113
-0.049607
-0.0513997
-0.0531893
-0.0549757
-0.0567588
-0.0585384
-0.0603145
-0.0620869
-0.0638555
-0.0656202
-0.0673808
-0.0691375
-0.0708899
-0.072638
-0.0743818
-0.0761212
-0.0493857
-0.0512415
-0.053094
-0.0549431
-0.0567887
-0.0586307
-0.060469
-0.0623034
-0.0641339
-0.0659603
-0.0677826
-0.0696007
-0.0714146
-0.073224
-0.075029
-0.0768295
-0.0786254
-0.0510359
-0.052954
-0.0548684
-0.0567791
-0.0586859
-0.0605888
-0.0624876
-0.0643822
-0.0662726
-0.0681587
-0.0700405
-0.0719177
-0.0737904
-0.0756585
-0.0775219
-0.0793806
-0.0812346
-0.0527639
-0.0547467
-0.0567254
-0.0586998
-0.0606699
-0.0626357
-0.064597
-0.0665538
-0.068506
-0.0704536
-0.0723964
-0.0743344
-0.0762677
-0.078196
-0.0801194
-0.0820378
-0.0839513
-0.0545748
-0.0566242
-0.0586691
-0.0607093
-0.0627447
-0.0647752
-0.0668009
-0.0688216
-0.0708374
-0.072848
-0.0748536
-0.0768541
-0.0788493
-0.0808393
-0.0828242
-0.0848037
-0.086778
-0.0564711
-0.0585895
-0.0607026
-0.0628105
-0.0649132
-0.0670104
-0.0691023
-0.0711888
-0.0732698
-0.0753452
-0.0774151
-0.0794795
-0.0815382
-0.0835914
-0.0856389
-0.0876808
-0.0897171
-0.0584562
-0.0606457
-0.0628294
-0.0650072
-0.067179
-0.0693449
-0.0715049
-0.0736588
-0.0758066
-0.0779485
-0.0800842
-0.0822139
-0.0843375
-0.086455
-0.0885665
-0.090672
-0.0927714
-0.0605335
-0.0627966
-0.065053
-0.0673028
-0.0695459
-0.0717823
-0.0740121
-0.0762351
-0.0784515
-0.0806612
-0.0828642
-0.0850605
-0.0872502
-0.0894333
-0.0916098
-0.0937798
-0.0959432
-0.0627082
-0.065047
-0.0673782
-0.069702
-0.0720182
-0.0743269
-0.0766281
-0.0789218
-0.0812081
-0.083487
-0.0857585
-0.0880227
-0.0902795
-0.0925292
-0.0947716
-0.097007
-0.0992352
-0.0649842
-0.0674009
-0.069809
-0.0722086
-0.0745998
-0.0769824
-0.0793567
-0.0817226
-0.0840802
-0.0864295
-0.0887707
-0.0911037
-0.0934287
-0.0957458
-0.0980549
-0.100356
-0.10265
-0.0673664
-0.0698631
-0.0723501
-0.0748275
-0.0772952
-0.0797534
-0.0822022
-0.0846416
-0.0870717
-0.0894926
-0.0919044
-0.0943072
-0.0967011
-0.0990861
-0.101462
-0.10383
-0.10619
-0.0698595
-0.0724384
-0.0750062
-0.077563
-0.0801091
-0.0826443
-0.0851689
-0.087683
-0.0901867
-0.0926801
-0.0951633
-0.0976365
-0.1001
-0.102553
-0.104997
-0.107431
-0.109856
-0.072469
-0.0751319
-0.0777823
-0.0804203
-0.0830461
-0.0856597
-0.0882614
-0.0908512
-0.0934293
-0.0959959
-0.0985511
-0.101095
-0.103628
-0.10615
-0.108661
-0.111162
-0.113653
-0.0751999
-0.0779488
-0.0806836
-0.0834043
-0.0861112
-0.0888044
-0.0914841
-0.0941504
-0.0968036
-0.0994439
-0.102071
-0.104686
-0.107289
-0.10988
-0.112458
-0.115025
-0.117581
-0.0780577
-0.0808945
-0.0837153
-0.0865202
-0.0893095
-0.0920832
-0.0948418
-0.0975853
-0.100314
-0.103028
-0.105728
-0.108414
-0.111086
-0.113745
-0.11639
-0.119022
-0.121642
-0.0810483
-0.0839749
-0.0868832
-0.0897736
-0.0926463
-0.0955014
-0.0983394
-0.10116
-0.103965
-0.106753
-0.109525
-0.112281
-0.115022
-0.117748
-0.120459
-0.123155
-0.125837
-0.0841782
-0.0871961
-0.0901934
-0.0931703
-0.0961271
-0.0990643
-0.101982
-0.104881
-0.107761
-0.110622
-0.113466
-0.116291
-0.1191
-0.121892
-0.124667
-0.127426
-0.130169
-0.0874537
-0.0905645
-0.0936519
-0.0967162
-0.0997579
-0.102777
-0.105775
-0.108751
-0.111706
-0.11464
-0.117554
-0.120448
-0.123323
-0.126178
-0.129016
-0.131835
-0.134637
-0.0908822
-0.094087
-0.0972654
-0.100418
-0.103544
-0.106646
-0.109723
-0.112776
-0.115805
-0.11881
-0.121793
-0.124754
-0.127693
-0.13061
-0.133507
-0.136384
-0.0944705
-0.0977705
-0.101041
-0.104281
-0.107493
-0.110677
-0.113832
-0.116961
-0.120062
-0.123138
-0.126187
-0.129212
-0.132213
-0.13519
-0.138143
-0.141075
-0.0982264
-0.101622
-0.104985
-0.108314
-0.11161
-0.114875
-0.118108
-0.121311
-0.124483
-0.127626
-0.13074
-0.133826
-0.136885
-0.139918
-0.142924
-0.145905
-0.102158
-0.10565
-0.109105
-0.112522
-0.115903
-0.119247
-0.122557
-0.125831
-0.129072
-0.132279
-0.135455
-0.138599
-0.141712
-0.144796
-0.14785
-0.150877
-0.106273
-0.109863
-0.11341
-0.116915
-0.120378
-0.123801
-0.127183
-0.130527
-0.133833
-0.137102
-0.140335
-0.143532
-0.146695
-0.149825
-0.152923
-0.155989
-0.110581
-0.114268
-0.117907
-0.121498
-0.125042
-0.128541
-0.131995
-0.135406
-0.138773
-0.142099
-0.145384
-0.14863
-0.151837
-0.155007
-0.158141
-0.161241
-0.115092
-0.118876
-0.122605
-0.126281
-0.129905
-0.133477
-0.136998
-0.140471
-0.143896
-0.147273
-0.150606
-0.153894
-0.157139
-0.160342
-0.163505
-0.16663
-0.119815
-0.123695
-0.127514
-0.131273
-0.134972
-0.138614
-0.1422
-0.14573
-0.149207
-0.152631
-0.156004
-0.159327
-0.162602
-0.165831
-0.169015
-0.172156
-0.124761
-0.128736
-0.132643
-0.136482
-0.140255
-0.143962
-0.147607
-0.15119
-0.154712
-0.158175
-0.161582
-0.164932
-0.168229
-0.171474
-0.174669
-0.177816
-0.129942
-0.134011
-0.138003
-0.141919
-0.145761
-0.14953
-0.153228
-0.156856
-0.160417
-0.163913
-0.167344
-0.170713
-0.174022
-0.177272
-0.180467
-0.183608
-0.13537
-0.139531
-0.143605
-0.147595
-0.151501
-0.155326
-0.159071
-0.162738
-0.16633
-0.169848
-0.173294
-0.176671
-0.17998
-0.183224
-0.186406
-0.189527
-0.141058
-0.145309
-0.149462
-0.153521
-0.157486
-0.16136
-0.165145
-0.168842
-0.172455
-0.175986
-0.179436
-0.182809
-0.186106
-0.18933
-0.192484
-0.19557
-0.147021
-0.151359
-0.155587
-0.159709
-0.163726
-0.167642
-0.171457
-0.175176
-0.178799
-0.18233
-0.185772
-0.189127
-0.192397
-0.195586
-0.198696
-0.20173
-0.153277
-0.157696
-0.161994
-0.166172
-0.170233
-0.17418
-0.178016
-0.181742
-0.185363
-0.188881
-0.192298
-0.195619
-0.198845
-0.201981
-0.205028
-0.207991
-0.159841
-0.164338
-0.168698
-0.172924
-0.17702
-0.180988
-0.184831
-0.188553
-0.192156
-0.195644
-0.19902
-0.202287
-0.205449
-0.208509
-0.21147
-0.214335
-0.166714
-0.171286
-0.175705
-0.179975
-0.184098
-0.188079
-0.19192
-0.195626
-0.199199
-0.202644
-0.205964
-0.209163
-0.212243
-0.215208
-0.218061
-0.220804
-0.173908
-0.17854
-0.183003
-0.187301
-0.191437
-0.195417
-0.199243
-0.20292
-0.206453
-0.209845
-0.2131
-0.216223
-0.219218
-0.222086
-0.224832
-0.227459
)
;

boundaryField
{
    inlet
    {
        type            zeroGradient;
    }
    outlet
    {
        type            fixedValue;
        value           nonuniform 0();
    }
    cylinder
    {
        type            zeroGradient;
    }
    top
    {
        type            symmetryPlane;
    }
    bottom
    {
        type            symmetryPlane;
    }
    defaultFaces
    {
        type            empty;
    }
    procBoundary1to0
    {
        type            processor;
        value           nonuniform List<scalar> 
261
(
0.06086
0.0492668
0.06086
0.0644458
0.0644458
0.0684122
0.0684122
0.0730639
0.0730639
0.0854242
0.090815
0.090815
0.0962706
0.0962706
0.110228
0.116569
0.116569
0.131403
0.138656
0.138656
0.145954
0.145954
0.162553
0.170767
0.170767
0.188256
0.205674
0.215727
0.215727
0.233943
0.244891
0.244891
0.263839
0.275646
0.275646
0.29523
0.314509
0.327981
0.327981
0.347675
0.366944
0.381914
0.381914
0.401311
0.420153
0.438403
0.455039
0.455039
0.472957
0.490148
0.506578
0.522216
0.539591
0.539591
0.554262
0.568012
0.580813
0.592639
0.603467
0.613275
0.622043
0.629754
0.642908
0.642908
0.648693
0.653335
0.656824
0.659155
0.660321
0.660321
0.659155
0.656824
0.653334
0.648692
0.642908
0.642908
0.629754
0.622043
0.613275
0.603467
0.592639
0.580812
0.568011
0.554261
0.53959
0.53959
0.522215
0.506577
0.490147
0.472955
0.455037
0.455037
0.438401
0.420151
0.40131
0.40131
0.385749
0.366942
0.347673
0.327979
0.327979
0.314507
0.295228
0.275644
0.275644
0.263837
0.244889
0.244889
0.233941
0.215725
0.215725
0.205672
0.188254
0.170764
0.170764
0.162551
0.162551
0.154365
0.138654
0.138654
0.131401
0.116566
0.116566
0.110226
0.0962682
0.0962682
0.0908126
0.0908126
0.0854218
0.0854218
0.0800972
0.0684098
0.0684098
0.0644434
0.0644434
0.0608576
0.0608576
0.0492643
0.0492668
0.0465636
0.0435732
0.040963
0.0385192
0.036239
0.034115
0.0321338
0.0302842
0.0285557
0.0269387
0.0254244
0.0240046
0.0226716
0.0214188
0.0202397
0.0191286
0.0180804
0.0170903
0.0161539
0.0152676
0.0144277
0.0136313
0.0128753
0.0121575
0.0114755
0.0108272
0.010211
0.00962509
0.00906812
0.00853871
0.00853871
0.0100848
0.00952265
0.00898962
0.00848455
0.00800633
0.00755393
0.00712636
0.00672271
0.0063421
0.00598371
0.00564674
0.00533043
0.00503405
0.00475686
0.00449817
0.00425731
0.00403362
0.00382645
0.0036352
0.00345931
0.0032982
0.00315142
0.00301841
0.00289908
0.00279244
0.00270008
0.00261745
0.00255627
0.00248777
0.0034592
0.00352672
0.00359208
0.00368091
0.0037826
0.00390108
0.00403489
0.0031508
0.0031508
0.00329754
0.0034586
0.00363446
0.00382565
0.00403277
0.00425641
0.00449722
0.00475585
0.00503298
0.00532931
0.00564556
0.00598247
0.00634081
0.00672136
0.00712496
0.00755247
0.00800482
0.00848299
0.00898801
0.00952099
0.0100831
0.0106757
0.0113001
0.0119579
0.0126507
0.0133805
0.0141492
0.0149592
0.015813
0.0167133
0.0176631
0.0152655
0.0152655
0.0161518
0.0170881
0.0180782
0.0191264
0.0202374
0.0214165
0.0226693
0.0240022
0.0254221
0.0269364
0.0285533
0.0302818
0.0321314
0.0341126
0.0362366
0.0385168
0.0409605
0.0435708
0.0465611
0.0492643
)
;
    }
    procBoundary1to2
    {
        type            processor;
        value           nonuniform List<scalar> 
200
(
-0.307753
-0.309181
-0.309181
-0.310219
-0.310219
-0.310736
-0.313202
-0.313202
-0.313212
-0.313212
-0.312839
-0.312839
-0.312168
-0.312168
-0.311263
-0.311263
-0.310128
-0.310128
-0.308674
-0.308674
-0.306694
-0.306694
-0.303871
-0.303871
-0.298606
-0.293638
-0.293638
-0.287082
-0.287082
-0.27895
-0.27895
-0.270502
-0.260456
-0.260456
-0.249431
-0.249431
-0.240718
-0.229963
-0.249436
-0.240724
-0.229968
-0.249436
-0.260461
-0.278955
-0.260461
-0.270507
-0.278955
-0.287087
-0.299846
-0.287087
-0.293643
-0.299846
-0.303876
-0.303876
-0.306699
-0.306699
-0.308679
-0.308679
-0.310132
-0.310132
-0.311267
-0.311267
-0.312173
-0.312173
-0.312844
-0.312844
-0.313217
-0.313217
-0.313206
-0.313206
-0.312714
-0.312714
-0.310224
-0.309186
-0.309186
-0.307758
-0.229963
-0.223436
-0.217104
-0.210868
-0.204687
-0.198586
-0.192586
-0.186692
-0.186692
-0.183969
-0.17831
-0.172764
-0.167336
-0.162029
-0.156846
-0.151792
-0.146868
-0.142076
-0.137417
-0.132892
-0.128502
-0.124245
-0.120121
-0.11613
-0.112269
-0.108537
-0.104933
-0.101454
-0.0980975
-0.0948622
-0.0917454
-0.0887446
-0.0858576
-0.0830818
-0.0804148
-0.0778544
-0.0753982
-0.073044
-0.0707897
-0.0686333
-0.0665729
-0.0646068
-0.0627334
-0.0609514
-0.0592595
-0.0576567
-0.0561423
-0.0547157
-0.0533766
-0.0533766
-0.0532523
-0.0520603
-0.0509588
-0.0499491
-0.0490326
-0.0482114
-0.0474877
-0.046865
-0.0463473
-0.045936
-0.0456485
-0.0454561
-0.0454556
-0.045648
-0.0459355
-0.045385
-0.045385
-0.0458905
-0.0464981
-0.0472046
-0.048006
-0.0489007
-0.0498862
-0.0509614
-0.0521251
-0.0533768
-0.0547159
-0.0561426
-0.0576572
-0.0592601
-0.0609521
-0.0627342
-0.0646077
-0.0665739
-0.0686344
-0.070791
-0.0730454
-0.0753997
-0.0778561
-0.0804166
-0.0830837
-0.0858597
-0.0887469
-0.0917478
-0.0948648
-0.0981002
-0.101457
-0.104936
-0.10854
-0.112272
-0.116133
-0.120125
-0.124249
-0.128506
-0.132896
-0.137421
-0.139242
-0.139242
-0.143984
-0.148863
-0.153877
-0.159026
-0.164307
-0.169717
-0.175255
-0.180917
-0.186697
-0.192591
-0.198591
-0.204692
-0.210873
-0.217109
-0.223441
-0.229968
)
;
    }
}


// ************************************************************************* //
