/*--------------------------------*- C++ -*----------------------------------*\
  =========                 |
  \\      /  F ield         | OpenFOAM: The Open Source CFD Toolbox
   \\    /   O peration     | Website:  https://openfoam.org
    \\  /    A nd           | Version:  7
     \\/     M anipulation  |
\*---------------------------------------------------------------------------*/
FoamFile
{
    version     2.0;
    format      ascii;
    class       volScalarField;
    location    "65";
    object      p;
}
// * * * * * * * * * * * * * * * * * * * * * * * * * * * * * * * * * * * * * //

dimensions      [0 2 -2 0 0 0 0];

internalField   nonuniform List<scalar> 
8500
(
-0.263531
-0.262036
-0.262444
-0.265235
-0.270484
-0.277622
-0.285289
-0.291421
-0.29359
-0.289654
-0.278564
-0.260616
-0.237684
-0.212003
-0.186723
-0.164208
-0.147145
-0.137785
-0.138285
-0.148048
-0.163392
-0.177142
-0.183057
-0.177182
-0.160543
-0.137176
-0.112136
-0.0902922
-0.074242
-0.0646039
-0.0626225
-0.0684168
-0.0852711
-0.0978183
-0.106397
-0.0979793
-0.0784046
-0.0576067
-0.031072
-0.0181821
-0.00138288
0.00691621
0.000784307
0.00862904
-0.264672
-0.261861
-0.260753
-0.261898
-0.265465
-0.271013
-0.277331
-0.282502
-0.284221
-0.280401
-0.269972
-0.253119
-0.231585
-0.207433
-0.183733
-0.162783
-0.147307
-0.139606
-0.141799
-0.15305
-0.169414
-0.183502
-0.189089
-0.182347
-0.164488
-0.139819
-0.113537
-0.0905861
-0.0735256
-0.0630758
-0.0602192
-0.0651823
-0.0812158
-0.0934431
-0.102284
-0.09453
-0.0758836
-0.0559059
-0.0303307
-0.0179645
-0.00176082
0.00628115
-0.000203281
0.00778951
-0.265821
-0.261675
-0.259027
-0.258498
-0.260354
-0.264278
-0.269211
-0.273386
-0.274624
-0.270896
-0.26111
-0.24534
-0.2252
-0.202579
-0.180474
-0.161112
-0.147263
-0.141265
-0.145185
-0.157937
-0.175312
-0.189729
-0.194986
-0.187377
-0.168307
-0.142348
-0.114843
-0.0908094
-0.0727558
-0.0615063
-0.0577925
-0.0619373
-0.0771591
-0.0890635
-0.0981495
-0.0910416
-0.0733165
-0.054165
-0.0295623
-0.017727
-0.00213419
0.00562906
-0.00122212
0.006922
-0.266982
-0.261484
-0.257278
-0.255053
-0.255172
-0.257442
-0.260956
-0.264101
-0.264823
-0.261158
-0.251987
-0.237285
-0.218531
-0.19744
-0.17694
-0.159192
-0.147008
-0.142757
-0.148433
-0.162695
-0.181074
-0.195811
-0.200737
-0.192268
-0.171996
-0.144762
-0.116057
-0.0909649
-0.0719374
-0.0599001
-0.0553479
-0.0586866
-0.0731053
-0.0846834
-0.0939967
-0.0875163
-0.0707055
-0.0523855
-0.0287668
-0.0174689
-0.00250204
0.00496054
-0.00227131
0.00602736
-0.268157
-0.261296
-0.255518
-0.25158
-0.249942
-0.250533
-0.252596
-0.254674
-0.254843
-0.251206
-0.242618
-0.228965
-0.211581
-0.192016
-0.173129
-0.157018
-0.146537
-0.144075
-0.151533
-0.167313
-0.186687
-0.201738
-0.206334
-0.197011
-0.175551
-0.147062
-0.11718
-0.0910553
-0.0710746
-0.0582624
-0.0528903
-0.0554352
-0.0690587
-0.0803065
-0.0898283
-0.0839567
-0.0680528
-0.050569
-0.0279442
-0.0171898
-0.0028634
0.00427627
-0.0033498
0.00510652
-0.269347
-0.261117
-0.253758
-0.248097
-0.244686
-0.243578
-0.244161
-0.245135
-0.244712
-0.241062
-0.233015
-0.220392
-0.204355
-0.186309
-0.169041
-0.154589
-0.145848
-0.145213
-0.154478
-0.17178
-0.192137
-0.207499
-0.211767
-0.201602
-0.17897
-0.149246
-0.118213
-0.0910837
-0.070172
-0.0565979
-0.0504247
-0.0521877
-0.0650233
-0.0759367
-0.0856474
-0.0803654
-0.0653609
-0.0487169
-0.0270945
-0.0168891
-0.00321726
0.00357701
-0.00445645
0.00416053
-0.270553
-0.260953
-0.25201
-0.24462
-0.239428
-0.236603
-0.235681
-0.235516
-0.234458
-0.230753
-0.223215
-0.211562
-0.196863
-0.180322
-0.164679
-0.151907
-0.144941
-0.146169
-0.15726
-0.176083
-0.197414
-0.213083
-0.21703
-0.206033
-0.182251
-0.151316
-0.119159
-0.0910529
-0.0692337
-0.0549114
-0.047956
-0.0489488
-0.0610031
-0.0715778
-0.0814567
-0.0767451
-0.0626323
-0.046831
-0.0262175
-0.0165663
-0.00356261
0.0028636
-0.00559001
0.0031905
-0.271774
-0.260809
-0.250284
-0.241166
-0.23419
-0.229637
-0.227186
-0.225848
-0.224111
-0.220303
-0.213228
-0.202506
-0.189115
-0.174065
-0.160047
-0.148976
-0.143816
-0.146939
-0.15987
-0.180212
-0.202506
-0.21848
-0.222112
-0.2103
-0.18539
-0.153271
-0.120018
-0.0909657
-0.0682639
-0.0532077
-0.0454888
-0.0457231
-0.0570021
-0.0672335
-0.0772595
-0.0730989
-0.0598699
-0.0449129
-0.0253133
-0.0162209
-0.00389841
0.00213695
-0.00674915
0.00219762
-0.27301
-0.260688
-0.248591
-0.237752
-0.228993
-0.222706
-0.218707
-0.216165
-0.213704
-0.209734
-0.203075
-0.193246
-0.181124
-0.167546
-0.155153
-0.145799
-0.142477
-0.14752
-0.162302
-0.184157
-0.207401
-0.223681
-0.227005
-0.214396
-0.188386
-0.155112
-0.120793
-0.090825
-0.0672667
-0.0514911
-0.0430276
-0.0425152
-0.0530239
-0.0629077
-0.0730589
-0.06943
-0.0570762
-0.0429644
-0.0243819
-0.0158526
-0.00422362
0.00139804
-0.00793247
0.00118313
-0.274257
-0.260593
-0.246938
-0.234391
-0.223858
-0.215836
-0.210276
-0.206499
-0.203271
-0.199083
-0.192784
-0.183797
-0.17291
-0.160781
-0.150007
-0.142386
-0.140926
-0.147913
-0.16455
-0.187907
-0.212091
-0.228675
-0.231703
-0.218318
-0.191237
-0.15684
-0.121487
-0.0906338
-0.066246
-0.0497664
-0.0405768
-0.0393295
-0.0490723
-0.0586039
-0.0688583
-0.0657415
-0.0542544
-0.0409873
-0.0234233
-0.0154607
-0.00453718
0.000647915
-0.0091385
0.000148299
-0.275512
-0.260527
-0.245335
-0.231098
-0.218806
-0.209054
-0.201923
-0.196884
-0.192845
-0.188385
-0.182385
-0.174175
-0.164495
-0.153784
-0.144624
-0.138747
-0.139171
-0.148116
-0.166608
-0.191453
-0.216564
-0.233456
-0.236198
-0.22206
-0.193941
-0.158456
-0.122102
-0.090395
-0.0652054
-0.0480377
-0.0381405
-0.0361703
-0.0451509
-0.0543261
-0.064661
-0.0620371
-0.0514074
-0.0389834
-0.0224376
-0.0150449
-0.00483802
-0.000112312
-0.0103657
-0.000905554
-0.276772
-0.260491
-0.243787
-0.227886
-0.213856
-0.202384
-0.193678
-0.187355
-0.182462
-0.177674
-0.171909
-0.164412
-0.155896
-0.146575
-0.139017
-0.134893
-0.137217
-0.14813
-0.16847
-0.194786
-0.220813
-0.238014
-0.240484
-0.225619
-0.196497
-0.159961
-0.122639
-0.0901114
-0.0641486
-0.0463093
-0.0357226
-0.033042
-0.0412632
-0.0500779
-0.0604707
-0.0583205
-0.0485384
-0.0369547
-0.0214248
-0.0146046
-0.00512507
-0.000881484
-0.0116126
-0.00197712
-0.27803
-0.260484
-0.242301
-0.224768
-0.209026
-0.195851
-0.18557
-0.177943
-0.172158
-0.166985
-0.161389
-0.154595
-0.147088
-0.139177
-0.133206
-0.130838
-0.135073
-0.147957
-0.170132
-0.197899
-0.224829
-0.242341
-0.244555
-0.228991
-0.198903
-0.161356
-0.123102
-0.0897859
-0.063079
-0.0445853
-0.0333269
-0.0299485
-0.0374126
-0.045863
-0.0562911
-0.0545954
-0.0456506
-0.0349031
-0.0203849
-0.0141396
-0.00539727
-0.00165839
-0.0128776
-0.00306508
-0.27928
-0.260505
-0.240882
-0.221753
-0.204334
-0.189478
-0.177628
-0.168682
-0.161969
-0.156355
-0.150859
-0.144696
-0.138167
-0.131614
-0.127211
-0.126598
-0.132747
-0.147598
-0.17159
-0.200785
-0.228604
-0.246432
-0.248406
-0.232172
-0.20116
-0.162642
-0.123494
-0.0894214
-0.0619999
-0.0428696
-0.030957
-0.0268939
-0.0336026
-0.0416852
-0.0521259
-0.0508658
-0.0427473
-0.0328304
-0.0193181
-0.0136494
-0.00565354
-0.0024418
-0.0141591
-0.00416814
-0.280517
-0.260554
-0.239534
-0.218853
-0.199795
-0.183285
-0.169877
-0.159604
-0.15193
-0.145821
-0.140357
-0.134747
-0.129166
-0.123911
-0.121054
-0.12219
-0.13025
-0.147055
-0.172841
-0.203436
-0.232132
-0.250279
-0.252031
-0.23516
-0.203266
-0.163822
-0.123816
-0.0890208
-0.0609142
-0.0411658
-0.0286162
-0.023882
-0.0298363
-0.037548
-0.0479792
-0.0471358
-0.0398318
-0.0307386
-0.0182245
-0.0131335
-0.00589281
-0.00323043
-0.0154556
-0.00528503
-0.281733
-0.260627
-0.238259
-0.216075
-0.195425
-0.177295
-0.162345
-0.150739
-0.142077
-0.13542
-0.129919
-0.124792
-0.120105
-0.116098
-0.11476
-0.117631
-0.127592
-0.146332
-0.173882
-0.205849
-0.235407
-0.253877
-0.255427
-0.237953
-0.205221
-0.164896
-0.124072
-0.088587
-0.0598251
-0.0394776
-0.0263076
-0.0209164
-0.0261169
-0.0334549
-0.0438548
-0.0434095
-0.0369075
-0.0286297
-0.0171042
-0.0125916
-0.00611404
-0.00402297
-0.0167654
-0.00641454
-0.282919
-0.260722
-0.237059
-0.213426
-0.191236
-0.171525
-0.155055
-0.142117
-0.132442
-0.125189
-0.119585
-0.114872
-0.111016
-0.108203
-0.108352
-0.112939
-0.124784
-0.145433
-0.174712
-0.208019
-0.238424
-0.257222
-0.258591
-0.240549
-0.207026
-0.165867
-0.124265
-0.0881226
-0.0587351
-0.0378083
-0.0240343
-0.0180007
-0.0224476
-0.0294093
-0.0397566
-0.0396911
-0.0339777
-0.0265055
-0.0159573
-0.0120233
-0.00631616
-0.00481814
-0.0180871
-0.00755549
-0.28407
-0.260835
-0.235936
-0.210914
-0.187241
-0.165992
-0.148029
-0.133765
-0.123058
-0.115165
-0.109393
-0.105024
-0.101934
-0.10026
-0.101859
-0.108136
-0.121837
-0.144362
-0.175328
-0.209941
-0.241178
-0.260308
-0.261518
-0.242947
-0.20868
-0.166737
-0.124397
-0.0876306
-0.0576468
-0.036161
-0.021799
-0.015138
-0.0188314
-0.0254145
-0.0356888
-0.0359847
-0.0310457
-0.0243679
-0.0147839
-0.0114282
-0.00649815
-0.00561459
-0.0194191
-0.00870678
-0.260963
-0.234891
-0.208543
-0.183451
-0.160714
-0.141289
-0.125709
-0.113956
-0.105381
-0.0993825
-0.0952793
-0.0928988
-0.0923014
-0.0953061
-0.10324
-0.118764
-0.143123
-0.175731
-0.211613
-0.243665
-0.263133
-0.264208
-0.245146
-0.210186
-0.167506
-0.12447
-0.0871135
-0.0565628
-0.0345387
-0.0196042
-0.0123313
-0.0152712
-0.0214735
-0.0316551
-0.0322943
-0.0281148
-0.0222187
-0.0135843
-0.0108059
-0.00665899
-0.00641104
-0.02076
-0.00986736
-0.261102
-0.233924
-0.206318
-0.179875
-0.155704
-0.134852
-0.117973
-0.105165
-0.0958729
-0.0895491
-0.0856597
-0.0839563
-0.0843597
-0.0887205
-0.0982708
-0.115577
-0.141721
-0.175921
-0.213034
-0.245884
-0.265694
-0.266658
-0.247145
-0.211542
-0.168179
-0.124489
-0.0865742
-0.0554852
-0.0329441
-0.0174524
-0.0095836
-0.0117699
-0.0175893
-0.0276594
-0.028624
-0.0251882
-0.0200597
-0.0123586
-0.010156
-0.00679767
-0.00720616
-0.0221082
-0.0110363
-0.26125
-0.233035
-0.204242
-0.176521
-0.150975
-0.128736
-0.110578
-0.0967109
-0.0866668
-0.0799279
-0.0761991
-0.0751439
-0.0764686
-0.0821292
-0.0932491
-0.112288
-0.140162
-0.175899
-0.214202
-0.247832
-0.267989
-0.268867
-0.248945
-0.212751
-0.168756
-0.124455
-0.0860153
-0.0544162
-0.0313797
-0.0153458
-0.0068973
-0.00833021
-0.0137645
-0.0237054
-0.0249776
-0.0222688
-0.0178926
-0.0111069
-0.00947823
-0.00691319
-0.00799867
-0.0234625
-0.0122126
-0.261403
-0.232225
-0.202318
-0.173396
-0.146537
-0.122955
-0.103543
-0.0886182
-0.0777933
-0.0713791
-0.0670322
-0.0664161
-0.0686598
-0.0755584
-0.0881941
-0.108908
-0.138452
-0.175667
-0.215119
-0.249509
-0.270016
-0.270834
-0.250547
-0.213815
-0.16924
-0.124371
-0.0854392
-0.0533578
-0.0298479
-0.0132864
-0.00427474
-0.00495488
-0.0100016
-0.0197967
-0.0213587
-0.0193596
-0.015719
-0.00982941
-0.00877214
-0.0070046
-0.00878731
-0.0248213
-0.0133956
-0.261557
-0.231488
-0.200553
-0.17051
-0.142399
-0.117521
-0.096887
-0.0809081
-0.0692679
-0.0622369
-0.0581339
-0.0578654
-0.060963
-0.0690339
-0.0831247
-0.105451
-0.136597
-0.175229
-0.215784
-0.250915
-0.271777
-0.272561
-0.251951
-0.214734
-0.169633
-0.12424
-0.0848485
-0.0523117
-0.0283505
-0.0112761
-0.00171798
-0.00164646
-0.00630275
-0.0159364
-0.0177708
-0.0164632
-0.0135404
-0.00852625
-0.00803738
-0.00707095
-0.00957084
-0.0261834
-0.0145845
-0.261718
-0.230813
-0.198932
-0.167884
-0.138575
-0.112443
-0.0906229
-0.0735999
-0.0611224
-0.0534541
-0.0495194
-0.0495455
-0.0534058
-0.0625803
-0.0780592
-0.101927
-0.134604
-0.174587
-0.2162
-0.252049
-0.27327
-0.274046
-0.253158
-0.215512
-0.169938
-0.124065
-0.0842457
-0.0512798
-0.0268895
-0.00931656
0.000771196
0.00159254
-0.00267001
-0.0121277
-0.0142169
-0.0135822
-0.0113582
-0.00719758
-0.00727355
-0.0071113
-0.010348
-0.0275475
-0.0157786
-0.261879
-0.230269
-0.197377
-0.165512
-0.135091
-0.107736
-0.0847642
-0.0667108
-0.0533841
-0.0450722
-0.041248
-0.0414701
-0.046015
-0.0562208
-0.0730152
-0.0983492
-0.132479
-0.173745
-0.216369
-0.252915
-0.274497
-0.275292
-0.254172
-0.216149
-0.170157
-0.123849
-0.083633
-0.0502635
-0.0254664
-0.00740939
0.00319126
0.00475975
0.000894905
-0.00837342
-0.0107002
-0.0107188
-0.00917376
-0.0058435
-0.00648027
-0.00712477
-0.0111177
-0.0289122
-0.0169774
-0.262039
-0.229799
-0.196167
-0.163164
-0.13194
-0.10342
-0.0793246
-0.0602558
-0.0460645
-0.0370719
-0.0333522
-0.0336598
-0.038816
-0.049977
-0.068009
-0.0947278
-0.130231
-0.172709
-0.216295
-0.253514
-0.27546
-0.276301
-0.254993
-0.21665
-0.170293
-0.123593
-0.0830126
-0.0492645
-0.0240826
-0.00555594
0.00554095
0.0078529
0.00439046
-0.00467604
-0.00722297
-0.00787499
-0.00698812
-0.00446413
-0.00565715
-0.00711047
-0.0118788
-0.0302763
-0.0181802
-0.262197
-0.229405
-0.195098
-0.161217
-0.128953
-0.0994901
-0.0743128
-0.054246
-0.0391628
-0.0297812
-0.0255692
-0.0261385
-0.0318315
-0.0438688
-0.0630563
-0.091074
-0.127865
-0.171484
-0.215983
-0.253851
-0.276161
-0.277073
-0.255624
-0.217016
-0.170348
-0.1233
-0.0823869
-0.048284
-0.0227392
-0.00375744
0.00781923
0.0108699
0.00781536
-0.00103777
-0.00378771
-0.00505249
-0.0048023
-0.00305956
-0.00480379
-0.00706753
-0.0126301
-0.0316386
-0.0193867
-0.262353
-0.229089
-0.194175
-0.159506
-0.126344
-0.0959018
-0.0697196
-0.0486861
-0.0326965
-0.0229053
-0.0182137
-0.0189277
-0.0250819
-0.0379143
-0.0581712
-0.0873985
-0.125392
-0.170076
-0.215437
-0.253927
-0.276603
-0.277613
-0.256068
-0.217251
-0.170325
-0.122973
-0.0817577
-0.0473234
-0.0214371
-0.00201498
0.0100253
0.0138087
0.0111685
0.00253951
-0.000396342
-0.00225277
-0.00261716
-0.00162983
-0.00391978
-0.00699514
-0.0133706
-0.0329977
-0.0205963
-0.262508
-0.228851
-0.19341
-0.15803
-0.124055
-0.0927451
-0.0655688
-0.0435696
-0.0268355
-0.0162807
-0.0112878
-0.0120441
-0.0185855
-0.0321298
-0.0533671
-0.0837115
-0.122817
-0.168493
-0.214663
-0.25375
-0.276792
-0.277923
-0.256328
-0.217356
-0.170227
-0.122614
-0.081127
-0.0463837
-0.0201771
-0.000329462
0.0121587
0.0166675
0.0144489
0.00605424
0.00294944
0.000523041
-0.000433389
-0.000174967
-0.00300469
-0.00689247
-0.0140993
-0.0343526
-0.0218087
-0.262662
-0.228693
-0.192804
-0.156798
-0.122078
-0.0899665
-0.0618732
-0.0389372
-0.021394
-0.0101412
-0.00477609
-0.00550341
-0.0123578
-0.0265295
-0.0486559
-0.0800226
-0.12015
-0.16674
-0.213667
-0.253322
-0.276733
-0.278006
-0.256408
-0.217337
-0.170055
-0.122225
-0.0804967
-0.0454661
-0.0189595
0.00129835
0.0142191
0.0194446
0.0176557
0.0095052
0.00624827
0.00327406
0.00174849
0.00130503
-0.00205809
-0.00675875
-0.014815
-0.0357018
-0.0230233
-0.262816
-0.228613
-0.192355
-0.155809
-0.120418
-0.0875558
-0.0586067
-0.03477
-0.0164187
-0.0044837
0.00131612
0.000680779
-0.00641226
-0.021126
-0.0440485
-0.0763411
-0.117398
-0.164827
-0.212457
-0.252651
-0.27643
-0.277868
-0.256311
-0.217195
-0.169814
-0.121808
-0.0798684
-0.0445715
-0.0177847
0.00286785
0.0162062
0.0221387
0.0207884
0.0128915
0.00949904
0.00599972
0.00392812
0.00281022
-0.00107952
-0.00659321
-0.015517
-0.0370442
-0.0242398
-0.26297
-0.228611
-0.192062
-0.155056
-0.11907
-0.0855138
-0.0557625
-0.0310642
-0.0119212
0.000708905
0.0069798
0.00649789
-0.00075976
-0.01593
-0.0395547
-0.0726759
-0.11457
-0.162761
-0.211039
-0.251741
-0.275889
-0.27751
-0.25604
-0.216935
-0.169506
-0.121366
-0.0792441
-0.0437012
-0.0166532
0.00437839
0.0181202
0.0247482
0.0238462
0.0162124
0.0127009
0.00869969
0.0061053
0.00434068
-6.85308e-05
-0.00639511
-0.0162042
-0.0383784
-0.0254577
-0.228687
-0.191923
-0.154537
-0.118029
-0.0838376
-0.0533375
-0.0278176
-0.0078975
0.00543595
0.0122084
0.0119394
0.00459046
-0.0109505
-0.035183
-0.0690352
-0.111674
-0.160549
-0.209421
-0.250598
-0.275116
-0.276938
-0.255601
-0.21656
-0.169134
-0.120901
-0.078626
-0.0428564
-0.0155653
0.00582935
0.019961
0.027272
0.0268287
0.0194674
0.0158532
0.0113739
0.00827996
0.00589652
0.000975358
-0.00616373
-0.0168756
-0.0397032
-0.0266765
-0.228841
-0.191937
-0.154246
-0.117286
-0.0825197
-0.0513248
-0.0250241
-0.0043435
0.00969549
0.0169978
0.0169985
0.00963067
-0.00619552
-0.0309413
-0.0654269
-0.108719
-0.158202
-0.20761
-0.249228
-0.274117
-0.276156
-0.254996
-0.216074
-0.1687
-0.120414
-0.0780143
-0.0420369
-0.0145201
0.00722115
0.0217294
0.0297096
0.0297357
0.0226567
0.0189554
0.0140224
0.0104521
0.00747787
0.00205263
-0.00589838
-0.0175304
-0.041017
-0.0278956
-0.229062
-0.192088
-0.154164
-0.116821
-0.0815387
-0.0497033
-0.0226654
-0.00124666
0.013494
0.0213485
0.021672
0.0143552
-0.0016718
-0.0268368
-0.0618591
-0.105713
-0.155726
-0.205614
-0.247638
-0.272901
-0.275171
-0.254233
-0.215479
-0.168203
-0.119901
-0.0774043
-0.0412382
-0.0135131
0.00855699
0.0234279
0.0320616
0.0325677
0.0257817
0.0220084
0.016646
0.0126222
0.00908499
0.00316378
-0.00559838
-0.0181676
-0.0423185
-0.0291145
-0.229326
-0.192347
-0.154258
-0.116598
-0.0808595
-0.0484397
-0.020712
0.00141623
0.0168478
0.025269
0.0259618
0.0187616
0.00261529
-0.0228772
-0.0583413
-0.102668
-0.153137
-0.203448
-0.245842
-0.271482
-0.273996
-0.253319
-0.214778
-0.167641
-0.11936
-0.076794
-0.0404588
-0.0125423
0.00983845
0.0250579
0.0343274
0.0353244
0.0288438
0.0250136
0.0192466
0.0147914
0.0107185
0.0043095
-0.00526307
-0.0187863
-0.0436064
-0.0303327
-0.229671
-0.192756
-0.154571
-0.116659
-0.0805223
-0.0475693
-0.0191935
0.0036212
0.0197393
0.0287503
0.0298549
0.0228408
0.00666031
-0.0190658
-0.0548764
-0.0995857
-0.150434
-0.201108
-0.243829
-0.269852
-0.272613
-0.252245
-0.213979
-0.167041
-0.118825
-0.0762181
-0.0397286
-0.011632
0.0110463
0.0266071
0.036498
0.0379973
0.0318334
0.027965
0.0218216
0.0169588
0.0123785
0.00549038
-0.00489175
-0.0193858
-0.0448789
-0.0315489
-0.230288
-0.193531
-0.155331
-0.117232
-0.0807431
-0.0472881
-0.0182805
0.00522395
0.0220501
0.0317022
0.0332795
0.0265472
0.0104442
-0.015397
-0.0514372
-0.0964201
-0.147548
-0.198498
-0.241483
-0.267932
-0.270934
-0.250981
-0.21311
-0.166468
-0.118376
-0.075754
-0.0391123
-0.0108357
0.0121376
0.0280489
0.0385585
0.0405739
0.0347264
0.0308369
0.024352
0.0191129
0.0140581
0.00670376
-0.004484
-0.0199634
-0.0461322
-0.0327589
-0.23107
-0.194553
-0.156409
-0.11818
-0.0813817
-0.047456
-0.0178412
0.00633537
0.023855
0.0341071
0.0362432
0.0298571
0.0139264
-0.0119108
-0.04805
-0.0931763
-0.144465
-0.195592
-0.238786
-0.265407
-0.268996
-0.249562
-0.212171
-0.165876
-0.117935
-0.0753133
-0.0385263
-0.0100782
0.0131731
0.0294282
0.0405473
0.04309
0.0375581
0.0336433
0.0268379
0.021247
0.0157491
0.00794399
-0.00404063
-0.0205164
-0.0473614
-0.0339606
-0.230509
-0.194118
-0.155988
-0.117653
-0.0806289
-0.0463654
-0.016315
0.00833291
0.0263247
0.0368558
0.0394125
0.033148
0.0171823
-0.00882736
-0.0452045
-0.0905803
-0.142118
-0.193499
-0.236932
-0.262832
-0.26758
-0.248298
-0.210997
-0.164768
-0.116863
-0.0742543
-0.0374086
-0.00887269
0.0145583
0.0310198
0.0426378
0.0456983
0.0405817
0.0366412
0.0294853
0.0235023
0.0175424
0.00926072
-0.00355726
-0.0210682
-0.0486003
-0.0351859
-0.227866
-0.191297
-0.152992
-0.114471
-0.0772261
-0.0426876
-0.0122801
0.0127777
0.0312188
0.0422532
0.0448072
0.038386
0.0219073
-0.00496195
-0.042406
-0.0888956
-0.141465
-0.193662
-0.237515
-0.264012
-0.267532
-0.247479
-0.209437
-0.162734
-0.114633
-0.0720169
-0.0352116
-0.00665855
0.0168898
0.0333667
0.0453769
0.0490881
0.0448199
0.0409978
0.0334152
0.026845
0.020221
0.0112175
-0.00286371
-0.0218284
-0.0502498
-0.0367824
-0.223064
-0.186851
-0.148914
-0.11073
-0.0737565
-0.0394078
-0.0090942
0.0159326
0.0343943
0.0453424
0.0479325
0.0413189
0.024491
-0.00284509
-0.0407439
-0.0875403
-0.140142
-0.192027
-0.235248
-0.260847
-0.263725
-0.243277
-0.205209
-0.15887
-0.111323
-0.069228
-0.0327755
-0.00441815
0.0191426
0.0357898
0.0483377
0.0526087
0.0489623
0.0450577
0.0371877
0.0301198
0.0229823
0.0132322
-0.00211666
-0.0226384
-0.051991
-0.0385311
-0.217635
-0.181934
-0.144531
-0.106859
-0.0703374
-0.0363639
-0.00633638
0.018466
0.0367536
0.0475242
0.0498573
0.0429016
0.0256677
-0.00206392
-0.0402045
-0.0869552
-0.139115
-0.19016
-0.232299
-0.256852
-0.258966
-0.238249
-0.200372
-0.154602
-0.107765
-0.0662963
-0.0302695
-0.00216002
0.0213689
0.0381636
0.0512082
0.0560064
0.0529545
0.048938
0.040807
0.0332708
0.0256866
0.015195
-0.00136485
-0.0234144
-0.053665
-0.0402378
-0.212178
-0.17707
-0.140288
-0.103213
-0.0672286
-0.0337073
-0.00403276
0.0204973
0.0385789
0.0491604
0.0512373
0.0439576
0.026354
-0.0017098
-0.0399975
-0.0865783
-0.138154
-0.18823
-0.229186
-0.25264
-0.253916
-0.232912
-0.195261
-0.150125
-0.104066
-0.0632785
-0.0277169
0.000124202
0.0235999
0.0405094
0.0540114
0.0593551
0.0569668
0.0529019
0.0445513
0.0365659
0.028542
0.0172816
-0.000534027
-0.024169
-0.0553236
-0.0419283
-0.20673
-0.172316
-0.136257
-0.0998821
-0.0645319
-0.0315526
-0.00230938
0.02189
0.039728
0.0501065
0.0519659
0.0444314
0.0265624
-0.00169896
-0.0399818
-0.0862377
-0.137087
-0.186077
-0.225752
-0.248024
-0.248434
-0.227161
-0.189819
-0.145418
-0.100227
-0.0601861
-0.0251356
0.00241139
0.0258094
0.0428067
0.0567325
0.0626292
0.0609621
0.0569068
0.0484046
0.0400109
0.0315673
0.019519
0.000392648
-0.0248941
-0.056956
-0.0435894
-0.201284
-0.167669
-0.132439
-0.0968676
-0.062254
-0.0299127
-0.00118867
0.0226077
0.0401489
0.0502981
0.051954
0.044222
0.0261937
-0.00211436
-0.0402107
-0.0859464
-0.135878
-0.183618
-0.221884
-0.242898
-0.242438
-0.220959
-0.184041
-0.140488
-0.0962568
-0.0570267
-0.0225328
0.00469366
0.0279899
0.0450487
0.059364
0.0658111
0.0649143
0.0609173
0.0523355
0.0435774
0.034741
0.0218914
0.00141237
-0.025577
-0.0585371
-0.0452039
-0.195872
-0.163151
-0.128846
-0.0941749
-0.0603928
-0.0287801
-0.000658529
0.0226648
0.0398575
0.0497512
0.0512125
0.0433348
0.0252472
-0.00296135
-0.0406912
-0.0857069
-0.13452
-0.180836
-0.217563
-0.237252
-0.235931
-0.214323
-0.177949
-0.135356
-0.0921691
-0.0538096
-0.0199152
0.00696551
0.030138
0.0472317
0.0619019
0.0688912
0.0688134
0.0649281
0.0563423
0.0472638
0.0380594
0.024394
0.00252608
-0.0262058
-0.0600467
-0.0467562
-0.190527
-0.158785
-0.125491
-0.0918077
-0.0589429
-0.0281416
-0.000699052
0.0220871
0.0388839
0.0485022
0.049783
0.0418156
0.0237702
-0.00419529
-0.0413846
-0.0854888
-0.132994
-0.177719
-0.212786
-0.231092
-0.228931
-0.207278
-0.171568
-0.130042
-0.0879796
-0.0505449
-0.0172901
0.0092207
0.0322496
0.0493517
0.0643424
0.0718604
0.0726492
0.0689367
0.0604301
0.0510798
0.0415295
0.0270334
0.00373942
-0.0267695
-0.0614675
-0.0482306
-0.185279
-0.154589
-0.122381
-0.0897611
-0.0578901
-0.0279749
-0.00128106
0.0209098
0.0372695
0.0465951
0.0477141
0.0397172
0.0218183
-0.00576151
-0.042241
-0.0852503
-0.131267
-0.174247
-0.207544
-0.224421
-0.221455
-0.199853
-0.164928
-0.124571
-0.0837051
-0.0472435
-0.014665
0.0114527
0.0343201
0.0514043
0.0666816
0.0747096
0.0764082
0.0729358
0.0645993
0.0550322
0.0451579
0.0298172
0.00505882
-0.0272563
-0.0627806
-0.0496088
-0.180152
-0.150574
-0.119514
-0.0880215
-0.0572105
-0.0282471
-0.00236439
0.0191794
0.0350644
0.044085
0.0450636
0.0370996
0.0194519
-0.00760159
-0.0432068
-0.0849458
-0.129305
-0.170398
-0.20183
-0.217249
-0.21353
-0.192084
-0.158063
-0.118969
-0.0793635
-0.0439165
-0.0120475
0.013655
0.0363445
0.0533857
0.0689159
0.0774298
0.0800747
0.0769146
0.0688457
0.0591232
0.0489476
0.0327508
0.00648995
-0.0276525
-0.0639642
-0.0508712
-0.175165
-0.146744
-0.116881
-0.086568
-0.0568717
-0.028916
-0.0038986
0.0169521
0.0323311
0.0410383
0.0419009
0.0340331
0.0167401
-0.00965035
-0.0442231
-0.0845264
-0.127071
-0.166151
-0.195641
-0.209596
-0.205193
-0.184014
-0.151012
-0.113264
-0.0749736
-0.0405758
-0.00944515
0.015821
0.038318
0.0552921
0.071042
0.0800131
0.0836309
0.0808596
0.0731605
0.0633507
0.0528978
0.0358367
0.00803773
-0.0279431
-0.0649946
-0.0519963
-0.17033
-0.143099
-0.114468
-0.0853737
-0.0568351
-0.0299325
-0.00582497
0.0142927
0.0291404
0.0375307
0.0383042
0.0305966
0.0137598
-0.0118364
-0.0452267
-0.0839405
-0.124531
-0.16149
-0.188985
-0.201491
-0.196493
-0.175696
-0.143817
-0.107486
-0.0705548
-0.0372333
-0.00686548
0.0179445
0.0402354
0.0571198
0.0730564
0.0824519
0.0870577
0.0847535
0.0775302
0.0677078
0.0570048
0.0390754
0.00970636
-0.0281119
-0.0658469
-0.0529619
-0.165656
-0.139633
-0.112256
-0.0844072
-0.0570575
-0.0312423
-0.00807948
0.011273
0.0255697
0.0336441
0.0343575
0.026874
0.0105913
-0.0140856
-0.0461533
-0.0831381
-0.121652
-0.156408
-0.181882
-0.19298
-0.187486
-0.167186
-0.136523
-0.101666
-0.0661266
-0.033901
-0.00431585
0.0200194
0.0420912
0.0588658
0.0749561
0.08474
0.0903346
0.0885759
0.0819357
0.072182
0.0612601
0.0424645
0.011499
-0.0281418
-0.0664952
-0.0537452
-0.161145
-0.136337
-0.110223
-0.0836345
-0.0574933
-0.032789
-0.0105959
0.00796862
0.0217003
0.0294632
0.0301469
0.0229496
0.00731447
-0.0163265
-0.046943
-0.0820759
-0.118413
-0.15091
-0.174365
-0.184119
-0.178242
-0.158547
-0.129177
-0.0958349
-0.0617084
-0.0305908
-0.00180346
0.0220399
0.04388
0.060527
0.0767378
0.0868719
0.0934406
0.0923026
0.086352
0.0767544
0.0656505
0.0459981
0.0134175
-0.0280153
-0.066913
-0.0543234
-0.156797
-0.133199
-0.108346
-0.0830213
-0.0580968
-0.0345162
-0.0133082
0.00445417
0.017613
0.0250719
0.0257564
0.0189044
0.00400324
-0.0184953
-0.0475463
-0.0807235
-0.114809
-0.145019
-0.166485
-0.174981
-0.168837
-0.149844
-0.121826
-0.0900237
-0.0573194
-0.0273147
0.000664724
0.0240007
0.045596
0.0621008
0.0783987
0.0888432
0.096355
0.0959062
0.0907478
0.0813986
0.0701564
0.0496663
0.0154613
-0.0277148
-0.067074
-0.0546744
-0.152606
-0.130204
-0.106602
-0.0825338
-0.0588242
-0.03637
-0.0161528
0.000801443
0.0133856
0.0205505
0.0212653
0.0148122
0.000722034
-0.0205408
-0.047929
-0.0790685
-0.110854
-0.138778
-0.158314
-0.165652
-0.159353
-0.141144
-0.114516
-0.0842621
-0.0529775
-0.0240837
0.00308199
0.025897
0.0472338
0.0635845
0.0799359
0.0906506
0.099058
0.0993561
0.0950855
0.0860805
0.0747514
0.0534538
0.0176276
-0.0272233
-0.0669528
-0.0547774
-0.148568
-0.12734
-0.104969
-0.0821409
-0.0596349
-0.0383004
-0.0190712
-0.00292331
0.00909002
0.0159731
0.016745
0.010737
-0.00247721
-0.0224273
-0.0480757
-0.0771196
-0.106584
-0.132253
-0.149937
-0.156227
-0.149877
-0.132514
-0.107294
-0.0785783
-0.0487
-0.0209087
0.00544192
0.0277244
0.0487878
0.0649755
0.0813466
0.0922915
0.101531
0.10262
0.099322
0.0907578
0.0794016
0.0573396
0.0199104
-0.0265247
-0.0665251
-0.0546132
-0.144674
-0.124592
-0.103426
-0.0818143
-0.0604927
-0.0402631
-0.022011
-0.00666079
0.00479057
0.0114053
0.0122579
0.0067321
-0.00555601
-0.0241356
-0.0479905
-0.074907
-0.102057
-0.125527
-0.141454
-0.146804
-0.140493
-0.124016
-0.1002
-0.072998
-0.0445023
-0.0177998
0.00773836
0.0294789
0.0502529
0.0662711
0.0826286
0.0937642
0.10376
0.105664
0.103409
0.0953806
0.084065
0.0612965
0.0223003
-0.0256047
-0.0657688
-0.0541651
-0.140916
-0.121949
-0.101954
-0.0815297
-0.0613664
-0.0422198
-0.0249276
-0.0103598
0.000542883
0.0069036
0.00785643
0.00283952
-0.00848865
-0.0256617
-0.0476946
-0.0724791
-0.0973466
-0.11865
-0.132968
-0.137484
-0.13128
-0.115708
-0.0932708
-0.0675443
-0.0403987
-0.0147659
0.00996552
0.0311572
0.0516245
0.0674683
0.0837798
0.0950676
0.105732
0.108456
0.107296
0.0998918
0.0886917
0.06529
0.0247839
-0.0244512
-0.064664
-0.0534191
-0.137286
-0.119397
-0.100538
-0.0812665
-0.06223
-0.0441386
-0.0277823
-0.0139773
-0.0036067
0.00251477
0.00358287
-0.000908932
-0.0112603
-0.0270131
-0.0472219
-0.0698965
-0.0925403
-0.111809
-0.124584
-0.128357
-0.122311
-0.107637
-0.0865392
-0.0622374
-0.0364017
-0.0118153
0.0121179
0.0327563
0.0528983
0.0685641
0.0847988
0.0962012
0.107437
0.110963
0.110927
0.104228
0.093224
0.0692784
0.0273439
-0.0230546
-0.063194
-0.0523644
-0.133776
-0.116926
-0.0991642
-0.0810075
-0.0630622
-0.0459938
-0.0305449
-0.017479
-0.00762092
-0.00172401
-0.000529862
-0.00449037
-0.0138644
-0.0282049
-0.0466128
-0.0672244
-0.0877229
-0.105055
-0.116397
-0.119506
-0.113646
-0.0998468
-0.0800312
-0.0570943
-0.0325219
-0.00895525
0.0141904
0.0342738
0.0540711
0.0695551
0.0856845
0.097165
0.108873
0.11316
0.114249
0.108322
0.097597
0.0732129
0.0299592
-0.0214084
-0.0613453
-0.0509938
-0.130377
-0.114528
-0.0978217
-0.080739
-0.0638461
-0.047765
-0.0331916
-0.0208377
-0.011471
-0.00578427
-0.00445727
-0.00788925
-0.0163
-0.029256
-0.0459085
-0.0645255
-0.0829729
-0.0984751
-0.108486
-0.110997
-0.105333
-0.0923677
-0.0737675
-0.0521285
-0.0287687
-0.00619185
0.0161782
0.0357075
0.0551402
0.0704378
0.086436
0.0979594
0.110037
0.115022
0.117211
0.112104
0.101741
0.0770384
0.0326053
-0.0195089
-0.0591074
-0.049304
-0.127082
-0.112194
-0.0965011
-0.0804501
-0.0645686
-0.0494368
-0.0357045
-0.0240334
-0.0151355
-0.00964522
-0.00818207
-0.0110958
-0.0185695
-0.030185
-0.0451466
-0.0618548
-0.078357
-0.0921398
-0.100915
-0.102879
-0.097405
-0.0852226
-0.0677633
-0.0473508
-0.0251495
-0.00353029
0.0180772
0.0370557
0.0561038
0.0712089
0.0870527
0.0985855
0.110932
0.116537
0.119764
0.115508
0.105581
0.0806942
0.0352557
-0.0173553
-0.0564735
-0.047296
-0.123884
-0.109916
-0.0951946
-0.0801321
-0.0652199
-0.0509977
-0.0380705
-0.0270517
-0.0185995
-0.0132926
-0.0116929
-0.0141045
-0.0206769
-0.0310086
-0.044358
-0.0592561
-0.0739263
-0.0861006
-0.0937281
-0.095185
-0.0898855
-0.0784261
-0.0620286
-0.0427689
-0.0216703
-0.000974848
0.0198836
0.0383168
0.0569608
0.0718658
0.0875339
0.099045
0.111555
0.117698
0.12187
0.118469
0.109045
0.0841166
0.0378831
-0.0149494
-0.0534401
-0.044976
-0.120776
-0.107689
-0.0938957
-0.0797783
-0.0657925
-0.0524393
-0.0402803
-0.0298828
-0.0218529
-0.0167172
-0.0149831
-0.0169131
-0.0226266
-0.0317402
-0.043566
-0.0567609
-0.069716
-0.0803909
-0.0869518
-0.0879331
-0.0827848
-0.0719851
-0.0565692
-0.0383879
-0.0183358
0.00147111
0.0215943
0.0394896
0.0577108
0.0724063
0.0878785
0.0993409
0.111929
0.118506
0.1235
0.120936
0.112061
0.0872411
0.0404611
-0.0122952
-0.0500078
-0.0423557
-0.117753
-0.105507
-0.0925993
-0.0793832
-0.0662808
-0.0537561
-0.042328
-0.0325205
-0.0248901
-0.0199144
-0.0180497
-0.0195217
-0.0244232
-0.0323897
-0.0427861
-0.0543889
-0.0657467
-0.0750282
-0.0805972
-0.0811285
-0.0761047
-0.0659005
-0.0513868
-0.0342109
-0.0151496
0.00380496
0.0232067
0.0405731
0.0583543
0.0728295
0.088085
0.0994766
0.112055
0.118971
0.124638
0.122867
0.114567
0.0900061
0.0429667
-0.00939808
-0.0461816
-0.0394533
-0.114808
-0.103364
-0.0913007
-0.0789429
-0.0666812
-0.0549444
-0.0442099
-0.0349617
-0.0277084
-0.0228822
-0.0208926
-0.021932
-0.0260707
-0.0329638
-0.0420273
-0.0521498
-0.0620265
-0.0700171
-0.0746633
-0.0747663
-0.0698394
-0.0601685
-0.0464804
-0.0302388
-0.0121138
0.00602478
0.0247192
0.0415661
0.0588921
0.0731355
0.0881519
0.0994559
0.111944
0.119112
0.125284
0.124236
0.116511
0.0923571
0.0453827
-0.00626481
-0.0419724
-0.0362943
-0.111937
-0.101257
-0.0899963
-0.0784543
-0.0669907
-0.0560023
-0.0459246
-0.0372053
-0.0303076
-0.0256216
-0.0235134
-0.0241469
-0.027573
-0.0334669
-0.0412934
-0.0500455
-0.0585556
-0.0653518
-0.0691398
-0.0688344
-0.063978
-0.0547815
-0.0418466
-0.0264712
-0.00922989
0.00812926
0.0261305
0.0424682
0.0593257
0.0733255
0.0880782
0.0992829
0.111607
0.118948
0.125453
0.125038
0.11786
0.0942515
0.0476999
-0.00290248
-0.0373988
-0.0329115
-0.109134
-0.0991813
-0.0886831
-0.0779151
-0.0672077
-0.056922
-0.0474718
-0.0392522
-0.0326894
-0.028135
-0.0259158
-0.0261704
-0.0289338
-0.0339015
-0.040585
-0.0480733
-0.0553242
-0.0610194
-0.0640105
-0.0633157
-0.0585058
-0.0497293
-0.03748
-0.0229064
-0.00649814
0.0101176
0.0274402
0.0432789
0.059657
0.0734018
0.0878638
0.098961
0.111059
0.118505
0.125172
0.125284
0.118599
0.0956639
0.0499196
0.000681569
-0.0324888
-0.0293465
-0.106396
-0.0971336
-0.0873586
-0.0773239
-0.0673327
-0.057717
-0.0488533
-0.0411047
-0.034857
-0.0304268
-0.0281045
-0.0280071
-0.0301569
-0.0342694
-0.0399001
-0.0462267
-0.0523205
-0.0570029
-0.0592552
-0.05819
-0.053406
-0.0450001
-0.0333741
-0.0195416
-0.00391818
0.0119896
0.0286487
0.0439982
0.0598882
0.0733675
0.0875103
0.0984931
0.110313
0.117806
0.124482
0.125005
0.118739
0.0965913
0.0520541
0.00447881
-0.0272845
-0.0256496
-0.103719
-0.0951111
-0.086021
-0.0766799
-0.0673656
-0.0583819
-0.0500714
-0.0427661
-0.036815
-0.032502
-0.0300851
-0.0296625
-0.0312462
-0.0345716
-0.0392357
-0.0444973
-0.0495307
-0.0532834
-0.0548523
-0.0534359
-0.0486605
-0.040581
-0.0295213
-0.0163732
-0.00148885
0.0137453
0.0297567
0.0446265
0.0600218
0.0732262
0.0870214
0.0978818
0.109382
0.116873
0.123428
0.124247
0.118316
0.0970562
0.054124
0.00847565
-0.0218461
-0.02188
-0.101099
-0.0931117
-0.0846691
-0.075983
-0.0673072
-0.0589189
-0.0511294
-0.044241
-0.0385689
-0.0343671
-0.0318642
-0.0311426
-0.0322058
-0.0348094
-0.0385884
-0.0428762
-0.0469402
-0.049841
-0.0507792
-0.0490315
-0.0442509
-0.0364587
-0.0259134
-0.0133971
0.000791696
0.0153854
0.0307657
0.0451648
0.0600611
0.0729818
0.0864027
0.0971298
0.108278
0.115728
0.122059
0.123067
0.117386
0.0971054
0.056151
0.0126453
-0.0162571
-0.0181058
-0.0985346
-0.0911335
-0.0833022
-0.0752337
-0.0671593
-0.059331
-0.0520314
-0.0455348
-0.040125
-0.0360291
-0.0334491
-0.0324538
-0.0330406
-0.0349839
-0.0379547
-0.0413546
-0.0445342
-0.0466564
-0.0470141
-0.0449551
-0.0401587
-0.0326195
-0.0225418
-0.0106085
0.00292587
0.0169109
0.0316775
0.0456145
0.0600093
0.0726384
0.085662
0.0962406
0.107015
0.114386
0.120422
0.121527
0.116028
0.096802
0.0581456
0.0169364
-0.0106263
-0.0144011
-0.0960225
-0.0891753
-0.0819204
-0.0744334
-0.066924
-0.0596218
-0.0527824
-0.0466536
-0.0414906
-0.0374959
-0.0348477
-0.0336032
-0.0337553
-0.0350968
-0.0373318
-0.0399241
-0.0422986
-0.0437108
-0.0435356
-0.0411857
-0.0363661
-0.0290499
-0.0193976
-0.0080022
0.00491665
0.0183234
0.0324945
0.0459776
0.0598708
0.0722003
0.0848084
0.095219
0.105603
0.112863
0.118561
0.119689
0.114324
0.0962109
0.0600927
0.0212638
-0.00508575
-0.0108424
-0.0935615
-0.0872366
-0.0805242
-0.0735838
-0.0666045
-0.0597961
-0.0533882
-0.0476045
-0.0426736
-0.0387759
-0.0360685
-0.0345985
-0.0343554
-0.03515
-0.0367169
-0.0385766
-0.0402202
-0.0409865
-0.0403237
-0.0377034
-0.0328554
-0.0257363
-0.0164716
-0.00557278
0.00676748
0.0196248
0.0332194
0.0462565
0.0596502
0.0716719
0.083852
0.0940717
0.104054
0.111171
0.116515
0.117606
0.112358
0.0953836
0.0619426
0.025508
0.000221144
-0.00750344
-0.0911505
-0.0853173
-0.0791145
-0.0726876
-0.0662051
-0.0598589
-0.0538552
-0.0483949
-0.0436826
-0.0398783
-0.0371203
-0.0354473
-0.0348468
-0.0351462
-0.036108
-0.0373045
-0.0382866
-0.038467
-0.0373596
-0.0344892
-0.0296101
-0.0226658
-0.0137545
-0.00331441
0.00848225
0.0208175
0.0338554
0.046454
0.0593528
0.0710581
0.0828035
0.0928069
0.102382
0.109326
0.114316
0.115324
0.110195
0.0943484
0.0636147
0.0295282
0.00515558
-0.00444778
-0.0887891
-0.0834179
-0.077693
-0.0717438
-0.0657298
-0.0598162
-0.0541906
-0.0490332
-0.0445266
-0.0408125
-0.0380125
-0.0361581
-0.0352356
-0.0350881
-0.0355037
-0.0361017
-0.0364866
-0.0361371
-0.0346255
-0.0315253
-0.026614
-0.0198255
-0.0112372
-0.001221
0.0100652
0.0219044
0.0344059
0.0465734
0.0589844
0.0703642
0.0816735
0.0914336
0.100601
0.107342
0.111993
0.112881
0.107885
0.0931125
0.065015
0.0331851
0.00960223
-0.00172241
-0.0864775
-0.0815396
-0.0762623
-0.0707634
-0.0651839
-0.0596743
-0.054402
-0.0495282
-0.0452152
-0.0415886
-0.0387547
-0.0367394
-0.0355281
-0.034979
-0.0349033
-0.0349629
-0.03481
-0.0339825
-0.032105
-0.0287948
-0.0238519
-0.017203
-0.00891017
0.000713746
0.011521
0.0228886
0.0348748
0.0466186
0.0585509
0.0695964
0.0804726
0.0899646
0.0987266
0.105236
0.109569
0.110305
0.105456
0.0916731
0.0660604
0.036366
0.0134841
0.00064647
-0.084216
-0.0796841
-0.0748257
-0.0697466
-0.0645729
-0.0594401
-0.0544976
-0.0498889
-0.0457584
-0.0422167
-0.0393568
-0.0371999
-0.035731
-0.0348223
-0.0343066
-0.0338832
-0.0332475
-0.0319903
-0.0297829
-0.0262819
-0.0213091
-0.0147862
-0.00676432
0.0024963
0.0128544
0.0237739
0.035266
0.0465938
0.0580586
0.0687615
0.0792112
0.0884123
0.096776
0.103028
0.107063
0.107622
0.10293
0.0900308
0.0666981
0.0390021
0.0167679
0.00265374
-0.0820058
-0.0778535
-0.073386
-0.0686983
-0.0639028
-0.059121
-0.0544859
-0.0501252
-0.0461666
-0.0427074
-0.0398291
-0.0375485
-0.0358511
-0.0346219
-0.0337132
-0.0328583
-0.0317907
-0.0301487
-0.0276449
-0.023972
-0.018972
-0.0125634
-0.00479043
0.00413332
0.0140706
0.0245641
0.0355838
0.0465037
0.0575141
0.067867
0.0778991
0.0867897
0.0947652
0.100736
0.104493
0.104858
0.10032
0.0881986
0.066914
0.0410721
0.0194598
0.00431222
-0.0798486
-0.0760505
-0.0719473
-0.0676237
-0.0631802
-0.0587249
-0.0543761
-0.0502469
-0.0464502
-0.0430715
-0.0401817
-0.0377944
-0.0358954
-0.034382
-0.0331237
-0.0318846
-0.030432
-0.0284466
-0.0256781
-0.0218511
-0.0168273
-0.0105234
-0.00297947
0.00563154
0.0151749
0.0252638
0.0358328
0.0463533
0.0569236
0.0669213
0.0765464
0.0851109
0.0927099
0.0983838
0.101878
0.102037
0.0976433
0.0862024
0.0667288
0.0425959
0.0215958
0.00564317
-0.0777466
-0.0742783
-0.0705138
-0.0665286
-0.0624119
-0.0582599
-0.0541773
-0.0502642
-0.0466201
-0.0433198
-0.040425
-0.0379466
-0.0358712
-0.0341068
-0.0325389
-0.0309592
-0.0291648
-0.0268742
-0.0238702
-0.0199064
-0.0148625
-0.00865528
-0.00132253
0.00699784
0.0161728
0.0258774
0.0360178
0.0461482
0.0562939
0.0659332
0.0751627
0.0833903
0.0906252
0.0959907
0.0992331
0.0991861
0.0949202
0.0840773
0.0661867
0.0436203
0.0232301
0.00669126
-0.0757025
-0.0725406
-0.0690904
-0.065419
-0.0616052
-0.0577345
-0.0538992
-0.0501877
-0.0466872
-0.0434633
-0.0405695
-0.0380143
-0.0357855
-0.0338009
-0.03196
-0.0300794
-0.027983
-0.0254225
-0.02221
-0.0181257
-0.013066
-0.00694871
0.000189095
0.00823912
0.01707
0.0264101
0.0361435
0.0458943
0.0556313
0.0649119
0.073758
0.0816426
0.0885256
0.0935782
0.0965779
0.0963297
0.0921732
0.0818614
0.0653442
0.0442068
0.024425
0.00748982
-0.0737195
-0.0708416
-0.0676824
-0.0643013
-0.0607679
-0.0571575
-0.0535516
-0.0500278
-0.0466625
-0.043513
-0.0406256
-0.0380068
-0.0356457
-0.0334688
-0.0313886
-0.0292436
-0.0268812
-0.0240831
-0.0206874
-0.0164979
-0.0114267
-0.00539365
0.00156393
0.00936231
0.0178722
0.026867
0.036215
0.0455976
0.0549427
0.063867
0.0723422
0.0798825
0.0864254
0.0911664
0.0939304
0.0934923
0.0894263
0.0795919
0.0642607
0.0444215
0.0252445
0.00807564
-0.0718012
-0.0691859
-0.0662956
-0.0631824
-0.0599078
-0.056538
-0.0531444
-0.0497952
-0.0465571
-0.0434798
-0.0406035
-0.0379333
-0.0354584
-0.0331153
-0.0308263
-0.0284501
-0.0258549
-0.0228488
-0.0192929
-0.0150127
-0.00993418
-0.00398054
0.00281023
0.0103744
0.0185851
0.0272534
0.0362375
0.0452646
0.0542347
0.0628081
0.0709252
0.0781243
0.0843387
0.0887743
0.0913089
0.0906963
0.0867033
0.0773025
0.0629932
0.0443289
0.0257491
0.0084837
-0.0699517
-0.0675786
-0.0649359
-0.0620695
-0.0590333
-0.0558852
-0.0526878
-0.0495007
-0.046382
-0.0433747
-0.0405137
-0.0378028
-0.0352322
-0.0327454
-0.0302754
-0.0276981
-0.0249
-0.0217128
-0.0180179
-0.0136602
-0.00857863
-0.00270028
0.00393603
0.0112821
0.0192148
0.0275751
0.0362164
0.0449018
0.0535142
0.061745
0.0695171
0.0763822
0.0822795
0.0864201
0.0887315
0.0879618
0.0840267
0.0750225
0.0615937
0.0439889
0.0259942
0.00874586
-0.0681756
-0.066025
-0.0636097
-0.06097
-0.0581527
-0.0552085
-0.052192
-0.049155
-0.0461482
-0.0432085
-0.0403662
-0.0376244
-0.0349735
-0.032364
-0.029738
-0.0269869
-0.0240131
-0.0206693
-0.0168546
-0.0124318
-0.007351
-0.0015442
0.00494906
0.0120925
0.0197669
0.0278377
0.0361571
0.044516
0.0527885
0.0606873
0.0681281
0.0746698
0.0802617
0.0841209
0.0862161
0.0853074
0.0814177
0.0727773
0.0601079
0.0434554
0.0260297
0.00889046
-0.066478
-0.064531
-0.062324
-0.0598916
-0.0572747
-0.0545174
-0.0516671
-0.0487689
-0.0458666
-0.0429921
-0.0401712
-0.0374058
-0.0346894
-0.0319761
-0.0292167
-0.0263162
-0.0231913
-0.0197129
-0.0157959
-0.0113193
-0.0062428
-0.000504132
0.00585673
0.012812
0.0202474
0.0280469
0.0360652
0.044114
0.0520645
0.0596446
0.0667687
0.0730001
0.0782992
0.0818929
0.0837801
0.0827497
0.0788958
0.0705889
0.0585758
0.0427766
0.0258998
0.00894202
-0.0648642
-0.063103
-0.0610857
-0.0588423
-0.0564082
-0.0538215
-0.0511235
-0.048353
-0.045548
-0.0427359
-0.0399389
-0.037158
-0.0343873
-0.0315869
-0.0287142
-0.0256864
-0.0224322
-0.0188393
-0.0148357
-0.0103152
-0.00524623
0.000427628
0.00666614
0.0134473
0.0206622
0.0282088
0.0359465
0.0437025
0.0513497
0.0586264
0.0654493
0.071386
0.076406
0.0797514
0.08144
0.0803043
0.076479
0.068477
0.0570323
0.0419953
0.0256437
0.00892165
-0.0633403
-0.0617476
-0.0599023
-0.0578304
-0.0555621
-0.0531306
-0.0505713
-0.0479179
-0.0452031
-0.0424501
-0.0396789
-0.0368886
-0.0340744
-0.0312015
-0.0282335
-0.0250979
-0.0217342
-0.0180444
-0.0139683
-0.00941284
-0.00435412
0.00125826
0.00738404
0.0140047
0.0210169
0.0283291
0.0358067
0.0432885
0.0506516
0.057642
0.0641803
0.0698399
0.0745958
0.077711
0.0792122
0.0779857
0.0741837
0.066459
0.0555075
0.041149
0.0252956
0.00884753
-0.0619125
-0.0604717
-0.0587816
-0.0568642
-0.0547457
-0.0524544
-0.0500209
-0.0474742
-0.0448423
-0.0421453
-0.0393994
-0.0366056
-0.0337574
-0.0308251
-0.0277777
-0.0245517
-0.0210958
-0.0173249
-0.0131888
-0.00860629
-0.00355995
0.00199441
0.00801675
0.0144902
0.0213172
0.0284135
0.0356517
0.0428789
0.0499777
0.0567008
0.0629724
0.0683738
0.0728822
0.0757858
0.077112
0.0758077
0.0720253
0.0645512
0.0540279
0.0402709
0.0248856
0.00873529
-0.0605876
-0.0592828
-0.0577315
-0.0559525
-0.0539681
-0.0518026
-0.0494823
-0.0470321
-0.0444762
-0.0418317
-0.0391118
-0.0363174
-0.0334432
-0.030463
-0.02735
-0.0240489
-0.0205164
-0.0166782
-0.012493
-0.00789027
-0.00285788
0.00264215
0.00857019
0.0149098
0.0215687
0.028468
0.0354873
0.0424804
0.0493357
0.0558119
0.0618362
0.0669996
0.0712785
0.0739895
0.0751545
0.0737836
0.0700184
0.0627688
0.0526168
0.0393903
0.02444
0.00859826
-0.059373
-0.0581886
-0.0567604
-0.0551041
-0.0532387
-0.051185
-0.0489656
-0.0466018
-0.0441146
-0.0415191
-0.0388241
-0.0360323
-0.0331388
-0.0301204
-0.0269538
-0.0235912
-0.0199955
-0.0161024
-0.0118776
-0.00726023
-0.00224275
0.00320696
0.00904979
0.0152686
0.0217765
0.0284979
0.0353196
0.0421
0.0487335
0.0549844
0.0607822
0.065729
0.069798
0.0723357
0.0733542
0.0719267
0.0681767
0.0611263
0.0512951
0.0385332
0.0239818
0.00844783
-0.0582764
-0.0571975
-0.0558769
-0.054328
-0.0525669
-0.0506113
-0.0484807
-0.0461932
-0.0437672
-0.0412173
-0.038545
-0.0357582
-0.0328509
-0.0298025
-0.026593
-0.0231803
-0.0195333
-0.0155958
-0.0113397
-0.00671241
-0.00171016
0.00369364
0.00946046
0.0155719
0.0219459
0.0285089
0.0351543
0.0417444
0.0481789
0.0542274
0.0598211
0.0645739
0.0684539
0.0708378
0.0717255
0.0702502
0.0665139
0.0596377
0.0500819
0.0377226
0.0235311
0.00829376
-0.0573062
-0.0563179
-0.05509
-0.0536336
-0.0519623
-0.0500914
-0.0480374
-0.0458161
-0.0434426
-0.0409258
-0.0382823
-0.0355026
-0.032586
-0.0295146
-0.0262711
-0.0228186
-0.0191305
-0.0151578
-0.0108775
-0.00624384
-0.00125647
0.00410629
0.00980648
0.0158242
0.0220813
0.028506
0.0349972
0.0414203
0.0476797
0.0535502
0.0589636
0.063546
0.0672594
0.0695094
0.0702827
0.0687675
0.0650433
0.0583173
0.0489944
0.0369791
0.0231058
0.00814443
-0.0564713
-0.0555591
-0.054409
-0.0530302
-0.0514344
-0.0496348
-0.0476456
-0.0454804
-0.0431525
-0.0406709
-0.038046
-0.0352733
-0.0323506
-0.0292619
-0.0259921
-0.0225086
-0.0187884
-0.0147884
-0.0104895
-0.00585241
-0.0008789
0.00444818
0.0100915
0.0160293
0.0221873
0.0284942
0.034854
0.0411345
0.0472439
0.052962
0.0582207
0.0626573
0.066228
0.0683642
0.0690402
0.0674924
0.0637788
0.057179
0.0480493
0.0363213
0.0227214
0.00800705
-0.0557812
-0.0549306
-0.0538434
-0.0525275
-0.0509929
-0.0492511
-0.0473146
-0.0451953
-0.042905
-0.0404518
-0.0378434
-0.0350773
-0.032151
-0.0290496
-0.0257602
-0.0222532
-0.0185086
-0.0144881
-0.0101757
-0.00553694
-0.000575641
0.00472169
0.0103182
0.0161906
0.0222675
0.0284779
0.03473
0.0408935
0.0468795
0.0524722
0.0576032
0.0619201
0.0653733
0.0674167
0.0680129
0.0664395
0.0627347
0.0562371
0.0472623
0.0357662
0.0223917
0.00788784
-0.0552462
-0.0544426
-0.0534034
-0.0521354
-0.0506475
-0.0489498
-0.0470536
-0.0449695
-0.0427082
-0.0402769
-0.0376819
-0.0349214
-0.031993
-0.028883
-0.0255795
-0.0220556
-0.0182935
-0.0142583
-0.0099365
-0.0052973
-0.00034594
0.00492815
0.0104886
0.0163106
0.0223252
0.0284614
0.0346304
0.0407036
0.0465943
0.0520902
0.0571224
0.0613469
0.0647094
0.0666816
0.0672165
0.0656239
0.0619259
0.0555065
0.0466486
0.0353294
0.022129
0.00779226
-0.0548773
-0.0541056
-0.0530991
-0.0518638
-0.0504077
-0.0487401
-0.0468714
-0.0448114
-0.04257
-0.0401537
-0.0375682
-0.0348119
-0.0318825
-0.028767
-0.0254545
-0.0219196
-0.018146
-0.0141014
-0.00977359
-0.00513453
-0.000190241
0.00506768
0.0106033
0.0163907
0.0223626
0.0284478
0.0345601
0.0405712
0.0463964
0.0518257
0.0567898
0.060951
0.0642508
0.0661746
0.0666671
0.0650623
0.0613683
0.0550032
0.0462235
0.0350258
0.0219439
0.00772507
-0.0546866
-0.0539313
-0.0529415
-0.0517229
-0.0502832
-0.048631
-0.0467765
-0.0447288
-0.0424977
-0.0400893
-0.0375087
-0.0347546
-0.0318247
-0.0287067
-0.0253896
-0.0218493
-0.0180699
-0.0140207
-0.00968985
-0.00505116
-0.000110415
0.00513887
0.010662
0.0164312
0.0223814
0.0284401
0.0345232
0.0405022
0.0462935
0.0516888
0.0566171
0.0607466
0.0640126
0.0659132
0.0663816
0.0647732
0.0610785
0.0547445
0.0460019
0.0348695
0.0218468
0.00769026
-0.0676553
-0.0674413
-0.0668792
-0.0659536
-0.0646511
-0.0629628
-0.060883
-0.0584126
-0.055557
-0.052331
-0.048754
-0.0448584
-0.0406802
-0.0362721
-0.0316868
-0.0269979
-0.0222731
-0.0176049
-0.0130713
-0.00877787
-0.00480206
-0.00124942
0.0018144
0.00430817
0.00620084
0.00747572
0.00815204
0.00832232
0.00804272
0.00753867
0.00682103
0.00623172
0.00559025
0.00532661
0.0049408
0.00497285
0.00461761
0.00454886
0.00387685
0.00325956
0.0021471
0.000803057
-0.0679357
-0.067717
-0.0671485
-0.0662146
-0.0649017
-0.0632007
-0.0611056
-0.0586173
-0.0557408
-0.0524911
-0.0488876
-0.0449631
-0.0407537
-0.0363128
-0.0316935
-0.0269705
-0.0222121
-0.0175124
-0.0129496
-0.00863151
-0.00463563
-0.00107042
0.00199949
0.00449017
0.00637223
0.00762726
0.00827724
0.00841544
0.00810111
0.00756439
0.00681604
0.00620792
0.00555025
0.00529026
0.00490273
0.00495795
0.00460521
0.00456831
0.00389052
0.00329805
0.00216414
0.000818477
-0.068479
-0.0682512
-0.0676704
-0.0667206
-0.0653877
-0.0636621
-0.0615375
-0.0590143
-0.0560975
-0.0528019
-0.0491471
-0.0451664
-0.0408965
-0.0363917
-0.0317065
-0.0269173
-0.0220936
-0.0173323
-0.0127132
-0.0083469
-0.0043127
-0.000722361
0.0023588
0.00484408
0.00670483
0.00792168
0.00851984
0.00859559
0.00821359
0.00761212
0.00680549
0.00615792
0.00547306
0.00521436
0.00483185
0.00492211
0.00458728
0.00459775
0.00392484
0.00336441
0.0022061
0.000843415
-0.0692693
-0.0690286
-0.0684302
-0.0674574
-0.0660956
-0.0643345
-0.062167
-0.0595933
-0.0566178
-0.0532554
-0.0495259
-0.0454631
-0.0411048
-0.0365069
-0.0317254
-0.0268392
-0.0219203
-0.0170689
-0.0123673
-0.00793064
-0.00384052
-0.000213253
0.00288423
0.00536158
0.00719063
0.00835127
0.00887279
0.00885644
0.00837425
0.00767718
0.00678485
0.00607926
0.00535561
0.00509852
0.00472599
0.00486606
0.00456162
0.00463804
0.00397745
0.00345988
0.00227141
0.000877351
-0.0702931
-0.0700359
-0.0694151
-0.0684131
-0.0670144
-0.0652076
-0.062985
-0.0603459
-0.0572944
-0.0538454
-0.0500187
-0.0458494
-0.041376
-0.0366568
-0.0317497
-0.0267372
-0.0216941
-0.0167251
-0.011916
-0.00738748
-0.00322447
0.000451006
0.00356961
0.00603633
0.00782332
0.0089097
0.00932979
0.00919171
0.00857693
0.00775377
0.00674873
0.00596723
0.0051939
0.00493991
0.00458296
0.00478854
0.0045271
0.00468866
0.00404752
0.00358527
0.0023578
0.000921396
-0.0715382
-0.0712617
-0.0706144
-0.0695776
-0.0681345
-0.0662728
-0.0639835
-0.0612652
-0.0581214
-0.0545668
-0.0506217
-0.046322
-0.0417078
-0.03684
-0.0317791
-0.0266117
-0.0214163
-0.0163032
-0.0113623
-0.00672084
-0.00246833
0.00126613
0.00441033
0.00686357
0.00859792
0.00959179
0.00988508
0.00959533
0.00881526
0.00783508
0.00669023
0.00581541
0.00498259
0.00473407
0.00440001
0.004687
0.00448307
0.00474813
0.00413512
0.00374068
0.00246438
0.000976719
-0.0729941
-0.0726959
-0.0720186
-0.0709421
-0.0694481
-0.067523
-0.0651564
-0.0623459
-0.0590941
-0.0554159
-0.0513316
-0.0468785
-0.0420987
-0.0370557
-0.0318134
-0.0264633
-0.0210881
-0.0158048
-0.0107083
-0.00593337
-0.00157501
0.00222904
0.00540306
0.0078398
0.00951054
0.0103932
0.0105337
0.0100613
0.00908214
0.00791346
0.00660107
0.0056161
0.00471491
0.00447551
0.0041735
0.00455833
0.0044287
0.00481473
0.00424057
0.00392642
0.00259063
0.00104455
-0.0746509
-0.0743293
-0.0736192
-0.072499
-0.0709485
-0.0689523
-0.0664985
-0.0635835
-0.0602091
-0.0563897
-0.0521462
-0.0475176
-0.0425475
-0.0373033
-0.0318526
-0.0262923
-0.0207104
-0.0152312
-0.00995536
-0.00502693
-0.000546982
0.00333746
0.00654551
0.00896255
0.0105582
0.0113105
0.0112708
0.0105838
0.00937001
0.00798047
0.00647186
0.00536035
0.0043828
0.00415778
0.00389897
0.00439903
0.00436296
0.00488649
0.00436452
0.00414275
0.00273612
0.00112633
-0.0764995
-0.076154
-0.0754093
-0.0742419
-0.07263
-0.0705559
-0.068006
-0.064975
-0.0614637
-0.0574864
-0.0530643
-0.0482381
-0.0430537
-0.0375827
-0.0318967
-0.0260992
-0.0202837
-0.0145831
-0.00910455
-0.00400277
0.000614516
0.00459008
0.0078362
0.0102302
0.0117388
0.0123406
0.012092
0.0111569
0.00967054
0.00802634
0.00629241
0.00503823
0.00397702
0.00377358
0.00357129
0.00420518
0.00428472
0.00496113
0.00450797
0.00438965
0.0029006
0.00122372
-0.0785327
-0.0781629
-0.0773824
-0.0761656
-0.0744881
-0.0723302
-0.0696758
-0.0665181
-0.0628565
-0.058705
-0.0540852
-0.0490398
-0.0436174
-0.037894
-0.0319461
-0.0258844
-0.0198087
-0.0138614
-0.00815715
-0.00286158
0.00190916
0.00598624
0.00927424
0.0116417
0.0130505
0.0134809
0.0129929
0.0117746
0.00997539
0.00804096
0.00605076
0.0046384
0.00348725
0.00331488
0.00318473
0.00397254
0.00419273
0.00503608
0.00467218
0.00466659
0.00308408
0.00133861
-0.0807438
-0.0803499
-0.0795332
-0.0782653
-0.0765192
-0.0742723
-0.0715061
-0.0682116
-0.0643867
-0.0600451
-0.055209
-0.049923
-0.0442389
-0.0382378
-0.0320015
-0.0256486
-0.0192862
-0.0130669
-0.00711393
-0.00160407
0.00333636
0.00752554
0.0108592
0.0131965
0.0144921
0.0147293
0.0139693
0.0124302
0.0102753
0.00801338
0.00573376
0.00414839
0.00290209
0.00277295
0.00273297
0.00369666
0.00408565
0.00510847
0.0048586
0.00497241
0.00328689
0.00147301
-0.0831259
-0.0827093
-0.0818568
-0.0805373
-0.0787203
-0.0763803
-0.0734956
-0.0700549
-0.0660544
-0.0615073
-0.0564363
-0.0508886
-0.0449192
-0.038615
-0.0320637
-0.0253927
-0.018717
-0.0122003
-0.0059751
-0.000230919
0.00489502
0.00920752
0.0125908
0.0148944
0.0160627
0.0160837
0.0150172
0.0131172
0.0105599
0.00793116
0.00532766
0.00355476
0.00220915
0.00213839
0.00220922
0.00337283
0.00396201
0.00517524
0.00506882
0.00530527
0.00350962
0.00162896
-0.0856731
-0.0852358
-0.0843491
-0.0829783
-0.0810893
-0.0786529
-0.0756439
-0.0720484
-0.0678604
-0.0630928
-0.0577686
-0.051938
-0.0456596
-0.0390269
-0.0321339
-0.0251178
-0.0181021
-0.0112625
-0.00474151
0.00125706
0.00658465
0.011032
0.0144689
0.0167353
0.0177615
0.0175423
0.0161321
0.0138286
0.0108186
0.00778075
0.00481698
0.00284271
0.00139505
0.00140117
0.00160622
0.00299621
0.00382026
0.00523323
0.00530443
0.00566265
0.00375311
0.00180832
-0.0883794
-0.0879247
-0.0870063
-0.0855857
-0.0836246
-0.0810895
-0.0779513
-0.074193
-0.0698062
-0.0648032
-0.0592077
-0.053073
-0.0464619
-0.039475
-0.0322136
-0.0248252
-0.0174428
-0.0102547
-0.00341454
0.00285914
0.00840495
0.0129987
0.0164935
0.0187191
0.0195878
0.0191032
0.0173095
0.0145567
0.01104
0.00754749
0.00418449
0.00199607
0.000445538
0.00055067
0.000916361
0.00256179
0.00365867
0.00527925
0.00556686
0.00604141
0.00401858
0.00201263
-0.0912395
-0.0907715
-0.0898251
-0.0883574
-0.0863251
-0.0836902
-0.0804188
-0.0764904
-0.0718939
-0.066641
-0.0607561
-0.0542961
-0.0473284
-0.0399614
-0.0323045
-0.0245166
-0.0167405
-0.00917848
-0.00199557
0.00457424
0.010355
0.015107
0.018664
0.0208457
0.0215408
0.0207644
0.0185446
0.0152933
0.0112115
0.00721521
0.00341194
0.000997359
-0.000654535
-0.000424344
0.000131706
0.00206441
0.00347541
0.00531022
0.00585735
0.00643776
0.00430733
0.00224306
-0.0942479
-0.093772
-0.0928027
-0.0912917
-0.0891905
-0.0864556
-0.083048
-0.0789429
-0.0741264
-0.0686093
-0.0624169
-0.0556101
-0.0482615
-0.0404885
-0.0324089
-0.024194
-0.0159972
-0.00803558
-0.00048622
0.00640063
0.0124333
0.0173561
0.0209799
0.0231146
0.0236194
0.0225236
0.0198324
0.0160296
0.0113191
0.00676602
0.00247998
-0.000172186
-0.00192113
-0.00153568
-0.000755884
0.00149875
0.00326848
0.00532327
0.00617687
0.00684753
0.00462078
0.00250012
-0.0973996
-0.0969224
-0.0959362
-0.0943873
-0.0922208
-0.089387
-0.085841
-0.0815535
-0.0765069
-0.0707115
-0.0641934
-0.0570183
-0.0492644
-0.0410589
-0.0325291
-0.0238596
-0.0152152
-0.00682824
0.00111119
0.00833611
0.0146379
0.0197444
0.02344
0.0255251
0.0258223
0.0243783
0.0211672
0.0167559
0.0113477
0.00618017
0.00136736
-0.00153292
-0.00337098
-0.00279566
-0.00175467
0.000859358
0.00303567
0.00531581
0.00652605
0.00726655
0.00496039
0.00278341
-0.100689
-0.100219
-0.0992235
-0.0976433
-0.0954164
-0.0924861
-0.0888007
-0.0843256
-0.0790395
-0.0729518
-0.0660898
-0.0585244
-0.0503403
-0.0416757
-0.0326679
-0.0235162
-0.0143971
-0.00555924
0.00279377
0.010378
0.0169663
0.0222698
0.0260426
0.0280759
0.0281479
0.0263255
0.022543
0.0174609
0.0112818
0.00543651
5.03118e-05
-0.00310705
-0.00502156
-0.00421709
-0.0028729
0.000140749
0.00277449
0.0052856
0.00690517
0.00769112
0.00532744
0.0030913
-0.104112
-0.103658
-0.102662
-0.101059
-0.0987784
-0.0957551
-0.0919303
-0.0872634
-0.0817286
-0.0753348
-0.0681104
-0.0601325
-0.051493
-0.0423422
-0.0328286
-0.0231669
-0.0135461
-0.00423192
0.00455823
0.0125228
0.0194153
0.0249293
0.0287852
0.030765
0.0305939
0.0283616
0.0239527
0.0181329
0.0111035
0.00451162
-0.00149611
-0.00491829
-0.00689108
-0.00581319
-0.00411874
-0.000662522
0.00248206
0.00523077
0.00731402
0.00811847
0.00572309
0.00342089
-0.107664
-0.107235
-0.106251
-0.104635
-0.102308
-0.0991969
-0.0952337
-0.0903715
-0.0845794
-0.0778655
-0.0702601
-0.061847
-0.0527265
-0.0430621
-0.0330143
-0.0228149
-0.0126657
-0.00285011
0.00640055
0.0147665
0.0219807
0.0277193
0.0316646
0.0335899
0.0331575
0.0304826
0.0253886
0.0187586
0.0107925
0.00337901
-0.00329803
-0.00699171
-0.00899837
-0.00759747
-0.00550007
-0.00155567
0.00215511
0.00514977
0.00775169
0.00854719
0.00614847
0.0037681
-0.111338
-0.110948
-0.109987
-0.10837
-0.106007
-0.102814
-0.0987154
-0.093655
-0.0875972
-0.0805495
-0.0725441
-0.0636728
-0.054045
-0.0438393
-0.033229
-0.0224642
-0.0117598
-0.00141815
0.00831595
0.017104
0.0246576
0.0306351
0.0346768
0.036547
0.035835
0.0326833
0.0268422
0.0193235
0.0103269
0.0020104
-0.00538466
-0.00935448
-0.011363
-0.00958365
-0.00702443
-0.00254351
0.00179001
0.0050415
0.00821613
0.00897738
0.00660482
0.00412801
-0.115129
-0.114793
-0.11387
-0.112265
-0.109877
-0.106612
-0.10238
-0.0971197
-0.0907884
-0.0833929
-0.0749681
-0.0656148
-0.0554531
-0.0446779
-0.0334766
-0.0221188
-0.0108329
5.9023e-05
0.010299
0.0195291
0.0274399
0.0336707
0.0378166
0.0396318
0.0386219
0.034958
0.0283036
0.019811
0.0096832
0.000374203
-0.00778846
-0.0120357
-0.014005
-0.0117855
-0.00869887
-0.00363031
0.00138281
0.00490517
0.00870378
0.00941038
0.00709355
0.00449567
-0.119033
-0.118766
-0.117897
-0.11632
-0.113921
-0.110592
-0.106234
-0.100772
-0.0941594
-0.086402
-0.077538
-0.0676787
-0.0569557
-0.0455823
-0.0337613
-0.0217831
-0.00988993
0.00157587
0.0123436
0.0220353
0.0303208
0.0368195
0.0410778
0.0428387
0.0415129
0.0372998
0.0297616
0.0202034
0.00883524
-0.00156402
-0.0105443
-0.0150661
-0.0169451
-0.0142169
-0.0105299
-0.00481973
0.000929441
0.00474037
0.00920931
0.00984817
0.00761619
0.00486696
-0.123044
-0.122864
-0.122067
-0.120536
-0.118141
-0.114762
-0.110281
-0.104618
-0.0977173
-0.0895839
-0.0802603
-0.0698698
-0.0585576
-0.0465571
-0.0340875
-0.0214619
-0.00893611
0.00312624
0.0144427
0.0246148
0.0332924
0.0400732
0.0444531
0.046161
0.0445015
0.0397006
0.0312038
0.0204812
0.00775372
-0.00384087
-0.0136889
-0.0184779
-0.0202045
-0.0168915
-0.0125234
-0.00611486
0.000425833
0.00454698
0.00972564
0.0102925
0.0081741
0.00523951
-0.127156
-0.127082
-0.126379
-0.124914
-0.122542
-0.119124
-0.11453
-0.108667
-0.10147
-0.0929457
-0.0831416
-0.0721943
-0.0602641
-0.047607
-0.03446
-0.0211602
-0.00797716
0.00470339
0.0165888
0.0272589
0.0363457
0.0434225
0.0479339
0.0495904
0.04758
0.0421513
0.0326165
0.0206233
0.00640676
-0.00649579
-0.0172609
-0.0223045
-0.0238042
-0.0198224
-0.0146845
-0.00751825
-0.000131834
0.00432517
0.0102444
0.0107437
0.00876805
0.00561337
-0.131363
-0.131418
-0.130832
-0.129455
-0.127125
-0.123685
-0.118987
-0.112924
-0.105425
-0.0964952
-0.0861888
-0.0746579
-0.0620804
-0.0487369
-0.0348836
-0.0208833
-0.00701916
0.00630015
0.0187736
0.0299583
0.0394706
0.0468569
0.0515104
0.0531173
0.0507397
0.0446415
0.0339851
0.0206078
0.00476124
-0.00956927
-0.0213009
-0.0265799
-0.0277655
-0.0230225
-0.0170177
-0.00903206
-0.000746923
0.00407525
0.0107566
0.0112007
0.00939772
0.00599108
-0.13566
-0.135868
-0.135424
-0.13416
-0.131895
-0.128451
-0.123659
-0.117399
-0.109591
-0.10024
-0.0894091
-0.0772671
-0.0640119
-0.0499516
-0.0353632
-0.0206367
-0.00606852
0.0079088
0.0209881
0.0327025
0.0426562
0.0503644
0.0551714
0.0567306
0.0539707
0.0471599
0.0352948
0.0204135
0.00278434
-0.0131018
-0.0258506
-0.0313383
-0.0321084
-0.0265036
-0.0195265
-0.0106581
-0.00142215
0.00379754
0.0112533
0.0116606
0.0100612
0.00637728
-0.140039
-0.140427
-0.140153
-0.139032
-0.136857
-0.133428
-0.128555
-0.122102
-0.113977
-0.10419
-0.0928099
-0.080028
-0.066064
-0.0512562
-0.0359038
-0.020426
-0.00513196
0.00952122
0.0232227
0.0354803
0.0458903
0.0539319
0.0589044
0.0604177
0.0572619
0.0496944
0.0365318
0.0200214
0.000446236
-0.0171312
-0.030949
-0.0366114
-0.0368514
-0.030276
-0.0222133
-0.0123976
-0.00215941
0.0034923
0.0117264
0.0121194
0.010755
0.00677779
-0.144495
-0.145091
-0.145019
-0.144071
-0.142014
-0.138623
-0.133683
-0.12704
-0.118593
-0.108352
-0.0963989
-0.0829472
-0.0682422
-0.0526555
-0.0365105
-0.020257
-0.00421645
0.0111289
0.0254671
0.0382799
0.0491597
0.0575451
0.0626954
0.0641644
0.0606013
0.0522336
0.0376855
0.0194186
-0.00227545
-0.0216864
-0.0366293
-0.0424268
-0.0420099
-0.0343482
-0.0250793
-0.0142515
-0.00295966
0.00315959
0.0121694
0.0125728
0.0114738
0.00719853
-0.14902
-0.149857
-0.150021
-0.149279
-0.147372
-0.144043
-0.139053
-0.132225
-0.123449
-0.112737
-0.100184
-0.0860311
-0.070552
-0.0541544
-0.0371883
-0.0201354
-0.00332916
0.0127229
0.0277107
0.0410885
0.0524503
0.0611884
0.0665287
0.0679548
0.0639761
0.0547671
0.038751
0.0186023
-0.00538983
-0.0267816
-0.0429129
-0.0488044
-0.047595
-0.0387257
-0.0281241
-0.0162198
-0.00382289
0.00279935
0.0125769
0.0130164
0.0122111
0.00764449
-0.153608
-0.154719
-0.155156
-0.154659
-0.152935
-0.149697
-0.144674
-0.137668
-0.128555
-0.117353
-0.104173
-0.0892861
-0.0729986
-0.0557579
-0.0379424
-0.0200672
-0.00247742
0.0142943
0.0299423
0.043893
0.0557469
0.0648449
0.0703873
0.0717718
0.067373
0.0572871
0.0397318
0.0175851
-0.00888552
-0.0324099
-0.0498043
-0.0557522
-0.0536108
-0.0434104
-0.0313456
-0.0183015
-0.00474813
0.00241136
0.0129458
0.0134468
0.0129597
0.00811899
-0.158251
-0.159675
-0.160425
-0.160213
-0.15871
-0.155593
-0.150557
-0.143378
-0.133922
-0.122211
-0.108374
-0.0927188
-0.0755873
-0.0574705
-0.0387775
-0.0200582
-0.00166868
0.0158336
0.0321502
0.0466796
0.0590333
0.0684969
0.0742523
0.0755965
0.0707785
0.0597896
0.040642
0.0163981
-0.0127238
-0.0385349
-0.0572843
-0.0632623
-0.0600531
-0.0483993
-0.0347395
-0.0204945
-0.00573358
0.00199529
0.0132742
0.0138609
0.0137119
0.00862332
-0.162942
-0.164718
-0.165826
-0.165943
-0.164703
-0.161741
-0.156713
-0.14937
-0.139562
-0.12732
-0.112796
-0.0963357
-0.0783233
-0.0592969
-0.0396986
-0.0201142
-0.000910428
0.0173315
0.0343226
0.0494339
0.0622926
0.0721253
0.0781031
0.0794086
0.0741783
0.0622738
0.0415062
0.0150921
-0.0168358
-0.0450867
-0.0653056
-0.071307
-0.0669069
-0.0536836
-0.0382992
-0.0227953
-0.00677673
0.00155076
0.0135617
0.0142565
0.0144598
0.00915682
-0.167673
-0.169844
-0.171357
-0.171852
-0.170919
-0.168149
-0.163154
-0.155654
-0.145487
-0.132691
-0.117447
-0.100143
-0.0812116
-0.0612413
-0.0407103
-0.0202409
-0.000210178
0.0187783
0.0364472
0.0521411
0.0655068
0.07571
0.081917
0.0831856
0.0775563
0.0647407
0.0423556
0.0137334
-0.0211249
-0.0519625
-0.0737905
-0.0798355
-0.0741448
-0.0592479
-0.0420152
-0.0251985
-0.00787452
0.00107733
0.0138092
0.0146321
0.0151959
0.00971712
-0.172436
-0.175048
-0.177018
-0.177943
-0.177367
-0.174827
-0.169892
-0.162245
-0.151709
-0.138335
-0.122334
-0.104147
-0.0842568
-0.0633079
-0.0418172
-0.0204438
0.000424582
0.0201646
0.0385117
0.0547859
0.0686571
0.0792298
0.0856688
0.086902
0.0808929
0.0671887
0.0432214
0.0123945
-0.0254763
-0.0590319
-0.082641
-0.0887728
-0.0817259
-0.0650693
-0.0458755
-0.0276974
-0.00902345
0.0005746
0.0140184
0.0149864
0.0159129
0.0103005
-0.177221
-0.180325
-0.182805
-0.184217
-0.184051
-0.181787
-0.176939
-0.169154
-0.15824
-0.144262
-0.127467
-0.108354
-0.0874634
-0.0655006
-0.0430234
-0.0207285
0.000986429
0.0214805
0.0405031
0.0573526
0.0717243
0.0826618
0.08933
0.0905278
0.0841613
0.0696081
0.044125
0.0111404
-0.0297708
-0.0661498
-0.091702
-0.0980223
-0.0895964
-0.0711178
-0.0498647
-0.0302831
-0.0102196
4.22047e-05
0.0141914
0.015319
0.0166039
0.0109026
-0.18202
-0.185667
-0.188717
-0.190677
-0.190977
-0.189036
-0.184307
-0.176396
-0.165093
-0.150482
-0.132854
-0.112769
-0.0908356
-0.0678229
-0.044333
-0.0211003
0.00146802
0.0227165
0.0424087
0.0598253
0.0746882
0.0859812
0.0928684
0.0940268
0.0873244
0.071974
0.045068
0.0100155
-0.0339024
-0.0731703
-0.100844
-0.107473
-0.0976911
-0.077356
-0.0539648
-0.0329455
-0.0114589
-0.000520022
0.0143309
0.0156296
0.0172624
0.0115182
-0.186821
-0.191065
-0.194747
-0.19732
-0.19815
-0.196583
-0.192008
-0.183982
-0.17228
-0.157006
-0.1385
-0.117397
-0.094377
-0.070278
-0.0457499
-0.0215644
0.00186209
0.0238628
0.0442152
0.0621875
0.0775282
0.089161
0.096247
0.0973547
0.0903314
0.0742418
0.046026
0.00903424
-0.0377917
-0.0799629
-0.109924
-0.117007
-0.105936
-0.0837405
-0.0581546
-0.0356727
-0.0127366
-0.00111195
0.0144393
0.0159186
0.0178822
0.0121423
-0.191609
-0.196509
-0.200889
-0.204145
-0.20557
-0.204434
-0.200051
-0.191924
-0.179811
-0.163841
-0.144414
-0.122243
-0.0980906
-0.0728688
-0.0472776
-0.0221258
0.0021615
0.0249095
0.0459092
0.0644225
0.0802223
0.0921712
0.099424
0.100458
0.0931164
0.0763456
0.0469471
0.00817854
-0.0413935
-0.0864267
-0.118811
-0.1265
-0.114251
-0.090223
-0.0624108
-0.0384516
-0.0140479
-0.00173304
0.014519
0.0161865
0.018458
0.0127699
-0.196369
-0.201983
-0.207129
-0.211142
-0.213235
-0.212591
-0.20844
-0.200229
-0.187695
-0.170995
-0.150599
-0.12731
-0.101979
-0.0755976
-0.0489193
-0.0227895
0.00235915
0.0258466
0.0474774
0.0665135
0.0827476
0.0949784
0.102352
0.103272
0.0955992
0.0782004
0.0477565
0.00740245
-0.0446967
-0.0924929
-0.127388
-0.135833
-0.122553
-0.096752
-0.0667079
-0.0412678
-0.0153875
-0.00238221
0.014572
0.0164344
0.0189848
0.0133961
-0.201079
-0.207467
-0.213451
-0.218298
-0.221135
-0.22105
-0.217178
-0.2089
-0.195935
-0.178473
-0.15706
-0.1326
-0.106043
-0.0784662
-0.0506779
-0.0235602
0.00244805
0.026664
0.0489061
0.0684434
0.0850794
0.0975463
0.104978
0.105726
0.09769
0.0797094
0.0483655
0.00664166
-0.0477177
-0.0981222
-0.13556
-0.144898
-0.130762
-0.103274
-0.0710191
-0.0441067
-0.0167501
-0.0030578
0.0145998
0.0166633
0.0194587
0.0140165
-0.205711
-0.212933
-0.219828
-0.225589
-0.229252
-0.229797
-0.226256
-0.217935
-0.204531
-0.186274
-0.163796
-0.138113
-0.110284
-0.0814756
-0.0525561
-0.0244423
0.0024212
0.0273516
0.050182
0.0701946
0.0871915
0.0998357
0.107245
0.107743
0.0992953
0.0807731
0.0486818
0.00582445
-0.0504911
-0.1033
-0.143259
-0.153602
-0.1388
-0.109737
-0.0753168
-0.0469528
-0.0181299
-0.00375753
0.0146036
0.0168745
0.0198765
0.0146269
-0.210232
-0.218347
-0.226223
-0.232981
-0.237556
-0.23881
-0.235658
-0.227323
-0.213477
-0.194395
-0.170805
-0.143847
-0.1147
-0.0846261
-0.054556
-0.0254403
0.00227169
0.027899
0.0512918
0.071749
0.0890565
0.101805
0.109095
0.109245
0.100326
0.0812988
0.0486198
0.0048815
-0.0530601
-0.108029
-0.150434
-0.161867
-0.146599
-0.116089
-0.0795734
-0.0497908
-0.0195209
-0.00447855
0.0145841
0.0170691
0.020236
0.0152235
-0.214601
-0.223663
-0.232591
-0.240429
-0.246005
-0.248052
-0.245356
-0.237043
-0.222758
-0.202824
-0.178079
-0.149798
-0.119289
-0.087917
-0.0566792
-0.0265582
0.00199262
0.0282962
0.0522224
0.073088
0.0906435
0.103412
0.110468
0.110159
0.100702
0.081209
0.0481089
0.00375311
-0.055469
-0.112324
-0.157053
-0.16963
-0.154094
-0.122281
-0.0837622
-0.0526057
-0.0209169
-0.00521749
0.0145419
0.0172483
0.0205359
0.0158028
-0.218772
-0.228827
-0.238873
-0.247873
-0.254541
-0.257471
-0.255305
-0.247061
-0.232348
-0.211544
-0.185605
-0.155956
-0.124045
-0.0913465
-0.0589267
-0.0277997
0.00157723
0.0285334
0.0529611
0.0741917
0.0919231
0.104614
0.111307
0.110423
0.100365
0.0804476
0.0470975
0.00239335
-0.0577581
-0.116202
-0.163096
-0.176845
-0.161232
-0.12827
-0.0878573
-0.0553828
-0.0223119
-0.00597057
0.0144772
0.017413
0.0207762
0.0163621
-0.222691
-0.233778
-0.245001
-0.255241
-0.263094
-0.267002
-0.265449
-0.257329
-0.242211
-0.220529
-0.193366
-0.162309
-0.128961
-0.0949113
-0.0612988
-0.0291683
0.00101899
0.0286009
0.0534952
0.0750402
0.0928667
0.105372
0.111563
0.109988
0.0992729
0.0789831
0.0455563
0.000771804
-0.0599604
-0.119685
-0.168555
-0.183477
-0.167969
-0.134015
-0.0918349
-0.0581081
-0.0236997
-0.00673375
0.0143902
0.0175638
0.0209576
0.0168985
-0.226303
-0.238452
-0.2509
-0.262451
-0.271578
-0.276564
-0.275716
-0.267789
-0.252301
-0.229742
-0.201336
-0.168842
-0.134028
-0.0986069
-0.0637948
-0.0306667
0.000311732
0.02849
0.0538123
0.0756135
0.0934466
0.105648
0.111197
0.108823
0.0974105
0.0768091
0.0434775
-0.00112649
-0.0621013
-0.122793
-0.173428
-0.189504
-0.174269
-0.139481
-0.0956733
-0.0607687
-0.0250741
-0.00750283
0.014281
0.0177015
0.0210817
0.01741
-0.229556
-0.242782
-0.256493
-0.269414
-0.2799
-0.286064
-0.286021
-0.278366
-0.262557
-0.23914
-0.209483
-0.175533
-0.139232
-0.102427
-0.0664133
-0.0322973
-0.000550161
0.0281926
0.0539
0.075892
0.0936373
0.10541
0.11018
0.106916
0.0947849
0.0739431
0.0408733
-0.00330235
-0.0641979
-0.125546
-0.177723
-0.194916
-0.180104
-0.144639
-0.0993533
-0.0633526
-0.0264292
-0.00827359
0.0141497
0.0178262
0.021151
0.0178944
-0.232403
-0.246707
-0.261703
-0.276044
-0.287966
-0.295405
-0.296269
-0.288977
-0.272912
-0.24867
-0.217771
-0.182357
-0.144559
-0.106363
-0.0691516
-0.0340616
-0.00157156
0.0277011
0.0537467
0.0758579
0.0934158
0.104634
0.108499
0.104274
0.0914257
0.0704235
0.0377733
-0.00574443
-0.06626
-0.127963
-0.181449
-0.19971
-0.185455
-0.149466
-0.102858
-0.0658487
-0.0277594
-0.00904193
0.0139967
0.0179383
0.0211686
0.0183504
-0.234812
-0.25018
-0.266467
-0.282259
-0.295682
-0.304488
-0.306364
-0.299533
-0.283289
-0.258271
-0.226154
-0.189284
-0.149989
-0.110406
-0.0720058
-0.0359605
-0.00275638
0.0270094
0.0533412
0.0754949
0.0927626
0.103303
0.106155
0.100926
0.0873821
0.0663062
0.0342209
-0.0084315
-0.0682911
-0.130059
-0.184624
-0.203892
-0.190311
-0.153942
-0.106174
-0.0682475
-0.0290593
-0.00980392
0.0138223
0.0180376
0.0211383
0.0187765
-0.236766
-0.253168
-0.270734
-0.287994
-0.302967
-0.313218
-0.316209
-0.309942
-0.293606
-0.267879
-0.234584
-0.19628
-0.155502
-0.114543
-0.0749708
-0.0379936
-0.00410743
0.026112
0.0526735
0.0747895
0.0916628
0.10141
0.103165
0.0969144
0.0827196
0.0616604
0.0302703
-0.0113346
-0.0702897
-0.131853
-0.187267
-0.207475
-0.194665
-0.158055
-0.10929
-0.0705404
-0.0303239
-0.0105559
0.0136271
0.0181242
0.0210641
0.0191718
-0.238268
-0.25566
-0.274475
-0.2932
-0.309754
-0.321516
-0.325713
-0.320112
-0.303781
-0.277423
-0.243008
-0.203309
-0.161074
-0.118761
-0.0780402
-0.0401596
-0.00562626
0.0250046
0.0517349
0.0737307
0.0901065
0.0989563
0.099557
0.0922966
0.0775161
0.0565647
0.0259831
-0.0144192
-0.0722504
-0.133361
-0.189402
-0.210479
-0.19852
-0.161795
-0.112198
-0.0727202
-0.0315485
-0.0112947
0.0134117
0.0181979
0.0209503
0.0195356
-0.23934
-0.257665
-0.277686
-0.297852
-0.315999
-0.329317
-0.334801
-0.329961
-0.313734
-0.286835
-0.251373
-0.210333
-0.16668
-0.123046
-0.0812064
-0.0424558
-0.00731303
0.0236842
0.0505187
0.0723111
0.0880894
0.0959549
0.095372
0.0871413
0.0718578
0.0511032
0.021425
-0.0176477
-0.0741652
-0.134601
-0.191057
-0.212928
-0.201881
-0.165158
-0.114892
-0.0747808
-0.032729
-0.0120172
0.0131771
0.0182585
0.0208012
0.0198673
-0.240022
-0.259213
-0.280381
-0.301949
-0.321677
-0.336577
-0.34341
-0.339417
-0.323392
-0.296048
-0.259624
-0.21731
-0.172293
-0.12738
-0.0844605
-0.0448784
-0.00916644
0.0221493
0.0490202
0.0705264
0.0856129
0.0924267
0.0906605
0.0815238
0.0658337
0.0453593
0.0166595
-0.0209836
-0.0760253
-0.135587
-0.192262
-0.214849
-0.20476
-0.168146
-0.117367
-0.0767174
-0.0338618
-0.0127209
0.0129242
0.0183057
0.0206212
0.0201667
-0.240367
-0.26035
-0.282595
-0.305506
-0.326787
-0.343269
-0.351496
-0.348421
-0.332689
-0.305
-0.267708
-0.224202
-0.177885
-0.131746
-0.0877924
-0.0474218
-0.0111837
0.0203997
0.0472373
0.0683757
0.0826837
0.0883999
0.0854779
0.0755194
0.0595271
0.0394083
0.0117433
-0.0243935
-0.0778216
-0.136332
-0.19304
-0.216271
-0.207171
-0.170761
-0.119624
-0.0785264
-0.0349437
-0.0134037
0.0126542
0.0183394
0.0204146
0.0204336
-0.240439
-0.261132
-0.284372
-0.308554
-0.331339
-0.349383
-0.359027
-0.356924
-0.341567
-0.313632
-0.275574
-0.230967
-0.183428
-0.136126
-0.0911909
-0.0500799
-0.0133613
0.0184359
0.0451693
0.0658604
0.0793123
0.0839062
0.0798789
0.0691988
0.0530153
0.033323
0.00673645
-0.0278372
-0.079539
-0.136847
-0.193418
-0.217219
-0.209129
-0.17301
-0.121662
-0.0802051
-0.0359721
-0.0140637
0.012368
0.0183594
0.0201853
0.0206679
-0.240286
-0.261606
-0.285755
-0.31113
-0.335358
-0.354927
-0.365993
-0.364897
-0.349982
-0.321894
-0.283175
-0.237568
-0.188894
-0.140501
-0.0946453
-0.0528464
-0.0156961
0.0162579
0.0428163
0.0629846
0.0755159
0.0789872
0.0739278
0.0626523
0.0464044
0.0272135
0.00173904
-0.0312422
-0.0811504
-0.137154
-0.193444
-0.217732
-0.210656
-0.174902
-0.123483
-0.0817519
-0.0369449
-0.0146999
0.0120668
0.0183655
0.0199371
0.0208697
-0.239935
-0.26181
-0.286799
-0.313307
-0.338918
-0.359996
-0.372486
-0.372409
-0.357972
-0.329794
-0.290501
-0.243988
-0.194267
-0.144859
-0.0981451
-0.0557119
-0.0181779
0.0138763
0.0401908
0.0597694
0.0713412
0.0737328
0.0677571
0.0560507
0.039878
0.0212537
-0.00310592
-0.0345187
-0.082641
-0.137318
-0.193245
-0.217921
-0.21182
-0.176466
-0.125098
-0.0831682
-0.0378607
-0.0153104
0.0117527
0.0183582
0.0196736
0.021041
-0.239495
-0.261881
-0.28766
-0.315256
-0.342217
-0.364769
-0.37868
-0.379612
-0.365656
-0.337411
-0.297591
-0.250237
-0.199535
-0.149171
-0.101652
-0.0586275
-0.0207498
0.011349
0.037346
0.0562679
0.0668673
0.0682648
0.0615236
0.0495297
0.033518
0.015464
-0.00783501
-0.0377431
-0.0841029
-0.137413
-0.192898
-0.217878
-0.21271
-0.177757
-0.126527
-0.0844594
-0.0387162
-0.0158908
0.0114329
0.0183402
0.019398
0.0211853
-0.239448
-0.26223
-0.288616
-0.317053
-0.345085
-0.36883
-0.38393
-0.385758
-0.372303
-0.344112
-0.303944
-0.25594
-0.20443
-0.153254
-0.105045
-0.0615279
-0.023397
0.00865406
0.034239
0.0523991
0.0619195
0.0622529
0.0547258
0.0424261
0.0265869
0.00910904
-0.0131177
-0.0414271
-0.085782
-0.137308
-0.191958
-0.217091
-0.212943
-0.17858
-0.127676
-0.0855849
-0.0394955
-0.0164433
0.0110971
0.0183044
0.0191077
0.0212892
-0.239975
-0.262687
-0.289025
-0.31745
-0.345495
-0.369397
-0.384926
-0.387229
-0.374308
-0.346608
-0.30682
-0.259039
-0.207594
-0.156372
-0.10808
-0.0645139
-0.0264192
0.0054954
0.0307793
0.0482744
0.0565786
0.0555368
0.0469621
0.0344052
0.0189656
0.00226228
-0.0187462
-0.0452674
-0.087272
-0.136435
-0.189574
-0.21453
-0.211393
-0.17812
-0.128014
-0.0862612
-0.0401236
-0.0169665
0.0106864
0.0182134
0.0188412
0.0212873
-0.241333
-0.264399
-0.291116
-0.319915
-0.348284
-0.372379
-0.387877
-0.389992
-0.376707
-0.348559
-0.308341
-0.260203
-0.208501
-0.157126
-0.108798
-0.0653094
-0.0274157
0.00413346
0.0288127
0.0454229
0.0526639
0.0507684
0.0417587
0.0292012
0.0141068
-0.00209981
-0.022425
-0.0480364
-0.0888585
-0.13679
-0.189038
-0.213699
-0.210819
-0.177905
-0.128145
-0.0865615
-0.0404279
-0.0172164
0.0104715
0.0181654
0.0186569
0.0212943
-0.24338
-0.266934
-0.29414
-0.323391
-0.352096
-0.376347
-0.391683
-0.393258
-0.379144
-0.35004
-0.308932
-0.260098
-0.207956
-0.156398
-0.108113
-0.0648459
-0.0273367
0.00363421
0.0274881
0.0430273
0.0491273
0.0463911
0.0369634
0.0243855
0.00958188
-0.00620109
-0.0259331
-0.0507457
-0.0904969
-0.137329
-0.188812
-0.213221
-0.210453
-0.177681
-0.128132
-0.0866624
-0.0405753
-0.0173431
0.0103292
0.018133
0.0184861
0.0213034
-0.245386
-0.269361
-0.296981
-0.326604
-0.355564
-0.379907
-0.395126
-0.396206
-0.381353
-0.3514
-0.3095
-0.260046
-0.207519
-0.155812
-0.107592
-0.0645626
-0.0274577
0.0029167
0.0259411
0.0404201
0.0454062
0.0418529
0.0320241
0.0194772
0.00502024
-0.0102907
-0.0293884
-0.0533636
-0.0920002
-0.137687
-0.188365
-0.212523
-0.209918
-0.177353
-0.128067
-0.0867335
-0.0407103
-0.0174676
0.0101755
0.0180937
0.018307
0.021303
-0.247327
-0.271668
-0.299645
-0.32958
-0.358741
-0.383137
-0.398209
-0.398842
-0.383352
-0.352685
-0.310132
-0.260181
-0.207358
-0.155552
-0.10742
-0.0646351
-0.0279375
0.00183955
0.0240381
0.03747
0.0413788
0.0370624
0.0269062
0.0144798
0.000448262
-0.0143353
-0.0327619
-0.0558749
-0.0933734
-0.137891
-0.187724
-0.211608
-0.209191
-0.176905
-0.127951
-0.0867918
-0.0408499
-0.0176061
0.0100008
0.0180441
0.0181174
0.0212911
-0.249269
-0.273943
-0.30224
-0.332448
-0.361768
-0.386192
-0.401077
-0.401269
-0.385178
-0.353848
-0.310705
-0.260321
-0.207258
-0.155403
-0.107394
-0.0648828
-0.0286226
0.000526935
0.0218715
0.0342429
0.0371013
0.0320798
0.0216785
0.00945363
-0.00408927
-0.0183051
-0.0360373
-0.0582752
-0.0946233
-0.137961
-0.186935
-0.210535
-0.208313
-0.176344
-0.12777
-0.086816
-0.040977
-0.0177453
0.00981402
0.0179856
0.0179198
0.0212684
-0.251214
-0.276188
-0.304767
-0.335208
-0.364648
-0.389047
-0.403737
-0.403492
-0.386824
-0.354869
-0.311179
-0.260406
-0.207149
-0.155287
-0.107442
-0.0652424
-0.0294601
-0.00097731
0.0194777
0.0307725
0.032607
0.026937
0.0163673
0.0044184
-0.00857998
-0.0221918
-0.0392085
-0.0605603
-0.0957476
-0.137898
-0.186001
-0.209315
-0.207295
-0.175674
-0.127521
-0.0867972
-0.0410841
-0.0178795
0.00961891
0.0179183
0.0177153
0.0212346
-0.253148
-0.278385
-0.307208
-0.33784
-0.367368
-0.391861
-0.406147
-0.405487
-0.388275
-0.355741
-0.311558
-0.260451
-0.207049
-0.155224
-0.107582
-0.0657315
-0.0304655
-0.00268489
0.0168497
0.0270587
0.0279019
0.0216416
0.010979
-0.000618813
-0.0130182
-0.02599
-0.0422703
-0.062726
-0.0967436
-0.137701
-0.184921
-0.207944
-0.206137
-0.174897
-0.127203
-0.0867351
-0.0411713
-0.0180089
0.00941519
0.0178416
0.0175035
0.0211894
-0.234151
-0.255062
-0.280524
-0.30955
-0.340328
-0.369915
-0.395105
-0.408291
-0.407235
-0.389516
-0.356461
-0.311846
-0.260464
-0.206973
-0.155231
-0.107832
-0.0663673
-0.0316535
-0.00460717
0.0139798
0.0230997
0.0229896
0.0162009
0.00552251
-0.0056498
-0.0173977
-0.0296941
-0.0452176
-0.0647683
-0.0976093
-0.13737
-0.183696
-0.206423
-0.204838
-0.17401
-0.126817
-0.0866301
-0.041239
-0.0181343
0.00920232
0.0177547
0.0172842
0.021132
-0.235849
-0.256948
-0.282597
-0.311782
-0.342659
-0.37225
-0.396982
-0.410154
-0.408727
-0.39054
-0.357019
-0.312037
-0.260445
-0.20692
-0.155311
-0.108196
-0.0671535
-0.0330275
-0.00674646
0.0108673
0.0188993
0.0178779
0.010625
1.13187e-05
-0.010666
-0.0217122
-0.0332988
-0.0480457
-0.0666839
-0.098343
-0.136905
-0.182327
-0.204754
-0.203399
-0.173016
-0.126362
-0.0864817
-0.041287
-0.0182558
0.00898027
0.0176569
0.0170569
0.0210621
-0.237548
-0.258799
-0.284592
-0.313893
-0.344822
-0.374367
-0.398654
-0.41174
-0.409953
-0.391337
-0.357409
-0.312127
-0.260388
-0.206888
-0.155461
-0.108671
-0.0680905
-0.0345877
-0.00910234
0.00751418
0.0144636
0.0125762
0.00492509
-0.00554388
-0.0156599
-0.0259568
-0.0367997
-0.0507508
-0.0684699
-0.0989436
-0.136305
-0.180816
-0.202939
-0.201822
-0.171915
-0.125838
-0.0862888
-0.0413146
-0.0183732
0.00874919
0.0175478
0.0168213
0.0209789
-0.239242
-0.260605
-0.286499
-0.31587
-0.346801
-0.376249
-0.40018
-0.413049
-0.410904
-0.391896
-0.357623
-0.312108
-0.260289
-0.206874
-0.15568
-0.10926
-0.069179
-0.0363344
-0.0116742
0.00392279
0.00979947
0.00709436
-0.00088771
-0.0111329
-0.020625
-0.0301272
-0.0401932
-0.0533295
-0.070124
-0.09941
-0.135571
-0.179163
-0.200977
-0.200109
-0.170708
-0.125243
-0.0860506
-0.0413215
-0.0184862
0.00850918
0.0174266
0.0165768
0.0208818
-0.240923
-0.262357
-0.288307
-0.317698
-0.348583
-0.377884
-0.40149
-0.414069
-0.411568
-0.39221
-0.357653
-0.311977
-0.260146
-0.206877
-0.155968
-0.10996
-0.0704196
-0.0382673
-0.014461
9.6346e-05
0.00491468
0.0014421
-0.00680251
-0.0167465
-0.0255561
-0.0342198
-0.0434761
-0.0557789
-0.0716441
-0.0997418
-0.134705
-0.17737
-0.198873
-0.198262
-0.169395
-0.124579
-0.0857662
-0.041307
-0.0185947
0.00826035
0.017293
0.0163227
0.0207703
-0.242584
-0.264045
-0.290003
-0.319365
-0.350152
-0.379258
-0.402538
-0.414784
-0.411936
-0.392269
-0.357493
-0.311727
-0.259955
-0.206893
-0.156322
-0.110773
-0.0718118
-0.0403852
-0.0174609
-0.00396085
-0.000182292
-0.00437041
-0.0128084
-0.0223763
-0.0304483
-0.0382319
-0.0466459
-0.058097
-0.0730288
-0.0999388
-0.133706
-0.175439
-0.196627
-0.196283
-0.167978
-0.123844
-0.0854349
-0.0412707
-0.0186984
0.0080028
0.0171464
0.0160581
0.0206436
-0.244217
-0.26566
-0.291575
-0.320855
-0.351493
-0.380358
-0.403288
-0.41518
-0.411996
-0.392065
-0.357135
-0.311354
-0.259711
-0.206921
-0.156742
-0.111697
-0.0733541
-0.0426858
-0.0206707
-0.00824335
-0.00548207
-0.0103329
-0.0188948
-0.0280147
-0.0352977
-0.0421609
-0.0497008
-0.060282
-0.074277
-0.100001
-0.132577
-0.173372
-0.194242
-0.194174
-0.166459
-0.123039
-0.085056
-0.0412123
-0.0187972
0.00773664
0.0169862
0.0157822
0.0205011
-0.245815
-0.26719
-0.29301
-0.322154
-0.35259
-0.381169
-0.40372
-0.415245
-0.411739
-0.391589
-0.356573
-0.310851
-0.25941
-0.206956
-0.157223
-0.112729
-0.0750439
-0.0451654
-0.0240864
-0.0127446
-0.0109746
-0.0164348
-0.025051
-0.0336549
-0.0401008
-0.046005
-0.0526392
-0.0623326
-0.0753883
-0.0999296
-0.13132
-0.171171
-0.191721
-0.191938
-0.164838
-0.122163
-0.0846288
-0.0411313
-0.0188907
0.00746201
0.0168121
0.015494
0.0203419
-0.247371
-0.268628
-0.294298
-0.323248
-0.353428
-0.381674
-0.40382
-0.414966
-0.411155
-0.390835
-0.355799
-0.310213
-0.259047
-0.206995
-0.157763
-0.113866
-0.0768773
-0.0478197
-0.0277032
-0.0174568
-0.0166494
-0.0226657
-0.0312668
-0.0392905
-0.0448546
-0.0497626
-0.0554603
-0.0642483
-0.0763626
-0.0997248
-0.129935
-0.168839
-0.189067
-0.189578
-0.163118
-0.121216
-0.0841528
-0.0410274
-0.0189787
0.00717903
0.0166234
0.0151924
0.0201652
-0.248876
-0.269963
-0.295425
-0.324124
-0.353992
-0.381861
-0.403577
-0.414334
-0.410237
-0.389793
-0.354808
-0.309434
-0.258617
-0.207032
-0.158357
-0.115103
-0.0788496
-0.0506433
-0.031515
-0.0223713
-0.0224956
-0.0290149
-0.0375324
-0.044916
-0.0495563
-0.0534324
-0.0581634
-0.0660287
-0.0772001
-0.0993882
-0.128427
-0.166379
-0.186282
-0.187097
-0.161301
-0.120199
-0.0836274
-0.0409002
-0.0190607
0.00688787
0.0164199
0.0148762
0.0199704
-0.250324
-0.271185
-0.29638
-0.324767
-0.354268
-0.381714
-0.402977
-0.413336
-0.408975
-0.388459
-0.353593
-0.308507
-0.258114
-0.207061
-0.159
-0.116435
-0.0809545
-0.0536295
-0.0355149
-0.0274785
-0.0285019
-0.0354715
-0.0438384
-0.0505263
-0.0542036
-0.0570135
-0.0607485
-0.0676741
-0.0779016
-0.0989213
-0.126797
-0.163795
-0.183372
-0.184498
-0.159388
-0.119111
-0.083052
-0.0407495
-0.0191366
0.00658869
0.016201
0.0145441
0.0197564
-0.251709
-0.272287
-0.297152
-0.325165
-0.354243
-0.381222
-0.402007
-0.411965
-0.407363
-0.386825
-0.352147
-0.307428
-0.257531
-0.207078
-0.159685
-0.117857
-0.083185
-0.0567709
-0.039695
-0.0327677
-0.0346571
-0.0420249
-0.0501755
-0.0561165
-0.0587939
-0.060505
-0.0632156
-0.0691852
-0.0784684
-0.0983262
-0.125048
-0.16109
-0.18034
-0.181786
-0.157382
-0.117952
-0.0824262
-0.040575
-0.0192058
0.00628167
0.0159664
0.014195
0.0195225
-0.253023
-0.273259
-0.297732
-0.325306
-0.353904
-0.380372
-0.400655
-0.410211
-0.405394
-0.384885
-0.350466
-0.306189
-0.256863
-0.207074
-0.160406
-0.119359
-0.0855328
-0.0600592
-0.0440465
-0.0382277
-0.0409498
-0.048664
-0.0565353
-0.061682
-0.0633249
-0.0639062
-0.0655652
-0.0705629
-0.0789019
-0.0976052
-0.123185
-0.158267
-0.17719
-0.178964
-0.155284
-0.116724
-0.0817497
-0.0403763
-0.0192679
0.005967
0.0157158
0.0138274
0.0192678
-0.254263
-0.274095
-0.298109
-0.325181
-0.35324
-0.379154
-0.398913
-0.408067
-0.403063
-0.382636
-0.348543
-0.304784
-0.256102
-0.207043
-0.161154
-0.120934
-0.0879884
-0.063485
-0.0485597
-0.0438465
-0.0473684
-0.0553777
-0.0629094
-0.0672185
-0.0677941
-0.0672164
-0.0677982
-0.0718086
-0.0792041
-0.0967608
-0.121209
-0.155333
-0.173928
-0.176036
-0.153097
-0.115425
-0.0810222
-0.0401533
-0.0193226
0.00564492
0.0154486
0.0134399
0.0189913
-0.240537
-0.255422
-0.274788
-0.298277
-0.324779
-0.352242
-0.377558
-0.396771
-0.405527
-0.400366
-0.380072
-0.346373
-0.303206
-0.25524
-0.206975
-0.16192
-0.122572
-0.0905415
-0.0670383
-0.053224
-0.0496117
-0.0539015
-0.0621552
-0.0692901
-0.0727215
-0.0721991
-0.070435
-0.0699154
-0.0729241
-0.0793773
-0.095796
-0.119125
-0.15229
-0.170557
-0.173007
-0.150824
-0.114058
-0.0802433
-0.0399057
-0.0193692
0.00531566
0.0151646
0.0130313
0.0186923
-0.242062
-0.256496
-0.275332
-0.298227
-0.324094
-0.350902
-0.375578
-0.394225
-0.402588
-0.397298
-0.377189
-0.343951
-0.30145
-0.25427
-0.206863
-0.162695
-0.124262
-0.0931806
-0.0707082
-0.058028
-0.0555104
-0.0605375
-0.0689852
-0.0756698
-0.0781866
-0.0765373
-0.0735615
-0.071918
-0.0739114
-0.0794241
-0.094714
-0.116937
-0.149145
-0.167085
-0.169882
-0.148467
-0.112621
-0.0794129
-0.0396334
-0.0194073
0.00497948
0.0148634
0.0126
0.0183697
-0.243558
-0.257482
-0.275722
-0.297955
-0.323118
-0.349213
-0.373208
-0.39127
-0.399245
-0.393857
-0.373984
-0.341273
-0.299508
-0.253184
-0.206697
-0.163468
-0.125992
-0.0958937
-0.0744831
-0.0629597
-0.0615295
-0.0672647
-0.0758567
-0.0820418
-0.0836092
-0.0808058
-0.0765954
-0.0738076
-0.0747729
-0.0793475
-0.0935184
-0.11465
-0.145901
-0.163515
-0.166665
-0.146029
-0.111115
-0.078531
-0.039336
-0.0194364
0.00463669
0.0145448
0.0121449
0.0180228
-0.245025
-0.258378
-0.275957
-0.297458
-0.321849
-0.347172
-0.370444
-0.387903
-0.395497
-0.390041
-0.370454
-0.338333
-0.297374
-0.251972
-0.206465
-0.164228
-0.127749
-0.0986677
-0.0783508
-0.0680063
-0.067656
-0.0740712
-0.0827588
-0.0883989
-0.0889848
-0.0850018
-0.079536
-0.0755856
-0.0755112
-0.0791506
-0.0922128
-0.112267
-0.142565
-0.159853
-0.16336
-0.143511
-0.109542
-0.0775973
-0.0390136
-0.019456
0.00428759
0.0142084
0.0116644
0.0176506
-0.246465
-0.259181
-0.276033
-0.296732
-0.320283
-0.344776
-0.367284
-0.384123
-0.391343
-0.38585
-0.366598
-0.335127
-0.29504
-0.250626
-0.206158
-0.164961
-0.12952
-0.101489
-0.0822986
-0.0731546
-0.0738766
-0.080945
-0.0896808
-0.094722
-0.0943083
-0.0891223
-0.0823828
-0.0772537
-0.0761292
-0.0788371
-0.0908015
-0.109794
-0.139142
-0.156107
-0.159969
-0.140918
-0.107901
-0.0766121
-0.0386658
-0.0194653
0.00393254
0.013854
0.0111574
0.0172524
-0.247844
-0.259892
-0.27595
-0.295777
-0.318421
-0.342025
-0.363728
-0.379931
-0.386785
-0.381284
-0.362413
-0.331652
-0.292501
-0.249136
-0.205764
-0.165654
-0.131291
-0.104343
-0.0863132
-0.0783908
-0.0801781
-0.0878738
-0.0966121
-0.101028
-0.099575
-0.0931641
-0.0851352
-0.0788139
-0.0766301
-0.0784106
-0.0892885
-0.107234
-0.135638
-0.15228
-0.156505
-0.138251
-0.106194
-0.0755753
-0.0382927
-0.0194639
0.00357193
0.0134813
0.0106226
0.0168273
-0.249194
-0.260509
-0.275709
-0.294593
-0.316262
-0.338921
-0.35978
-0.375329
-0.381824
-0.376344
-0.3579
-0.327903
-0.289749
-0.247493
-0.205271
-0.166294
-0.133046
-0.107216
-0.0903812
-0.0837009
-0.0865472
-0.0948452
-0.103542
-0.107297
-0.10478
-0.0971241
-0.0877926
-0.080268
-0.0770173
-0.0778751
-0.0876785
-0.104594
-0.132058
-0.148379
-0.152968
-0.135512
-0.104421
-0.0744873
-0.0378939
-0.0194511
0.00320616
0.0130901
0.010059
0.0163745
-0.250513
-0.261034
-0.275313
-0.293185
-0.313811
-0.335468
-0.355442
-0.370321
-0.376464
-0.371032
-0.353057
-0.323877
-0.286778
-0.245686
-0.204665
-0.166865
-0.134769
-0.110092
-0.0944885
-0.0890708
-0.0929709
-0.101847
-0.110461
-0.113522
-0.109917
-0.100999
-0.0903545
-0.0816183
-0.0772943
-0.0772348
-0.085976
-0.101877
-0.128408
-0.14441
-0.149363
-0.132705
-0.102583
-0.0733481
-0.0374695
-0.0194263
0.0028357
0.0126801
0.00946538
0.0158935
-0.2518
-0.261471
-0.274762
-0.291557
-0.311073
-0.331672
-0.350722
-0.364914
-0.370711
-0.365352
-0.347885
-0.319571
-0.283579
-0.243705
-0.203934
-0.167352
-0.136444
-0.112957
-0.0986212
-0.0944859
-0.0994359
-0.108865
-0.117359
-0.119699
-0.114982
-0.104786
-0.0928204
-0.0828668
-0.0774648
-0.076494
-0.084186
-0.0990889
-0.124694
-0.140379
-0.145694
-0.129832
-0.100681
-0.0721583
-0.0370192
-0.0193889
0.00246102
0.0122513
0.00884088
0.0153836
-0.253058
-0.261822
-0.274064
-0.289715
-0.308059
-0.327539
-0.345628
-0.359115
-0.364571
-0.359308
-0.342385
-0.314981
-0.280147
-0.241539
-0.203064
-0.16774
-0.138056
-0.115795
-0.102765
-0.0999321
-0.105929
-0.115887
-0.124226
-0.125818
-0.11997
-0.108481
-0.0951897
-0.0840159
-0.0775329
-0.0756573
-0.0823134
-0.0962347
-0.120922
-0.136291
-0.141966
-0.126896
-0.0987164
-0.0709182
-0.036543
-0.0193383
0.00208265
0.0118034
0.00818468
0.0148443
-0.254287
-0.262092
-0.273224
-0.287665
-0.304777
-0.323084
-0.340167
-0.352934
-0.358051
-0.352905
-0.336558
-0.310106
-0.276475
-0.239178
-0.202041
-0.168013
-0.139589
-0.118591
-0.106906
-0.105395
-0.112437
-0.122901
-0.131052
-0.131874
-0.124875
-0.112082
-0.097462
-0.0850679
-0.0775025
-0.0747292
-0.0803634
-0.0933196
-0.117097
-0.132153
-0.138183
-0.123898
-0.0966897
-0.0696283
-0.0360407
-0.0192738
0.00170117
0.0113364
0.00749606
0.014275
-0.255492
-0.262285
-0.272248
-0.285418
-0.301233
-0.318325
-0.334352
-0.346382
-0.35116
-0.346148
-0.330407
-0.304942
-0.272555
-0.236611
-0.200851
-0.168155
-0.141025
-0.12133
-0.11103
-0.110861
-0.118946
-0.129892
-0.137828
-0.137859
-0.129691
-0.115586
-0.099637
-0.0860253
-0.0773779
-0.0737146
-0.0783413
-0.0903486
-0.113226
-0.127968
-0.134349
-0.120841
-0.0946022
-0.0682893
-0.0355123
-0.0191948
0.00131715
0.0108503
0.00677448
0.0136756
-0.256674
-0.262407
-0.271146
-0.282985
-0.297444
-0.313255
-0.328213
-0.339471
-0.34391
-0.339044
-0.323934
-0.299488
-0.268381
-0.233827
-0.199481
-0.16815
-0.142349
-0.123999
-0.115122
-0.116315
-0.125444
-0.136848
-0.144544
-0.143767
-0.134415
-0.118989
-0.101715
-0.0868905
-0.0771635
-0.0726183
-0.0762524
-0.0873268
-0.109314
-0.123743
-0.130468
-0.117727
-0.0924552
-0.0669017
-0.0349576
-0.0191006
0.000931263
0.0103449
0.00601951
0.0130458
-0.257839
-0.262465
-0.269926
-0.280378
-0.293425
-0.307905
-0.32175
-0.332217
-0.33631
-0.331602
-0.317142
-0.293742
-0.263947
-0.230815
-0.197916
-0.167982
-0.143546
-0.126582
-0.11917
-0.121744
-0.131915
-0.143757
-0.151192
-0.149589
-0.139041
-0.122289
-0.103694
-0.0876661
-0.0768636
-0.0714452
-0.0741022
-0.0842595
-0.105365
-0.119483
-0.126544
-0.11456
-0.09025
-0.0654664
-0.0343765
-0.0189906
0.00054417
0.00982037
0.00523089
0.0123854
-0.258989
-0.262464
-0.268599
-0.27761
-0.289191
-0.302293
-0.31498
-0.324639
-0.328375
-0.32383
-0.310034
-0.287703
-0.259247
-0.227566
-0.196143
-0.167637
-0.144601
-0.129068
-0.12316
-0.127134
-0.138346
-0.150605
-0.15776
-0.15532
-0.143564
-0.125485
-0.105577
-0.0883547
-0.0764828
-0.0702004
-0.071896
-0.0811516
-0.101387
-0.115193
-0.122581
-0.111339
-0.0879881
-0.0639843
-0.033769
-0.0188642
0.000156594
0.0092768
0.00440849
0.0116944
-0.26013
-0.262414
-0.267176
-0.274696
-0.284761
-0.296437
-0.307927
-0.316749
-0.32012
-0.315738
-0.302617
-0.28137
-0.254275
-0.224069
-0.194149
-0.167099
-0.145501
-0.131442
-0.127079
-0.132473
-0.144724
-0.15738
-0.16424
-0.160952
-0.14798
-0.128573
-0.107362
-0.0889589
-0.0760256
-0.0688887
-0.0696395
-0.0780084
-0.0973833
-0.110876
-0.118582
-0.108069
-0.085671
-0.0624561
-0.0331349
-0.0187207
-0.000230708
0.00871434
0.00355236
0.0109729
-0.261264
-0.26232
-0.265667
-0.271651
-0.280153
-0.290358
-0.300612
-0.308567
-0.31156
-0.307336
-0.294895
-0.274744
-0.249027
-0.220315
-0.191921
-0.166357
-0.146232
-0.133693
-0.130913
-0.137747
-0.151033
-0.164069
-0.170623
-0.166477
-0.152285
-0.131552
-0.10905
-0.0894814
-0.0754966
-0.0675154
-0.0673381
-0.0748348
-0.0933596
-0.106539
-0.114549
-0.104751
-0.0833002
-0.0608831
-0.032474
-0.0185597
-0.000616946
0.00813321
0.0026627
0.0102213
-0.262397
-0.262191
-0.264086
-0.268492
-0.275387
-0.284078
-0.293058
-0.300117
-0.30271
-0.298637
-0.286875
-0.267825
-0.243497
-0.216295
-0.189449
-0.165396
-0.146783
-0.135811
-0.134653
-0.142943
-0.157261
-0.17066
-0.176898
-0.17189
-0.156473
-0.13442
-0.110641
-0.0899249
-0.0749006
-0.0660854
-0.0649973
-0.071636
-0.0893206
-0.102185
-0.110487
-0.101387
-0.0808774
-0.0592662
-0.0317865
-0.0183803
-0.00100129
0.00753371
0.00173985
0.00943984
)
;

boundaryField
{
    inlet
    {
        type            zeroGradient;
    }
    outlet
    {
        type            fixedValue;
        value           uniform 0;
    }
    cylinder
    {
        type            zeroGradient;
    }
    top
    {
        type            symmetryPlane;
    }
    bottom
    {
        type            symmetryPlane;
    }
    defaultFaces
    {
        type            empty;
    }
    procBoundary3to2
    {
        type            processor;
        value           nonuniform List<scalar> 
204
(
-0.266262
-0.268474
-0.270711
-0.272972
-0.275255
-0.277556
-0.279873
-0.282199
-0.28453
-0.286858
-0.289176
-0.291474
-0.293743
-0.295973
-0.298152
-0.300269
-0.302315
-0.304277
-0.285178
-0.285178
-0.286236
-0.287237
-0.288175
-0.289047
-0.289848
-0.290575
-0.291226
-0.2918
-0.292296
-0.292715
-0.293058
-0.293324
-0.293517
-0.263125
-0.263125
-0.263284
-0.263439
-0.263574
-0.263721
-0.264038
-0.264426
-0.263652
-0.261207
-0.256112
-0.250253
-0.244288
-0.238234
-0.232082
-0.225868
-0.219639
-0.213435
-0.207293
-0.201247
-0.195323
-0.189542
-0.183918
-0.178462
-0.173179
-0.168068
-0.163127
-0.158353
-0.15374
-0.149281
-0.144969
-0.140796
-0.136756
-0.132842
-0.129047
-0.125364
-0.121789
-0.118316
-0.114939
-0.111654
-0.108458
-0.105346
-0.102317
-0.0993668
-0.0964944
-0.0936985
-0.0909782
-0.0883332
-0.0857638
-0.0832708
-0.0808557
-0.0785201
-0.0762666
-0.0740978
-0.0720172
-0.0700286
-0.0681361
-0.0663447
-0.0646594
-0.0630861
-0.0616311
-0.0603011
-0.0591035
-0.0580464
-0.0571386
-0.0563896
-0.0558097
-0.0554102
-0.0552038
-0.0675388
-0.0678226
-0.0683722
-0.0691715
-0.0702065
-0.0714647
-0.0729352
-0.0746078
-0.076471
-0.0785188
-0.0807443
-0.0831391
-0.0856964
-0.0884095
-0.0912719
-0.0942775
-0.0974201
-0.100693
-0.104091
-0.107607
-0.111234
-0.114966
-0.118796
-0.122717
-0.126721
-0.130801
-0.134948
-0.139156
-0.143413
-0.147713
-0.152046
-0.156402
-0.160771
-0.165145
-0.169511
-0.173859
-0.178177
-0.182453
-0.18667
-0.190812
-0.194856
-0.198778
-0.202546
-0.206125
-0.209475
-0.21255
-0.215308
-0.217707
-0.219716
-0.221313
-0.222496
-0.223279
-0.223691
-0.223779
-0.223603
-0.223226
-0.222701
-0.222044
-0.221339
-0.221076
-0.221682
-0.222727
-0.224316
-0.225921
-0.227511
-0.229133
-0.230786
-0.232461
-0.232461
-0.218114
-0.219633
-0.221186
-0.222768
-0.224373
-0.225996
-0.227632
-0.229274
-0.230917
-0.232557
-0.234188
-0.235806
-0.237405
-0.238984
-0.238984
-0.229945
-0.231817
-0.233708
-0.235616
-0.237529
-0.239486
-0.241452
-0.243427
-0.245414
-0.247414
-0.249428
-0.251459
-0.253508
-0.255577
-0.257666
-0.259779
-0.261915
-0.264076
)
;
    }
}


// ************************************************************************* //
