/*--------------------------------*- C++ -*----------------------------------*\
  =========                 |
  \\      /  F ield         | OpenFOAM: The Open Source CFD Toolbox
   \\    /   O peration     | Website:  https://openfoam.org
    \\  /    A nd           | Version:  7
     \\/     M anipulation  |
\*---------------------------------------------------------------------------*/
FoamFile
{
    version     2.0;
    format      ascii;
    class       volScalarField;
    location    "65";
    object      p;
}
// * * * * * * * * * * * * * * * * * * * * * * * * * * * * * * * * * * * * * //

dimensions      [0 2 -2 0 0 0 0];

internalField   nonuniform List<scalar> 
8500
(
-0.248752
-0.249813
-0.250455
-0.251
-0.251473
-0.251878
-0.252233
-0.252553
-0.252846
-0.253122
-0.253383
-0.253634
-0.253877
-0.254113
-0.254346
-0.254579
-0.254816
-0.255064
-0.255326
-0.255609
-0.249116
-0.250146
-0.250771
-0.251302
-0.251764
-0.25216
-0.252509
-0.252825
-0.253118
-0.253396
-0.253663
-0.253924
-0.254181
-0.254437
-0.254695
-0.25496
-0.255237
-0.255535
-0.255857
-0.256211
-0.249525
-0.250521
-0.251126
-0.251642
-0.252091
-0.252477
-0.252818
-0.253129
-0.253419
-0.253697
-0.253968
-0.254237
-0.254506
-0.254779
-0.25506
-0.255354
-0.255668
-0.256013
-0.256392
-0.256811
-0.249974
-0.250933
-0.251518
-0.252017
-0.252452
-0.252826
-0.253158
-0.253461
-0.253747
-0.254023
-0.254296
-0.25457
-0.254848
-0.255136
-0.255437
-0.255758
-0.256106
-0.256495
-0.256927
-0.257406
-0.250461
-0.251382
-0.251945
-0.252425
-0.252844
-0.253204
-0.253525
-0.25382
-0.254099
-0.254372
-0.254644
-0.254921
-0.255206
-0.255505
-0.255823
-0.256167
-0.256546
-0.256975
-0.257456
-0.257989
-0.250985
-0.251865
-0.252405
-0.252865
-0.253266
-0.253611
-0.253919
-0.254203
-0.254474
-0.25474
-0.25501
-0.255287
-0.255576
-0.255884
-0.256215
-0.256578
-0.256984
-0.257449
-0.257975
-0.258555
-0.251541
-0.25238
-0.252894
-0.253333
-0.253715
-0.254043
-0.254336
-0.254607
-0.254868
-0.255126
-0.25539
-0.255664
-0.255955
-0.256267
-0.256609
-0.256987
-0.257415
-0.257913
-0.258478
-0.259099
-0.252128
-0.252923
-0.253412
-0.253828
-0.254189
-0.254499
-0.254776
-0.255032
-0.255279
-0.255527
-0.255782
-0.256051
-0.25634
-0.256654
-0.257001
-0.25739
-0.257836
-0.258361
-0.25896
-0.259614
-0.252743
-0.253493
-0.253955
-0.254347
-0.254686
-0.254976
-0.255234
-0.255473
-0.255706
-0.25594
-0.256184
-0.256444
-0.256727
-0.257038
-0.257387
-0.257783
-0.258242
-0.258788
-0.259417
-0.260094
-0.253382
-0.254087
-0.254521
-0.254888
-0.255204
-0.255473
-0.25571
-0.25593
-0.256145
-0.256363
-0.256593
-0.256841
-0.257114
-0.257419
-0.257765
-0.258162
-0.258628
-0.259191
-0.259842
-0.260534
-0.254044
-0.254703
-0.255109
-0.25545
-0.255741
-0.255987
-0.256202
-0.2564
-0.256594
-0.256793
-0.257006
-0.257238
-0.257498
-0.257792
-0.25813
-0.258523
-0.25899
-0.259563
-0.260231
-0.260928
-0.254725
-0.25534
-0.255716
-0.256031
-0.256296
-0.256516
-0.256706
-0.256881
-0.257052
-0.257229
-0.257421
-0.257634
-0.257876
-0.258154
-0.258479
-0.258863
-0.259324
-0.259902
-0.26058
-0.261271
-0.255425
-0.255994
-0.256341
-0.256628
-0.256865
-0.257059
-0.257223
-0.257371
-0.257516
-0.257668
-0.257836
-0.258026
-0.258246
-0.258504
-0.25881
-0.259178
-0.259627
-0.260202
-0.260883
-0.261556
-0.256139
-0.256664
-0.256982
-0.25724
-0.257449
-0.257614
-0.257749
-0.257869
-0.257985
-0.258109
-0.258248
-0.258411
-0.258605
-0.258837
-0.259119
-0.259465
-0.259896
-0.260459
-0.261138
-0.261777
-0.256868
-0.257349
-0.257637
-0.257866
-0.258045
-0.25818
-0.258284
-0.258373
-0.258458
-0.258549
-0.258657
-0.258789
-0.258952
-0.259154
-0.259406
-0.259723
-0.260126
-0.260671
-0.26134
-0.261916
-0.257608
-0.258047
-0.258305
-0.258504
-0.258653
-0.258755
-0.258827
-0.258881
-0.258932
-0.258989
-0.259061
-0.259158
-0.259285
-0.25945
-0.259666
-0.259948
-0.260317
-0.260835
-0.261487
-0.261951
-0.258359
-0.258757
-0.258986
-0.259155
-0.259271
-0.25934
-0.259376
-0.259394
-0.259407
-0.259425
-0.259459
-0.259516
-0.259602
-0.259727
-0.259901
-0.26014
-0.260466
-0.260948
-0.261578
-0.262013
-0.25912
-0.259479
-0.259678
-0.259816
-0.259899
-0.259932
-0.259931
-0.25991
-0.259882
-0.259858
-0.25985
-0.259863
-0.259905
-0.259983
-0.260109
-0.260297
-0.260573
-0.261009
-0.261595
-0.261981
-0.25989
-0.260213
-0.260382
-0.260488
-0.260536
-0.260532
-0.260491
-0.260428
-0.260356
-0.260288
-0.260233
-0.260199
-0.260191
-0.260218
-0.260289
-0.260421
-0.260636
-0.261018
-0.261551
-0.261851
-0.26067
-0.260957
-0.261098
-0.261171
-0.261183
-0.26114
-0.261057
-0.260949
-0.26083
-0.260714
-0.260609
-0.260523
-0.260462
-0.260433
-0.260444
-0.260511
-0.260657
-0.260973
-0.261447
-0.26163
-0.261458
-0.261712
-0.261825
-0.261865
-0.261839
-0.261755
-0.261627
-0.261472
-0.261304
-0.261136
-0.260978
-0.260837
-0.260719
-0.260628
-0.260574
-0.260569
-0.260637
-0.260876
-0.261279
-0.261316
-0.262257
-0.26248
-0.262564
-0.262571
-0.262506
-0.262379
-0.262204
-0.261998
-0.261778
-0.261555
-0.261341
-0.261142
-0.260962
-0.260806
-0.260681
-0.260598
-0.260579
-0.260728
-0.26105
-0.260907
-0.263067
-0.263261
-0.263317
-0.263289
-0.263184
-0.263011
-0.262787
-0.262528
-0.262252
-0.261972
-0.261698
-0.261437
-0.261194
-0.260969
-0.260768
-0.260601
-0.260486
-0.260533
-0.260761
-0.260397
-0.263889
-0.264057
-0.264084
-0.264021
-0.263874
-0.263654
-0.263377
-0.263063
-0.262728
-0.262387
-0.262051
-0.261727
-0.261416
-0.26112
-0.26084
-0.260583
-0.260363
-0.260295
-0.260418
-0.259784
-0.264727
-0.26487
-0.264868
-0.264769
-0.264578
-0.264308
-0.263977
-0.263604
-0.263207
-0.262803
-0.262402
-0.262011
-0.261631
-0.26126
-0.260899
-0.260548
-0.260216
-0.260021
-0.260026
-0.259064
-0.265582
-0.265702
-0.265672
-0.265534
-0.265298
-0.264976
-0.264587
-0.264152
-0.263691
-0.263221
-0.262753
-0.262292
-0.261841
-0.261395
-0.260949
-0.260502
-0.260052
-0.259715
-0.259594
-0.258233
-0.266458
-0.266556
-0.266496
-0.26632
-0.266036
-0.265658
-0.265209
-0.26471
-0.264182
-0.263643
-0.263104
-0.262573
-0.262049
-0.261526
-0.260996
-0.260449
-0.259876
-0.259387
-0.25913
-0.25729
-0.267358
-0.267436
-0.267346
-0.267128
-0.266794
-0.266359
-0.265846
-0.265279
-0.264681
-0.26407
-0.26346
-0.262856
-0.262259
-0.261658
-0.261042
-0.260396
-0.259698
-0.259044
-0.258646
-0.256236
-0.268286
-0.268344
-0.268223
-0.267963
-0.267576
-0.26708
-0.2665
-0.265862
-0.265191
-0.264506
-0.263822
-0.263144
-0.262471
-0.261794
-0.261093
-0.260348
-0.259522
-0.258694
-0.258153
-0.255074
-0.269249
-0.269286
-0.269132
-0.268827
-0.268384
-0.267824
-0.267175
-0.266463
-0.265715
-0.264953
-0.264192
-0.263439
-0.262691
-0.261936
-0.261151
-0.260309
-0.259356
-0.258345
-0.257665
-0.253811
-0.270249
-0.270266
-0.270077
-0.269724
-0.269223
-0.268596
-0.267873
-0.267083
-0.266256
-0.265415
-0.264575
-0.263744
-0.26292
-0.262087
-0.26122
-0.260282
-0.259205
-0.258004
-0.257191
-0.252458
-0.271294
-0.271288
-0.271063
-0.270659
-0.270096
-0.269398
-0.268598
-0.267727
-0.266818
-0.265893
-0.264972
-0.264062
-0.263161
-0.262251
-0.261302
-0.260271
-0.259073
-0.257677
-0.256739
-0.251035
-0.272389
-0.272359
-0.272094
-0.271636
-0.271007
-0.270235
-0.269354
-0.268399
-0.267403
-0.266393
-0.265388
-0.264397
-0.263417
-0.26243
-0.261401
-0.260279
-0.258964
-0.257371
-0.256311
-0.249562
-0.273541
-0.273484
-0.273176
-0.27266
-0.271962
-0.271111
-0.270145
-0.269102
-0.268017
-0.266918
-0.265827
-0.264753
-0.263693
-0.262628
-0.261518
-0.260309
-0.258879
-0.257094
-0.255904
-0.248075
-0.274756
-0.274668
-0.274314
-0.273737
-0.272964
-0.27203
-0.270976
-0.269841
-0.268663
-0.267473
-0.266293
-0.265134
-0.263992
-0.262848
-0.261659
-0.260364
-0.258823
-0.256857
-0.255512
-0.246628
-0.276043
-0.27592
-0.275515
-0.274871
-0.274019
-0.272999
-0.271851
-0.270621
-0.269347
-0.268063
-0.266791
-0.265544
-0.26432
-0.263096
-0.261828
-0.26045
-0.258802
-0.25668
-0.255131
-0.245313
-0.277409
-0.277244
-0.276783
-0.276068
-0.275133
-0.274021
-0.272777
-0.271448
-0.270074
-0.268692
-0.267326
-0.26599
-0.26468
-0.263376
-0.262031
-0.260576
-0.258823
-0.256586
-0.254721
-0.244157
-0.278861
-0.278648
-0.278127
-0.277334
-0.276311
-0.275103
-0.273758
-0.272325
-0.27085
-0.269367
-0.267905
-0.266476
-0.26508
-0.263696
-0.262277
-0.260754
-0.258912
-0.256632
-0.254191
-0.242944
-0.280407
-0.280138
-0.27955
-0.278676
-0.277559
-0.276249
-0.274799
-0.27326
-0.271679
-0.270094
-0.268532
-0.26701
-0.265526
-0.264061
-0.262572
-0.260998
-0.259114
-0.256955
-0.25369
-0.241997
-0.282057
-0.281723
-0.281062
-0.280099
-0.278883
-0.277467
-0.275908
-0.274259
-0.272569
-0.270878
-0.269215
-0.267597
-0.266023
-0.264477
-0.262921
-0.261315
-0.259454
-0.257667
-0.254079
-0.245683
-0.283816
-0.283408
-0.282667
-0.281609
-0.280288
-0.278761
-0.277088
-0.275326
-0.273525
-0.271726
-0.26996
-0.268243
-0.266577
-0.264948
-0.263325
-0.261693
-0.25988
-0.258538
-0.255703
-0.261663
-0.285695
-0.285201
-0.284373
-0.283213
-0.281781
-0.280138
-0.278348
-0.276469
-0.274554
-0.272645
-0.270773
-0.268955
-0.267193
-0.265477
-0.26378
-0.262113
-0.260325
-0.25932
-0.256734
-0.265102
-0.2877
-0.287109
-0.286186
-0.284918
-0.283368
-0.281604
-0.279692
-0.277693
-0.275661
-0.273639
-0.271659
-0.269737
-0.267875
-0.266064
-0.264282
-0.262556
-0.260744
-0.259853
-0.257165
-0.265237
-0.28984
-0.289139
-0.288112
-0.286728
-0.285055
-0.283165
-0.281127
-0.279005
-0.276853
-0.274717
-0.272625
-0.270594
-0.268626
-0.26671
-0.264826
-0.26301
-0.261116
-0.260158
-0.257287
-0.264441
-0.292121
-0.291298
-0.290158
-0.288651
-0.286847
-0.284826
-0.282659
-0.28041
-0.278136
-0.275882
-0.273675
-0.271531
-0.269448
-0.267414
-0.265407
-0.263463
-0.261431
-0.260264
-0.257148
-0.262966
-0.294551
-0.293591
-0.29233
-0.290692
-0.288752
-0.286595
-0.284293
-0.281915
-0.279516
-0.27714
-0.274814
-0.272549
-0.270341
-0.268173
-0.266019
-0.263907
-0.26168
-0.260194
-0.256776
-0.261062
-0.296026
-0.294635
-0.292857
-0.290774
-0.288475
-0.286036
-0.283525
-0.280998
-0.278497
-0.276046
-0.273652
-0.271305
-0.268983
-0.266653
-0.264332
-0.261857
-0.259969
-0.256209
-0.258939
-0.297077
-0.295153
-0.29292
-0.290475
-0.287893
-0.285246
-0.282587
-0.279956
-0.277373
-0.274839
-0.272338
-0.269841
-0.267304
-0.264732
-0.261958
-0.259608
-0.255481
-0.256722
-0.297584
-0.295196
-0.292598
-0.289871
-0.287083
-0.284288
-0.281521
-0.278798
-0.276111
-0.273437
-0.270738
-0.267962
-0.265098
-0.261982
-0.259131
-0.254618
-0.254487
-0.300157
-0.297606
-0.294852
-0.291974
-0.289042
-0.286106
-0.283196
-0.280321
-0.277466
-0.274597
-0.271668
-0.268618
-0.265423
-0.261927
-0.25855
-0.253642
-0.252272
-0.300156
-0.29724
-0.294208
-0.291127
-0.288043
-0.284982
-0.281942
-0.2789
-0.275813
-0.272623
-0.269263
-0.265701
-0.261791
-0.257877
-0.252567
-0.250098
-0.299769
-0.296578
-0.293343
-0.290104
-0.28688
-0.28366
-0.28041
-0.277075
-0.273592
-0.269888
-0.265925
-0.261573
-0.257117
-0.251403
-0.247966
-0.299089
-0.295693
-0.292291
-0.288891
-0.285472
-0.281988
-0.278376
-0.274565
-0.270481
-0.266085
-0.26127
-0.256276
-0.250157
-0.245872
-0.298181
-0.294604
-0.291012
-0.287372
-0.283628
-0.279706
-0.275531
-0.271033
-0.266177
-0.260879
-0.255353
-0.248833
-0.243805
-0.297044
-0.293242
-0.289356
-0.285319
-0.281051
-0.276477
-0.271531
-0.266191
-0.260398
-0.25435
-0.247432
-0.241751
-0.295575
-0.291414
-0.287051
-0.2824
-0.27739
-0.271966
-0.26612
-0.259823
-0.253264
-0.245954
-0.239695
-0.293537
-0.28881
-0.283739
-0.278257
-0.272327
-0.265958
-0.259151
-0.252092
-0.244398
-0.237623
-0.290583
-0.285052
-0.279064
-0.272602
-0.265697
-0.258378
-0.250833
-0.24276
-0.23552
-0.279798
-0.272782
-0.265331
-0.257501
-0.249481
-0.241038
-0.233374
-0.272856
-0.264852
-0.256515
-0.248034
-0.239229
-0.231173
-0.264256
-0.255416
-0.246486
-0.237329
-0.228907
-0.244834
-0.235332
-0.226566
-0.233236
-0.224141
-0.222447
-0.2126
-0.23487
-0.224578
-0.21501
-0.255912
-0.246341
-0.236621
-0.226619
-0.217343
-0.265406
-0.25671
-0.247599
-0.238279
-0.228574
-0.21961
-0.280263
-0.27322
-0.26558
-0.257404
-0.248759
-0.23985
-0.230448
-0.22182
-0.285222
-0.279282
-0.272768
-0.265661
-0.257999
-0.249824
-0.241338
-0.232246
-0.223985
-0.288754
-0.283742
-0.278266
-0.272251
-0.265658
-0.258503
-0.250799
-0.242749
-0.233973
-0.226117
-0.291235
-0.286913
-0.282279
-0.27723
-0.271683
-0.265582
-0.258922
-0.251686
-0.244085
-0.23563
-0.22823
-0.293013
-0.289161
-0.285135
-0.280843
-0.276187
-0.271075
-0.26544
-0.25926
-0.25249
-0.245349
-0.237221
-0.230338
-0.294342
-0.290804
-0.287186
-0.283428
-0.279447
-0.275149
-0.27044
-0.265243
-0.259525
-0.253213
-0.246543
-0.238748
-0.232456
-0.295355
-0.292057
-0.288716
-0.285314
-0.2818
-0.278101
-0.274127
-0.269788
-0.264999
-0.259721
-0.253856
-0.247668
-0.240209
-0.234598
-0.296079
-0.293017
-0.2899
-0.286747
-0.283545
-0.280255
-0.276811
-0.273132
-0.269129
-0.264717
-0.259854
-0.25442
-0.248723
-0.241604
-0.236778
-0.296477
-0.293695
-0.29081
-0.287869
-0.284894
-0.281881
-0.278797
-0.275585
-0.27217
-0.268471
-0.264403
-0.259927
-0.254906
-0.249703
-0.242926
-0.239004
-0.296481
-0.294046
-0.29144
-0.288728
-0.285958
-0.283155
-0.28032
-0.277426
-0.274425
-0.271249
-0.267823
-0.264066
-0.259946
-0.255312
-0.250601
-0.244168
-0.241279
-0.296002
-0.294003
-0.291741
-0.289307
-0.286765
-0.284161
-0.281524
-0.278858
-0.276141
-0.273333
-0.270372
-0.26719
-0.263712
-0.259914
-0.255637
-0.251408
-0.245315
-0.243598
-0.293487
-0.291651
-0.289556
-0.28729
-0.284913
-0.282472
-0.279996
-0.277491
-0.274941
-0.27231
-0.269543
-0.266578
-0.263346
-0.259833
-0.255877
-0.25211
-0.24635
-0.245938
-0.292455
-0.291098
-0.289416
-0.287484
-0.285381
-0.283165
-0.280884
-0.278564
-0.276213
-0.273821
-0.271353
-0.268762
-0.265989
-0.262972
-0.259706
-0.256031
-0.252686
-0.247248
-0.248253
-0.291073
-0.290047
-0.288826
-0.287293
-0.285518
-0.283573
-0.281515
-0.279388
-0.277219
-0.275019
-0.272776
-0.270461
-0.26803
-0.265427
-0.262594
-0.259536
-0.256095
-0.253116
-0.247976
-0.250464
-0.288642
-0.287758
-0.286665
-0.285275
-0.283649
-0.281858
-0.279953
-0.277977
-0.275956
-0.2739
-0.2718
-0.269629
-0.267343
-0.264891
-0.262217
-0.259326
-0.256067
-0.253372
-0.248493
-0.252436
-0.286332
-0.28558
-0.284609
-0.283354
-0.281873
-0.280229
-0.278472
-0.276643
-0.274765
-0.27285
-0.270886
-0.26885
-0.266699
-0.264381
-0.261841
-0.259079
-0.255948
-0.253428
-0.248754
-0.253951
-0.284135
-0.283506
-0.282649
-0.281523
-0.28018
-0.278678
-0.277065
-0.275378
-0.273639
-0.271859
-0.270027
-0.268119
-0.266093
-0.263897
-0.261469
-0.258801
-0.255741
-0.253259
-0.248722
-0.25474
-0.282044
-0.281529
-0.280781
-0.279776
-0.278565
-0.2772
-0.275725
-0.274174
-0.27257
-0.27092
-0.269215
-0.267429
-0.26552
-0.263433
-0.261102
-0.258497
-0.255454
-0.252833
-0.248346
-0.254512
-0.280051
-0.279642
-0.278996
-0.278107
-0.277021
-0.275786
-0.274443
-0.273025
-0.27155
-0.270026
-0.268442
-0.266772
-0.264974
-0.262989
-0.260741
-0.258177
-0.255102
-0.252132
-0.247343
-0.2509
-0.278147
-0.277839
-0.277289
-0.27651
-0.275543
-0.274432
-0.273215
-0.271923
-0.270572
-0.269168
-0.2677
-0.266141
-0.264448
-0.262558
-0.260388
-0.257855
-0.254729
-0.251314
-0.245719
-0.234921
-0.276328
-0.276114
-0.275655
-0.274978
-0.274124
-0.273131
-0.272035
-0.270862
-0.269629
-0.268339
-0.266982
-0.265529
-0.263936
-0.262137
-0.260043
-0.257551
-0.2544
-0.250627
-0.245358
-0.231285
-0.274586
-0.274462
-0.274087
-0.273508
-0.27276
-0.271878
-0.270896
-0.269836
-0.268715
-0.267535
-0.266282
-0.264929
-0.263431
-0.261721
-0.259705
-0.257272
-0.254166
-0.250285
-0.245843
-0.232202
-0.272915
-0.272876
-0.272582
-0.272095
-0.271447
-0.27067
-0.269794
-0.268842
-0.267826
-0.266748
-0.265594
-0.264336
-0.262928
-0.261303
-0.259369
-0.25701
-0.253998
-0.250168
-0.246292
-0.233302
-0.271311
-0.271353
-0.271135
-0.270734
-0.27018
-0.269501
-0.268726
-0.267874
-0.266958
-0.265975
-0.264914
-0.263745
-0.262422
-0.26088
-0.259027
-0.256751
-0.253848
-0.25014
-0.246571
-0.234285
-0.269769
-0.269889
-0.269742
-0.269422
-0.268956
-0.268369
-0.267688
-0.26693
-0.266106
-0.265213
-0.264238
-0.263152
-0.261909
-0.260446
-0.258673
-0.256485
-0.253694
-0.250148
-0.246778
-0.235388
-0.268285
-0.26848
-0.268401
-0.268156
-0.267773
-0.267272
-0.266678
-0.266008
-0.265269
-0.26446
-0.263565
-0.262556
-0.261388
-0.259999
-0.258305
-0.256205
-0.25353
-0.250172
-0.246959
-0.236592
-0.266856
-0.267123
-0.267108
-0.266934
-0.266628
-0.266207
-0.265694
-0.265105
-0.264446
-0.263714
-0.262893
-0.261955
-0.260858
-0.25954
-0.257923
-0.255912
-0.253356
-0.250199
-0.247122
-0.237817
-0.26548
-0.265816
-0.265861
-0.265754
-0.265519
-0.265173
-0.264736
-0.264222
-0.263636
-0.262975
-0.262223
-0.261352
-0.26032
-0.25907
-0.257528
-0.255607
-0.253174
-0.250222
-0.247278
-0.239013
-0.264154
-0.264558
-0.264659
-0.264615
-0.264446
-0.264169
-0.263802
-0.263357
-0.26284
-0.262245
-0.261556
-0.260747
-0.259778
-0.258593
-0.257125
-0.255295
-0.252989
-0.250241
-0.247438
-0.240154
-0.262878
-0.263346
-0.263501
-0.263515
-0.263408
-0.263195
-0.262892
-0.262512
-0.262057
-0.261523
-0.260894
-0.260143
-0.259233
-0.258112
-0.256718
-0.254981
-0.252805
-0.250259
-0.247608
-0.241224
-0.26165
-0.26218
-0.262386
-0.262454
-0.262405
-0.262251
-0.262008
-0.261687
-0.26129
-0.260813
-0.260239
-0.259543
-0.25869
-0.257631
-0.256312
-0.254669
-0.252626
-0.250276
-0.247788
-0.242211
-0.260469
-0.261058
-0.261313
-0.261431
-0.261436
-0.261337
-0.261149
-0.260883
-0.260541
-0.260116
-0.259594
-0.258951
-0.258153
-0.257156
-0.255912
-0.254365
-0.252456
-0.250295
-0.247974
-0.243105
-0.259335
-0.259982
-0.260281
-0.260448
-0.260503
-0.260454
-0.260318
-0.260102
-0.25981
-0.259435
-0.258962
-0.25837
-0.257626
-0.256691
-0.255521
-0.254073
-0.252297
-0.250314
-0.248163
-0.243905
-0.258249
-0.258951
-0.259293
-0.259504
-0.259605
-0.259603
-0.259514
-0.259346
-0.2591
-0.258772
-0.258346
-0.257802
-0.257112
-0.256239
-0.255145
-0.253794
-0.252149
-0.250333
-0.248349
-0.24461
-0.257211
-0.257965
-0.258347
-0.258599
-0.258743
-0.258785
-0.25874
-0.258616
-0.258414
-0.258129
-0.257749
-0.257253
-0.256614
-0.255803
-0.254785
-0.253532
-0.252012
-0.250353
-0.248531
-0.245224
-0.256221
-0.257025
-0.257444
-0.257735
-0.257919
-0.258001
-0.257997
-0.257914
-0.257753
-0.25751
-0.257173
-0.256723
-0.256137
-0.255386
-0.254443
-0.253284
-0.251888
-0.250372
-0.248709
-0.245747
-0.255281
-0.256132
-0.256585
-0.256912
-0.257133
-0.257253
-0.257286
-0.257242
-0.25712
-0.256917
-0.256621
-0.256216
-0.255681
-0.254991
-0.254122
-0.253054
-0.251776
-0.250391
-0.248884
-0.246171
-0.25439
-0.255285
-0.255772
-0.256131
-0.256387
-0.256541
-0.25661
-0.256601
-0.256516
-0.25635
-0.256095
-0.255734
-0.25525
-0.254619
-0.253822
-0.252843
-0.251674
-0.250413
-0.249025
-0.246527
-0.25355
-0.254487
-0.255004
-0.255394
-0.255681
-0.255868
-0.255969
-0.255994
-0.255943
-0.255814
-0.255597
-0.25528
-0.254844
-0.254271
-0.253545
-0.25265
-0.251585
-0.250434
-0.249136
-0.246995
-0.252761
-0.253737
-0.254282
-0.254701
-0.255017
-0.255234
-0.255366
-0.255421
-0.255403
-0.255309
-0.255129
-0.254854
-0.254466
-0.25395
-0.253291
-0.252477
-0.251509
-0.250458
-0.249252
-0.247394
-0.252026
-0.253038
-0.253608
-0.254053
-0.254396
-0.25464
-0.2548
-0.254886
-0.254898
-0.254836
-0.254693
-0.254458
-0.254116
-0.253655
-0.253061
-0.252324
-0.251446
-0.250488
-0.24937
-0.24772
-0.251344
-0.252389
-0.252983
-0.253451
-0.253819
-0.254088
-0.254275
-0.254387
-0.254429
-0.254399
-0.25429
-0.254093
-0.253797
-0.253389
-0.252856
-0.252193
-0.251398
-0.250525
-0.249492
-0.248013
-0.250717
-0.251792
-0.252407
-0.252897
-0.253287
-0.25358
-0.25379
-0.253928
-0.253997
-0.253997
-0.253921
-0.253762
-0.253509
-0.253151
-0.252679
-0.252084
-0.251368
-0.250573
-0.249622
-0.24829
-0.250146
-0.251247
-0.251881
-0.252391
-0.252801
-0.253115
-0.253348
-0.253509
-0.253604
-0.253632
-0.253588
-0.253465
-0.253254
-0.252944
-0.252528
-0.251999
-0.251356
-0.250636
-0.249764
-0.248563
-0.249631
-0.250755
-0.251406
-0.251933
-0.252362
-0.252695
-0.252948
-0.253132
-0.25325
-0.253304
-0.25329
-0.253202
-0.253031
-0.252768
-0.252407
-0.251939
-0.251366
-0.250716
-0.24992
-0.248838
-0.249173
-0.250317
-0.250983
-0.251525
-0.25197
-0.25232
-0.252592
-0.252796
-0.252937
-0.253016
-0.253031
-0.252975
-0.252843
-0.252625
-0.252315
-0.251907
-0.2514
-0.250817
-0.250096
-0.249123
-0.248772
-0.249934
-0.250612
-0.251167
-0.251626
-0.251991
-0.25228
-0.252502
-0.252664
-0.252767
-0.252809
-0.252785
-0.252689
-0.252514
-0.252254
-0.251902
-0.251459
-0.250941
-0.250294
-0.249425
-0.24843
-0.249605
-0.250293
-0.25086
-0.251331
-0.251709
-0.252013
-0.252252
-0.252434
-0.252559
-0.252626
-0.252632
-0.252571
-0.252437
-0.252224
-0.251927
-0.251545
-0.251091
-0.250516
-0.249747
-0.248146
-0.249331
-0.250027
-0.250603
-0.251084
-0.251474
-0.251791
-0.252046
-0.252245
-0.25239
-0.252482
-0.252516
-0.252489
-0.252394
-0.252227
-0.251983
-0.25166
-0.251269
-0.250766
-0.250094
-0.24792
-0.249111
-0.249814
-0.250396
-0.250886
-0.251286
-0.251615
-0.251883
-0.252098
-0.252263
-0.252377
-0.252438
-0.252443
-0.252386
-0.252263
-0.25207
-0.251804
-0.251475
-0.251044
-0.250467
-0.247753
-0.248947
-0.249653
-0.25024
-0.250737
-0.251145
-0.251483
-0.251764
-0.251993
-0.252176
-0.252311
-0.252398
-0.252434
-0.252413
-0.252332
-0.252189
-0.251979
-0.251711
-0.251352
-0.250869
-0.247643
-0.248837
-0.249544
-0.250135
-0.250636
-0.25105
-0.251397
-0.251688
-0.251931
-0.252129
-0.252285
-0.252396
-0.25246
-0.252474
-0.252435
-0.252339
-0.252185
-0.251977
-0.25169
-0.251299
-0.247591
-0.24878
-0.249487
-0.250079
-0.250583
-0.251002
-0.251355
-0.251655
-0.251909
-0.252123
-0.252297
-0.252431
-0.252523
-0.25257
-0.25257
-0.252521
-0.25242
-0.252273
-0.252058
-0.251758
-0.247596
-0.248777
-0.249481
-0.250072
-0.250577
-0.250999
-0.251357
-0.251664
-0.251929
-0.252156
-0.252347
-0.252502
-0.252621
-0.2527
-0.252738
-0.252734
-0.252686
-0.252598
-0.252455
-0.252244
-0.247657
-0.248827
-0.249526
-0.250113
-0.250617
-0.25104
-0.251402
-0.251716
-0.251989
-0.252228
-0.252434
-0.25261
-0.252753
-0.252862
-0.252937
-0.252977
-0.25298
-0.252951
-0.252879
-0.252757
-0.247773
-0.248927
-0.249619
-0.250202
-0.250703
-0.251126
-0.25149
-0.251807
-0.252088
-0.252337
-0.252558
-0.252751
-0.252918
-0.253056
-0.253166
-0.253248
-0.253302
-0.253331
-0.253328
-0.253293
-0.247942
-0.249078
-0.24976
-0.250336
-0.250833
-0.251254
-0.251618
-0.251938
-0.252224
-0.252483
-0.252716
-0.252926
-0.253115
-0.25328
-0.253424
-0.253546
-0.253649
-0.253735
-0.253801
-0.25385
-0.248162
-0.249277
-0.249947
-0.250515
-0.251005
-0.251423
-0.251785
-0.252107
-0.252398
-0.252663
-0.252907
-0.253133
-0.253341
-0.253533
-0.253708
-0.253869
-0.254018
-0.25416
-0.254294
-0.254424
-0.248433
-0.249522
-0.250179
-0.250737
-0.251219
-0.251631
-0.251991
-0.252313
-0.252606
-0.252877
-0.253131
-0.25337
-0.253596
-0.253811
-0.254016
-0.254214
-0.254408
-0.254604
-0.254803
-0.255012
-0.256084
-0.256462
-0.257017
-0.257544
-0.258163
-0.25882
-0.259541
-0.260302
-0.261093
-0.261879
-0.262617
-0.26324
-0.263667
-0.263801
-0.263521
-0.256818
-0.257295
-0.258001
-0.258696
-0.259513
-0.260395
-0.261371
-0.262418
-0.263522
-0.264646
-0.26574
-0.26673
-0.26752
-0.267997
-0.268018
-0.257564
-0.258128
-0.258987
-0.259845
-0.260858
-0.261963
-0.263193
-0.264523
-0.26594
-0.267402
-0.268854
-0.270213
-0.27137
-0.272194
-0.272521
-0.258318
-0.258956
-0.259966
-0.260984
-0.26219
-0.263516
-0.264997
-0.266609
-0.268336
-0.270136
-0.271946
-0.273675
-0.275202
-0.276378
-0.277017
-0.259073
-0.259773
-0.260934
-0.262106
-0.263502
-0.265044
-0.266773
-0.268664
-0.2707
-0.272836
-0.275004
-0.277104
-0.279002
-0.280534
-0.281489
-0.259823
-0.260572
-0.261883
-0.263204
-0.264786
-0.266541
-0.268514
-0.270679
-0.273021
-0.27549
-0.278014
-0.280485
-0.282756
-0.284645
-0.285922
-0.260563
-0.261347
-0.262807
-0.264272
-0.266035
-0.267997
-0.270209
-0.272644
-0.275287
-0.278087
-0.280964
-0.283804
-0.286449
-0.288695
-0.290299
-0.29093
-0.261285
-0.262093
-0.2637
-0.265302
-0.267242
-0.269405
-0.27185
-0.27455
-0.277489
-0.280614
-0.283842
-0.287048
-0.290065
-0.292667
-0.294603
-0.295489
-0.261986
-0.262803
-0.264555
-0.266287
-0.268398
-0.270757
-0.273429
-0.276387
-0.279616
-0.283061
-0.286633
-0.290202
-0.29359
-0.296555
-0.298818
-0.29996
-0.262659
-0.263471
-0.265368
-0.267223
-0.269499
-0.272045
-0.274937
-0.278146
-0.281657
-0.285415
-0.289327
-0.293252
-0.297008
-0.300335
-0.302927
-0.304324
-0.263301
-0.264093
-0.266132
-0.268102
-0.270537
-0.273263
-0.276367
-0.279818
-0.283603
-0.287667
-0.291911
-0.296186
-0.300304
-0.303989
-0.306912
-0.308564
-0.263907
-0.264663
-0.266842
-0.26892
-0.271506
-0.274405
-0.277712
-0.281396
-0.285446
-0.289806
-0.294375
-0.298989
-0.303464
-0.307502
-0.310759
-0.312661
-0.264475
-0.265177
-0.267495
-0.269672
-0.272401
-0.275464
-0.278965
-0.282872
-0.287176
-0.291822
-0.296707
-0.301651
-0.306475
-0.310858
-0.314452
-0.316598
-0.265003
-0.265629
-0.268087
-0.270354
-0.273218
-0.276436
-0.28012
-0.28424
-0.288786
-0.293707
-0.2989
-0.30416
-0.309323
-0.314044
-0.317977
-0.320358
-0.265508
-0.266011
-0.268614
-0.270962
-0.273953
-0.277316
-0.281173
-0.285493
-0.29027
-0.295452
-0.300945
-0.306505
-0.311998
-0.317046
-0.321321
-0.323925
-0.266004
-0.266312
-0.269075
-0.271494
-0.274603
-0.2781
-0.282119
-0.286628
-0.291622
-0.297053
-0.302837
-0.308674
-0.314488
-0.319852
-0.324479
-0.327283
-0.266319
-0.266616
-0.269459
-0.271952
-0.275165
-0.278787
-0.282956
-0.287642
-0.29284
-0.298507
-0.304574
-0.310654
-0.316784
-0.322453
-0.327444
-0.330404
-0.266623
-0.26684
-0.269774
-0.272331
-0.275637
-0.279374
-0.283679
-0.288529
-0.293915
-0.299798
-0.306095
-0.312489
-0.318891
-0.324847
-0.330013
-0.333255
-0.266911
-0.266985
-0.27002
-0.272631
-0.27602
-0.279861
-0.28429
-0.289289
-0.294851
-0.300936
-0.307449
-0.314119
-0.320787
-0.327021
-0.332373
-0.336051
-0.26717
-0.267061
-0.270199
-0.272853
-0.276315
-0.280248
-0.284788
-0.289922
-0.295645
-0.301916
-0.308631
-0.315551
-0.322474
-0.32898
-0.334606
-0.338561
-0.267402
-0.267072
-0.27031
-0.272998
-0.276521
-0.280534
-0.285173
-0.290428
-0.296296
-0.302735
-0.309638
-0.316786
-0.323949
-0.330715
-0.336601
-0.340797
-0.267617
-0.267023
-0.270356
-0.273069
-0.276641
-0.280723
-0.285446
-0.290807
-0.296803
-0.303393
-0.310469
-0.317823
-0.325208
-0.332214
-0.338339
-0.342768
-0.267822
-0.266918
-0.270339
-0.27307
-0.276678
-0.280816
-0.28561
-0.291062
-0.297169
-0.303892
-0.311123
-0.318662
-0.32625
-0.333476
-0.339822
-0.344472
-0.268027
-0.266764
-0.270263
-0.273003
-0.276634
-0.280817
-0.285667
-0.291195
-0.297397
-0.304235
-0.311602
-0.319305
-0.327076
-0.334502
-0.341049
-0.345908
-0.34841
-0.268241
-0.266567
-0.27013
-0.272873
-0.276514
-0.280729
-0.285622
-0.291209
-0.29749
-0.304425
-0.311909
-0.319755
-0.327688
-0.335292
-0.342023
-0.347076
-0.349741
-0.268472
-0.266339
-0.269946
-0.272684
-0.276322
-0.280556
-0.285478
-0.29111
-0.297452
-0.304466
-0.312048
-0.320014
-0.328088
-0.335851
-0.34275
-0.347979
-0.350799
-0.268727
-0.266088
-0.269714
-0.272442
-0.276062
-0.280303
-0.285239
-0.290902
-0.297288
-0.304362
-0.312023
-0.320089
-0.328282
-0.336182
-0.343232
-0.348621
-0.351588
-0.26901
-0.265826
-0.269439
-0.272149
-0.275738
-0.279974
-0.284911
-0.290589
-0.297003
-0.30412
-0.311839
-0.319983
-0.328274
-0.336289
-0.343475
-0.349005
-0.352108
-0.269318
-0.265565
-0.269127
-0.27181
-0.275355
-0.279572
-0.284498
-0.290176
-0.296602
-0.303743
-0.311502
-0.319703
-0.328069
-0.336179
-0.343483
-0.349136
-0.352365
-0.269643
-0.265318
-0.268783
-0.271429
-0.274916
-0.279103
-0.284004
-0.289668
-0.29609
-0.303239
-0.311018
-0.319254
-0.327674
-0.335856
-0.34327
-0.349023
-0.352363
-0.269968
-0.265094
-0.268412
-0.271008
-0.274426
-0.278569
-0.283433
-0.289069
-0.295472
-0.302611
-0.310391
-0.318642
-0.327093
-0.335325
-0.342865
-0.348675
-0.352109
-0.270264
-0.264899
-0.26802
-0.270549
-0.273885
-0.277974
-0.282789
-0.288383
-0.294753
-0.301865
-0.309628
-0.317874
-0.326332
-0.334592
-0.342319
-0.348098
-0.351607
-0.270486
-0.264735
-0.267612
-0.270051
-0.273296
-0.27732
-0.282074
-0.287614
-0.293936
-0.301005
-0.308733
-0.316954
-0.325398
-0.333661
-0.341571
-0.347285
-0.350864
-0.351169
-0.270572
-0.264594
-0.267192
-0.269513
-0.272658
-0.276607
-0.28129
-0.286765
-0.293024
-0.300036
-0.307711
-0.315888
-0.324296
-0.332531
-0.340064
-0.346228
-0.349884
-0.350298
-0.270438
-0.264452
-0.266758
-0.268932
-0.271968
-0.275835
-0.280438
-0.285836
-0.292021
-0.29896
-0.306565
-0.31468
-0.323033
-0.331231
-0.338692
-0.344945
-0.348675
-0.349199
-0.269967
-0.264263
-0.266307
-0.268304
-0.271225
-0.275006
-0.279522
-0.284833
-0.290933
-0.297786
-0.305307
-0.313343
-0.321624
-0.329774
-0.337209
-0.343452
-0.347256
-0.34789
-0.269008
-0.263982
-0.265842
-0.267634
-0.270434
-0.274123
-0.278546
-0.283762
-0.289765
-0.296519
-0.303941
-0.311882
-0.320075
-0.32816
-0.335551
-0.341768
-0.345634
-0.346378
-0.267492
-0.263576
-0.265357
-0.266917
-0.269578
-0.273164
-0.277481
-0.282584
-0.288471
-0.295107
-0.302409
-0.310232
-0.318316
-0.326323
-0.33366
-0.33982
-0.34374
-0.344609
-0.265212
-0.262757
-0.264727
-0.266068
-0.26858
-0.272058
-0.276261
-0.281239
-0.286995
-0.293493
-0.300653
-0.308336
-0.316285
-0.324181
-0.331438
-0.337557
-0.341528
-0.342533
-0.260183
-0.260852
-0.263804
-0.265044
-0.267497
-0.270953
-0.275114
-0.280032
-0.285717
-0.292134
-0.299199
-0.306777
-0.314613
-0.322379
-0.329547
-0.335645
-0.339595
-0.340613
-0.247882
-0.257875
-0.262965
-0.26425
-0.266737
-0.270263
-0.274473
-0.279421
-0.285132
-0.291567
-0.298644
-0.306222
-0.314049
-0.321803
-0.328909
-0.334839
-0.338645
-0.339479
-0.243073
-0.255628
-0.261961
-0.263182
-0.265654
-0.269264
-0.2735
-0.278418
-0.284058
-0.290376
-0.297281
-0.304624
-0.312147
-0.319513
-0.326192
-0.331614
-0.334907
-0.335235
-0.241754
-0.253851
-0.260623
-0.261879
-0.264352
-0.268046
-0.272312
-0.277192
-0.282741
-0.28891
-0.295597
-0.302643
-0.309788
-0.316694
-0.322845
-0.327659
-0.330339
-0.330083
-0.241475
-0.251831
-0.258683
-0.260169
-0.262666
-0.26642
-0.270713
-0.275551
-0.281001
-0.28701
-0.293465
-0.300202
-0.306961
-0.313404
-0.319018
-0.32324
-0.325328
-0.324516
-0.241244
-0.249539
-0.256153
-0.257976
-0.260525
-0.264311
-0.268621
-0.273409
-0.278747
-0.284581
-0.29079
-0.297204
-0.303564
-0.309529
-0.314614
-0.318263
-0.319783
-0.318454
-0.240567
-0.246994
-0.25308
-0.255258
-0.257898
-0.261694
-0.266005
-0.270735
-0.275948
-0.281591
-0.287537
-0.293613
-0.299562
-0.305044
-0.309601
-0.312692
-0.31367
-0.311862
-0.239187
-0.244115
-0.249499
-0.252
-0.254769
-0.258561
-0.262856
-0.267517
-0.272593
-0.27803
-0.283701
-0.289427
-0.294958
-0.29996
-0.303996
-0.30655
-0.307019
-0.304777
-0.236942
-0.240816
-0.245455
-0.248218
-0.251145
-0.254927
-0.259185
-0.263765
-0.26869
-0.273911
-0.279296
-0.284668
-0.28978
-0.29431
-0.297841
-0.299887
-0.299887
-0.297261
-0.233804
-0.237054
-0.241004
-0.243957
-0.247053
-0.250824
-0.255025
-0.259509
-0.264274
-0.269268
-0.274361
-0.279375
-0.284073
-0.28814
-0.291194
-0.292767
-0.292342
-0.289384
-0.229849
-0.232823
-0.236203
-0.239277
-0.242534
-0.246298
-0.250426
-0.2548
-0.259395
-0.264155
-0.268952
-0.273612
-0.277904
-0.281531
-0.284131
-0.285266
-0.284461
-0.281225
-0.225203
-0.228148
-0.231103
-0.234243
-0.237642
-0.2414
-0.245446
-0.249697
-0.254116
-0.258637
-0.263139
-0.26745
-0.27135
-0.274559
-0.276734
-0.277471
-0.276333
-0.27287
-0.220006
-0.223078
-0.225752
-0.228919
-0.232431
-0.236186
-0.240145
-0.244265
-0.248503
-0.252786
-0.256996
-0.260969
-0.264494
-0.267309
-0.269091
-0.26947
-0.268043
-0.264401
-0.214392
-0.217673
-0.220191
-0.223365
-0.226959
-0.23071
-0.234582
-0.238567
-0.242622
-0.246671
-0.250598
-0.254246
-0.257417
-0.259863
-0.261287
-0.261346
-0.259674
-0.255897
-0.208475
-0.211995
-0.214456
-0.217631
-0.221278
-0.225022
-0.228809
-0.232658
-0.236534
-0.240356
-0.244012
-0.247353
-0.250192
-0.252299
-0.253398
-0.253177
-0.251299
-0.247427
-0.20235
-0.206106
-0.208582
-0.211758
-0.215435
-0.219166
-0.222873
-0.226591
-0.230292
-0.233898
-0.237298
-0.240351
-0.242884
-0.244682
-0.245491
-0.245025
-0.24298
-0.239049
-0.19609
-0.200061
-0.202599
-0.205781
-0.209469
-0.213183
-0.216815
-0.220406
-0.223942
-0.227344
-0.230505
-0.233293
-0.235546
-0.237065
-0.237618
-0.236945
-0.234767
-0.230808
-0.189749
-0.193905
-0.196534
-0.199727
-0.203414
-0.207105
-0.210666
-0.21414
-0.21752
-0.220732
-0.223674
-0.22622
-0.228221
-0.229492
-0.229822
-0.228974
-0.226696
-0.222739
-0.183371
-0.18768
-0.190411
-0.193621
-0.197297
-0.20096
-0.204456
-0.207821
-0.211056
-0.214095
-0.216836
-0.219165
-0.22094
-0.221994
-0.222133
-0.221143
-0.218794
-0.214863
-0.176988
-0.181418
-0.184254
-0.187482
-0.191141
-0.194773
-0.198207
-0.201473
-0.204576
-0.207456
-0.210018
-0.212152
-0.213729
-0.214595
-0.214574
-0.21347
-0.211079
-0.207198
-0.170625
-0.175146
-0.178082
-0.181329
-0.184966
-0.188563
-0.19194
-0.195116
-0.198099
-0.200836
-0.203237
-0.2052
-0.206605
-0.207311
-0.207158
-0.20597
-0.203561
-0.199749
-0.164303
-0.168888
-0.171913
-0.175176
-0.178789
-0.18235
-0.185672
-0.188766
-0.191641
-0.19425
-0.19651
-0.198324
-0.199581
-0.200154
-0.199896
-0.198648
-0.196245
-0.192521
-0.158036
-0.162661
-0.165764
-0.16904
-0.172626
-0.176148
-0.179419
-0.182438
-0.185216
-0.187713
-0.189848
-0.191534
-0.192667
-0.19313
-0.192793
-0.19151
-0.189132
-0.185513
-0.151838
-0.156482
-0.159649
-0.162933
-0.16649
-0.169972
-0.173193
-0.176145
-0.178838
-0.181234
-0.183263
-0.184839
-0.185869
-0.186247
-0.185852
-0.184555
-0.182222
-0.178722
-0.145721
-0.150365
-0.153582
-0.156869
-0.160394
-0.163836
-0.16701
-0.1699
-0.172516
-0.174826
-0.176763
-0.178248
-0.179195
-0.179507
-0.179076
-0.177785
-0.175513
-0.172143
-0.139695
-0.144322
-0.147578
-0.150862
-0.154352
-0.157752
-0.160879
-0.163713
-0.166262
-0.168497
-0.170356
-0.171766
-0.172648
-0.172914
-0.172465
-0.171197
-0.169001
-0.165773
-0.133768
-0.138365
-0.141646
-0.144922
-0.148375
-0.151732
-0.154815
-0.157597
-0.160086
-0.162256
-0.16405
-0.1654
-0.166233
-0.166469
-0.16602
-0.16479
-0.162683
-0.159605
-0.12795
-0.132503
-0.1358
-0.139062
-0.142475
-0.145787
-0.148826
-0.151561
-0.153997
-0.156111
-0.157851
-0.159155
-0.159954
-0.160176
-0.15974
-0.158562
-0.156555
-0.153636
-0.122249
-0.126748
-0.130049
-0.133293
-0.136663
-0.139929
-0.142925
-0.145616
-0.148005
-0.150072
-0.151768
-0.153037
-0.153814
-0.154035
-0.153626
-0.152512
-0.150614
-0.147859
-0.116673
-0.121107
-0.124404
-0.127624
-0.130949
-0.134168
-0.137122
-0.139771
-0.142118
-0.144145
-0.145807
-0.14705
-0.147818
-0.148049
-0.147679
-0.146638
-0.144857
-0.14227
-0.111228
-0.115588
-0.118874
-0.122065
-0.125342
-0.128514
-0.131425
-0.134035
-0.136345
-0.138338
-0.139973
-0.141201
-0.141968
-0.14222
-0.141897
-0.140938
-0.13928
-0.136866
-0.105921
-0.1102
-0.113466
-0.116625
-0.119853
-0.122974
-0.125843
-0.128417
-0.130693
-0.132657
-0.134273
-0.135493
-0.136268
-0.136549
-0.136282
-0.135412
-0.133882
-0.131642
-0.100757
-0.104949
-0.108188
-0.111311
-0.114487
-0.117559
-0.120385
-0.122923
-0.12517
-0.12711
-0.128711
-0.12993
-0.130721
-0.131038
-0.130834
-0.130057
-0.12866
-0.126595
-0.0957405
-0.0998399
-0.103047
-0.10613
-0.109254
-0.112275
-0.115059
-0.117563
-0.119782
-0.121703
-0.123294
-0.124517
-0.125329
-0.125689
-0.125552
-0.124874
-0.12361
-0.12172
-0.0908759
-0.0948788
-0.0980483
-0.10109
-0.10416
-0.107128
-0.10987
-0.112341
-0.114535
-0.11644
-0.118026
-0.119258
-0.120096
-0.120503
-0.120437
-0.11986
-0.118732
-0.117015
-0.0861664
-0.09007
-0.0931976
-0.096195
-0.0992105
-0.102127
-0.104826
-0.107265
-0.109436
-0.111326
-0.112911
-0.114155
-0.115024
-0.115481
-0.11549
-0.115016
-0.114023
-0.112478
-0.0816151
-0.0854172
-0.0884995
-0.0914507
-0.0944109
-0.0972744
-0.0999314
-0.102339
-0.104488
-0.106367
-0.107953
-0.109212
-0.110114
-0.110624
-0.11071
-0.11034
-0.109481
-0.108104
-0.0772244
-0.0809237
-0.0839577
-0.0868613
-0.089766
-0.0925769
-0.0951918
-0.0975686
-0.0996973
-0.101567
-0.103155
-0.104432
-0.105369
-0.105934
-0.106098
-0.105831
-0.105105
-0.103893
-0.072996
-0.0765923
-0.0795757
-0.0824307
-0.0852799
-0.0880384
-0.0906115
-0.092958
-0.0950672
-0.0969285
-0.098521
-0.0998179
-0.100791
-0.101412
-0.101653
-0.101489
-0.100893
-0.099842
-0.0689317
-0.0724253
-0.0753563
-0.0781622
-0.0809562
-0.0836627
-0.0861942
-0.088511
-0.0906017
-0.0924556
-0.0940538
-0.0953709
-0.0963808
-0.0970578
-0.0973767
-0.0973133
-0.0968443
-0.0959489
-0.09461
-0.0650326
-0.0684245
-0.0713022
-0.0740585
-0.0767979
-0.0794531
-0.0819436
-0.0842311
-0.0863038
-0.0881513
-0.0897557
-0.0910938
-0.092141
-0.0928736
-0.0932686
-0.0933038
-0.092958
-0.0922127
-0.0910523
-0.0612997
-0.0645915
-0.0674152
-0.0701221
-0.0728078
-0.0754124
-0.0778625
-0.0801213
-0.0821766
-0.0840182
-0.0856293
-0.0869884
-0.0880726
-0.08886
-0.0893293
-0.0894601
-0.0892334
-0.0886322
-0.0876427
-0.0577338
-0.0609276
-0.0636972
-0.0663552
-0.0689882
-0.0715434
-0.0739536
-0.0761842
-0.0782226
-0.0800586
-0.0816767
-0.0830565
-0.0841771
-0.0850178
-0.0855591
-0.0857823
-0.0856699
-0.0852066
-0.0843799
-0.0543353
-0.0574339
-0.0601498
-0.0627594
-0.0653411
-0.0678481
-0.0702194
-0.0724224
-0.0744442
-0.0762749
-0.0778998
-0.0793
-0.0804558
-0.0813481
-0.0819587
-0.0822705
-0.0822674
-0.0819355
-0.0812634
-0.0511049
-0.0541112
-0.0567741
-0.0593365
-0.0618683
-0.0643285
-0.066662
-0.0688379
-0.0708436
-0.0726691
-0.0743005
-0.0757203
-0.07691
-0.0778518
-0.0785288
-0.0789251
-0.0790261
-0.0788187
-0.0782927
-0.048043
-0.0509605
-0.0535715
-0.056088
-0.0585716
-0.0609866
-0.0632832
-0.0654329
-0.0674228
-0.0692432
-0.0708807
-0.0723191
-0.0735411
-0.0745301
-0.0752703
-0.0757468
-0.0759462
-0.0758565
-0.0754681
-0.0451502
-0.0479825
-0.0505431
-0.0530151
-0.0554525
-0.057824
-0.0600851
-0.0622093
-0.0641839
-0.0659991
-0.0676423
-0.0690982
-0.0703508
-0.0713844
-0.0721842
-0.0727364
-0.0730285
-0.0730493
-0.0727899
-0.042427
-0.0451782
-0.0476901
-0.0501194
-0.0525127
-0.0548425
-0.0570696
-0.0591691
-0.0611287
-0.0629387
-0.0645871
-0.0660594
-0.0673406
-0.0684161
-0.0692719
-0.0698952
-0.0702741
-0.0703982
-0.0702593
-0.0398743
-0.0425486
-0.0450139
-0.0474024
-0.0497537
-0.052044
-0.0542385
-0.0563143
-0.0582595
-0.0600643
-0.0617172
-0.0632047
-0.0645126
-0.0656271
-0.0665351
-0.0672246
-0.0676844
-0.0679047
-0.0678777
-0.0374931
-0.0400951
-0.042516
-0.0448658
-0.0471775
-0.0494305
-0.0515939
-0.0536472
-0.0555784
-0.057378
-0.0590349
-0.0605362
-0.0618688
-0.0630194
-0.0639759
-0.0647267
-0.0652614
-0.0655706
-0.0656469
-0.0352848
-0.0378192
-0.0401982
-0.0425117
-0.0447862
-0.0470041
-0.0491384
-0.0511703
-0.0530882
-0.0548826
-0.0565428
-0.0580567
-0.0594118
-0.0605957
-0.0615967
-0.0624039
-0.0630074
-0.0633984
-0.0635695
-0.0332512
-0.0357229
-0.0380628
-0.0403423
-0.0425824
-0.0447676
-0.0468747
-0.0488865
-0.0507917
-0.052581
-0.054244
-0.0557692
-0.0571447
-0.0583589
-0.0594005
-0.0602592
-0.0609255
-0.0613909
-0.0616486
-0.0313946
-0.0338088
-0.0361123
-0.0383605
-0.0405689
-0.0427241
-0.044806
-0.0467991
-0.0486924
-0.0504767
-0.052142
-0.0536773
-0.0550711
-0.0563126
-0.0573909
-0.0582961
-0.0590192
-0.059552
-0.0598877
-0.0297181
-0.0320799
-0.0343503
-0.0365699
-0.0387496
-0.0408774
-0.0429363
-0.0449121
-0.0467945
-0.0485741
-0.0502411
-0.0517851
-0.0531953
-0.0544611
-0.0555721
-0.056519
-0.0572929
-0.0578859
-0.0582913
-0.0282251
-0.0305403
-0.0327808
-0.0349748
-0.0371286
-0.039232
-0.0412702
-0.0432304
-0.0451028
-0.0468779
-0.0485463
-0.050098
-0.0515224
-0.0528095
-0.0539495
-0.054933
-0.0557516
-0.0563977
-0.0568646
-0.0269206
-0.0291947
-0.0314089
-0.0335803
-0.0357116
-0.0377934
-0.0398133
-0.0417598
-0.0436232
-0.0453943
-0.0470637
-0.0486218
-0.0500585
-0.051364
-0.0525289
-0.0535442
-0.0544016
-0.0550936
-0.0556137
-0.0258099
-0.028049
-0.0302406
-0.0323927
-0.0345047
-0.0365682
-0.0385725
-0.0405071
-0.0423627
-0.0441302
-0.0458004
-0.0473638
-0.0488107
-0.0501318
-0.0513177
-0.0523598
-0.0532499
-0.0539806
-0.0545457
-0.0249007
-0.0271108
-0.0292838
-0.03142
-0.0335162
-0.0355646
-0.0375559
-0.0394807
-0.0413299
-0.0430943
-0.044765
-0.0463327
-0.0477879
-0.0491215
-0.0503245
-0.0513883
-0.052305
-0.0530672
-0.0536688
-0.0241994
-0.0263879
-0.0285465
-0.0306707
-0.0327548
-0.0347917
-0.0367731
-0.0386904
-0.0405345
-0.0422966
-0.0439677
-0.0455385
-0.0470001
-0.0483433
-0.0495593
-0.0506397
-0.0515767
-0.0523631
-0.0529925
-0.0237207
-0.0258931
-0.0280418
-0.0301576
-0.0322333
-0.0342622
-0.0362367
-0.0381486
-0.0399892
-0.0417496
-0.0434208
-0.0449938
-0.0464596
-0.0478093
-0.0490342
-0.050126
-0.0510768
-0.0518796
-0.0525281
-0.0234683
-0.025635
-0.0277793
-0.0298912
-0.031963
-0.0339881
-0.0359593
-0.0378687
-0.0397076
-0.0414672
-0.0431386
-0.0447128
-0.0461808
-0.0475339
-0.0487633
-0.0498609
-0.0508189
-0.0516302
-0.0522885
-0.212826
-0.215453
-0.217972
-0.220386
-0.222697
-0.224907
-0.227018
-0.229035
-0.230964
-0.232813
-0.234591
-0.236314
-0.237999
-0.239667
-0.241345
-0.243061
-0.244852
-0.246757
-0.248832
-0.251161
-0.253887
-0.257305
-0.262298
-0.272134
-0.20595
-0.20872
-0.211396
-0.213981
-0.216479
-0.218893
-0.22123
-0.223495
-0.225699
-0.227852
-0.22997
-0.232072
-0.23418
-0.236324
-0.238539
-0.240867
-0.243361
-0.246083
-0.249116
-0.252564
-0.256555
-0.261223
-0.266388
-0.275739
-0.199246
-0.202168
-0.205012
-0.207783
-0.210487
-0.213128
-0.215715
-0.218256
-0.220759
-0.223236
-0.225701
-0.228169
-0.230659
-0.233193
-0.235794
-0.23849
-0.241311
-0.24429
-0.247458
-0.250841
-0.254449
-0.258378
-0.262119
-0.270556
-0.19264
-0.195681
-0.198655
-0.201567
-0.204422
-0.207225
-0.209982
-0.2127
-0.215387
-0.21805
-0.220701
-0.223348
-0.226006
-0.228688
-0.231409
-0.234187
-0.237041
-0.239992
-0.243065
-0.246299
-0.249728
-0.253596
-0.257203
-0.265408
-0.186087
-0.189215
-0.192284
-0.195299
-0.198264
-0.201182
-0.20406
-0.206902
-0.209715
-0.212506
-0.215283
-0.218056
-0.220835
-0.223632
-0.226464
-0.229347
-0.232304
-0.235362
-0.238553
-0.241927
-0.245487
-0.249478
-0.252973
-0.260471
-0.179607
-0.1828
-0.185941
-0.189036
-0.192086
-0.195096
-0.198072
-0.201018
-0.203939
-0.206843
-0.209737
-0.212629
-0.215531
-0.218453
-0.221409
-0.224416
-0.227492
-0.230658
-0.233932
-0.237345
-0.240863
-0.244732
-0.248027
-0.254806
-0.173221
-0.176459
-0.179654
-0.182807
-0.185922
-0.189004
-0.192056
-0.195083
-0.19809
-0.201083
-0.204069
-0.207054
-0.210047
-0.213057
-0.216095
-0.21917
-0.222297
-0.225487
-0.228752
-0.232124
-0.235565
-0.239335
-0.242586
-0.248739
-0.166936
-0.170203
-0.173431
-0.176623
-0.179783
-0.182913
-0.186018
-0.189102
-0.192168
-0.195222
-0.198268
-0.201313
-0.204362
-0.207424
-0.210504
-0.213613
-0.21676
-0.219959
-0.223219
-0.226573
-0.229983
-0.233678
-0.23692
-0.242448
-0.164038
-0.167282
-0.170496
-0.173681
-0.17684
-0.179978
-0.183096
-0.186199
-0.189291
-0.192376
-0.195458
-0.198543
-0.201637
-0.204746
-0.207878
-0.211041
-0.214246
-0.217501
-0.22083
-0.224194
-0.227784
-0.231007
-0.235958
-0.157972
-0.161218
-0.164438
-0.167632
-0.170805
-0.173958
-0.177094
-0.180217
-0.183329
-0.186435
-0.189538
-0.192643
-0.195755
-0.198878
-0.202018
-0.205183
-0.208378
-0.211609
-0.214895
-0.218206
-0.221691
-0.224904
-0.22936
-0.152011
-0.155248
-0.15846
-0.161651
-0.164822
-0.167976
-0.171115
-0.174243
-0.177361
-0.180473
-0.183582
-0.186691
-0.189805
-0.192926
-0.19606
-0.199211
-0.202385
-0.205586
-0.208829
-0.212091
-0.215481
-0.218682
-0.222727
-0.146161
-0.149376
-0.15257
-0.155745
-0.158903
-0.162046
-0.165176
-0.168295
-0.171406
-0.17451
-0.177612
-0.180712
-0.183816
-0.186924
-0.190042
-0.193172
-0.196319
-0.199487
-0.202685
-0.205899
-0.209202
-0.212381
-0.216098
-0.140426
-0.14361
-0.146776
-0.149925
-0.153059
-0.15618
-0.15929
-0.162389
-0.165482
-0.168568
-0.171651
-0.174733
-0.177816
-0.180903
-0.183996
-0.187099
-0.190213
-0.193343
-0.196495
-0.199659
-0.202883
-0.206033
-0.209498
-0.134809
-0.137954
-0.141083
-0.144198
-0.147299
-0.150389
-0.153469
-0.15654
-0.159604
-0.162664
-0.165719
-0.168774
-0.171828
-0.174885
-0.177947
-0.181015
-0.184092
-0.18718
-0.190284
-0.193398
-0.196551
-0.199666
-0.202939
-0.129313
-0.132412
-0.135497
-0.138569
-0.14163
-0.144681
-0.147723
-0.150758
-0.153786
-0.15681
-0.159831
-0.16285
-0.165869
-0.168889
-0.171913
-0.174941
-0.177976
-0.181019
-0.184074
-0.187138
-0.190226
-0.193299
-0.196427
-0.123941
-0.126987
-0.130022
-0.133046
-0.136059
-0.139064
-0.142062
-0.145053
-0.148038
-0.15102
-0.153999
-0.156976
-0.159953
-0.162931
-0.165911
-0.168895
-0.171884
-0.174879
-0.177883
-0.180895
-0.183921
-0.186948
-0.189962
-0.118694
-0.121683
-0.124662
-0.127631
-0.130592
-0.133545
-0.136492
-0.139433
-0.14237
-0.145303
-0.148234
-0.151164
-0.154093
-0.157023
-0.159955
-0.16289
-0.165829
-0.168773
-0.171724
-0.174682
-0.177649
-0.180624
-0.183548
-0.113574
-0.116501
-0.119419
-0.12233
-0.125232
-0.128129
-0.13102
-0.133906
-0.136789
-0.139669
-0.142546
-0.145423
-0.148299
-0.151177
-0.154056
-0.156938
-0.159823
-0.162713
-0.165609
-0.168511
-0.171418
-0.174337
-0.177186
-0.108582
-0.111444
-0.114297
-0.117144
-0.119985
-0.122821
-0.125651
-0.128478
-0.131302
-0.134124
-0.136944
-0.139763
-0.142582
-0.145402
-0.148225
-0.151049
-0.153877
-0.156709
-0.159546
-0.162389
-0.165236
-0.168096
-0.170877
-0.103718
-0.106511
-0.109298
-0.112078
-0.114854
-0.117624
-0.120391
-0.123155
-0.125916
-0.128675
-0.131433
-0.134191
-0.136949
-0.139708
-0.14247
-0.145233
-0.148
-0.150771
-0.153546
-0.156328
-0.159111
-0.16191
-0.164627
-0.0989834
-0.101705
-0.104422
-0.107133
-0.10984
-0.112543
-0.115243
-0.11794
-0.120635
-0.123328
-0.126021
-0.128714
-0.131408
-0.134102
-0.136799
-0.139498
-0.1422
-0.144907
-0.147617
-0.150334
-0.153052
-0.155785
-0.158438
-0.0943768
-0.097026
-0.0996704
-0.10231
-0.104946
-0.107579
-0.110209
-0.112837
-0.115464
-0.118089
-0.120714
-0.123339
-0.125964
-0.128591
-0.13122
-0.133852
-0.136487
-0.139125
-0.141768
-0.144416
-0.147066
-0.14973
-0.152318
-0.0898982
-0.0924733
-0.0950441
-0.0976111
-0.100175
-0.102736
-0.105294
-0.107851
-0.110406
-0.112961
-0.115515
-0.11807
-0.120625
-0.123182
-0.12574
-0.128301
-0.130866
-0.133433
-0.136005
-0.138582
-0.141162
-0.143754
-0.146274
-0.0855469
-0.0880469
-0.0905431
-0.093036
-0.095526
-0.0980134
-0.100499
-0.102983
-0.105465
-0.107947
-0.110429
-0.112911
-0.115394
-0.117879
-0.120365
-0.122853
-0.125345
-0.127839
-0.130338
-0.132842
-0.135347
-0.137865
-0.140315
-0.0813218
-0.0837463
-0.0861673
-0.0885854
-0.0910008
-0.0934139
-0.0958252
-0.0982351
-0.100644
-0.103052
-0.10546
-0.107868
-0.110277
-0.112688
-0.115099
-0.117513
-0.11993
-0.12235
-0.124773
-0.127201
-0.129631
-0.132071
-0.134448
-0.077222
-0.0795708
-0.0819164
-0.0842593
-0.0865997
-0.088938
-0.0912746
-0.0936098
-0.0959439
-0.0982774
-0.100611
-0.102944
-0.105278
-0.107613
-0.109949
-0.112287
-0.114628
-0.116971
-0.119318
-0.121668
-0.12402
-0.126382
-0.128684
-0.0732462
-0.0755195
-0.0777898
-0.0800576
-0.082323
-0.0845863
-0.0868479
-0.0891081
-0.0913671
-0.0936255
-0.0958834
-0.0981412
-0.100399
-0.102658
-0.104918
-0.10718
-0.109443
-0.111709
-0.113978
-0.116249
-0.118523
-0.120805
-0.12303
-0.069393
-0.0715914
-0.0737869
-0.0759798
-0.0781704
-0.080359
-0.0825457
-0.084731
-0.086915
-0.0890981
-0.0912806
-0.0934628
-0.095645
-0.0978276
-0.100011
-0.102195
-0.104381
-0.106569
-0.108759
-0.110951
-0.113145
-0.115346
-0.117495
-0.0656612
-0.0677853
-0.0699067
-0.0720254
-0.0741418
-0.0762561
-0.0783685
-0.0804792
-0.0825885
-0.0846967
-0.0868039
-0.0889106
-0.091017
-0.0931234
-0.0952301
-0.0973374
-0.0994457
-0.101555
-0.103666
-0.10578
-0.107894
-0.110014
-0.112084
-0.0620493
-0.0641002
-0.0661483
-0.0681938
-0.0702368
-0.0722776
-0.0743163
-0.0763532
-0.0783884
-0.0804223
-0.0824549
-0.0844866
-0.0865176
-0.0885482
-0.0905787
-0.0926093
-0.0946404
-0.0966721
-0.0987049
-0.100739
-0.102774
-0.104813
-0.106805
-0.0585557
-0.0605346
-0.0625107
-0.064484
-0.0664548
-0.0684231
-0.0703892
-0.0723532
-0.0743153
-0.0762757
-0.0782345
-0.0801921
-0.0821486
-0.0841042
-0.0860592
-0.0880138
-0.0899683
-0.091923
-0.093878
-0.0958338
-0.0977894
-0.0997489
-0.101664
-0.0551791
-0.0570875
-0.0589928
-0.0608954
-0.0627951
-0.0646923
-0.066587
-0.0684793
-0.0703694
-0.0722575
-0.0741437
-0.0760282
-0.0779112
-0.0797929
-0.0816735
-0.0835532
-0.0854322
-0.0873107
-0.089189
-0.0910674
-0.092945
-0.0948255
-0.096664
-0.051918
-0.0537574
-0.0555936
-0.0574268
-0.0592571
-0.0610845
-0.0629092
-0.0647312
-0.0665508
-0.0683679
-0.0701829
-0.0719957
-0.0738066
-0.0756157
-0.0774232
-0.0792293
-0.0810341
-0.0828378
-0.0846407
-0.086443
-0.088244
-0.0900468
-0.0918102
-0.048771
-0.0505431
-0.0523118
-0.0540774
-0.0558398
-0.0575991
-0.0593555
-0.0611089
-0.0628594
-0.0646073
-0.0663525
-0.0680952
-0.0698355
-0.0715736
-0.0733096
-0.0750436
-0.0767758
-0.0785063
-0.0802354
-0.0819632
-0.0836891
-0.085416
-0.0871057
-0.0457367
-0.0474433
-0.0491465
-0.0508462
-0.0525426
-0.0542356
-0.0559253
-0.0576118
-0.0592951
-0.0609754
-0.0626527
-0.064327
-0.0659986
-0.0676674
-0.0693336
-0.0709973
-0.0726587
-0.0743179
-0.0759749
-0.0776301
-0.0792828
-0.0809356
-0.0825535
-0.0428139
-0.044457
-0.0460964
-0.0477322
-0.0493644
-0.0509931
-0.0526181
-0.0542396
-0.0558577
-0.0574723
-0.0590835
-0.0606914
-0.0622961
-0.0638976
-0.065496
-0.0670915
-0.068684
-0.0702738
-0.0718609
-0.0734455
-0.075027
-0.0766078
-0.0781559
-0.0400012
-0.0415829
-0.0431606
-0.0447346
-0.0463047
-0.0478709
-0.0494333
-0.0509919
-0.0525466
-0.0540976
-0.0556449
-0.0571884
-0.0587283
-0.0602646
-0.0617973
-0.0633266
-0.0648525
-0.0663751
-0.0678944
-0.0694106
-0.0709233
-0.0724344
-0.0739149
-0.0372977
-0.0388199
-0.0403381
-0.0418523
-0.0433624
-0.0448684
-0.0463702
-0.047868
-0.0493616
-0.0508512
-0.0523366
-0.0538179
-0.0552953
-0.0567685
-0.0582379
-0.0597033
-0.0611648
-0.0626225
-0.0640764
-0.0655267
-0.0669728
-0.0684167
-0.069832
-0.0347021
-0.0361672
-0.037628
-0.0390846
-0.0405369
-0.0419848
-0.0434284
-0.0448675
-0.0463023
-0.0477326
-0.0491585
-0.0505799
-0.051997
-0.0534096
-0.0548178
-0.0562217
-0.0576213
-0.0590165
-0.0604075
-0.0617943
-0.0631766
-0.0645558
-0.0659085
-0.0322136
-0.0336237
-0.0350295
-0.0364307
-0.0378275
-0.0392196
-0.0406071
-0.04199
-0.0433681
-0.0447416
-0.0461103
-0.0474742
-0.0488334
-0.0501878
-0.0515374
-0.0528822
-0.0542223
-0.0555577
-0.0568883
-0.0582143
-0.0595353
-0.0608526
-0.0621452
-0.0298314
-0.0311889
-0.0325418
-0.03389
-0.0352335
-0.0365722
-0.037906
-0.0392349
-0.0405589
-0.0418778
-0.0431917
-0.0445006
-0.0458043
-0.047103
-0.0483965
-0.0496848
-0.0509681
-0.0522462
-0.0535191
-0.054787
-0.0560495
-0.0573077
-0.0585428
-0.0275548
-0.0288619
-0.0301643
-0.0314618
-0.0327544
-0.034042
-0.0353246
-0.0366019
-0.0378741
-0.039141
-0.0404026
-0.0416589
-0.0429097
-0.0441552
-0.0453952
-0.0466297
-0.0478587
-0.0490822
-0.0503002
-0.0515127
-0.0527195
-0.0539214
-0.0551019
-0.0253833
-0.0266424
-0.0278966
-0.0291459
-0.03039
-0.0316289
-0.0328625
-0.0340908
-0.0353136
-0.036531
-0.0377428
-0.038949
-0.0401495
-0.0413444
-0.0425335
-0.0437168
-0.0448943
-0.046066
-0.0472318
-0.0483918
-0.0495457
-0.0506943
-0.0518229
-0.0233165
-0.02453
-0.0257384
-0.0269417
-0.0281397
-0.0293324
-0.0305196
-0.0317012
-0.0328773
-0.0340476
-0.0352122
-0.0363709
-0.0375237
-0.0386706
-0.0398115
-0.0409463
-0.0420751
-0.0431977
-0.0443141
-0.0454244
-0.0465283
-0.0476265
-0.0487062
-0.0213542
-0.0225245
-0.0236896
-0.0248494
-0.0260037
-0.0271526
-0.0282958
-0.0294333
-0.0305651
-0.0316909
-0.0328108
-0.0339246
-0.0350324
-0.036134
-0.0372293
-0.0383184
-0.0394011
-0.0404775
-0.0415474
-0.0426109
-0.0436677
-0.0447185
-0.0457521
-0.0194966
-0.020626
-0.0217501
-0.0228688
-0.023982
-0.0250895
-0.0261913
-0.0272872
-0.0283771
-0.0294611
-0.0305389
-0.0316105
-0.0326758
-0.0337347
-0.0347873
-0.0358333
-0.0368728
-0.0379057
-0.038932
-0.0399516
-0.0409643
-0.0419706
-0.042961
-0.0177437
-0.0188347
-0.0199203
-0.0210004
-0.0220748
-0.0231435
-0.0242063
-0.0252631
-0.0263139
-0.0273585
-0.0283968
-0.0294288
-0.0304543
-0.0314733
-0.0324858
-0.0334916
-0.0344907
-0.035483
-0.0364684
-0.037447
-0.0384185
-0.0393834
-0.0403335
-0.0160962
-0.0171512
-0.0182007
-0.0192446
-0.0202828
-0.0213151
-0.0223415
-0.0233618
-0.0243759
-0.0253837
-0.0263852
-0.0273802
-0.0283686
-0.0293505
-0.0303256
-0.0312939
-0.0322553
-0.0332098
-0.0341574
-0.0350978
-0.0360312
-0.0369576
-0.0378702
-0.0155763
-0.0165921
-0.0176023
-0.0186067
-0.0196052
-0.0205977
-0.021584
-0.022564
-0.0235377
-0.024505
-0.0254656
-0.0264197
-0.027367
-0.0283075
-0.0292411
-0.0301677
-0.0310873
-0.0319998
-0.0329051
-0.0338031
-0.0346941
-0.0355723
-0.0141109
-0.0150956
-0.0160746
-0.0170477
-0.0180149
-0.018976
-0.0199309
-0.0208795
-0.0218217
-0.0227573
-0.0236864
-0.0246087
-0.0255242
-0.0264329
-0.0273345
-0.0282292
-0.0291167
-0.029997
-0.0308701
-0.0317358
-0.0325943
-0.0334409
-0.0127566
-0.0137126
-0.0146629
-0.0156073
-0.0165457
-0.017478
-0.0184041
-0.0193238
-0.0202371
-0.0211438
-0.0220439
-0.0229372
-0.0238237
-0.0247033
-0.0255759
-0.0264414
-0.0272997
-0.0281507
-0.0289945
-0.0298308
-0.0306599
-0.0314778
-0.0115153
-0.0124451
-0.0133692
-0.0142874
-0.0151996
-0.0161057
-0.0170055
-0.017899
-0.0187861
-0.0196666
-0.0205404
-0.0214075
-0.0222677
-0.023121
-0.0239673
-0.0248065
-0.0256384
-0.0264631
-0.0272805
-0.0280905
-0.0288931
-0.0296853
-0.0103891
-0.0112952
-0.0121957
-0.0130902
-0.0139788
-0.0148613
-0.0157376
-0.0166076
-0.0174711
-0.0183281
-0.0191784
-0.020022
-0.0208588
-0.0216886
-0.0225114
-0.0233272
-0.0241357
-0.024937
-0.025731
-0.0265176
-0.0272968
-0.0280663
-0.0093811
-0.0102662
-0.0111455
-0.0120191
-0.0128867
-0.0137482
-0.0146036
-0.0154527
-0.0162953
-0.0171315
-0.0179611
-0.018784
-0.0196001
-0.0204094
-0.0212116
-0.0220068
-0.0227949
-0.0235758
-0.0243493
-0.0251156
-0.0258744
-0.0266241
-0.00849421
-0.00936083
-0.0102218
-0.011077
-0.0119264
-0.0127697
-0.013607
-0.014438
-0.0152627
-0.0160809
-0.0168927
-0.0176978
-0.0184961
-0.0192877
-0.0200723
-0.02085
-0.0216206
-0.0223841
-0.0231403
-0.0238892
-0.0246308
-0.0253638
-0.00773314
-0.00858389
-0.00942908
-0.0102686
-0.0111023
-0.0119301
-0.0127519
-0.0135676
-0.014377
-0.0151801
-0.0159768
-0.016767
-0.0175505
-0.0183273
-0.0190973
-0.0198605
-0.0206167
-0.0213658
-0.0221078
-0.0228427
-0.0235703
-0.0242898
-0.00710273
-0.0079406
-0.008773
-0.00959983
-0.010421
-0.0112363
-0.0120457
-0.0128492
-0.0136465
-0.0144375
-0.0152223
-0.0160006
-0.0167724
-0.0175376
-0.0182961
-0.0190479
-0.0197928
-0.0205307
-0.0212616
-0.0219855
-0.0227022
-0.0234111
-0.00660626
-0.00743365
-0.00825572
-0.00907236
-0.00988346
-0.0106889
-0.0114886
-0.0122825
-0.0130704
-0.0138523
-0.014628
-0.0153975
-0.0161607
-0.0169175
-0.0176677
-0.0184114
-0.0191485
-0.0198788
-0.0206023
-0.021319
-0.0220287
-0.0227312
-0.00626104
-0.0070817
-0.00789717
-0.00870732
-0.00951206
-0.0103113
-0.0111048
-0.0118927
-0.0126747
-0.0134508
-0.0142209
-0.0149849
-0.0157426
-0.0164941
-0.0172392
-0.0179778
-0.0187099
-0.0194354
-0.0201541
-0.020866
-0.0215712
-0.0222692
-0.00604452
-0.00686035
-0.00767124
-0.00847711
-0.00927786
-0.0100734
-0.0108636
-0.0116484
-0.0124277
-0.0132014
-0.0139695
-0.0147317
-0.0154882
-0.0162387
-0.0169832
-0.0177216
-0.0184538
-0.0191797
-0.0198994
-0.0206126
-0.0213193
-0.0220195
0.00418093
0.00336309
0.00254924
0.00173946
0.000933859
0.000132511
-0.000664501
-0.0014571
-0.00224519
-0.00302871
-0.00380756
-0.00458168
-0.00535098
-0.0061154
-0.00687485
-0.00762926
-0.00837856
-0.00912268
-0.00986155
-0.0105951
-0.0113233
-0.0120459
0.00398442
0.00316205
0.00234395
0.0015302
0.000720932
-8.37782e-05
-0.000883835
-0.00167915
-0.00246962
-0.00325517
-0.00403571
-0.00481115
-0.0055814
-0.00634639
-0.00710604
-0.00786026
-0.00860898
-0.00935212
-0.0100896
-0.0108214
-0.0115473
-0.0122673
0.00367845
0.00285008
0.00202609
0.00120659
0.000391685
-0.000418537
-0.00122398
-0.00202455
-0.00282016
-0.00361071
-0.00439613
-0.00517633
-0.00595121
-0.00672072
-0.00748476
-0.00824326
-0.00899615
-0.00974335
-0.0104848
-0.0112204
-0.0119502
-0.0126737
0.00408131
0.0032391
0.00240131
0.00156806
0.000739449
-8.44084e-05
-0.000903417
-0.00171747
-0.00252648
-0.00333035
-0.00412897
-0.00492227
-0.00571015
-0.00649251
-0.00726929
-0.0080404
-0.00880575
-0.00956527
-0.0103189
-0.0110665
-0.0118081
-0.0125436
-0.0132723
0.00353663
0.00268287
0.00183363
0.000989037
0.000149205
-0.000685763
-0.00151576
-0.0023407
-0.00316046
-0.00397496
-0.0047841
-0.00558779
-0.00638594
-0.00717846
-0.00796528
-0.00874631
-0.00952147
-0.0102907
-0.0110539
-0.011811
-0.012562
-0.0133068
-0.0140444
0.00288
0.00201207
0.00114877
0.000290195
-0.000563514
-0.00141226
-0.00225593
-0.00309443
-0.00392765
-0.00475549
-0.00557786
-0.00639466
-0.00720581
-0.00801121
-0.00881079
-0.00960445
-0.0103921
-0.0111737
-0.0119492
-0.0127185
-0.0134815
-0.0142382
-0.0149871
0.00211508
0.00123081
0.000351243
-0.000523513
-0.00139332
-0.00225809
-0.00311769
-0.00397204
-0.00482102
-0.00566454
-0.00650249
-0.0073348
-0.00816135
-0.00898208
-0.0097969
-0.0106057
-0.0114085
-0.0122051
-0.0129955
-0.0137796
-0.0145574
-0.0153288
-0.0160918
0.00124592
0.000343053
-0.000555058
-0.00144829
-0.00233652
-0.00321962
-0.00409751
-0.00497006
-0.00583718
-0.00669876
-0.00755472
-0.00840494
-0.00924936
-0.0100879
-0.0109204
-0.0117469
-0.0125672
-0.0133813
-0.0141892
-0.0149907
-0.0157857
-0.0165744
-0.017354
0.000274491
-0.000649112
-0.00156791
-0.00248177
-0.00339058
-0.00429421
-0.00519256
-0.00608553
-0.00697301
-0.0078549
-0.00873111
-0.00960153
-0.0104661
-0.0113247
-0.0121773
-0.0130237
-0.013864
-0.014698
-0.0155257
-0.016347
-0.0171619
-0.0179703
-0.0187689
-0.00079666
-0.00174311
-0.00268472
-0.00362136
-0.00455288
-0.0054792
-0.0064002
-0.00731577
-0.00822581
-0.00913021
-0.0100289
-0.0109218
-0.0118087
-0.0126897
-0.0135646
-0.0144334
-0.0152959
-0.0161521
-0.017002
-0.0178455
-0.0186825
-0.0195131
-0.0203329
-0.00196634
-0.00293769
-0.00390417
-0.00486564
-0.00582198
-0.00677307
-0.00771881
-0.00865909
-0.00959381
-0.0105229
-0.0114462
-0.0123636
-0.0132752
-0.0141807
-0.0150801
-0.0159734
-0.0168604
-0.0177412
-0.0186155
-0.0194835
-0.0203449
-0.0211999
-0.0220432
-0.0032332
-0.00423149
-0.00522488
-0.00621323
-0.00719642
-0.00817434
-0.00914689
-0.010114
-0.0110754
-0.0120313
-0.0129813
-0.0139255
-0.0148637
-0.0157959
-0.016722
-0.017642
-0.0185557
-0.0194631
-0.0203641
-0.0212587
-0.0221468
-0.0230286
-0.0238975
-0.00459674
-0.00562396
-0.00664625
-0.00766349
-0.00867554
-0.00968232
-0.0106837
-0.0116796
-0.0126699
-0.0136545
-0.0146333
-0.0156063
-0.0165733
-0.0175343
-0.0184892
-0.0194379
-0.0203804
-0.0213166
-0.0222464
-0.0231699
-0.0240868
-0.0249974
-0.0258941
-0.00605655
-0.00711467
-0.00816784
-0.00921595
-0.0102589
-0.0112965
-0.0123287
-0.0133554
-0.0143765
-0.0153919
-0.0164016
-0.0174053
-0.0184032
-0.019395
-0.0203807
-0.0213603
-0.0223336
-0.0233007
-0.0242614
-0.0252158
-0.0261636
-0.0271053
-0.0280316
-0.00761278
-0.00870375
-0.00978976
-0.0108707
-0.0119464
-0.0130168
-0.0140818
-0.0151413
-0.0161952
-0.0172434
-0.0182858
-0.0193224
-0.0203531
-0.0213777
-0.0223963
-0.0234087
-0.0244149
-0.0254149
-0.0264086
-0.0273959
-0.0283767
-0.0293515
-0.0303095
-0.00926575
-0.0103915
-0.0115123
-0.012628
-0.0137384
-0.0148436
-0.0159433
-0.0170376
-0.0181262
-0.0192091
-0.0202863
-0.0213576
-0.022423
-0.0234824
-0.0245358
-0.0255831
-0.0266241
-0.027659
-0.0286876
-0.0297099
-0.0307257
-0.0317356
-0.0327271
-0.0110162
-0.0121787
-0.0133361
-0.0144885
-0.0156356
-0.0167774
-0.0179138
-0.0190446
-0.0201699
-0.0212895
-0.0224033
-0.0235113
-0.0246134
-0.0257095
-0.0267996
-0.0278837
-0.0289615
-0.0300333
-0.0310987
-0.0321579
-0.0332107
-0.0342576
-0.0352846
-0.012865
-0.0140661
-0.0152622
-0.0164531
-0.0176388
-0.0188191
-0.019994
-0.0211634
-0.0223272
-0.0234853
-0.0246377
-0.0257843
-0.0269249
-0.0280596
-0.0291884
-0.030311
-0.0314276
-0.032538
-0.0336423
-0.0347403
-0.0358319
-0.0369178
-0.037982
-0.0148134
-0.016055
-0.0172916
-0.018523
-0.0197491
-0.0209698
-0.0221851
-0.0233949
-0.0245991
-0.0257976
-0.0269904
-0.0281773
-0.0293584
-0.0305336
-0.0317028
-0.032866
-0.0340231
-0.0351741
-0.0363189
-0.0374576
-0.0385899
-0.0397166
-0.0408198
-0.0168629
-0.0181469
-0.0194258
-0.0206995
-0.0219678
-0.0232309
-0.0244884
-0.0257404
-0.0269868
-0.0282276
-0.0294626
-0.0306917
-0.0319151
-0.0331325
-0.034344
-0.0355494
-0.0367489
-0.0379423
-0.0391295
-0.0403107
-0.0414854
-0.0426547
-0.0437986
-0.019015
-0.0203432
-0.0216663
-0.0229842
-0.0242967
-0.0256038
-0.0269054
-0.0282015
-0.0294919
-0.0307766
-0.0320556
-0.0333288
-0.0345962
-0.0358576
-0.0371131
-0.0383626
-0.0396062
-0.0408437
-0.0420751
-0.0433004
-0.0445194
-0.045733
-0.0469192
-0.0212716
-0.022646
-0.0240151
-0.025379
-0.0267374
-0.0280904
-0.0294378
-0.0307797
-0.0321159
-0.0334464
-0.0347711
-0.03609
-0.0374031
-0.0387103
-0.0400115
-0.0413068
-0.0425961
-0.0438794
-0.0451567
-0.0464279
-0.0476927
-0.0489524
-0.0501825
-0.0236348
-0.0250571
-0.0264741
-0.0278857
-0.0292919
-0.0306925
-0.0320875
-0.0334769
-0.0348606
-0.0362386
-0.0376108
-0.0389771
-0.0403376
-0.0416921
-0.0430408
-0.0443835
-0.0457202
-0.0470509
-0.0483756
-0.0496943
-0.0510066
-0.0523138
-0.0535893
-0.0261067
-0.0275787
-0.0290454
-0.0305065
-0.0319621
-0.0334121
-0.0348564
-0.0362951
-0.037728
-0.039155
-0.0405763
-0.0419917
-0.0434012
-0.0448047
-0.0462023
-0.047594
-0.0489797
-0.0503594
-0.0517331
-0.0531008
-0.054462
-0.0558184
-0.0571408
-0.0286896
-0.0302132
-0.0317312
-0.0332436
-0.0347504
-0.0362514
-0.0377467
-0.0392362
-0.0407199
-0.0421977
-0.0436696
-0.0451356
-0.0465956
-0.0480497
-0.0494978
-0.05094
-0.0523761
-0.0538062
-0.0552304
-0.0566485
-0.0580601
-0.059467
-0.0608377
-0.031386
-0.0329628
-0.0345339
-0.0360993
-0.0376588
-0.0392126
-0.0407604
-0.0423024
-0.0438384
-0.0453685
-0.0468926
-0.0484106
-0.0499227
-0.0514288
-0.0529288
-0.0544228
-0.0559108
-0.0573928
-0.0588687
-0.0603386
-0.0618019
-0.0632606
-0.0646808
-0.0341984
-0.0358302
-0.037456
-0.039076
-0.0406899
-0.0422979
-0.0438999
-0.0454958
-0.0470856
-0.0486694
-0.0502471
-0.0518187
-0.0533842
-0.0549436
-0.0564969
-0.0580441
-0.0595852
-0.0611202
-0.0626492
-0.0641721
-0.0656883
-0.0672
-0.068671
-0.0371295
-0.0388178
-0.0405
-0.0421761
-0.043846
-0.0455097
-0.0471672
-0.0488185
-0.0504636
-0.0521025
-0.0537351
-0.0553615
-0.0569817
-0.0585957
-0.0602035
-0.0618051
-0.0634005
-0.0649897
-0.0665729
-0.0681499
-0.0697201
-0.0712858
-0.0728086
-0.040182
-0.0419284
-0.0436685
-0.0454022
-0.0471295
-0.0488503
-0.0505648
-0.0522728
-0.0539744
-0.0556696
-0.0573584
-0.0590408
-0.0607169
-0.0623866
-0.0640499
-0.065707
-0.0673578
-0.0690023
-0.0706405
-0.0722726
-0.0738977
-0.0755183
-0.077094
-0.0433586
-0.0451646
-0.046964
-0.0487567
-0.0505427
-0.052322
-0.0540947
-0.0558607
-0.05762
-0.0593727
-0.0611187
-0.0628582
-0.0645912
-0.0663176
-0.0680375
-0.0697509
-0.0714579
-0.0731585
-0.0748527
-0.0765408
-0.0782215
-0.0798978
-0.0815271
-0.0466621
-0.0485291
-0.0503892
-0.0522422
-0.0540881
-0.0559271
-0.0577591
-0.0595841
-0.0614021
-0.0632133
-0.0650176
-0.0668151
-0.0686058
-0.0703898
-0.072167
-0.0739376
-0.0757016
-0.077459
-0.0792098
-0.0809544
-0.0826913
-0.084424
-0.0861074
-0.0500952
-0.0520246
-0.0539465
-0.055861
-0.057768
-0.0596676
-0.0615599
-0.0634449
-0.0653226
-0.0671931
-0.0690565
-0.0709127
-0.0727619
-0.0746041
-0.0764393
-0.0782676
-0.0800891
-0.0819038
-0.0837118
-0.0855132
-0.0873068
-0.0890961
-0.0908342
-0.0536608
-0.0556536
-0.0576385
-0.0596154
-0.0615844
-0.0635457
-0.0654991
-0.0674449
-0.069383
-0.0713135
-0.0732365
-0.0751521
-0.0770602
-0.0789611
-0.0808547
-0.0827411
-0.0846205
-0.0864928
-0.0883581
-0.0902167
-0.0920671
-0.0939132
-0.0957062
-0.0573616
-0.0594188
-0.0614675
-0.0635077
-0.0655396
-0.0675631
-0.0695784
-0.0715855
-0.0735845
-0.0755755
-0.0775586
-0.0795338
-0.0815013
-0.0834611
-0.0854133
-0.087358
-0.0892953
-0.0912253
-0.093148
-0.0950637
-0.0969709
-0.0988737
-0.100721
-0.0612
-0.0633225
-0.0654358
-0.06754
-0.0696352
-0.0717215
-0.0737991
-0.0758679
-0.0779281
-0.0799799
-0.0820232
-0.0840583
-0.0860851
-0.0881039
-0.0901147
-0.0921176
-0.0941128
-0.0961002
-0.0980801
-0.100053
-0.102016
-0.103975
-0.105878
-0.0651787
-0.067367
-0.0695454
-0.0717141
-0.073873
-0.0760224
-0.0781624
-0.0802931
-0.0824147
-0.0845272
-0.0866307
-0.0887254
-0.0908115
-0.092889
-0.0949581
-0.0970189
-0.0990715
-0.101116
-0.103153
-0.105181
-0.107201
-0.109216
-0.111172
-0.0693
-0.0715545
-0.0737983
-0.0760316
-0.0782544
-0.0804669
-0.0826694
-0.0848618
-0.0870444
-0.0892174
-0.0913808
-0.0935349
-0.0956797
-0.0978155
-0.0999423
-0.10206
-0.10417
-0.106271
-0.108363
-0.110448
-0.112522
-0.114592
-0.116601
-0.0735661
-0.0758869
-0.0781962
-0.0804939
-0.0827804
-0.0850558
-0.0873203
-0.0895741
-0.0918173
-0.0940502
-0.0962729
-0.0984856
-0.100688
-0.102882
-0.105065
-0.10724
-0.109405
-0.111562
-0.113709
-0.115848
-0.117977
-0.120101
-0.122162
-0.0779789
-0.0803659
-0.0827402
-0.0851021
-0.0874517
-0.0897894
-0.0921153
-0.0944297
-0.0967327
-0.0990246
-0.101306
-0.103576
-0.105836
-0.108086
-0.110325
-0.112555
-0.114775
-0.116986
-0.119187
-0.12138
-0.123561
-0.125738
-0.12785
-0.0825401
-0.0849927
-0.0874315
-0.0898567
-0.0922687
-0.0946677
-0.097054
-0.0994279
-0.10179
-0.104139
-0.106478
-0.108804
-0.11112
-0.113425
-0.115719
-0.118003
-0.120276
-0.12254
-0.124794
-0.127039
-0.129272
-0.131502
-0.133665
-0.0872511
-0.0897683
-0.0922705
-0.094758
-0.0972311
-0.0996901
-0.102135
-0.104567
-0.106986
-0.109392
-0.111786
-0.114167
-0.116537
-0.118896
-0.121243
-0.123579
-0.125905
-0.128221
-0.130526
-0.132823
-0.135107
-0.137388
-0.139603
-0.0921129
-0.0946934
-0.0972576
-0.0998057
-0.102338
-0.104855
-0.107358
-0.109846
-0.11232
-0.11478
-0.117228
-0.119662
-0.122084
-0.124494
-0.126893
-0.129281
-0.131657
-0.134024
-0.13638
-0.138727
-0.141063
-0.143393
-0.145665
-0.097126
-0.099768
-0.102392
-0.104999
-0.107589
-0.110162
-0.112719
-0.115261
-0.117788
-0.1203
-0.122799
-0.125284
-0.127756
-0.130216
-0.132664
-0.135101
-0.137528
-0.139944
-0.14235
-0.144748
-0.147136
-0.149517
-0.151852
-0.0995694
-0.102291
-0.104992
-0.107673
-0.110336
-0.11298
-0.115606
-0.118216
-0.120809
-0.123385
-0.125947
-0.128494
-0.131028
-0.133548
-0.136055
-0.138551
-0.141036
-0.143511
-0.145976
-0.148433
-0.150882
-0.153325
-0.155756
-0.158168
-0.104827
-0.107606
-0.110363
-0.113099
-0.115815
-0.11851
-0.121186
-0.123844
-0.126484
-0.129108
-0.131715
-0.134308
-0.136887
-0.139452
-0.142005
-0.144547
-0.147078
-0.149601
-0.152115
-0.154623
-0.157124
-0.159626
-0.162108
-0.164615
-0.110239
-0.113072
-0.115882
-0.118668
-0.121432
-0.124174
-0.126896
-0.129598
-0.132282
-0.134948
-0.137598
-0.140233
-0.142853
-0.14546
-0.148056
-0.150642
-0.153219
-0.155788
-0.158352
-0.160913
-0.163469
-0.166036
-0.168569
-0.171199
-0.115803
-0.118687
-0.121544
-0.124376
-0.127184
-0.129968
-0.132731
-0.135473
-0.138195
-0.140899
-0.143587
-0.146259
-0.148917
-0.151564
-0.154199
-0.156827
-0.159447
-0.162064
-0.164677
-0.167294
-0.169907
-0.172547
-0.175132
-0.177924
-0.12152
-0.124448
-0.127348
-0.13022
-0.133065
-0.135886
-0.138684
-0.14146
-0.144215
-0.146952
-0.149672
-0.152376
-0.155068
-0.157749
-0.160421
-0.163087
-0.16575
-0.168413
-0.171078
-0.173753
-0.176428
-0.179153
-0.181789
-0.184794
-0.127386
-0.130353
-0.133289
-0.136194
-0.139071
-0.141922
-0.144748
-0.14755
-0.150332
-0.153094
-0.15584
-0.158571
-0.161291
-0.164001
-0.166705
-0.169407
-0.17211
-0.174818
-0.177536
-0.180273
-0.183015
-0.185838
-0.188525
-0.19181
-0.1334
-0.136399
-0.139362
-0.142294
-0.145195
-0.148067
-0.150912
-0.153733
-0.156533
-0.159313
-0.162077
-0.164827
-0.167567
-0.170301
-0.173033
-0.175766
-0.178506
-0.181259
-0.184029
-0.186832
-0.189647
-0.192581
-0.19532
-0.198964
-0.13956
-0.142581
-0.145564
-0.148512
-0.151427
-0.154311
-0.157166
-0.159996
-0.162803
-0.165591
-0.168362
-0.171122
-0.173874
-0.176623
-0.179374
-0.182134
-0.184909
-0.187706
-0.190531
-0.193404
-0.196298
-0.199356
-0.202147
-0.206237
-0.145861
-0.148895
-0.151887
-0.154841
-0.157759
-0.160643
-0.163497
-0.166323
-0.169126
-0.17191
-0.174678
-0.177435
-0.180187
-0.18294
-0.1857
-0.188476
-0.191276
-0.194112
-0.196991
-0.199939
-0.202922
-0.206122
-0.20897
-0.213591
-0.152299
-0.155334
-0.158323
-0.16127
-0.164177
-0.167048
-0.169886
-0.172696
-0.175481
-0.178246
-0.180997
-0.18374
-0.18648
-0.189226
-0.191985
-0.194768
-0.197584
-0.200447
-0.203369
-0.206382
-0.209453
-0.2128
-0.21572
-0.220957
-0.158868
-0.16189
-0.164861
-0.167786
-0.170666
-0.173507
-0.176312
-0.179086
-0.181835
-0.184563
-0.187278
-0.189988
-0.192701
-0.195426
-0.198174
-0.200958
-0.20379
-0.206684
-0.209654
-0.212729
-0.215882
-0.219353
-0.222344
-0.228242
-0.165563
-0.168556
-0.171493
-0.174377
-0.177213
-0.180004
-0.182756
-0.185473
-0.188162
-0.190828
-0.193481
-0.19613
-0.198784
-0.201457
-0.204162
-0.206918
-0.209742
-0.212656
-0.215681
-0.218848
-0.222128
-0.225752
-0.228853
-0.235415
-0.172375
-0.175323
-0.178208
-0.181036
-0.183809
-0.186533
-0.189213
-0.191854
-0.194464
-0.19705
-0.19962
-0.202184
-0.204754
-0.207343
-0.209967
-0.212645
-0.215399
-0.218257
-0.221253
-0.224435
-0.227813
-0.231613
-0.234974
-0.24229
-0.179283
-0.182166
-0.18498
-0.187729
-0.190419
-0.193056
-0.195645
-0.198194
-0.200711
-0.203204
-0.205684
-0.208164
-0.210655
-0.213172
-0.215733
-0.218355
-0.221058
-0.223865
-0.2268
-0.229904
-0.233212
-0.23695
-0.240483
-0.248537
-0.186262
-0.189049
-0.191759
-0.194394
-0.196961
-0.199467
-0.201918
-0.204323
-0.206693
-0.209039
-0.211375
-0.213718
-0.216087
-0.218503
-0.220993
-0.223583
-0.226305
-0.229191
-0.232273
-0.235578
-0.239121
-0.242985
-0.246718
-0.255057
-0.193357
-0.196019
-0.198587
-0.201065
-0.203457
-0.205768
-0.208004
-0.210171
-0.212281
-0.214345
-0.21638
-0.218404
-0.220441
-0.222522
-0.224679
-0.226957
-0.229405
-0.232087
-0.235083
-0.238497
-0.242459
-0.2471
-0.252295
-0.261615
-0.200672
-0.203224
-0.205671
-0.208016
-0.210261
-0.21241
-0.214466
-0.216434
-0.218321
-0.220135
-0.221889
-0.223595
-0.225273
-0.226943
-0.22863
-0.230363
-0.232174
-0.234102
-0.236197
-0.238539
-0.241268
-0.244672
-0.249656
-0.25945
-0.0135444
-0.0157987
-0.0180443
-0.0202726
-0.0224768
-0.0246508
-0.0267882
-0.0288813
-0.030922
-0.0329012
-0.0348097
-0.0366377
-0.0383748
-0.0400101
-0.0415321
-0.0429287
-0.0441873
-0.0452945
-0.0137676
-0.016027
-0.0182772
-0.0205097
-0.0227183
-0.0248968
-0.0270386
-0.0291359
-0.0311803
-0.0331629
-0.0350746
-0.0369053
-0.0386449
-0.0402824
-0.0418062
-0.0432044
-0.0444641
-0.0455723
-0.0141891
-0.0164639
-0.0187239
-0.0209653
-0.0231831
-0.0253711
-0.027522
-0.0296276
-0.0316795
-0.033669
-0.0355867
-0.037423
-0.0391675
-0.0408092
-0.0423367
-0.0437378
-0.0449999
-0.0461097
-0.0148067
-0.0171016
-0.0193758
-0.0216299
-0.0238609
-0.0260624
-0.0282262
-0.0303436
-0.0324061
-0.0344052
-0.0363316
-0.0381757
-0.0399271
-0.0415748
-0.0431073
-0.0445127
-0.0457781
-0.0468903
-0.015606
-0.0179279
-0.0202204
-0.0224908
-0.0247389
-0.0269578
-0.029138
-0.0312705
-0.0333466
-0.0353579
-0.0372953
-0.0391492
-0.0409093
-0.0425645
-0.0441035
-0.0455141
-0.0467838
-0.0478991
-0.0165813
-0.0189353
-0.0212496
-0.0235395
-0.025808
-0.0280476
-0.0302475
-0.0323977
-0.0344898
-0.0365155
-0.0384658
-0.0403313
-0.0421014
-0.0437655
-0.0453119
-0.0467288
-0.0480034
-0.0491224
-0.0177247
-0.020116
-0.0224552
-0.0247676
-0.0270595
-0.0293227
-0.0315449
-0.0337154
-0.0358255
-0.0378673
-0.0398321
-0.0417104
-0.0434919
-0.0451657
-0.0467204
-0.0481442
-0.0494243
-0.0505475
-0.019031
-0.021464
-0.0238309
-0.0261681
-0.0284859
-0.0307754
-0.0330222
-0.0352147
-0.0373444
-0.0394037
-0.0413841
-0.0432762
-0.0450698
-0.046754
-0.0483177
-0.0497488
-0.051035
-0.0521628
-0.0204953
-0.0229741
-0.025371
-0.0277349
-0.0300809
-0.0323986
-0.0346718
-0.0368879
-0.0390383
-0.041116
-0.0431127
-0.0450191
-0.0468252
-0.0485202
-0.050093
-0.0515319
-0.0528244
-0.0539572
-0.0221136
-0.024642
-0.0270707
-0.029463
-0.0318387
-0.0341864
-0.0364872
-0.0387277
-0.0408996
-0.042996
-0.0450092
-0.0469302
-0.0487488
-0.0504545
-0.0520364
-0.053483
-0.054782
-0.0559202
-0.0238829
-0.026464
-0.0289259
-0.0313476
-0.0337544
-0.0361331
-0.0384623
-0.0407277
-0.0429211
-0.0450362
-0.0470658
-0.0490008
-0.0508315
-0.0525476
-0.0541383
-0.0555925
-0.0568979
-0.0580417
-0.0258006
-0.0284372
-0.0309332
-0.033385
-0.0358236
-0.0382338
-0.0405918
-0.0428818
-0.0450963
-0.0472295
-0.0492747
-0.0512231
-0.0530651
-0.0547907
-0.0563895
-0.0578507
-0.0591624
-0.0603119
-0.0278647
-0.030559
-0.0330896
-0.0355716
-0.0380422
-0.0404842
-0.0428704
-0.0451845
-0.047419
-0.0495692
-0.0516287
-0.053589
-0.055441
-0.0571749
-0.0587809
-0.0602484
-0.061566
-0.0627212
-0.0300738
-0.0328277
-0.0353926
-0.0379045
-0.0404068
-0.0428799
-0.0452936
-0.0476303
-0.0498834
-0.0520488
-0.0541207
-0.0560912
-0.0579514
-0.0596919
-0.0613036
-0.0627764
-0.0640993
-0.0652602
-0.0324268
-0.0352417
-0.0378402
-0.040381
-0.0429142
-0.0454173
-0.0478569
-0.0502143
-0.0524837
-0.054662
-0.056744
-0.0587221
-0.0605881
-0.0623333
-0.0639488
-0.0654255
-0.0667529
-0.0679194
-0.0349232
-0.0377998
-0.0404306
-0.0429987
-0.0455613
-0.0480928
-0.050556
-0.0529315
-0.0552144
-0.0574025
-0.0594915
-0.0614744
-0.0633434
-0.0650905
-0.0667078
-0.0681867
-0.0695175
-0.0706893
-0.0375627
-0.0405012
-0.0431623
-0.0457556
-0.0483456
-0.050903
-0.0533869
-0.0557773
-0.0580701
-0.0602644
-0.0623568
-0.0643408
-0.0662092
-0.0679552
-0.0695715
-0.0710506
-0.0723837
-0.0735603
-0.0403453
-0.0433452
-0.046034
-0.0486497
-0.0512643
-0.0538447
-0.0563457
-0.0587469
-0.0610453
-0.0632416
-0.0653329
-0.0673137
-0.0691777
-0.0709188
-0.0725311
-0.074008
-0.0753417
-0.0765228
-0.0432712
-0.0463316
-0.0490447
-0.0516793
-0.0543151
-0.0569146
-0.0594284
-0.0618356
-0.0641348
-0.0663279
-0.0684132
-0.0703859
-0.0722408
-0.0739729
-0.0755775
-0.0770494
-0.078382
-0.0795668
-0.0463408
-0.0494599
-0.0521932
-0.0548425
-0.0574955
-0.0601096
-0.0626312
-0.0650389
-0.067333
-0.0695172
-0.0715908
-0.0735498
-0.0753903
-0.0771086
-0.0787015
-0.0801652
-0.0814945
-0.0826822
-0.0495548
-0.0527303
-0.0554788
-0.0581378
-0.0608031
-0.0634266
-0.0659501
-0.068352
-0.0706347
-0.0728034
-0.0748587
-0.0767979
-0.078618
-0.0803171
-0.0818937
-0.0833455
-0.0846691
-0.0858588
-0.0529138
-0.0561424
-0.0589005
-0.0615635
-0.0642357
-0.0668625
-0.0693812
-0.0717703
-0.0740342
-0.0761803
-0.0782101
-0.0801223
-0.0819154
-0.0835894
-0.0851444
-0.0865804
-0.0878955
-0.0890859
-0.0564185
-0.0596964
-0.0624573
-0.0651179
-0.0677906
-0.0704141
-0.0729205
-0.0752888
-0.0775261
-0.0796413
-0.0816378
-0.0835153
-0.0852742
-0.0869163
-0.0884441
-0.0898596
-0.0911631
-0.0923528
-0.0600698
-0.0633922
-0.0661483
-0.0687992
-0.0714655
-0.0740779
-0.0765638
-0.0789028
-0.0811045
-0.0831802
-0.0851346
-0.086969
-0.0886856
-0.0902886
-0.0917829
-0.0931727
-0.0944611
-0.0956484
-0.0638683
-0.0672295
-0.0699724
-0.0726056
-0.0752576
-0.0778507
-0.0803069
-0.0826071
-0.0847637
-0.0867904
-0.0886932
-0.0904753
-0.092141
-0.0936969
-0.0951507
-0.0965093
-0.0977785
-0.0989615
-0.0678146
-0.071208
-0.0739284
-0.076535
-0.0791642
-0.0817288
-0.0841456
-0.0863967
-0.088498
-0.0904653
-0.0923064
-0.0940262
-0.0956316
-0.0971318
-0.0985374
-0.0998586
-0.101104
-0.102281
-0.0719092
-0.0753274
-0.0780148
-0.0805853
-0.0831825
-0.0857087
-0.0880753
-0.0902664
-0.0923013
-0.0941982
-0.0959667
-0.0976136
-0.0991485
-0.100584
-0.101933
-0.10321
-0.104427
-0.105594
-0.0761524
-0.0795869
-0.0822301
-0.084754
-0.0873092
-0.0897864
-0.0920915
-0.0942109
-0.0961676
-0.0979825
-0.0996667
-0.101229
-0.102683
-0.104043
-0.105327
-0.106552
-0.107735
-0.10889
-0.0805443
-0.0839855
-0.0865722
-0.0890385
-0.0915411
-0.0939579
-0.0961895
-0.0982248
-0.100091
-0.101811
-0.103399
-0.104865
-0.106226
-0.1075
-0.108709
-0.109875
-0.111018
-0.112157
-0.0850844
-0.0885219
-0.091039
-0.0934359
-0.0958747
-0.0982191
-0.100364
-0.102303
-0.104065
-0.105678
-0.107157
-0.108514
-0.109769
-0.110946
-0.11207
-0.113167
-0.114263
-0.115382
-0.0897724
-0.0931946
-0.0956279
-0.0979432
-0.100306
-0.102566
-0.104611
-0.106439
-0.108085
-0.109577
-0.110932
-0.112167
-0.113304
-0.114371
-0.115398
-0.116417
-0.11746
-0.118554
-0.094607
-0.0980016
-0.100336
-0.102557
-0.104832
-0.106993
-0.108926
-0.110629
-0.112144
-0.1135
-0.114718
-0.115816
-0.116821
-0.117766
-0.118685
-0.119616
-0.120596
-0.121661
-0.0995871
-0.10294
-0.10516
-0.107273
-0.109448
-0.111497
-0.113302
-0.114866
-0.116235
-0.117443
-0.118508
-0.119455
-0.120314
-0.121122
-0.12192
-0.122752
-0.123661
-0.12469
-0.104711
-0.108008
-0.110097
-0.112088
-0.114149
-0.116073
-0.117735
-0.119146
-0.120355
-0.121397
-0.122296
-0.123076
-0.123774
-0.124431
-0.125095
-0.125815
-0.126644
-0.12763
-0.109976
-0.113202
-0.115142
-0.116997
-0.118931
-0.120716
-0.12222
-0.123463
-0.124497
-0.125359
-0.126075
-0.126673
-0.127193
-0.127684
-0.1282
-0.128796
-0.129534
-0.13047
-0.115379
-0.118517
-0.120291
-0.121996
-0.12379
-0.12542
-0.126753
-0.127812
-0.128656
-0.129323
-0.129839
-0.130238
-0.130566
-0.130875
-0.131226
-0.131685
-0.13232
-0.133198
-0.120919
-0.123951
-0.12554
-0.12708
-0.128721
-0.130183
-0.131328
-0.132188
-0.132827
-0.133282
-0.133583
-0.133767
-0.133884
-0.133994
-0.134166
-0.134472
-0.134991
-0.135803
-0.126591
-0.129498
-0.130882
-0.132244
-0.13372
-0.134998
-0.135941
-0.136588
-0.137005
-0.137234
-0.137303
-0.137253
-0.137142
-0.137036
-0.13701
-0.137148
-0.137539
-0.138272
-0.132392
-0.135152
-0.136312
-0.137483
-0.13878
-0.139862
-0.140587
-0.141005
-0.141187
-0.141172
-0.140992
-0.140692
-0.140334
-0.139992
-0.139752
-0.139705
-0.139951
-0.140595
-0.138316
-0.140907
-0.141824
-0.142792
-0.143899
-0.144768
-0.145261
-0.145437
-0.145369
-0.145094
-0.144646
-0.144077
-0.143454
-0.142858
-0.142383
-0.142132
-0.142219
-0.142759
-0.144357
-0.146753
-0.14741
-0.148166
-0.14907
-0.149712
-0.14996
-0.149879
-0.149545
-0.148994
-0.148262
-0.147404
-0.146496
-0.145625
-0.144895
-0.144422
-0.144332
-0.144754
-0.150505
-0.15268
-0.153063
-0.153598
-0.154287
-0.154689
-0.154676
-0.154326
-0.153712
-0.152868
-0.151834
-0.150669
-0.149454
-0.148288
-0.147282
-0.146566
-0.146278
-0.146566
-0.156748
-0.158672
-0.158772
-0.159082
-0.159544
-0.15969
-0.159405
-0.158773
-0.157864
-0.156712
-0.155357
-0.153865
-0.152324
-0.150839
-0.149536
-0.148554
-0.148049
-0.148185
-0.163066
-0.164709
-0.164528
-0.16461
-0.164833
-0.164708
-0.164139
-0.163214
-0.161997
-0.160519
-0.158825
-0.156986
-0.155097
-0.153273
-0.151648
-0.150379
-0.149636
-0.149599
-0.169435
-0.170768
-0.170317
-0.170173
-0.170141
-0.169733
-0.16887
-0.167642
-0.166102
-0.164282
-0.162232
-0.160028
-0.15777
-0.155583
-0.153614
-0.152034
-0.151029
-0.150799
-0.175819
-0.176818
-0.176126
-0.17576
-0.175457
-0.174751
-0.173588
-0.172046
-0.170171
-0.167995
-0.165572
-0.162982
-0.160335
-0.157764
-0.155429
-0.153514
-0.152225
-0.151779
-0.182169
-0.18282
-0.181937
-0.181354
-0.180761
-0.179747
-0.178279
-0.176415
-0.174193
-0.171647
-0.168835
-0.165844
-0.162788
-0.159813
-0.15709
-0.154819
-0.153223
-0.152539
-0.188421
-0.188731
-0.187731
-0.186937
-0.186031
-0.184704
-0.182928
-0.180735
-0.178155
-0.175227
-0.172014
-0.168606
-0.165126
-0.161728
-0.158598
-0.155951
-0.154028
-0.153082
-0.19449
-0.1945
-0.193489
-0.19248
-0.191239
-0.189597
-0.187515
-0.184988
-0.182042
-0.178724
-0.1751
-0.171265
-0.167347
-0.163513
-0.15996
-0.15692
-0.15465
-0.153423
-0.200269
-0.200074
-0.199183
-0.197951
-0.196354
-0.194403
-0.192018
-0.189153
-0.185837
-0.182126
-0.178085
-0.173816
-0.169454
-0.165173
-0.161188
-0.157742
-0.15511
-0.153584
-0.205635
-0.205402
-0.204783
-0.203305
-0.201339
-0.199092
-0.19641
-0.193207
-0.189524
-0.18542
-0.180963
-0.176259
-0.171451
-0.166722
-0.162299
-0.15844
-0.155435
-0.153593
-0.210458
-0.210443
-0.210252
-0.208494
-0.206157
-0.203635
-0.200663
-0.197127
-0.193084
-0.188594
-0.183728
-0.178598
-0.173349
-0.168176
-0.163316
-0.159042
-0.15566
-0.153491
-0.214619
-0.215177
-0.215545
-0.213462
-0.210772
-0.207999
-0.204748
-0.200891
-0.196501
-0.19164
-0.18638
-0.180837
-0.175162
-0.169554
-0.164266
-0.159583
-0.155822
-0.153321
-0.218044
-0.219604
-0.220607
-0.218157
-0.215149
-0.212154
-0.208636
-0.204477
-0.199763
-0.194552
-0.18892
-0.182988
-0.176906
-0.170881
-0.16518
-0.160098
-0.155965
-0.153129
-0.220754
-0.223757
-0.225376
-0.222529
-0.21926
-0.21607
-0.212302
-0.207867
-0.202859
-0.197326
-0.19135
-0.18506
-0.178598
-0.172181
-0.166088
-0.160625
-0.156129
-0.152961
-0.222889
-0.2277
-0.22979
-0.226544
-0.223082
-0.21972
-0.215727
-0.211051
-0.205781
-0.199961
-0.193676
-0.187064
-0.180256
-0.173477
-0.167017
-0.161197
-0.156355
-0.152862
-0.22468
-0.231488
-0.233797
-0.230197
-0.226608
-0.223093
-0.218903
-0.214025
-0.208532
-0.202459
-0.195904
-0.189017
-0.181899
-0.17479
-0.167993
-0.161847
-0.156677
-0.152871
-0.226598
-0.235101
-0.23735
-0.233521
-0.229865
-0.226209
-0.221858
-0.216819
-0.21114
-0.20485
-0.198055
-0.190944
-0.183552
-0.176145
-0.169033
-0.162593
-0.157111
-0.152998
-0.229599
-0.238528
-0.240392
-0.236543
-0.232865
-0.229083
-0.224606
-0.219443
-0.213637
-0.20717
-0.200137
-0.192847
-0.185207
-0.17753
-0.170121
-0.163403
-0.157623
-0.153213
-0.235827
-0.2421
-0.242797
-0.239019
-0.235339
-0.231448
-0.226882
-0.221643
-0.215805
-0.209217
-0.202183
-0.194531
-0.186694
-0.178825
-0.171212
-0.164278
-0.15825
-0.153624
-0.248427
-0.245362
-0.243988
-0.240154
-0.236434
-0.232481
-0.227887
-0.222679
-0.216567
-0.210093
-0.2031
-0.195524
-0.187721
-0.179901
-0.172347
-0.165443
-0.159365
-0.154722
-0.253533
-0.247299
-0.244944
-0.241107
-0.237332
-0.233278
-0.228575
-0.223329
-0.216943
-0.210506
-0.203387
-0.195746
-0.187879
-0.180012
-0.172425
-0.165513
-0.159542
-0.154969
-0.255684
-0.247819
-0.245237
-0.241462
-0.237664
-0.23353
-0.228694
-0.222841
-0.217019
-0.210434
-0.203201
-0.195498
-0.187593
-0.179726
-0.172205
-0.16529
-0.159438
-0.154999
-0.257072
-0.247912
-0.245359
-0.241675
-0.237874
-0.233681
-0.228748
-0.223078
-0.217067
-0.210361
-0.20306
-0.195332
-0.187422
-0.179586
-0.172141
-0.165268
-0.159518
-0.155205
-0.257898
-0.247877
-0.24546
-0.241855
-0.238066
-0.233846
-0.228622
-0.223227
-0.217103
-0.210326
-0.202994
-0.195266
-0.187373
-0.179583
-0.172206
-0.165402
-0.159771
-0.155586
-0.258203
-0.247711
-0.245512
-0.241963
-0.238187
-0.234014
-0.2288
-0.223289
-0.217114
-0.210304
-0.202966
-0.195256
-0.187401
-0.179681
-0.172392
-0.165655
-0.160155
-0.156101
-0.258134
-0.247463
-0.245513
-0.242001
-0.238222
-0.233621
-0.228869
-0.223324
-0.21712
-0.210303
-0.202981
-0.19531
-0.187512
-0.17989
-0.172753
-0.16604
-0.160669
-0.15675
-0.25781
-0.24719
-0.245479
-0.241988
-0.238241
-0.233714
-0.228902
-0.223348
-0.21714
-0.210338
-0.203053
-0.19544
-0.187719
-0.180216
-0.173347
-0.166567
-0.161321
-0.157537
-0.257314
-0.246922
-0.24542
-0.241935
-0.238244
-0.233785
-0.228927
-0.223375
-0.217185
-0.21042
-0.203192
-0.195656
-0.188029
-0.180642
-0.173953
-0.16724
-0.162116
-0.256709
-0.246674
-0.245343
-0.241847
-0.238009
-0.23379
-0.228947
-0.223416
-0.217265
-0.210558
-0.203407
-0.195965
-0.188447
-0.181166
-0.174058
-0.168047
-0.163055
-0.256044
-0.246456
-0.245253
-0.241751
-0.237962
-0.233794
-0.228973
-0.223484
-0.217391
-0.210761
-0.203706
-0.196375
-0.188983
-0.181819
-0.174865
-0.169008
-0.164141
-0.255355
-0.246269
-0.245156
-0.24166
-0.23798
-0.233809
-0.229019
-0.22359
-0.217573
-0.211038
-0.204096
-0.196894
-0.189649
-0.182621
-0.17584
-0.17012
-0.165375
-0.254667
-0.246115
-0.245055
-0.241506
-0.237973
-0.233835
-0.229097
-0.223743
-0.217819
-0.211397
-0.204585
-0.197528
-0.190453
-0.183622
-0.176941
-0.171377
-0.166756
-0.254
-0.245992
-0.244959
-0.241376
-0.237975
-0.233884
-0.229217
-0.223953
-0.218138
-0.211845
-0.205179
-0.198281
-0.191392
-0.18484
-0.178197
-0.172783
-0.168285
-0.253368
-0.245899
-0.244879
-0.241373
-0.238006
-0.233967
-0.229386
-0.224227
-0.218537
-0.212388
-0.205882
-0.199157
-0.192454
-0.186015
-0.179598
-0.17434
-0.16996
-0.252779
-0.245842
-0.244764
-0.241367
-0.238065
-0.234094
-0.229613
-0.224572
-0.219021
-0.213032
-0.206701
-0.20016
-0.193642
-0.187162
-0.181138
-0.176049
-0.171781
-0.252244
-0.24582
-0.244696
-0.241378
-0.238161
-0.234272
-0.229905
-0.224993
-0.219594
-0.21378
-0.207639
-0.201295
-0.19497
-0.18865
-0.182824
-0.177914
-0.173745
-0.251797
-0.245692
-0.244704
-0.241422
-0.23831
-0.234511
-0.230271
-0.225506
-0.220274
-0.21464
-0.208691
-0.202556
-0.196435
-0.190304
-0.184642
-0.179954
-0.251465
-0.245606
-0.244724
-0.241531
-0.238497
-0.234815
-0.230712
-0.226104
-0.221051
-0.215611
-0.209869
-0.203963
-0.198103
-0.192095
-0.186555
-0.182173
-0.250942
-0.245832
-0.244759
-0.241679
-0.238747
-0.235189
-0.231232
-0.226792
-0.221928
-0.216693
-0.211169
-0.205501
-0.19995
-0.194059
-0.188765
-0.184384
-0.250538
-0.245983
-0.24483
-0.241878
-0.23906
-0.235635
-0.231835
-0.227573
-0.222909
-0.217889
-0.212591
-0.20716
-0.201849
-0.196165
-0.191089
-0.186786
-0.250222
-0.246131
-0.244944
-0.242135
-0.239436
-0.236157
-0.232523
-0.22845
-0.223994
-0.219198
-0.214135
-0.208933
-0.203574
-0.198401
-0.193535
-0.189345
-0.250003
-0.246316
-0.245109
-0.242452
-0.239878
-0.236755
-0.233297
-0.229422
-0.225185
-0.220621
-0.215801
-0.210834
-0.205706
-0.200781
-0.196118
-0.19205
-0.249848
-0.246539
-0.24533
-0.242831
-0.240389
-0.237431
-0.234157
-0.23049
-0.226479
-0.222156
-0.217587
-0.212865
-0.207993
-0.2033
-0.198841
-0.194906
-0.249757
-0.2468
-0.245607
-0.243272
-0.240969
-0.238185
-0.235104
-0.231652
-0.227876
-0.223803
-0.219494
-0.215026
-0.210411
-0.205957
-0.201704
-0.19791
-0.249732
-0.247102
-0.245941
-0.243776
-0.24162
-0.239018
-0.236137
-0.232908
-0.229375
-0.225559
-0.221517
-0.217312
-0.212964
-0.20875
-0.204705
-0.201059
-0.249773
-0.247446
-0.246335
-0.244342
-0.242339
-0.239926
-0.237253
-0.234255
-0.230972
-0.227421
-0.223654
-0.219722
-0.215647
-0.211675
-0.207842
-0.204351
-0.249877
-0.247835
-0.246787
-0.24497
-0.243128
-0.24091
-0.238451
-0.235691
-0.232665
-0.229386
-0.225901
-0.222249
-0.218455
-0.21473
-0.211114
-0.207783
-0.250043
-0.248268
-0.247297
-0.245658
-0.243983
-0.241967
-0.239728
-0.237213
-0.23445
-0.231451
-0.228255
-0.224891
-0.221383
-0.217912
-0.214518
-0.21135
-0.250271
-0.248746
-0.247863
-0.246405
-0.244902
-0.243094
-0.241082
-0.238816
-0.236324
-0.233611
-0.23071
-0.227642
-0.224428
-0.221217
-0.218049
-0.21505
-0.250558
-0.249269
-0.248485
-0.247209
-0.245884
-0.244287
-0.242507
-0.240498
-0.238282
-0.235861
-0.233263
-0.230497
-0.227583
-0.22464
-0.221704
-0.218878
-0.250902
-0.249835
-0.249159
-0.248067
-0.246924
-0.245543
-0.244
-0.242252
-0.240318
-0.238197
-0.235906
-0.233451
-0.230843
-0.228176
-0.225477
-0.222829
-0.251301
-0.250444
-0.249884
-0.248975
-0.24802
-0.246858
-0.245556
-0.244075
-0.242428
-0.240611
-0.238636
-0.236498
-0.234202
-0.231818
-0.229363
-0.226897
-0.251752
-0.251092
-0.250656
-0.24993
-0.249166
-0.248227
-0.24717
-0.245959
-0.244605
-0.243098
-0.241444
-0.239631
-0.237654
-0.23556
-0.233354
-0.231075
-0.252253
-0.251777
-0.251471
-0.250929
-0.250358
-0.249644
-0.248835
-0.2479
-0.246842
-0.245651
-0.244324
-0.242841
-0.24119
-0.239394
-0.237444
-0.2528
-0.252496
-0.252325
-0.251966
-0.251591
-0.251104
-0.250547
-0.249889
-0.249133
-0.248262
-0.247267
-0.246121
-0.244803
-0.243312
-0.241624
-0.253389
-0.253246
-0.253214
-0.253037
-0.252859
-0.252601
-0.252297
-0.25192
-0.251469
-0.250923
-0.250266
-0.249463
-0.248483
-0.247304
-0.245885
-0.254017
-0.254022
-0.254133
-0.254136
-0.254157
-0.254128
-0.25408
-0.253985
-0.253842
-0.253625
-0.25331
-0.252857
-0.252221
-0.25136
-0.250216
-0.254678
-0.25482
-0.255077
-0.255257
-0.255478
-0.255678
-0.255886
-0.256077
-0.256243
-0.256358
-0.256391
-0.256292
-0.256005
-0.25547
-0.254608
-0.255369
-0.255635
-0.256041
-0.256395
-0.256816
-0.257245
-0.257709
-0.258185
-0.258663
-0.259113
-0.259497
-0.259757
-0.259825
-0.259621
-0.259047
)
;

boundaryField
{
    inlet
    {
        type            zeroGradient;
    }
    outlet
    {
        type            fixedValue;
        value           nonuniform 0();
    }
    cylinder
    {
        type            zeroGradient;
    }
    top
    {
        type            symmetryPlane;
    }
    bottom
    {
        type            symmetryPlane;
    }
    defaultFaces
    {
        type            empty;
    }
    procBoundary2to1
    {
        type            processor;
        value           nonuniform List<scalar> 
200
(
-0.297137
-0.297137
-0.298609
-0.298609
-0.299663
-0.299663
-0.302398
-0.302876
-0.302876
-0.302852
-0.302852
-0.302444
-0.302444
-0.301744
-0.301744
-0.300808
-0.300808
-0.299609
-0.299609
-0.298003
-0.298003
-0.295712
-0.295712
-0.292353
-0.286323
-0.286323
-0.280444
-0.280444
-0.272815
-0.272815
-0.263534
-0.2542
-0.2542
-0.243073
-0.243073
-0.231034
-0.221625
-0.221625
-0.220218
-0.210106
-0.210106
-0.233022
-0.233022
-0.255003
-0.244979
-0.244979
-0.265131
-0.265131
-0.281195
-0.273597
-0.273597
-0.286703
-0.286703
-0.290648
-0.290648
-0.293401
-0.293401
-0.295341
-0.295341
-0.29676
-0.29676
-0.297828
-0.297828
-0.298597
-0.298597
-0.299041
-0.299041
-0.29909
-0.29909
-0.298648
-0.298648
-0.297656
-0.294989
-0.294989
-0.293634
-0.293634
-0.21009
-0.203082
-0.196243
-0.189529
-0.182897
-0.176359
-0.169934
-0.163628
-0.160759
-0.160759
-0.154695
-0.148749
-0.142924
-0.137222
-0.131647
-0.126199
-0.120881
-0.115694
-0.110637
-0.105712
-0.100918
-0.0962551
-0.0917222
-0.0873185
-0.0830427
-0.0788937
-0.0748698
-0.0709697
-0.0671917
-0.0635341
-0.0599954
-0.0565738
-0.0532677
-0.0500755
-0.0469957
-0.0440267
-0.0411672
-0.0384158
-0.0357714
-0.0332328
-0.0307991
-0.0284694
-0.026243
-0.0241193
-0.022098
-0.0201789
-0.0183619
-0.0166475
-0.0150359
-0.0145548
-0.0145548
-0.0131207
-0.011795
-0.0105799
-0.00947733
-0.00849049
-0.00762209
-0.00687696
-0.00625954
-0.00577367
-0.00543528
-0.00522387
0.00500269
0.00481096
0.00451111
0.00451111
0.00492783
0.00439482
0.00375244
0.00300393
0.00215344
0.00120279
0.000154533
-0.000990206
-0.00223012
-0.00356471
-0.00499359
-0.00651695
-0.00813511
-0.00984881
-0.011659
-0.0135669
-0.0155739
-0.0176817
-0.0198921
-0.0222073
-0.0246293
-0.0271606
-0.0298036
-0.0325609
-0.0354351
-0.0384292
-0.0415458
-0.0447879
-0.0481584
-0.05166
-0.0552958
-0.0590683
-0.0629805
-0.0670347
-0.0712335
-0.0755791
-0.0800735
-0.0847185
-0.0895155
-0.0944656
-0.0944656
-0.0968275
-0.102025
-0.10738
-0.112893
-0.118562
-0.124386
-0.130366
-0.136499
-0.142784
-0.149216
-0.155793
-0.16251
-0.16936
-0.176327
-0.183391
-0.190597
-0.198013
)
;
    }
    procBoundary2to3
    {
        type            processor;
        value           nonuniform List<scalar> 
207
(
-0.262699
-0.267425
-0.272164
-0.276901
-0.281618
-0.286301
-0.286301
-0.290326
-0.295051
-0.299694
-0.304237
-0.30866
-0.312946
-0.317078
-0.321038
-0.32481
-0.328379
-0.331728
-0.334848
-0.337749
-0.340399
-0.342797
-0.344936
-0.346808
-0.346808
-0.34767
-0.349118
-0.350295
-0.351203
-0.351843
-0.352218
-0.352333
-0.352193
-0.351802
-0.351802
-0.347187
-0.346465
-0.345524
-0.34438
-0.343043
-0.341483
-0.339647
-0.3378
-0.336443
-0.331746
-0.326091
-0.320059
-0.31358
-0.306621
-0.299226
-0.291459
-0.28339
-0.275098
-0.266662
-0.258161
-0.249668
-0.241246
-0.232947
-0.224811
-0.21687
-0.209142
-0.201639
-0.194367
-0.187328
-0.180518
-0.173933
-0.167568
-0.161417
-0.155472
-0.149728
-0.144179
-0.138819
-0.133643
-0.128645
-0.123821
-0.119167
-0.114678
-0.110353
-0.106186
-0.102175
-0.0983169
-0.0983169
-0.0928155
-0.0894664
-0.0862556
-0.0831815
-0.0802435
-0.0774412
-0.0747746
-0.0722445
-0.0698517
-0.0675979
-0.0654851
-0.0635158
-0.0616932
-0.0600212
-0.0585042
-0.0571474
-0.055957
-0.0549399
-0.0541045
-0.0534599
-0.0530171
-0.0527886
-0.0462368
-0.046515
-0.0470534
-0.0478355
-0.0488461
-0.0500718
-0.0514997
-0.0531183
-0.0549164
-0.0568836
-0.0590098
-0.0612852
-0.0637002
-0.0662455
-0.0689116
-0.0716891
-0.0745683
-0.0775396
-0.0805931
-0.0837187
-0.0869061
-0.0901447
-0.0934236
-0.0967317
-0.100058
-0.10339
-0.106716
-0.110025
-0.113304
-0.116541
-0.119724
-0.122839
-0.125875
-0.12882
-0.13166
-0.134384
-0.136979
-0.139433
-0.141733
-0.143866
-0.145818
-0.147575
-0.149124
-0.150451
-0.151545
-0.152398
-0.153008
-0.153378
-0.153522
-0.153463
-0.153234
-0.152874
-0.152433
-0.151959
-0.151503
-0.151116
-0.150837
-0.150674
-0.150603
-0.150812
-0.15189
-0.152213
-0.152408
-0.152773
-0.153302
-0.153963
-0.154754
-0.155679
-0.158467
-0.158467
-0.159537
-0.16075
-0.162103
-0.163598
-0.165233
-0.167007
-0.16892
-0.170972
-0.175854
-0.175854
-0.178113
-0.180514
-0.183051
-0.18575
-0.18859
-0.191568
-0.194686
-0.197945
-0.201343
-0.204878
-0.208548
-0.21235
-0.216279
-0.220332
-0.224502
-0.228785
-0.235357
-0.235357
-0.239734
-0.244197
-0.248737
-0.253341
-0.258
)
;
    }
}


// ************************************************************************* //
