/*--------------------------------*- C++ -*----------------------------------*\
  =========                 |
  \\      /  F ield         | OpenFOAM: The Open Source CFD Toolbox
   \\    /   O peration     | Website:  https://openfoam.org
    \\  /    A nd           | Version:  7
     \\/     M anipulation  |
\*---------------------------------------------------------------------------*/
FoamFile
{
    version     2.0;
    format      ascii;
    class       volScalarField;
    location    "100";
    object      p;
}
// * * * * * * * * * * * * * * * * * * * * * * * * * * * * * * * * * * * * * //

dimensions      [0 2 -2 0 0 0 0];

internalField   nonuniform List<scalar> 
8500
(
-0.447031
-0.450081
-0.447998
-0.453235
-0.450966
-0.4489
-0.456508
-0.454043
-0.451793
-0.459912
-0.457238
-0.454801
-0.4521
-0.463458
-0.460562
-0.457933
-0.45502
-0.451902
-0.467155
-0.464024
-0.461196
-0.458069
-0.454721
-0.45124
-0.471011
-0.467629
-0.464598
-0.461254
-0.457674
-0.453944
-0.450059
-0.475031
-0.471384
-0.468144
-0.46458
-0.460765
-0.456783
-0.452619
-0.448202
-0.479219
-0.475292
-0.471837
-0.46805
-0.463997
-0.459759
-0.455308
-0.45056
-0.445374
-0.483574
-0.479354
-0.47568
-0.471666
-0.467372
-0.462871
-0.458123
-0.453028
-0.447432
-0.441134
-0.488097
-0.48357
-0.479671
-0.475428
-0.470889
-0.466118
-0.461059
-0.455597
-0.449564
-0.442755
-0.434961
-0.492783
-0.487937
-0.48381
-0.479334
-0.474545
-0.469495
-0.46411
-0.458258
-0.451758
-0.444402
-0.435989
-0.426372
-0.41548
-0.497627
-0.492453
-0.488093
-0.483381
-0.478336
-0.472997
-0.467268
-0.461
-0.454
-0.446059
-0.436993
-0.426679
-0.415089
-0.402292
-0.502622
-0.497109
-0.492515
-0.487564
-0.482255
-0.476614
-0.470521
-0.463808
-0.456273
-0.447709
-0.437952
-0.426915
-0.41461
-0.401148
-0.386721
-0.507757
-0.501899
-0.497067
-0.491873
-0.486294
-0.480336
-0.473855
-0.466666
-0.458557
-0.449332
-0.43885
-0.427063
-0.414029
-0.399902
-0.384902
-0.369285
-0.353284
-0.513021
-0.506811
-0.501741
-0.496301
-0.490442
-0.48415
-0.477255
-0.469554
-0.460832
-0.450905
-0.439665
-0.427107
-0.413334
-0.398543
-0.382981
-0.366915
-0.350582
-0.334236
-0.518397
-0.511833
-0.506524
-0.500834
-0.494685
-0.488039
-0.480701
-0.472451
-0.463075
-0.452408
-0.440379
-0.427029
-0.412513
-0.397062
-0.380949
-0.364449
-0.347795
-0.331222
-0.314694
-0.299102
-0.52387
-0.516951
-0.511402
-0.505458
-0.499007
-0.491986
-0.484173
-0.475334
-0.465261
-0.453816
-0.440969
-0.426814
-0.411551
-0.395449
-0.378799
-0.361879
-0.344917
-0.328126
-0.311478
-0.295776
-0.529421
-0.522146
-0.516359
-0.510156
-0.503391
-0.49597
-0.487647
-0.478178
-0.467366
-0.455106
-0.441417
-0.426445
-0.410437
-0.393694
-0.376522
-0.359197
-0.341939
-0.324938
-0.308174
-0.292363
-0.535027
-0.527399
-0.521376
-0.51491
-0.507813
-0.499966
-0.491096
-0.480954
-0.469362
-0.456253
-0.4417
-0.425905
-0.409157
-0.391786
-0.374108
-0.356394
-0.338852
-0.32165
-0.304773
-0.288855
-0.540665
-0.532689
-0.526431
-0.519695
-0.512252
-0.503949
-0.494493
-0.483635
-0.471221
-0.457232
-0.441799
-0.425177
-0.407699
-0.389715
-0.371548
-0.353461
-0.335648
-0.318253
-0.301266
-0.285243
-0.546308
-0.537991
-0.5315
-0.524489
-0.516679
-0.50789
-0.497807
-0.486189
-0.472915
-0.458019
-0.441693
-0.424246
-0.406049
-0.38747
-0.368833
-0.350389
-0.332317
-0.314737
-0.297646
-0.281519
-0.551928
-0.543278
-0.536558
-0.529263
-0.521067
-0.511758
-0.501006
-0.488584
-0.474414
-0.458589
-0.441362
-0.423096
-0.404195
-0.385041
-0.365953
-0.347168
-0.328849
-0.311095
-0.293902
-0.277676
-0.557493
-0.548522
-0.541575
-0.533988
-0.525383
-0.515519
-0.504056
-0.49079
-0.475691
-0.458917
-0.440786
-0.421711
-0.402125
-0.382416
-0.362897
-0.343789
-0.325236
-0.307315
-0.290028
-0.273705
-0.56297
-0.55369
-0.54652
-0.538632
-0.529594
-0.519138
-0.506922
-0.492772
-0.476715
-0.458979
-0.439947
-0.420077
-0.399825
-0.379584
-0.359654
-0.34024
-0.321466
-0.30339
-0.286014
-0.2696
-0.568325
-0.55875
-0.551359
-0.54316
-0.533663
-0.522578
-0.509568
-0.494497
-0.477459
-0.458753
-0.438825
-0.418177
-0.397283
-0.376534
-0.356215
-0.336513
-0.317532
-0.299311
-0.281853
-0.265352
-0.573519
-0.563666
-0.556057
-0.547534
-0.537553
-0.525802
-0.511958
-0.495933
-0.477893
-0.458214
-0.437403
-0.415999
-0.394488
-0.373255
-0.352569
-0.332596
-0.313422
-0.295067
-0.277535
-0.260954
-0.578514
-0.568401
-0.560576
-0.551717
-0.541223
-0.52877
-0.514053
-0.497046
-0.477991
-0.457341
-0.435663
-0.413527
-0.391426
-0.369735
-0.348705
-0.32848
-0.309128
-0.290651
-0.273054
-0.2564
-0.583268
-0.572915
-0.564877
-0.555668
-0.544634
-0.531441
-0.515818
-0.497803
-0.477725
-0.456114
-0.433589
-0.410748
-0.388086
-0.365964
-0.344613
-0.324156
-0.30464
-0.286055
-0.268402
-0.251683
-0.587741
-0.577167
-0.568918
-0.559345
-0.547742
-0.533775
-0.517214
-0.498174
-0.47707
-0.45451
-0.431164
-0.407648
-0.384456
-0.361932
-0.340283
-0.319612
-0.299949
-0.281269
-0.263571
-0.246797
-0.591888
-0.581115
-0.572658
-0.562706
-0.550506
-0.535732
-0.518206
-0.498127
-0.476002
-0.452512
-0.428372
-0.404215
-0.380524
-0.357626
-0.335705
-0.314841
-0.295047
-0.276286
-0.258554
-0.241735
-0.595665
-0.584717
-0.576052
-0.565706
-0.552882
-0.537271
-0.518758
-0.497633
-0.474496
-0.450101
-0.4252
-0.400435
-0.37628
-0.353037
-0.330868
-0.309833
-0.289926
-0.2711
-0.253345
-0.236493
-0.599029
-0.587929
-0.579057
-0.568301
-0.554828
-0.538353
-0.518835
-0.496663
-0.472531
-0.447258
-0.421633
-0.396298
-0.371712
-0.348155
-0.325764
-0.304579
-0.284577
-0.265702
-0.247938
-0.231064
-0.601935
-0.590706
-0.581628
-0.570448
-0.556301
-0.53894
-0.518405
-0.495191
-0.470085
-0.443969
-0.417657
-0.391791
-0.366811
-0.342971
-0.320384
-0.29907
-0.278993
-0.260086
-0.242326
-0.225445
-0.604337
-0.593004
-0.583721
-0.572101
-0.557258
-0.538992
-0.517436
-0.493192
-0.467139
-0.440217
-0.41326
-0.386904
-0.361566
-0.337474
-0.314719
-0.2933
-0.273167
-0.254246
-0.236505
-0.21963
-0.60619
-0.594779
-0.585291
-0.573218
-0.55766
-0.538476
-0.515898
-0.490642
-0.463675
-0.435989
-0.408431
-0.381627
-0.355968
-0.331657
-0.308761
-0.287261
-0.267093
-0.248176
-0.230469
-0.213616
-0.607452
-0.595988
-0.586295
-0.573756
-0.557468
-0.537355
-0.513764
-0.48752
-0.459677
-0.431271
-0.403159
-0.37595
-0.350009
-0.325512
-0.302503
-0.280947
-0.260764
-0.241872
-0.224215
-0.2074
-0.608079
-0.596587
-0.586691
-0.573675
-0.556642
-0.535599
-0.511007
-0.483805
-0.455129
-0.426052
-0.397435
-0.369864
-0.34368
-0.319031
-0.295938
-0.27435
-0.254176
-0.235328
-0.217738
-0.200977
-0.60803
-0.596535
-0.586436
-0.572934
-0.555149
-0.533178
-0.507604
-0.479481
-0.450018
-0.420322
-0.391248
-0.363363
-0.336975
-0.312208
-0.28906
-0.267467
-0.247324
-0.228541
-0.211035
-0.194346
-0.607265
-0.595793
-0.585492
-0.571495
-0.552955
-0.530064
-0.503534
-0.47453
-0.444332
-0.414071
-0.384592
-0.356438
-0.329887
-0.305036
-0.281864
-0.260292
-0.240204
-0.221506
-0.204104
-0.187504
-0.605746
-0.594322
-0.583821
-0.569325
-0.550028
-0.526231
-0.498778
-0.46894
-0.438062
-0.407291
-0.377461
-0.349084
-0.322411
-0.297511
-0.274346
-0.252821
-0.232812
-0.214223
-0.196941
-0.18045
-0.603438
-0.592085
-0.581387
-0.56639
-0.546341
-0.521659
-0.493319
-0.462699
-0.431198
-0.399975
-0.369847
-0.341296
-0.314542
-0.289629
-0.266501
-0.245051
-0.225145
-0.206687
-0.189548
-0.173187
-0.600307
-0.58905
-0.578157
-0.562659
-0.541868
-0.516327
-0.487144
-0.455797
-0.423734
-0.392119
-0.361748
-0.33307
-0.306276
-0.281386
-0.258327
-0.23698
-0.217202
-0.198899
-0.181925
-0.165715
-0.596322
-0.585185
-0.574101
-0.558106
-0.536588
-0.510218
-0.480241
-0.448227
-0.415665
-0.383719
-0.353159
-0.324403
-0.297611
-0.272781
-0.249822
-0.228606
-0.208981
-0.190856
-0.174067
-0.158018
-0.591456
-0.580461
-0.569192
-0.552707
-0.53048
-0.50332
-0.472601
-0.439982
-0.406987
-0.374772
-0.344079
-0.315293
-0.288545
-0.263811
-0.240985
-0.219927
-0.200482
-0.182558
-0.165964
-0.150056
-0.585684
-0.574853
-0.563406
-0.54644
-0.52353
-0.49562
-0.464217
-0.43106
-0.397698
-0.365278
-0.334508
-0.30574
-0.279078
-0.254476
-0.231816
-0.210946
-0.191706
-0.174006
-0.157613
-0.14182
-0.578985
-0.568338
-0.556721
-0.539288
-0.515723
-0.487112
-0.455087
-0.421459
-0.3878
-0.355236
-0.324445
-0.295745
-0.26921
-0.244777
-0.222315
-0.201663
-0.182655
-0.165203
-0.149036
-0.133507
-0.571339
-0.560899
-0.54912
-0.531238
-0.507051
-0.47779
-0.445207
-0.411181
-0.377292
-0.344648
-0.313892
-0.285308
-0.258943
-0.234717
-0.212485
-0.192079
-0.173331
-0.15615
-0.140231
-0.124993
-0.562733
-0.55252
-0.54059
-0.522278
-0.497507
-0.467652
-0.43458
-0.400227
-0.366179
-0.333519
-0.302854
-0.274433
-0.248281
-0.224297
-0.202328
-0.182198
-0.163736
-0.146852
-0.131206
-0.116264
-0.553154
-0.543188
-0.53112
-0.512401
-0.487089
-0.456699
-0.423209
-0.388602
-0.354466
-0.321853
-0.291334
-0.263124
-0.237225
-0.213521
-0.191848
-0.172024
-0.153875
-0.137311
-0.121962
-0.107326
-0.542597
-0.532895
-0.520702
-0.501604
-0.475797
-0.444935
-0.411099
-0.376314
-0.34216
-0.309657
-0.279338
-0.251387
-0.225783
-0.202395
-0.18105
-0.161561
-0.143751
-0.127532
-0.1125
-0.0981869
-0.531056
-0.521637
-0.509335
-0.489887
-0.463634
-0.432367
-0.39826
-0.363372
-0.329269
-0.296938
-0.266873
-0.239229
-0.21396
-0.190924
-0.16994
-0.150814
-0.13337
-0.11752
-0.102826
-0.0888525
-0.518531
-0.509414
-0.497018
-0.477254
-0.450608
-0.419003
-0.3847
-0.349785
-0.315804
-0.283706
-0.253949
-0.226656
-0.201764
-0.179115
-0.158523
-0.13979
-0.122738
-0.10728
-0.0929434
-0.0793294
-0.505027
-0.496226
-0.483757
-0.463711
-0.436728
-0.404856
-0.370435
-0.335566
-0.301775
-0.269971
-0.240574
-0.213679
-0.189202
-0.166977
-0.146809
-0.128496
-0.111862
-0.0968198
-0.0828594
-0.0696241
-0.490549
-0.482082
-0.469558
-0.44927
-0.422006
-0.389939
-0.355477
-0.32073
-0.287197
-0.255747
-0.226761
-0.200308
-0.176286
-0.154518
-0.134805
-0.116941
-0.10075
-0.0861454
-0.0725807
-0.0597437
-0.475109
-0.46699
-0.454433
-0.433942
-0.40646
-0.37427
-0.339844
-0.305293
-0.272084
-0.241045
-0.212521
-0.186554
-0.163025
-0.141749
-0.122521
-0.105132
-0.0894091
-0.0752652
-0.0621151
-0.0496955
-0.45872
-0.450965
-0.438397
-0.417746
-0.390107
-0.357869
-0.323555
-0.289274
-0.256454
-0.225882
-0.197869
-0.17243
-0.149432
-0.12868
-0.109967
-0.0930812
-0.0778501
-0.0641881
-0.0514711
-0.0394877
-0.441401
-0.434024
-0.421468
-0.400702
-0.372968
-0.340756
-0.306632
-0.272689
-0.240323
-0.210275
-0.182819
-0.157949
-0.135519
-0.115325
-0.0971554
-0.0807981
-0.0660828
-0.0529236
-0.0406579
-0.0291288
-0.423172
-0.416185
-0.403667
-0.382831
-0.355068
-0.322957
-0.289095
-0.255562
-0.223711
-0.194239
-0.167388
-0.143128
-0.1213
-0.101695
-0.0840981
-0.0682948
-0.0541182
-0.0414821
-0.0296854
-0.0186283
-0.404058
-0.397474
-0.385018
-0.36416
-0.336433
-0.304498
-0.270968
-0.237916
-0.206639
-0.177795
-0.151592
-0.127982
-0.106791
-0.0878055
-0.0708083
-0.0555837
-0.0419682
-0.0298747
-0.0185643
-0.00799647
-0.384085
-0.377917
-0.36555
-0.344718
-0.317093
-0.285399
-0.252283
-0.219773
-0.189129
-0.160962
-0.135451
-0.112527
-0.0920062
-0.0736707
-0.0573
-0.0426781
-0.0296454
-0.0181135
-0.00730608
0.00275572
-0.363284
-0.357543
-0.345292
-0.324537
-0.297079
-0.265694
-0.233063
-0.201161
-0.171203
-0.143762
-0.118984
-0.0967821
-0.0769637
-0.0593063
-0.0435879
-0.029592
-0.0171632
-0.00621092
0.00407699
0.013616
-0.341687
-0.336386
-0.324278
-0.30365
-0.276411
-0.245424
-0.213339
-0.182105
-0.152888
-0.126218
-0.102212
-0.0807661
-0.0616805
-0.0447288
-0.0296874
-0.0163399
-0.00453552
0.00581955
0.0155717
0.0245708
-0.319329
-0.31448
-0.302545
-0.282083
-0.25514
-0.224613
-0.19314
-0.162634
-0.134208
-0.108351
-0.0851547
-0.0644985
-0.046175
-0.0299551
-0.0156145
-0.00293718
0.00822283
0.017964
0.0271642
-0.296248
-0.291865
-0.280136
-0.25987
-0.233298
-0.203296
-0.1725
-0.142777
-0.11519
-0.0901879
-0.0678359
-0.0479999
-0.0304661
-0.0150029
-0.00138572
0.0106004
0.0210966
0.0302078
-0.272482
-0.268579
-0.257061
-0.237085
-0.210925
-0.181511
-0.151452
-0.122564
-0.0958612
-0.0717526
-0.0502783
-0.0312917
-0.0145734
0.000109532
0.012982
0.0242569
0.0340702
-0.248066
-0.244673
-0.23339
-0.213744
-0.188058
-0.159294
-0.130029
-0.102027
-0.0762509
-0.0530714
-0.0325058
-0.0143957
0.00148288
0.0153637
0.0274715
0.038016
-0.223037
-0.220201
-0.20917
-0.189891
-0.16474
-0.136685
-0.108268
-0.0811991
-0.0563885
-0.0341715
-0.0145433
0.00266529
0.0176819
0.0307406
0.0420654
0.0518616
-0.197489
-0.195178
-0.184443
-0.165575
-0.141013
-0.113723
-0.086205
-0.0601121
-0.0363041
-0.0150805
0.00358407
0.0198681
0.0340024
0.046221
0.0567462
-0.171482
-0.169637
-0.159252
-0.140839
-0.11692
-0.0904476
-0.0638768
-0.0388007
-0.0160289
0.00417319
0.0218501
0.037189
0.0504228
0.0617851
-0.145024
-0.143657
-0.133647
-0.115733
-0.0925067
-0.0669014
-0.0413217
-0.0172996
0.00440535
0.0235605
0.0402283
0.0546034
0.0669206
0.0774131
-0.118163
-0.117293
-0.107679
-0.0903032
-0.0678176
-0.0431264
-0.0185785
0.00435599
0.0249664
0.0430518
0.0586913
0.0720864
0.0834733
-0.0909589
-0.0905952
-0.0813973
-0.0645999
-0.0428996
-0.0191653
0.00431377
0.02613
0.0456213
0.0626169
0.0772115
0.0896125
0.100057
-0.0634677
-0.0636165
-0.0548559
-0.0386732
-0.0177997
0.00493845
0.0273151
0.0479862
0.0663368
0.0822253
0.0957606
0.107156
-0.0357425
-0.036409
-0.0281064
-0.012573
0.00743499
0.0291411
0.0503855
0.0698876
0.0870791
0.101846
0.11431
-0.00784051
-0.00902802
-0.00120289
0.013649
0.0327564
0.0533984
0.0734843
0.0917972
0.107814
0.121447
0.132831
0.0201815
0.018471
0.0258003
0.0399413
0.0581164
0.077666
0.0965708
0.113678
0.128508
0.140998
0.0482664
0.0460322
0.0528489
0.0662523
0.0834668
0.101899
0.119604
0.135492
0.149125
0.160466
0.0763571
0.0735994
0.0798883
0.09253
0.108759
0.126054
0.142544
0.157202
0.169633
0.17982
0.104396
0.101116
0.106864
0.118723
0.133945
0.150086
0.165349
0.178771
0.189996
0.132326
0.128527
0.133721
0.144779
0.158977
0.17395
0.187979
0.200161
0.21018
0.160091
0.155774
0.160405
0.170647
0.183808
0.197603
0.210394
0.221336
0.187632
0.182803
0.186862
0.196275
0.208388
0.221002
0.232553
0.242259
0.214894
0.209557
0.213039
0.221615
0.232673
0.244102
0.254418
0.241821
0.235983
0.238883
0.246615
0.256615
0.266862
0.275948
0.268357
0.262025
0.264341
0.271226
0.28017
0.289239
0.297106
0.294449
0.287631
0.289362
0.2954
0.303291
0.311193
0.320043
0.312748
0.313896
0.31909
0.325936
0.332683
0.345087
0.337323
0.337893
0.34225
0.348061
0.35367
0.369528
0.361308
0.361304
0.364832
0.369624
0.393318
0.384653
0.384084
0.386795
0.390585
0.416407
0.40731
0.406185
0.408094
0.410904
0.438749
0.429233
0.427564
0.428689
0.430542
0.460298
0.450377
0.448178
0.448538
0.481009
0.470699
0.467985
0.467604
0.500841
0.490157
0.486945
0.485848
0.519753
0.508712
0.505021
0.503237
0.537706
0.526325
0.522177
0.519734
0.554663
0.542962
0.538377
0.570591
0.558587
0.55359
0.585455
0.573169
0.567785
0.599227
0.586678
0.580934
0.611877
0.599086
0.593009
0.62338
0.610369
0.603987
0.633711
0.620501
0.613846
0.64285
0.629463
0.622565
0.650777
0.637237
0.630127
0.657476
0.643804
0.662932
0.649153
0.667134
0.653271
0.670072
0.656148
0.67174
0.65778
0.672134
0.65816
0.671251
0.657288
0.669093
0.655165
0.665663
0.651793
0.660966
0.647179
0.655011
0.64133
0.647809
0.634257
0.639373
0.625974
0.619197
0.629719
0.616495
0.609979
0.618865
0.605838
0.599615
0.606832
0.594024
0.588124
0.593642
0.581075
0.575527
0.579321
0.567015
0.561847
0.563897
0.551873
0.547112
0.547398
0.535676
0.531348
0.529858
0.518457
0.514585
0.51131
0.500249
0.496856
0.495589
0.491791
0.481086
0.478194
0.477652
0.471338
0.461007
0.458634
0.458846
0.449992
0.440051
0.438216
0.439207
0.427794
0.418259
0.416977
0.418772
0.404789
0.395674
0.394959
0.397579
0.40126
0.381022
0.372341
0.372204
0.375667
0.38038
0.356539
0.348305
0.348758
0.353079
0.358845
0.33139
0.323614
0.324665
0.329857
0.336696
0.343384
0.305624
0.298318
0.299972
0.306046
0.313972
0.321856
0.279293
0.272467
0.274729
0.28169
0.290716
0.299813
0.252449
0.246113
0.248984
0.256836
0.266971
0.277295
0.225147
0.219308
0.222789
0.231533
0.242781
0.254342
0.264697
0.19744
0.192106
0.196195
0.205828
0.218191
0.230996
0.242641
0.169386
0.164562
0.169255
0.179771
0.193247
0.207299
0.220242
0.141039
0.136732
0.142022
0.153413
0.167996
0.183294
0.197538
0.20982
0.112457
0.108671
0.114551
0.126805
0.142485
0.159025
0.174571
0.188152
0.0836987
0.0804376
0.0868966
0.0999978
0.116762
0.134535
0.15138
0.16626
0.178799
0.0548214
0.0520873
0.0591136
0.0730442
0.0908753
0.109869
0.128006
0.144184
0.157983
0.0258836
0.0236783
0.0312579
0.0459967
0.0648741
0.0850725
0.104491
0.12196
0.137019
0.149628
-0.00305593
-0.00473195
0.00338541
0.0189082
0.0388074
0.0601903
0.0808755
0.0996273
0.115939
0.129748
-0.0319386
-0.0330858
-0.024448
-0.00816833
0.0127244
0.0352678
0.0572019
0.0772233
0.0947793
0.109783
-0.0607059
-0.0613259
-0.0521864
-0.0351799
-0.0133254
0.0103505
0.0335117
0.0547864
0.0735752
0.0897642
0.103489
-0.0892995
-0.0893952
-0.0797742
-0.0620735
-0.0392927
-0.0145161
0.00984638
0.0323549
0.0523614
0.0697245
0.0845666
0.0971171
-0.117661
-0.117237
-0.107156
-0.0887965
-0.0651283
-0.0392867
-0.0137524
0.0099667
0.0311731
0.0496959
0.0656437
0.0792409
-0.145732
-0.144795
-0.134276
-0.115296
-0.090783
-0.0639161
-0.0372433
-0.0123403
0.0100447
0.0297103
0.0467497
0.061382
0.0738599
-0.173458
-0.172016
-0.161081
-0.141521
-0.116209
-0.0883595
-0.0605852
-0.0345285
-0.0109891
0.00979929
0.0279138
0.0435671
0.0570111
-0.200778
-0.198846
-0.187518
-0.16742
-0.141357
-0.112573
-0.0837376
-0.0565608
-0.0318946
-0.0100059
0.00916459
0.0258228
0.0402192
0.0526031
-0.227637
-0.225232
-0.213533
-0.192942
-0.16618
-0.136511
-0.10666
-0.0784007
-0.0526381
-0.0296746
-0.00946962
0.00817491
0.0235078
0.0367789
-0.254011
-0.251098
-0.239075
-0.218038
-0.190632
-0.160133
-0.129314
-0.100012
-0.0731867
-0.0491766
-0.0279612
-0.0093512
0.00689994
0.0210427
0.0333158
-0.279866
-0.276387
-0.264097
-0.242661
-0.214667
-0.183395
-0.151659
-0.121359
-0.093508
-0.0684824
-0.0462831
-0.0267308
-0.00958179
0.00541455
0.0184984
0.0298909
-0.305102
-0.301089
-0.288553
-0.266762
-0.238239
-0.206255
-0.173659
-0.142407
-0.11357
-0.087563
-0.0644088
-0.0439396
-0.0259154
-0.0100857
0.00379055
0.0159392
0.0265012
-0.329665
-0.325155
-0.312392
-0.290295
-0.261305
-0.228673
-0.195274
-0.163123
-0.133343
-0.10639
-0.0823126
-0.0609541
-0.0420794
-0.0254386
-0.0107904
0.00209447
0.0133628
-0.353519
-0.348529
-0.335562
-0.313224
-0.283821
-0.25061
-0.216471
-0.183473
-0.152796
-0.124937
-0.0999694
-0.0777514
-0.0580527
-0.040625
-0.0252269
-0.011627
0.000327056
0.0107464
-0.376622
-0.371167
-0.358021
-0.335504
-0.305743
-0.272027
-0.237212
-0.203424
-0.171899
-0.143176
-0.117355
-0.0943091
-0.073815
-0.0556262
-0.0395017
-0.0252091
-0.0125903
-0.00154149
0.00887451
-0.398935
-0.393027
-0.37973
-0.357059
-0.327062
-0.292888
-0.257464
-0.222947
-0.190625
-0.161081
-0.134446
-0.110606
-0.0893464
-0.0704238
-0.053598
-0.0386358
-0.0253739
-0.0137134
-0.00275132
0.00740993
-0.420418
-0.41407
-0.400653
-0.377887
-0.347705
-0.313154
-0.277194
-0.24201
-0.208947
-0.178629
-0.151219
-0.126621
-0.104628
-0.0850002
-0.0674991
-0.0518913
-0.0380085
-0.0257549
-0.0142648
-0.00357131
-0.441036
-0.43426
-0.420753
-0.397947
-0.367632
-0.332801
-0.296372
-0.260585
-0.226837
-0.195795
-0.167652
-0.142333
-0.119641
-0.0993381
-0.081189
-0.0649604
-0.0504793
-0.0376523
-0.0256521
-0.0144457
-0.460756
-0.453562
-0.439994
-0.417203
-0.386825
-0.351783
-0.314968
-0.278643
-0.244272
-0.212557
-0.183726
-0.157725
-0.134367
-0.113421
-0.0946523
-0.0778284
-0.0627725
-0.0493922
-0.0369002
-0.0251996
-0.479546
-0.471948
-0.458345
-0.43562
-0.405252
-0.370072
-0.332955
-0.296155
-0.261227
-0.228892
-0.19942
-0.172778
-0.148791
-0.127234
-0.107874
-0.0904816
-0.0748748
-0.0609621
-0.047997
-0.035821
-0.497378
-0.489388
-0.475777
-0.45317
-0.422882
-0.387642
-0.350286
-0.313117
-0.277681
-0.244781
-0.214715
-0.187474
-0.162895
-0.14076
-0.120841
-0.102906
-0.0867735
-0.0723502
-0.0589312
-0.046299
-0.514229
-0.505859
-0.492266
-0.469825
-0.439686
-0.404469
-0.366958
-0.329482
-0.293611
-0.260203
-0.229594
-0.201797
-0.176665
-0.153988
-0.133539
-0.115091
-0.0984571
-0.0835457
-0.0696923
-0.0566236
-0.530075
-0.52134
-0.50779
-0.485562
-0.455641
-0.420526
-0.382946
-0.345232
-0.308996
-0.275141
-0.244039
-0.215732
-0.190087
-0.166902
-0.145956
-0.127023
-0.109915
-0.0945382
-0.0802707
-0.0667857
-0.5449
-0.535813
-0.522329
-0.500361
-0.470723
-0.435791
-0.398224
-0.360351
-0.32382
-0.289578
-0.258037
-0.229265
-0.203148
-0.179492
-0.15808
-0.138692
-0.121136
-0.105318
-0.0906573
-0.0767769
-0.558689
-0.549265
-0.535869
-0.514203
-0.484914
-0.450243
-0.412772
-0.37482
-0.338065
-0.303499
-0.271573
-0.242383
-0.215835
-0.191745
-0.169902
-0.150088
-0.132112
-0.115877
-0.100844
-0.0865894
-0.57143
-0.561686
-0.548398
-0.527074
-0.498197
-0.463864
-0.426572
-0.388622
-0.351717
-0.31689
-0.284633
-0.255075
-0.228138
-0.203652
-0.181412
-0.161203
-0.142833
-0.126208
-0.110823
-0.0962161
-0.583117
-0.573069
-0.559907
-0.538964
-0.510559
-0.47664
-0.43961
-0.401742
-0.36476
-0.329738
-0.297208
-0.267329
-0.240048
-0.215204
-0.1926
-0.172028
-0.153294
-0.136302
-0.120588
-0.10565
-0.593747
-0.583411
-0.570393
-0.549866
-0.521988
-0.488558
-0.451872
-0.414168
-0.377184
-0.342032
-0.309286
-0.279137
-0.251554
-0.226392
-0.20346
-0.182555
-0.163486
-0.146155
-0.130133
-0.114886
-0.603321
-0.592714
-0.579855
-0.559775
-0.532478
-0.499608
-0.463347
-0.425887
-0.388977
-0.353763
-0.320858
-0.290491
-0.262651
-0.237209
-0.213985
-0.19278
-0.173404
-0.15576
-0.139453
-0.123916
-0.611841
-0.600983
-0.588297
-0.568691
-0.542025
-0.509783
-0.474025
-0.436892
-0.40013
-0.364921
-0.331919
-0.301383
-0.273331
-0.24765
-0.224169
-0.202696
-0.183043
-0.165113
-0.148544
-0.132735
-0.619318
-0.608228
-0.595725
-0.576619
-0.550629
-0.519079
-0.483902
-0.447173
-0.410637
-0.375502
-0.34246
-0.311808
-0.28359
-0.257709
-0.234007
-0.212299
-0.192398
-0.174211
-0.157403
-0.141334
-0.625764
-0.61446
-0.602151
-0.583565
-0.558292
-0.527495
-0.492972
-0.456727
-0.420492
-0.385499
-0.352478
-0.321762
-0.293423
-0.267384
-0.243496
-0.221585
-0.201469
-0.183048
-0.166033
-0.149705
-0.631193
-0.619697
-0.60759
-0.589541
-0.56502
-0.535032
-0.501234
-0.46555
-0.429691
-0.394908
-0.361969
-0.331242
-0.302828
-0.27667
-0.252634
-0.230553
-0.210249
-0.191623
-0.174423
-0.157861
-0.635626
-0.623958
-0.612061
-0.594562
-0.570824
-0.541696
-0.50869
-0.473642
-0.438232
-0.403728
-0.370931
-0.340245
-0.311802
-0.285566
-0.261418
-0.239199
-0.218739
-0.199935
-0.182583
-0.165975
-0.639086
-0.627269
-0.615585
-0.598646
-0.575717
-0.547495
-0.515344
-0.481002
-0.446115
-0.411958
-0.379363
-0.348772
-0.320346
-0.294073
-0.269847
-0.247523
-0.226936
-0.207982
-0.190484
-0.173791
-0.6416
-0.629656
-0.61819
-0.601816
-0.579715
-0.552439
-0.521201
-0.487635
-0.453342
-0.419599
-0.387267
-0.356822
-0.328459
-0.302188
-0.277922
-0.255525
-0.23484
-0.215761
-0.198129
-0.181327
-0.643198
-0.631151
-0.619904
-0.604097
-0.582839
-0.556543
-0.526271
-0.493546
-0.459916
-0.426653
-0.394643
-0.364398
-0.336144
-0.309916
-0.285643
-0.263204
-0.242451
-0.223274
-0.205532
-0.188633
-0.643913
-0.631786
-0.620761
-0.605519
-0.585113
-0.559825
-0.530566
-0.498743
-0.465841
-0.433124
-0.401496
-0.371503
-0.343402
-0.317256
-0.293013
-0.270564
-0.24977
-0.230521
-0.212695
-0.195725
-0.643781
-0.631599
-0.620795
-0.606114
-0.586564
-0.562304
-0.5341
-0.503235
-0.471125
-0.439017
-0.407829
-0.378139
-0.350237
-0.324213
-0.300035
-0.277607
-0.256799
-0.237506
-0.219619
-0.202603
-0.642842
-0.630629
-0.620047
-0.605918
-0.587221
-0.564005
-0.53689
-0.507033
-0.475777
-0.444337
-0.413648
-0.384313
-0.356655
-0.330792
-0.306712
-0.284335
-0.263542
-0.244229
-0.226306
-0.209265
-0.641135
-0.628917
-0.618555
-0.604968
-0.587118
-0.564954
-0.538955
-0.510154
-0.479805
-0.449095
-0.418959
-0.390029
-0.36266
-0.336996
-0.313049
-0.290753
-0.270003
-0.250696
-0.232756
-0.215712
-0.638705
-0.626508
-0.616365
-0.603306
-0.586291
-0.56518
-0.540319
-0.512611
-0.483223
-0.453297
-0.42377
-0.395296
-0.368258
-0.342831
-0.31905
-0.296866
-0.276185
-0.256908
-0.238974
-0.221949
-0.635597
-0.623447
-0.613521
-0.600975
-0.584778
-0.564714
-0.541005
-0.514425
-0.486044
-0.456956
-0.428091
-0.40012
-0.373457
-0.348305
-0.324723
-0.302679
-0.282093
-0.262871
-0.244963
-0.227977
-0.631858
-0.619781
-0.61007
-0.59802
-0.582621
-0.563593
-0.541042
-0.515615
-0.488283
-0.460082
-0.431929
-0.404509
-0.378264
-0.353424
-0.330073
-0.308198
-0.287733
-0.26859
-0.250728
-0.233801
-0.627536
-0.615558
-0.60606
-0.594488
-0.579862
-0.561852
-0.540458
-0.516204
-0.489956
-0.462689
-0.435297
-0.408475
-0.382687
-0.358196
-0.335108
-0.31343
-0.29311
-0.274069
-0.256273
-0.239424
-0.622679
-0.610826
-0.601539
-0.590426
-0.576545
-0.559529
-0.539285
-0.516217
-0.491083
-0.464791
-0.438205
-0.412025
-0.386737
-0.362629
-0.339835
-0.318381
-0.298232
-0.279314
-0.261603
-0.244851
-0.617337
-0.605635
-0.596559
-0.585884
-0.572718
-0.556668
-0.537558
-0.515679
-0.491684
-0.466403
-0.440666
-0.41517
-0.390421
-0.366733
-0.344262
-0.323059
-0.303103
-0.284332
-0.266724
-0.250088
-0.61156
-0.600033
-0.591167
-0.58091
-0.568427
-0.553309
-0.535312
-0.51462
-0.49178
-0.467541
-0.442693
-0.417923
-0.393751
-0.370515
-0.348399
-0.327472
-0.307733
-0.289129
-0.271642
-0.255139
-0.605397
-0.59407
-0.585414
-0.575555
-0.56372
-0.549497
-0.532584
-0.513069
-0.491394
-0.468224
-0.444299
-0.420293
-0.396735
-0.373986
-0.352253
-0.331629
-0.312129
-0.293712
-0.276364
-0.260009
-0.598898
-0.587794
-0.579347
-0.569867
-0.558645
-0.545276
-0.529414
-0.511059
-0.49055
-0.468469
-0.445499
-0.422293
-0.399385
-0.377155
-0.355834
-0.335537
-0.316298
-0.298088
-0.280896
-0.264706
-0.592109
-0.581251
-0.573015
-0.563895
-0.55325
-0.540692
-0.525841
-0.508621
-0.489276
-0.468297
-0.446309
-0.423936
-0.401712
-0.380032
-0.359151
-0.339205
-0.320248
-0.302266
-0.285245
-0.269235
-0.585079
-0.574488
-0.566464
-0.557686
-0.547583
-0.53579
-0.521907
-0.505791
-0.487597
-0.467728
-0.446743
-0.425233
-0.403725
-0.382627
-0.362214
-0.342643
-0.323989
-0.306252
-0.289419
-0.273604
-0.577852
-0.567548
-0.559738
-0.551286
-0.54169
-0.530616
-0.517652
-0.502604
-0.485542
-0.466784
-0.446819
-0.426198
-0.405437
-0.384949
-0.36503
-0.345859
-0.327527
-0.310055
-0.293424
-0.277818
-0.570472
-0.560474
-0.552881
-0.544739
-0.535617
-0.525214
-0.51312
-0.499096
-0.483141
-0.465487
-0.446553
-0.426844
-0.406857
-0.387009
-0.367611
-0.348862
-0.330873
-0.313682
-0.29727
-0.281885
-0.562982
-0.553306
-0.545933
-0.538088
-0.529407
-0.519629
-0.508351
-0.495305
-0.480424
-0.463862
-0.445964
-0.427185
-0.407996
-0.388815
-0.369964
-0.35166
-0.334034
-0.317143
-0.300963
-0.285812
-0.555421
-0.546082
-0.538932
-0.531372
-0.523103
-0.513902
-0.503387
-0.491268
-0.477422
-0.461931
-0.445068
-0.427233
-0.408866
-0.390377
-0.372098
-0.354262
-0.337018
-0.320444
-0.304511
-0.289608
-0.547827
-0.538838
-0.531915
-0.524629
-0.516743
-0.508076
-0.498268
-0.487021
-0.474167
-0.459721
-0.443886
-0.427002
-0.409476
-0.391704
-0.374021
-0.356676
-0.339834
-0.323595
-0.307922
-0.293278
-0.540234
-0.531606
-0.524914
-0.517894
-0.510365
-0.502188
-0.493034
-0.482602
-0.470691
-0.457258
-0.442436
-0.426508
-0.409838
-0.392804
-0.37574
-0.358909
-0.342489
-0.326601
-0.311204
-0.296831
-0.532674
-0.524418
-0.517959
-0.511197
-0.504002
-0.496276
-0.487722
-0.478047
-0.467026
-0.454567
-0.440739
-0.425764
-0.409961
-0.393685
-0.377264
-0.360969
-0.34499
-0.329472
-0.314365
-0.300274
-0.525178
-0.5173
-0.511079
-0.504569
-0.497687
-0.490374
-0.482369
-0.473392
-0.463205
-0.451675
-0.438814
-0.424784
-0.409856
-0.394355
-0.378599
-0.362861
-0.347345
-0.332214
-0.317412
-0.303615
-0.517773
-0.510277
-0.504298
-0.498035
-0.491447
-0.484513
-0.477007
-0.46867
-0.45926
-0.44861
-0.436683
-0.423584
-0.409533
-0.394821
-0.379749
-0.364592
-0.349559
-0.334835
-0.320351
-0.306861
-0.510481
-0.503372
-0.497637
-0.491617
-0.485309
-0.478721
-0.471668
-0.463914
-0.45522
-0.445398
-0.434367
-0.422179
-0.409002
-0.395089
-0.380722
-0.366166
-0.351637
-0.337339
-0.323191
-0.310021
-0.503325
-0.496604
-0.491116
-0.485336
-0.479292
-0.473024
-0.466381
-0.459155
-0.451116
-0.442066
-0.431888
-0.420584
-0.408274
-0.395168
-0.38152
-0.367588
-0.353585
-0.339733
-0.496323
-0.48999
-0.484751
-0.479209
-0.473418
-0.467443
-0.46117
-0.454419
-0.446977
-0.43864
-0.429267
-0.418816
-0.407359
-0.395062
-0.382148
-0.368861
-0.355406
-0.48949
-0.483543
-0.478555
-0.473249
-0.467701
-0.461998
-0.456058
-0.449733
-0.442829
-0.435146
-0.426526
-0.416891
-0.406267
-0.394777
-0.38261
-0.48284
-0.477277
-0.472539
-0.467468
-0.462155
-0.456704
-0.451065
-0.44512
-0.438698
-0.431609
-0.423686
-0.414825
-0.40501
-0.394321
-0.476384
-0.471199
-0.466713
-0.461874
-0.456789
-0.451574
-0.446207
-0.440598
-0.434605
-0.428051
-0.420769
-0.412635
-0.470129
-0.465318
-0.461083
-0.456475
-0.45161
-0.446617
-0.441496
-0.436185
-0.43057
-0.424494
-0.417796
-0.464084
-0.459639
-0.455653
-0.451275
-0.446625
-0.441841
-0.436942
-0.431895
-0.426612
-0.420958
-0.458252
-0.454167
-0.450428
-0.446276
-0.441836
-0.437249
-0.432554
-0.427739
-0.422744
-0.452637
-0.448905
-0.445408
-0.441479
-0.437244
-0.432844
-0.428334
-0.423724
-0.447242
-0.443853
-0.440595
-0.436885
-0.432848
-0.428626
-0.424285
-0.442069
-0.439015
-0.435989
-0.432492
-0.428647
-0.424594
-0.43712
-0.43439
-0.43159
-0.4283
-0.424639
-0.432397
-0.429979
-0.427397
-0.424305
-0.4279
-0.425783
-0.42341
-0.423634
-0.421803
-0.4196
-0.418041
-0.415803
-0.218091
-0.223358
-0.228456
-0.233389
-0.238163
-0.24278
-0.247248
-0.25157
-0.255752
-0.2598
-0.263719
-0.267516
-0.271195
-0.274762
-0.278224
-0.281584
-0.208249
-0.213358
-0.218313
-0.223117
-0.227774
-0.232288
-0.236664
-0.240905
-0.245017
-0.249003
-0.252869
-0.256619
-0.260258
-0.263791
-0.267223
-0.270559
-0.198769
-0.20371
-0.208513
-0.213179
-0.217713
-0.222118
-0.226397
-0.230555
-0.234594
-0.238519
-0.242334
-0.246044
-0.249652
-0.253163
-0.256582
-0.259913
-0.189638
-0.194415
-0.199065
-0.203594
-0.208002
-0.212294
-0.216471
-0.220539
-0.224499
-0.228355
-0.232111
-0.235771
-0.239338
-0.242816
-0.246209
-0.249522
-0.180855
-0.185466
-0.189964
-0.19435
-0.198629
-0.202801
-0.206869
-0.210837
-0.214708
-0.218484
-0.222168
-0.225763
-0.229274
-0.232702
-0.236052
-0.239327
-0.172401
-0.176847
-0.181191
-0.185434
-0.189578
-0.193626
-0.19758
-0.201442
-0.205215
-0.208901
-0.212504
-0.216025
-0.219467
-0.222834
-0.226128
-0.229353
-0.164258
-0.168541
-0.172731
-0.17683
-0.180839
-0.18476
-0.188595
-0.192347
-0.196017
-0.199608
-0.203122
-0.20656
-0.209927
-0.213224
-0.216453
-0.219618
-0.156413
-0.160535
-0.164572
-0.168526
-0.172399
-0.176192
-0.179906
-0.183544
-0.187108
-0.190598
-0.194018
-0.197369
-0.200653
-0.203872
-0.207029
-0.210126
-0.148852
-0.152815
-0.156701
-0.160512
-0.164248
-0.167912
-0.171504
-0.175026
-0.17848
-0.181867
-0.185189
-0.188447
-0.191643
-0.19478
-0.197858
-0.20088
-0.203849
-0.141562
-0.145369
-0.149107
-0.152775
-0.156376
-0.15991
-0.163379
-0.166784
-0.170127
-0.173407
-0.176628
-0.17979
-0.182895
-0.185945
-0.18894
-0.191882
-0.194774
-0.134533
-0.138188
-0.141778
-0.145306
-0.148773
-0.152178
-0.155524
-0.158812
-0.162041
-0.165214
-0.168332
-0.171396
-0.174406
-0.177365
-0.180274
-0.183133
-0.185945
-0.127755
-0.13126
-0.134707
-0.138097
-0.14143
-0.144708
-0.147932
-0.151101
-0.154218
-0.157282
-0.160295
-0.163259
-0.166173
-0.169039
-0.171859
-0.174632
-0.177361
-0.121219
-0.124578
-0.127884
-0.131138
-0.134341
-0.137492
-0.140594
-0.143646
-0.14665
-0.149605
-0.152514
-0.155376
-0.158193
-0.160965
-0.163693
-0.166379
-0.169022
-0.114915
-0.118132
-0.121301
-0.124422
-0.127496
-0.130524
-0.133505
-0.136441
-0.139333
-0.14218
-0.144983
-0.147744
-0.150463
-0.15314
-0.155776
-0.158373
-0.16093
-0.108836
-0.111915
-0.11495
-0.117941
-0.12089
-0.123795
-0.126658
-0.12948
-0.13226
-0.135
-0.137699
-0.140359
-0.14298
-0.145562
-0.148106
-0.150612
-0.153082
-0.102974
-0.105919
-0.108824
-0.111689
-0.114514
-0.1173
-0.120048
-0.122757
-0.125428
-0.128061
-0.130657
-0.133217
-0.13574
-0.138227
-0.140679
-0.143096
-0.145478
-0.0973206
-0.100136
-0.102915
-0.105657
-0.108363
-0.111033
-0.113667
-0.116266
-0.118829
-0.121358
-0.123853
-0.126313
-0.12874
-0.131133
-0.133493
-0.135821
-0.138116
-0.0918707
-0.0945613
-0.097218
-0.099841
-0.102431
-0.104987
-0.107511
-0.110002
-0.11246
-0.114886
-0.117281
-0.119644
-0.121976
-0.124276
-0.126546
-0.128785
-0.130994
-0.0866172
-0.0891869
-0.0917255
-0.0942332
-0.0967101
-0.0991566
-0.101573
-0.103959
-0.106315
-0.108641
-0.110938
-0.113205
-0.115443
-0.117653
-0.119834
-0.121986
-0.12411
-0.0815534
-0.0840067
-0.0864314
-0.0888277
-0.0911957
-0.0935355
-0.0958474
-0.0981313
-0.100388
-0.102616
-0.104818
-0.106992
-0.109139
-0.111259
-0.113352
-0.115419
-0.11746
-0.0766739
-0.0790151
-0.0813301
-0.083619
-0.0858817
-0.0881185
-0.0903294
-0.0925145
-0.0946739
-0.0968078
-0.0989163
-0.100999
-0.103057
-0.10509
-0.107098
-0.109082
-0.11104
-0.0719726
-0.0742063
-0.0764158
-0.0786012
-0.0807625
-0.0828998
-0.0850132
-0.0871027
-0.0891684
-0.0912103
-0.0932287
-0.0952235
-0.0971949
-0.099143
-0.101068
-0.102969
-0.104848
-0.0674439
-0.0695746
-0.071683
-0.073769
-0.0758328
-0.0778743
-0.0798936
-0.0818907
-0.0838658
-0.0858189
-0.08775
-0.0896592
-0.0915465
-0.0934121
-0.095256
-0.0970782
-0.0988789
-0.0630836
-0.0651155
-0.0671267
-0.0691173
-0.0710872
-0.0730366
-0.0749653
-0.0768735
-0.0787612
-0.0806284
-0.0824751
-0.0843015
-0.0861074
-0.0878931
-0.0896584
-0.0914036
-0.0931285
-0.0588868
-0.060824
-0.0627421
-0.0646411
-0.066521
-0.0683818
-0.0702235
-0.0720461
-0.0738495
-0.075634
-0.0773993
-0.0791456
-0.0808729
-0.0825812
-0.0842706
-0.085941
-0.0875926
-0.0548481
-0.0566949
-0.058524
-0.0603353
-0.062129
-0.0639048
-0.0656629
-0.0674033
-0.0691258
-0.0708306
-0.0725175
-0.0741867
-0.0758382
-0.0774718
-0.0790877
-0.0806859
-0.0822664
-0.0509634
-0.0527238
-0.0544678
-0.0561953
-0.0579064
-0.0596009
-0.0612789
-0.0629403
-0.0645851
-0.0662134
-0.067825
-0.06942
-0.0709983
-0.07256
-0.0741051
-0.0756336
-0.0771455
-0.0472285
-0.0489064
-0.0505691
-0.0522165
-0.0538486
-0.0554653
-0.0570666
-0.0586524
-0.0602227
-0.0617775
-0.0633167
-0.0648404
-0.0663485
-0.067841
-0.0693179
-0.0707792
-0.0722249
-0.0436389
-0.0452383
-0.0468235
-0.0483945
-0.0499511
-0.0514934
-0.0530213
-0.0545348
-0.0560338
-0.0575182
-0.0589881
-0.0604433
-0.061884
-0.06331
-0.0647213
-0.066118
-0.0675
-0.040192
-0.0417161
-0.0432271
-0.044725
-0.0462096
-0.0476808
-0.0491386
-0.0505829
-0.0520136
-0.0534308
-0.0548342
-0.0562239
-0.0575999
-0.0589621
-0.0603105
-0.0616451
-0.0629658
-0.0368804
-0.0383336
-0.0397746
-0.0412031
-0.0426193
-0.0440229
-0.0454139
-0.0467922
-0.0481578
-0.0495106
-0.0508505
-0.0521775
-0.0534916
-0.0547927
-0.0560808
-0.0573558
-0.0586178
-0.033703
-0.0350886
-0.0364628
-0.0378254
-0.0391763
-0.0405155
-0.0418428
-0.0431583
-0.0444617
-0.0457531
-0.0470324
-0.0482995
-0.0495544
-0.050797
-0.0520273
-0.0532453
-0.054451
-0.0306558
-0.0319773
-0.033288
-0.0345879
-0.0358769
-0.0371547
-0.0384215
-0.039677
-0.0409212
-0.0421541
-0.0433755
-0.0445854
-0.0457838
-0.0469705
-0.0481457
-0.0493091
-0.0504608
-0.0277351
-0.0289958
-0.0302464
-0.0314868
-0.0327169
-0.0339365
-0.0351457
-0.0363442
-0.0375321
-0.0387092
-0.0398755
-0.0410309
-0.0421754
-0.0433088
-0.0444312
-0.0455425
-0.0466427
-0.0249381
-0.0261412
-0.0273347
-0.0285186
-0.0296928
-0.0308572
-0.0320116
-0.033156
-0.0342903
-0.0354144
-0.0365282
-0.0376317
-0.0387248
-0.0398075
-0.0408796
-0.0419412
-0.0429922
-0.0222616
-0.0234101
-0.0245496
-0.0256801
-0.0268013
-0.0279132
-0.0290157
-0.0301087
-0.0311921
-0.0322658
-0.0333297
-0.0343839
-0.0354281
-0.0364624
-0.0374866
-0.0385008
-0.0395048
-0.0197028
-0.0207997
-0.021888
-0.0229678
-0.0240388
-0.0251011
-0.0261543
-0.0271986
-0.0282337
-0.0292596
-0.0302761
-0.0312834
-0.0322811
-0.0332694
-0.034248
-0.0352171
-0.0361765
-0.0172588
-0.0183069
-0.0193469
-0.0203788
-0.0214023
-0.0224175
-0.0234242
-0.0244222
-0.0254115
-0.0263921
-0.0273637
-0.0283264
-0.0292801
-0.0302247
-0.03116
-0.0320862
-0.0330031
-0.0149271
-0.0159292
-0.0169235
-0.0179101
-0.0188888
-0.0198595
-0.020822
-0.0217764
-0.0227224
-0.02366
-0.0245891
-0.0255096
-0.0264214
-0.0273245
-0.0282188
-0.0291042
-0.0299808
-0.0127058
-0.0136643
-0.0146154
-0.0155592
-0.0164955
-0.0174241
-0.018345
-0.019258
-0.020163
-0.02106
-0.0219488
-0.0228293
-0.0237016
-0.0245654
-0.0254208
-0.0262676
-0.0271058
-0.010591
-0.0115086
-0.0124193
-0.0133229
-0.0142193
-0.0151084
-0.01599
-0.016864
-0.0177304
-0.018589
-0.0194398
-0.0202826
-0.0211174
-0.0219441
-0.0227626
-0.0235729
-0.0243749
-0.00858221
-0.00946136
-0.0103339
-0.0111995
-0.0120583
-0.01291
-0.0137546
-0.0145919
-0.0154218
-0.0162442
-0.0170591
-0.0178663
-0.0186657
-0.0194574
-0.0202411
-0.0210169
-0.0217846
-0.0066772
-0.0075202
-0.00835679
-0.00918685
-0.0100102
-0.0108268
-0.0116366
-0.0124392
-0.0132348
-0.0140232
-0.0148042
-0.0155778
-0.016344
-0.0171025
-0.0178534
-0.0185966
-0.019332
-0.00487396
-0.00568308
-0.00648602
-0.00728265
-0.00807286
-0.00885652
-0.00963351
-0.0104037
-0.011167
-0.0119234
-0.0126726
-0.0134147
-0.0141495
-0.0148769
-0.015597
-0.0163095
-0.0170144
-0.00317133
-0.00394872
-0.00472014
-0.00548548
-0.00624459
-0.00699737
-0.00774369
-0.00848345
-0.00921652
-0.00994282
-0.0106622
-0.0113747
-0.0120801
-0.0127783
-0.0134693
-0.014153
-0.0148294
-0.00156802
-0.00231577
-0.00305776
-0.00379384
-0.0045239
-0.0052478
-0.00596544
-0.00667671
-0.00738148
-0.00807967
-0.00877117
-0.00945588
-0.0101337
-0.0108046
-0.0114684
-0.0121252
-0.0127747
-6.30535e-05
-0.000783205
-0.00149775
-0.00220657
-0.00290954
-0.00360652
-0.00429742
-0.0049821
-0.00566047
-0.00633243
-0.00699787
-0.00765669
-0.00830881
-0.00895415
-0.00959261
-0.0102241
-0.0108486
0.00134423
0.000649723
-3.93389e-05
-0.000722823
-0.0014006
-0.00207257
-0.00273859
-0.00339856
-0.00405238
-0.00469993
-0.00534112
-0.00597586
-0.00660405
-0.00722561
-0.00784046
-0.00844852
-0.00904971
0.00265423
0.00198345
0.00131799
0.000657961
3.49762e-06
-0.000645283
-0.00128827
-0.00192534
-0.0025564
-0.00318135
-0.00380007
-0.00441249
-0.0050185
-0.00561802
-0.00621098
-0.00679729
-0.00737688
-0.00794968
0.00386699
0.00321808
0.00257436
0.00193596
0.00130299
0.000675588
5.385e-05
-0.000562109
-0.00117218
-0.00177627
-0.00237427
-0.00296609
-0.00355165
-0.00413085
-0.00470361
-0.00526986
-0.00582952
-0.00638253
0.00498221
0.00435335
0.00372957
0.003111
0.00249776
0.00188995
0.0012877
0.000691116
0.000100292
-0.000484665
-0.00106366
-0.0016366
-0.00220339
-0.00276395
-0.0033182
-0.00386606
-0.00440746
-0.00494232
0.00599911
0.00538851
0.0047829
0.00418239
0.00358711
0.00299717
0.00241267
0.00183373
0.00126044
0.000692907
0.000131224
-0.000424516
-0.000974226
-0.00151782
-0.00205522
-0.00258635
-0.00311113
-0.0036295
0.00691667
0.00632258
0.00573338
0.0051492
0.00457015
0.00399634
0.00342788
0.00286487
0.00230742
0.00175561
0.00120956
0.000669335
0.000135035
-0.00039326
-0.000915471
-0.00143152
-0.00194134
-0.00244486
0.00773285
0.0071535
0.00657898
0.00600938
0.00544484
0.00488545
0.00433132
0.00378256
0.00323925
0.00270149
0.00216938
0.00164301
0.00112245
0.000607801
9.91274e-05
-0.000403492
-0.000899987
-0.00139029
0.00844617
0.00787981
0.00731822
0.00676148
0.00620971
0.00566302
0.0051215
0.00458525
0.00405437
0.00352895
0.00300909
0.00249486
0.00198635
0.00148364
0.000986803
0.000495919
1.1055e-05
-0.000467722
0.00905199
0.00849693
0.00794655
0.00740097
0.00686028
0.00632459
0.00579399
0.00526859
0.00474847
0.00423373
0.00372445
0.00322071
0.0027226
0.0022302
0.00174357
0.00126279
0.00078793
0.000319053
0.00955019
0.00900448
0.00846341
0.00792707
0.00739557
0.006869
0.00634746
0.00583103
0.0053198
0.00481386
0.00431329
0.00381818
0.0033286
0.00284463
0.00236634
0.0018938
0.00142707
0.000966224
0.00992991
0.00939201
0.0088587
0.00833008
0.00780623
0.00728726
0.00677325
0.00626428
0.00576044
0.00526181
0.00476847
0.0042805
0.00379796
0.00332094
0.00284949
0.0023837
0.00192361
0.00146929
0.0101951
0.00966257
0.0091346
0.00861126
0.00809264
0.00757882
0.00706989
0.00656593
0.00606703
0.00557327
0.00508471
0.00460144
0.00412353
0.00365104
0.00318405
0.00272262
0.00226681
0.00181668
0.0103256
0.00979778
0.00927449
0.00875578
0.00824173
0.00773241
0.00722791
0.0067283
0.00623365
0.00574402
0.0052595
0.00478014
0.004306
0.00383716
0.00337367
0.0029156
0.00246299
0.00201592
0.013398
0.00318969
-0.00691207
-0.0168974
-0.0267575
-0.0364841
-0.0460695
-0.0555068
-0.0647894
-0.0739115
-0.0828676
-0.0916529
-0.100263
-0.108696
-0.116952
-0.125036
-0.13296
-0.140578
-0.148117
-0.155444
-0.162554
-0.169472
-0.176202
-0.182743
-0.189095
-0.195259
-0.201238
-0.207034
-0.212651
0.0115804
0.00193363
-0.00760706
-0.017034
-0.0263403
-0.0355195
-0.0445655
-0.0534728
-0.0622362
-0.0708511
-0.0793132
-0.0876191
-0.0957657
-0.103751
-0.111573
-0.119225
-0.126697
-0.133921
-0.141118
-0.148107
-0.154887
-0.161491
-0.167927
-0.174192
-0.180286
-0.186209
-0.191965
-0.197556
-0.202983
0.00951711
0.000418698
-0.00857616
-0.017461
-0.0262302
-0.0348785
-0.0434011
-0.0517933
-0.0600513
-0.0681713
-0.0761499
-0.0839845
-0.0916723
-0.0992111
-0.106598
-0.113827
-0.120889
-0.127767
-0.134561
-0.141197
-0.147651
-0.15394
-0.160075
-0.166057
-0.171885
-0.17756
-0.183083
-0.188458
-0.193686
0.00785534
-0.000729544
-0.00921389
-0.0175925
-0.0258608
-0.0340146
-0.0420501
-0.0499637
-0.0577522
-0.0654127
-0.0729425
-0.0803394
-0.0876013
-0.0947263
-0.101713
-0.108563
-0.115278
-0.121869
-0.128209
-0.134499
-0.140654
-0.146651
-0.152504
-0.158219
-0.163794
-0.169232
-0.174533
-0.1797
-0.184734
0.00639579
-0.00170019
-0.00969927
-0.0175976
-0.0253915
-0.0330777
-0.0406531
-0.048115
-0.0554608
-0.0626883
-0.0697954
-0.0767802
-0.0836409
-0.090376
-0.0969837
-0.103462
-0.109807
-0.116018
-0.122068
-0.128089
-0.133951
-0.139658
-0.145237
-0.150694
-0.156027
-0.161235
-0.16632
-0.171284
-0.176128
0.00513507
-0.00249779
-0.010038
-0.0174829
-0.0248294
-0.032075
-0.0392173
-0.0462542
-0.0531836
-0.0600039
-0.0667134
-0.0733106
-0.0797941
-0.0861626
-0.0924141
-0.0985452
-0.104547
-0.110402
-0.11607
-0.121902
-0.127506
-0.132939
-0.138257
-0.143467
-0.148566
-0.153552
-0.158427
-0.163192
-0.16785
0.00406449
-0.00312989
-0.0102363
-0.0172529
-0.0241775
-0.0310078
-0.0377421
-0.0443789
-0.0509165
-0.0573536
-0.063689
-0.0699216
-0.0760506
-0.0820752
-0.0879953
-0.093812
-0.099531
-0.105167
-0.110753
-0.116002
-0.121271
-0.126465
-0.131545
-0.136519
-0.141392
-0.146163
-0.150834
-0.155406
-0.159881
0.00316985
-0.00360972
-0.0103063
-0.0169187
-0.0234452
-0.0298842
-0.0362342
-0.0424941
-0.0486627
-0.054739
-0.0607222
-0.0666114
-0.0724061
-0.078106
-0.0837111
-0.089222
-0.0946393
-0.0999599
-0.105177
-0.110243
-0.115276
-0.120231
-0.125081
-0.129831
-0.134487
-0.139052
-0.143526
-0.14791
-0.152205
0.00243897
-0.00394848
-0.0102581
-0.0164892
-0.0226404
-0.0287106
-0.0346987
-0.0406037
-0.0464248
-0.0521613
-0.0578125
-0.0633779
-0.068857
-0.0742495
-0.079555
-0.0847729
-0.0899019
-0.0949394
-0.0998849
-0.104731
-0.109539
-0.114252
-0.118868
-0.123397
-0.127843
-0.132208
-0.13649
-0.14069
-0.144811
0.00186035
-0.00415672
-0.0101012
-0.0159727
-0.0217703
-0.027493
-0.0331401
-0.0387108
-0.0442047
-0.049621
-0.0549595
-0.0602196
-0.065401
-0.0705034
-0.0755264
-0.0804694
-0.0853309
-0.0901074
-0.0947932
-0.0993722
-0.103989
-0.108485
-0.11288
-0.117199
-0.121444
-0.125615
-0.129711
-0.133734
-0.137684
0.00142317
-0.00424428
-0.00984437
-0.0153769
-0.0208412
-0.0262367
-0.0315626
-0.0368186
-0.0420041
-0.0471189
-0.0521625
-0.0571348
-0.0620355
-0.0668646
-0.0716219
-0.0763078
-0.0809228
-0.0854694
-0.089953
-0.0943846
-0.0986612
-0.102913
-0.107106
-0.111227
-0.115279
-0.119263
-0.12318
-0.12703
-0.130814
0.00111726
-0.00422042
-0.00949585
-0.014709
-0.0198594
-0.0249465
-0.02997
-0.0349295
-0.0398246
-0.0446551
-0.0494208
-0.0541217
-0.0587575
-0.0633282
-0.0678341
-0.0722753
-0.0766524
-0.0809661
-0.0852157
-0.0893993
-0.0934851
-0.0975367
-0.101536
-0.105469
-0.109336
-0.113141
-0.116885
-0.120568
-0.124191
0.000933007
-0.00409381
-0.00906333
-0.0139756
-0.0188303
-0.0236272
-0.0283658
-0.0330459
-0.0376674
-0.04223
-0.0467337
-0.0511783
-0.0555638
-0.0598902
-0.0641575
-0.0683659
-0.0725152
-0.0766055
-0.0806357
-0.0846052
-0.088506
-0.0923668
-0.0961741
-0.0999214
-0.10361
-0.107242
-0.110818
-0.114339
-0.117806
0.000861333
-0.00387261
-0.008554
-0.0131829
-0.0177593
-0.0222827
-0.0267531
-0.0311701
-0.0355337
-0.0398438
-0.0441003
-0.048303
-0.0524521
-0.0565474
-0.0605889
-0.0645766
-0.0685103
-0.0723897
-0.0762146
-0.0799855
-0.0837001
-0.0873836
-0.0910078
-0.0945747
-0.0980898
-0.101555
-0.10497
-0.108334
-0.111649
0.000893653
-0.0035645
-0.00797462
-0.0123368
-0.0166511
-0.0209171
-0.0251348
-0.029304
-0.0334247
-0.0374967
-0.04152
-0.0454946
-0.0494204
-0.0532974
-0.0571257
-0.060905
-0.0646353
-0.0683157
-0.0719448
-0.0755194
-0.0790323
-0.0825633
-0.0860201
-0.0894164
-0.0927659
-0.0960707
-0.0993301
-0.102544
-0.105712
0.00102184
-0.00317674
-0.00733156
-0.0114427
-0.0155103
-0.019534
-0.0235138
-0.0274496
-0.0313413
-0.0351888
-0.0389922
-0.0427515
-0.0464665
-0.0501375
-0.0537644
-0.0573474
-0.0608869
-0.0643834
-0.0678386
-0.0712556
-0.0746401
-0.0779301
-0.0812023
-0.084439
-0.0876323
-0.0907832
-0.0938927
-0.0969608
-0.0999877
0.00123819
-0.00271617
-0.00663079
-0.0105058
-0.0143411
-0.0181368
-0.0218926
-0.0256085
-0.0292844
-0.0329203
-0.0365163
-0.0400722
-0.0435882
-0.0470642
-0.0505005
-0.053897
-0.0572542
-0.0605722
-0.0638514
-0.0670913
-0.0702906
-0.0734313
-0.0765477
-0.0796323
-0.0826773
-0.0856822
-0.0886486
-0.0915769
-0.0944676
0.00153542
-0.00218928
-0.00587797
-0.00953077
-0.0131477
-0.0167286
-0.0202735
-0.0237823
-0.0272549
-0.0306913
-0.0340914
-0.0374554
-0.0407832
-0.0440748
-0.0473302
-0.0505496
-0.0537329
-0.0568802
-0.0599914
-0.0630658
-0.066103
-0.0690985
-0.0720662
-0.075002
-0.0779018
-0.0807653
-0.0835935
-0.086387
-0.089146
0.00190661
-0.00160219
-0.00507845
-0.00852229
-0.0119337
-0.0153126
-0.0186589
-0.0219726
-0.0252535
-0.0285018
-0.0317172
-0.0348999
-0.0380498
-0.0411669
-0.0442512
-0.0473027
-0.0503213
-0.0533071
-0.05626
-0.0591798
-0.0620666
-0.0649183
-0.0677432
-0.0705365
-0.0732968
-0.0760244
-0.0787199
-0.0813838
-0.0840162
0.00234519
-0.0009607
-0.00423728
-0.00748463
-0.0107027
-0.0138915
-0.0170509
-0.0201808
-0.0232812
-0.026352
-0.0293932
-0.0324048
-0.0353866
-0.0383388
-0.0412611
-0.0441537
-0.0470164
-0.0498493
-0.0526521
-0.055425
-0.0581679
-0.0608802
-0.0635704
-0.0662284
-0.0688551
-0.0714524
-0.074021
-0.0765607
-0.0790715
0.00284494
-0.000270331
-0.00335927
-0.00642191
-0.00945824
-0.0124682
-0.0154516
-0.0184085
-0.0213388
-0.0242423
-0.0271192
-0.0299692
-0.0327923
-0.0355886
-0.0383579
-0.0411002
-0.0438154
-0.0465034
-0.0491639
-0.0517965
-0.0544002
-0.0569734
-0.0595411
-0.0620725
-0.0645719
-0.0670446
-0.0694915
-0.0719121
-0.0743062
0.00339994
0.000463689
-0.00244895
-0.005338
-0.00820343
-0.0110451
-0.013863
-0.016657
-0.019427
-0.0221729
-0.0248947
-0.0275923
-0.0302657
-0.0329147
-0.0355394
-0.0381397
-0.0407157
-0.0432673
-0.0457947
-0.0482983
-0.0507789
-0.0532377
-0.0556589
-0.0580615
-0.060441
-0.0627956
-0.065126
-0.0674324
-0.0697147
0.00400456
0.00123639
-0.00151068
-0.00423662
-0.0069414
-0.0096249
-0.012287
-0.0149276
-0.0175467
-0.0201441
-0.0227197
-0.0252735
-0.0278054
-0.0303153
-0.0328032
-0.0352691
-0.0377128
-0.0401346
-0.0425344
-0.0449122
-0.0472679
-0.049601
-0.0519016
-0.0541865
-0.0564527
-0.0586965
-0.0609172
-0.0631152
-0.0652908
0.00465346
0.00204304
-0.000548566
-0.0031213
-0.00567511
-0.00820986
-0.0107254
-0.0132217
-0.0156986
-0.018156
-0.0205938
-0.0230119
-0.0254102
-0.0277886
-0.0301471
-0.0324855
-0.0348039
-0.037102
-0.0393799
-0.0416373
-0.043874
-0.0460896
-0.0482815
-0.0504566
-0.0526132
-0.0547493
-0.056864
-0.0589579
-0.061031
0.00534155
0.00287912
0.000433448
-0.00199541
-0.00440737
-0.0068023
-0.00918006
-0.0115405
-0.0138836
-0.0162091
-0.0185169
-0.020807
-0.0230792
-0.0253334
-0.0275695
-0.0297874
-0.031987
-0.0341682
-0.0363309
-0.038475
-0.0406004
-0.0427069
-0.0447934
-0.0468631
-0.0489148
-0.0509474
-0.0529609
-0.0549552
-0.0569305
0.00606395
0.00374035
0.00143161
-0.000862183
-0.00314092
-0.00540445
-0.00765262
-0.00988531
-0.0121024
-0.0143037
-0.016489
-0.0186584
-0.0208116
-0.0229485
-0.025069
-0.027173
-0.0292604
-0.031331
-0.0333847
-0.0354216
-0.0374413
-0.039444
-0.0414288
-0.043398
-0.0453502
-0.0472849
-0.049202
-0.0511016
-0.0529837
0.00681606
0.00462261
0.00244232
0.00027529
-0.00187835
-0.00401844
-0.00614483
-0.00825736
-0.0103559
-0.0124402
-0.0145103
-0.0165659
-0.0186068
-0.0206331
-0.0226444
-0.0246408
-0.0266219
-0.0285878
-0.0305383
-0.0324734
-0.0343929
-0.0362968
-0.0381848
-0.0400588
-0.0419169
-0.0437587
-0.0455842
-0.0473936
-0.0491867
0.00759345
0.00552199
0.00346214
0.00141404
-0.00062219
-0.00264637
-0.00465833
-0.0066579
-0.00864493
-0.0106192
-0.0125807
-0.0145291
-0.0164643
-0.0183862
-0.0202945
-0.0221892
-0.0240699
-0.0259366
-0.0277891
-0.0296272
-0.0314508
-0.0332605
-0.0350565
-0.0368432
-0.0386126
-0.0403656
-0.0421037
-0.043827
-0.0455353
0.00839192
0.00643474
0.0044878
0.00255122
0.000625153
-0.00129022
-0.00319471
-0.00508816
-0.00697038
-0.00884122
-0.0107005
-0.0125481
-0.0143837
-0.0162073
-0.0180186
-0.0198175
-0.0216037
-0.0233769
-0.0251366
-0.0268822
-0.0286122
-0.0303247
-0.0320165
-0.0337388
-0.0354305
-0.0371003
-0.0387557
-0.0403975
-0.0420253
0.00920746
0.00735732
0.00551616
0.00368412
0.00186138
4.81178e-05
-0.00175549
-0.00354925
-0.005333
-0.00710655
-0.00886975
-0.0106224
-0.0123644
-0.0140956
-0.0158158
-0.0175249
-0.0192229
-0.0209098
-0.0225857
-0.0242512
-0.0259072
-0.0275557
-0.0291994
-0.0307879
-0.0323807
-0.033968
-0.035543
-0.0371052
-0.0386549
0.0100363
0.00828631
0.00654423
0.00481018
0.00308431
0.00136683
-0.000342083
-0.00204223
-0.00373345
-0.00541554
-0.00708835
-0.00875169
-0.0104054
-0.0120494
-0.0136834
-0.0153073
-0.0169211
-0.0185246
-0.0201176
-0.0217001
-0.0232718
-0.0248318
-0.0263793
-0.0279105
-0.0294331
-0.0309463
-0.032448
-0.0339375
-0.035415
0.0125375
0.0108747
0.00921849
0.00756918
0.00592691
0.00429184
0.00266418
0.00104412
-0.000568139
-0.00217242
-0.00376854
-0.00535631
-0.00693555
-0.00850608
-0.0100677
-0.0116203
-0.0131637
-0.0146977
-0.0162221
-0.0177368
-0.0192415
-0.0207359
-0.0222199
-0.023693
-0.0251546
-0.0266061
-0.0280476
-0.0294783
-0.0308978
-0.032306
0.0132935
0.0117192
0.0101508
0.00858827
0.00703194
0.00548194
0.00393849
0.00240177
0.000871981
-0.000650675
-0.00216601
-0.00367384
-0.00517396
-0.0066662
-0.00815037
-0.00962629
-0.0110938
-0.0125526
-0.0140027
-0.0154438
-0.0168756
-0.0182982
-0.0197111
-0.0211144
-0.0225073
-0.0238907
-0.0252644
-0.0266278
-0.027981
-0.0293236
0.0140581
0.0125666
0.0110801
0.00959888
0.00812298
0.00665265
0.00518808
0.00372948
0.00227705
0.000830992
-0.000608501
-0.00204123
-0.00346701
-0.00488564
-0.00629693
-0.0077007
-0.00909675
-0.0104849
-0.011865
-0.0132368
-0.0146001
-0.0159549
-0.0173008
-0.0186378
-0.0199654
-0.0212841
-0.0225936
-0.0238935
-0.0251839
-0.0264644
0.0148278
0.0134136
0.0120038
0.0105985
0.00919782
0.00780204
0.00641134
0.00502593
0.00364601
0.00227178
0.000903441
-0.000458804
-0.00181476
-0.00316423
-0.00450703
-0.00584296
-0.00717183
-0.00849346
-0.00980766
-0.0111142
-0.012413
-0.0137039
-0.0149866
-0.016261
-0.0175268
-0.0187843
-0.0200331
-0.021273
-0.0225039
-0.0237256
0.0155993
0.0142573
0.012919
0.0115846
0.0102543
0.00892828
0.0076067
0.00628981
0.0049778
0.00367089
0.00236927
0.00107314
-0.000217296
-0.00150184
-0.00278031
-0.00405249
-0.00531821
-0.00657727
-0.00782949
-0.0090747
-0.0103127
-0.0115433
-0.0127664
-0.0139818
-0.0151892
-0.0163889
-0.0175804
-0.0187635
-0.0199382
-0.0211043
0.0163693
0.0150947
0.0138232
0.0125551
0.0112904
0.0100296
0.00877264
0.00751986
0.00627142
0.00502755
0.00378844
0.00255428
0.00132529
0.000101659
-0.00111642
-0.00232874
-0.00353513
-0.00473538
-0.00592932
-0.00711676
-0.00829753
-0.00947145
-0.0106384
-0.0117981
-0.0129504
-0.0140956
-0.015233
-0.0163625
-0.0174841
-0.0185976
0.0171349
0.015923
0.0147138
0.0135075
0.0123042
0.0111042
0.00990769
0.00871484
0.00752587
0.00634099
0.00516039
0.00398429
0.00281287
0.00164635
0.000484914
-0.000671241
-0.00182192
-0.00296693
-0.00410609
-0.0052392
-0.00636609
-0.00748658
-0.00860051
-0.00970776
-0.0108082
-0.0119023
-0.0129888
-0.0140677
-0.0151391
-0.0162028
0.0178931
0.0167396
0.0155885
0.0144398
0.0132937
0.0121506
0.0110104
0.00987357
0.00874017
0.00761044
0.00648459
0.00536281
0.0042453
0.00313226
0.00202388
0.000920377
-0.00017807
-0.00127126
-0.00235899
-0.00344107
-0.00451726
-0.00558733
-0.00665101
-0.00770799
-0.00875793
-0.00980601
-0.0108453
-0.0118766
-0.0129006
-0.0139176
0.0186411
0.017542
0.0164449
0.0153499
0.0142572
0.013167
0.0120795
0.0109949
0.00991338
0.00883517
0.00776048
0.00668948
0.00562238
0.00455938
0.00350066
0.00244642
0.00139684
0.000352088
-0.000687652
-0.00172223
-0.0027515
-0.00377535
-0.00479373
-0.00580661
-0.00681401
-0.0078106
-0.00880248
-0.00978854
-0.0107679
-0.0117403
0.0193763
0.0183278
0.017281
0.0162359
0.0151929
0.014152
0.0131135
0.0120777
0.0110446
0.0100145
0.00898753
0.00796399
0.00694403
0.00592783
0.0049156
0.00390751
0.00290376
0.00190454
0.000910015
-7.96223e-05
-0.00106419
-0.00204351
-0.00301737
-0.00398556
-0.00494779
-0.00590319
-0.00685312
-0.00779731
-0.0087352
-0.00966646
0.0200961
0.0190946
0.0180945
0.0170959
0.016099
0.0151041
0.0141113
0.0131208
0.0121328
0.0111475
0.0101652
0.00918594
0.00821
0.00723754
0.00626877
0.00530388
0.00434304
0.00338645
0.00243429
0.00148676
0.00054402
-0.000393733
-0.00132632
-0.00225357
-0.0031753
-0.00409115
-0.00500144
-0.00590596
-0.0068044
-0.00769652
0.0207982
0.0198402
0.0188834
0.0179279
0.016974
0.0160217
0.0150714
0.0141231
0.0131771
0.0122336
0.0112928
0.0103548
0.00941993
0.00848828
0.00756006
0.00663548
0.0057147
0.00479792
0.00388532
0.00297707
0.00207337
0.00117437
0.000280263
-0.000608788
-0.00149261
-0.00237093
-0.00324382
-0.00411108
-0.0049725
-0.00582792
0.0214801
0.0205625
0.0196458
0.0187303
0.0178161
0.0169035
0.0159925
0.0150835
0.0141765
0.0132718
0.0123696
0.0114701
0.0105734
0.00967977
0.00878934
0.00790233
0.00701891
0.00613926
0.00526357
0.00439202
0.00352478
0.00266202
0.00180391
0.000950638
0.000102356
-0.000740717
-0.00157854
-0.00241095
-0.00323776
-0.00405881
0.0221395
0.0212592
0.0203797
0.0195012
0.0186238
0.0177478
0.0168734
0.0160007
0.01513
0.0142614
0.013395
0.0125312
0.01167
0.0108117
0.0099564
0.00910435
0.00825571
0.00741065
0.00656935
0.00573199
0.00489875
0.00406978
0.00324527
0.00242538
0.00161028
0.000800149
-4.92181e-06
-0.000804768
-0.00159922
-0.00238812
0.0227744
0.0219284
0.0210831
0.0202388
0.0193955
0.0185534
0.0177128
0.0168737
0.0160365
0.0152012
0.0143681
0.0135373
0.0127091
0.0118836
0.0110609
0.0102413
0.009425
0.00861209
0.00780277
0.00699722
0.00619561
0.0053981
0.00460488
0.00381609
0.00303191
0.0022525
0.00147799
0.000708523
-5.5732e-05
-0.000814626
0.0233823
0.022568
0.0217543
0.0209414
0.0201294
0.0193186
0.0185091
0.0177011
0.0168948
0.0160904
0.015288
0.0144878
0.0136901
0.0128949
0.0121025
0.011313
0.0105266
0.00974346
0.0089638
0.00818777
0.00741553
0.00664724
0.00588308
0.0051232
0.00436777
0.00361695
0.00287086
0.00212967
0.00139352
0.000662567
0.0239614
0.023176
0.0223912
0.0216072
0.020824
0.0200419
0.0192611
0.0184817
0.0177039
0.0169278
0.0161537
0.0153818
0.0146121
0.013845
0.0130804
0.0123187
0.01156
0.0108044
0.0100522
0.00930351
0.00855845
0.00781723
0.00707999
0.00634691
0.00561813
0.00489382
0.0041741
0.00345914
0.00274908
0.00204407
0.0245092
0.0237504
0.022992
0.0222344
0.0214775
0.0207218
0.0199672
0.019214
0.0184623
0.0177123
0.0169642
0.0162182
0.0154743
0.0147329
0.0139941
0.0132579
0.0125247
0.0117946
0.0110676
0.0103441
0.00962413
0.00890788
0.0081955
0.00748716
0.006783
0.00608319
0.00538786
0.00469715
0.00401122
0.0033302
0.0250239
0.024289
0.0235547
0.0228211
0.0220883
0.0213564
0.0206258
0.0198965
0.0191686
0.0184425
0.0177181
0.0169958
0.0162756
0.0155578
0.0148424
0.0141298
0.0134199
0.0127131
0.0120093
0.011309
0.010612
0.00991872
0.0092292
0.00854361
0.00786211
0.00718485
0.00651196
0.00584358
0.00517987
0.00452096
0.025503
0.0247899
0.0240773
0.0233654
0.0226543
0.0219441
0.0212352
0.0205275
0.0198214
0.0191168
0.0184141
0.0177133
0.0170147
0.0163183
0.0156244
0.0149331
0.0142446
0.013559
0.0128765
0.0121972
0.0115214
0.010849
0.0101804
0.00951566
0.0088549
0.00819828
0.00754594
0.00689802
0.00625468
0.00561603
0.0259444
0.0252507
0.0245576
0.0238651
0.0231736
0.022483
0.0217935
0.0211054
0.0204187
0.0197337
0.0190505
0.0183692
0.01769
0.017013
0.0163385
0.0156666
0.0149974
0.0143311
0.0136678
0.0130077
0.012351
0.0116977
0.0110481
0.0104023
0.00976036
0.00912252
0.00848888
0.00785958
0.00723477
0.00661457
0.0263457
0.0256693
0.0249934
0.0243183
0.023644
0.0229708
0.0222987
0.021628
0.0209588
0.0202912
0.0196254
0.0189615
0.0182998
0.0176403
0.0169832
0.0163286
0.0156768
0.0150278
0.0143819
0.013739
0.0130995
0.0124634
0.0118309
0.0112022
0.0105773
0.00995642
0.00933965
0.00872716
0.00811909
0.00751555
0.0267045
0.026043
0.0253823
0.0247223
0.0240632
0.0234053
0.0227485
0.0220931
0.0214392
0.020787
0.0201366
0.0194882
0.0188418
0.0181978
0.0175561
0.016917
0.0162806
0.015647
0.0150164
0.014389
0.0137648
0.013144
0.0125268
0.0119133
0.0113036
0.0106979
0.0100961
0.00949867
0.00890556
0.00831691
0.0270181
0.0263696
0.0257218
0.0250749
0.0244289
0.0237841
0.0231405
0.0224984
0.0218579
0.021219
0.020582
0.0199471
0.0193142
0.0186836
0.0180555
0.0174299
0.016807
0.0161869
0.0155699
0.0149559
0.0143452
0.0137379
0.0131342
0.0125341
0.0119377
0.0113454
0.0107568
0.0101726
0.00959266
0.00901716
0.0272835
0.0266456
0.0260085
0.0253724
0.0247374
0.0241036
0.0234712
0.0228402
0.0222109
0.0215834
0.0209577
0.0203341
0.0197127
0.0190936
0.018477
0.0178629
0.0172516
0.0166431
0.0160376
0.0154353
0.0148362
0.0142404
0.0136482
0.0130596
0.0124747
0.0118937
0.0113168
0.0107441
0.0101757
0.00961162
0.0274987
0.0268694
0.026241
0.0256137
0.0249875
0.0243627
0.0237394
0.0231176
0.0224976
0.0218793
0.0212631
0.020649
0.0200371
0.0194276
0.0188205
0.0182161
0.0176145
0.0170157
0.01642
0.0158273
0.015238
0.014652
0.0140695
0.0134907
0.0129156
0.0123444
0.0117773
0.0112141
0.0106551
0.0101004
0.0276571
0.0270339
0.0264117
0.0257907
0.025171
0.0245528
0.0239362
0.0233212
0.0227081
0.022097
0.0214879
0.020881
0.0202765
0.0196744
0.0190748
0.018478
0.017884
0.017293
0.016705
0.0161202
0.0155387
0.0149606
0.014386
0.0138151
0.0132479
0.0126847
0.0121254
0.0115702
0.0110191
0.0104723
0.0277635
0.0271445
0.0265267
0.0259102
0.0252952
0.0246818
0.0240701
0.0234601
0.0228521
0.0222461
0.0216423
0.0210408
0.0204416
0.0198449
0.0192509
0.0186596
0.0180712
0.0174857
0.0169034
0.0163242
0.0157483
0.0151759
0.0146069
0.0140416
0.0134801
0.0129224
0.0123686
0.0118189
0.0112733
0.010732
0.027793
0.0271746
0.0265576
0.0259423
0.0253286
0.0247168
0.0241069
0.0234991
0.0228933
0.0222899
0.0216888
0.0210903
0.0204943
0.019901
0.0193105
0.0187229
0.0181383
0.0175568
0.0169785
0.0164036
0.0158321
0.0152641
0.0146996
0.0141389
0.013582
0.013029
0.0124801
0.0119351
0.0113943
0.0108578
0.0163379
0.0156779
0.0150199
0.0143638
0.01371
0.0130584
0.0124093
0.0117627
0.0111188
0.0104778
0.00983981
0.0092049
0.00857323
0.00794495
0.00732018
0.00669906
0.00608172
0.00546828
0.00485887
0.00425363
0.00365268
0.00305614
0.00246415
0.00187682
0.00129428
0.000716647
0.000144042
-0.000423415
-0.000985603
-0.00154241
-0.00209374
0.0163013
0.0156407
0.0149818
0.0143246
0.0136693
0.013016
0.0123649
0.0117161
0.0110697
0.010426
0.00978494
0.00914678
0.00851164
0.00787967
0.00725101
0.0066258
0.00600419
0.00538632
0.00477233
0.00416236
0.00355656
0.00295505
0.00235799
0.0017655
0.00117773
0.000594807
1.68616e-05
-0.000555972
-0.00112357
-0.0016858
-0.00224252
0.0161827
0.0155174
0.0148535
0.0141912
0.0135306
0.0128719
0.0122152
0.0115607
0.0109085
0.0102588
0.0096117
0.00896739
0.00832602
0.00768773
0.00705268
0.00642101
0.00579288
0.00516845
0.00454784
0.00393123
0.00331874
0.00271053
0.00210675
0.00150753
0.000913017
0.000323353
-0.000261324
-0.000840877
-0.00141517
-0.00198407
-0.00254745
0.0160065
0.0153344
0.0146634
0.0139939
0.0133259
0.0126596
0.0119952
0.0113328
0.0106726
0.0100147
0.00935931
0.00870657
0.00805664
0.00740967
0.00676582
0.00612526
0.00548814
0.00485462
0.00422485
0.00359898
0.00297718
0.0023596
0.00174638
0.00113768
0.000533649
-6.55674e-05
-0.000659823
-0.00124897
-0.00183288
-0.00241139
-0.00298439
0.0157696
0.0150877
0.0144069
0.0137273
0.0130491
0.0123725
0.0116976
0.0110246
0.0103537
0.00968496
0.00901862
0.00835483
0.00769374
0.00703554
0.00638038
0.00572842
0.00507984
0.00443479
0.00379343
0.00315594
0.00252247
0.00189317
0.00126821
0.000647752
3.19403e-05
-0.000579068
-0.00118512
-0.00178607
-0.00238176
-0.00297206
-0.00355682
0.0154791
0.0147851
0.014092
0.0134
0.0127093
0.01202
0.0113323
0.0106464
0.00996238
0.00928051
0.00860092
0.00792378
0.00724926
0.00657753
0.00590876
0.00524312
0.00458079
0.00392192
0.0032667
0.00261528
0.00196784
0.00132453
0.00068553
5.09923e-05
-0.00057892
-0.00120405
-0.00182424
-0.00243933
-0.00304917
-0.00365362
-0.00425252
0.015138
0.0144293
0.0137215
0.0130146
0.0123088
0.0116044
0.0109015
0.0102002
0.00950074
0.00880331
0.00810806
0.00741518
0.00672484
0.00603721
0.00535247
0.0046708
0.00399237
0.00331736
0.00264594
0.00197828
0.00131455
0.000654932
-4.14533e-07
-0.000651321
-0.00129762
-0.00193915
-0.00257575
-0.00320726
-0.00383352
-0.00445438
-0.00506969
0.0140248
0.0132998
0.0125756
0.0118524
0.0111305
0.0104099
0.00969096
0.00897371
0.00825838
0.00754516
0.00683423
0.00612576
0.00541993
0.00471694
0.00401695
0.00332015
0.00262671
0.00193682
0.00125066
0.000568386
-0.00010981
-0.00078376
-0.00145329
-0.00211824
-0.00277843
-0.0034337
-0.00408389
-0.00472883
-0.00536837
-0.00600236
0.0135751
0.0128304
0.0120865
0.0113435
0.0106017
0.00986113
0.00912204
0.00838462
0.00764904
0.00691549
0.00618416
0.00545523
0.00472889
0.00400531
0.00328469
0.00256721
0.00185305
0.0011424
0.000435432
-0.000267669
-0.000966724
-0.00166156
-0.00235199
-0.00303786
-0.00371899
-0.0043952
-0.00506634
-0.00573223
-0.00639272
-0.00704767
0.0130837
0.0123169
0.0115509
0.0107857
0.0100215
0.00925854
0.00849698
0.00773701
0.00697881
0.00622258
0.00546851
0.00471677
0.00396757
0.00322109
0.00247753
0.00173705
0.000999867
0.00026615
-0.000463912
-0.00119014
-0.00191234
-0.00263034
-0.00334397
-0.00405303
-0.00475737
-0.00545681
-0.00615118
-0.00684029
-0.00752402
-0.0082022
0.0125539
0.0117627
0.010972
0.0101821
0.00939317
0.00860537
0.00781891
0.00703397
0.00625076
0.00546945
0.00469025
0.00391334
0.00313892
0.00236718
0.00159831
0.000832505
6.995e-05
-0.000689164
-0.00144465
-0.00219632
-0.002944
-0.00368749
-0.00442662
-0.00516121
-0.00589108
-0.00661607
-0.00733598
-0.00805059
-0.00875986
-0.0094636
0.0119892
0.0111708
0.010353
0.00953595
0.00871976
0.00790465
0.00709082
0.00627847
0.00546779
0.00465897
0.00385222
0.00304772
0.00224568
0.00144628
0.000649721
-0.000143802
-0.000934098
-0.00172098
-0.00250424
-0.00328372
-0.00405921
-0.00483054
-0.00559752
-0.00635997
-0.00711774
-0.00787064
-0.00861851
-0.00936081
-0.0100979
-0.0108296
0.0113925
0.0105446
0.00969704
0.00885019
0.00800419
0.00715923
0.00631551
0.00547323
0.00463258
0.00379377
0.00295698
0.00212243
0.0012903
0.000460787
-0.000365901
-0.00118957
-0.00201004
-0.0028271
-0.00364056
-0.00445024
-0.00525594
-0.00605748
-0.00685466
-0.0076473
-0.00843522
-0.00921822
-0.00999609
-0.0107689
-0.0115364
-0.0122984
0.0107671
0.00988679
0.00900691
0.00812767
0.00724924
0.00637183
0.00549562
0.00462083
0.00374765
0.00287628
0.00200692
0.00113978
0.00027504
-0.000587086
-0.0014464
-0.00230272
-0.00315583
-0.00400555
-0.00485168
-0.00569403
-0.00653241
-0.00736665
-0.00819654
-0.00902192
-0.00984261
-0.0106584
-0.0114693
-0.0122751
-0.0130754
-0.01387
0.0101159
0.00920049
0.00828552
0.00737115
0.00645759
0.00554502
0.00463366
0.0037237
0.00281534
0.00190878
0.00100423
0.000101889
-0.000798046
-0.00169537
-0.0025899
-0.00348142
-0.00436974
-0.00525466
-0.006136
-0.00701357
-0.00788716
-0.00875661
-0.00962172
-0.0104823
-0.0113382
-0.0121893
-0.0130353
-0.0138761
-0.0147115
-0.0155413
0.00944187
0.00848852
0.0075356
0.0065833
0.0056318
0.0046813
0.00373201
0.00278413
0.00183786
0.000893405
-4.90341e-05
-0.000989255
-0.00192706
-0.00286224
-0.00379461
-0.00472396
-0.00565009
-0.00657283
-0.00749196
-0.0084073
-0.00931867
-0.0102259
-0.0111287
-0.0120271
-0.0129207
-0.0138094
-0.0146931
-0.0155717
-0.0164448
-0.0173124
0.00874794
0.00775368
0.00675986
0.00576669
0.00477434
0.00378303
0.00279295
0.0018043
0.000817296
-0.000167868
-0.00115099
-0.00213186
-0.00311028
-0.00408606
-0.005059
-0.00602889
-0.00699554
-0.00795877
-0.00891837
-0.00987416
-0.010826
-0.0117736
-0.0127168
-0.0136555
-0.0145895
-0.0155186
-0.0164427
-0.0173616
-0.0182751
-0.0191831
0.008037
0.00699871
0.00596092
0.00492383
0.00388762
0.00285248
0.00181863
0.000786269
-0.000244405
-0.00127319
-0.00229988
-0.00332427
-0.00434617
-0.00536538
-0.0063817
-0.00739493
-0.00840489
-0.00941137
-0.0104142
-0.0114132
-0.0124081
-0.0133989
-0.0143852
-0.015367
-0.0163441
-0.0173163
-0.0182833
-0.0192452
-0.0202018
-0.0211528
0.00731188
0.00622633
0.00514136
0.00405717
0.00297394
0.00189186
0.000811141
-0.000268013
-0.0013454
-0.00242082
-0.00349408
-0.00456497
-0.0056333
-0.00669887
-0.00776149
-0.00882095
-0.00987709
-0.0109297
-0.0119786
-0.0130236
-0.0140645
-0.0151012
-0.0161334
-0.0171611
-0.018184
-0.019202
-0.0202148
-0.0212225
-0.0222248
-0.0232216
0.00657542
0.00543921
0.0043037
0.00316909
0.00203554
0.000903262
-0.00022755
-0.00135669
-0.00248396
-0.00360917
-0.00473211
-0.00585258
-0.0069704
-0.00808537
-0.0091973
-0.010306
-0.0114113
-0.012513
-0.0136109
-0.0147048
-0.0157946
-0.0168801
-0.0179611
-0.0190375
-0.020109
-0.0211756
-0.0222371
-0.0232933
-0.0243442
-0.0253896
0.00583041
0.00463999
0.00345043
0.00226191
0.00107461
-0.000111278
-0.00129555
-0.00247802
-0.00365848
-0.00483673
-0.00601259
-0.00718585
-0.00835634
-0.00952386
-0.0106882
-0.0118492
-0.0130068
-0.0141606
-0.0153105
-0.0164564
-0.017598
-0.0187353
-0.0198681
-0.0209961
-0.0221193
-0.0232374
-0.0243503
-0.025458
-0.0265604
-0.0276572
0.00507963
0.00383127
0.00258396
0.0013379
9.3244e-05
-0.00114981
-0.00239107
-0.00363034
-0.00486742
-0.00610213
-0.00733428
-0.00856367
-0.00979013
-0.0110135
-0.0122335
-0.0134501
-0.014663
-0.0158721
-0.0170771
-0.0182781
-0.0194747
-0.0206669
-0.0218544
-0.0230372
-0.024215
-0.0253877
-0.0265548
-0.0277169
-0.0288738
-0.0300251
0.00432586
0.00301563
0.00170671
0.000399271
-0.000906513
-0.00221046
-0.00351239
-0.0048121
-0.0061094
-0.00740412
-0.00869606
-0.00998505
-0.0112709
-0.0125535
-0.0138325
-0.0151079
-0.0163795
-0.0176472
-0.0189106
-0.0201698
-0.0214246
-0.0226748
-0.0239203
-0.025161
-0.0263968
-0.0276277
-0.0288512
-0.0300705
-0.0312849
-0.0324938
0.00357185
0.00219562
0.00082101
-0.000551812
-0.00192269
-0.00329144
-0.00465789
-0.00602185
-0.00738313
-0.00874156
-0.010097
-0.0114492
-0.012798
-0.0141433
-0.0154849
-0.0168226
-0.0181563
-0.0194858
-0.0208109
-0.0221316
-0.0234476
-0.0247589
-0.0260652
-0.0273664
-0.0286623
-0.0299527
-0.0312391
-0.0325196
-0.0337946
-0.035064
0.00282036
0.00137378
-7.08067e-05
-0.00151324
-0.00295337
-0.00439104
-0.00582605
-0.00725824
-0.00868743
-0.0101135
-0.0115361
-0.0129553
-0.0143709
-0.0157826
-0.0171903
-0.0185939
-0.0199932
-0.0213881
-0.0227784
-0.0241641
-0.0255449
-0.0269207
-0.0282915
-0.0296571
-0.0310175
-0.0323725
-0.0337232
-0.0350678
-0.0364062
-0.0377388
0.00207414
0.000552625
-0.000966461
-0.00248295
-0.00399672
-0.0055076
-0.00701543
-0.00852003
-0.0100212
-0.0115189
-0.0130129
-0.014503
-0.0159891
-0.017471
-0.0189487
-0.0204219
-0.0218906
-0.0233545
-0.0248136
-0.0262678
-0.0277169
-0.0291609
-0.0305996
-0.032033
-0.033461
-0.0348834
-0.0363005
-0.0377118
-0.0391172
-0.0405167
0.00133595
-0.000265352
-0.0018637
-0.00345893
-0.00505094
-0.00663957
-0.00822467
-0.00980607
-0.0113836
-0.0129572
-0.0145266
-0.0160918
-0.0176525
-0.0192087
-0.0207602
-0.0223068
-0.0238486
-0.0253853
-0.0269169
-0.0284432
-0.0299642
-0.0314797
-0.0329898
-0.0344942
-0.0359929
-0.0374858
-0.0389732
-0.0404549
-0.0419306
-0.0434005
0.000608555
-0.00107765
-0.00276029
-0.00443922
-0.00611432
-0.00778547
-0.00945252
-0.0111153
-0.0127737
-0.0144276
-0.0160769
-0.0177214
-0.0193609
-0.0209955
-0.0226249
-0.0242491
-0.0258679
-0.0274813
-0.0290891
-0.0306914
-0.0322879
-0.0338786
-0.0354636
-0.0370426
-0.0386157
-0.0401826
-0.0417439
-0.0432993
-0.0448487
-0.0463921
-0.000105257
-0.00188179
-0.00365404
-0.00542187
-0.00718519
-0.00894388
-0.0106978
-0.0124469
-0.0141909
-0.0159298
-0.0176635
-0.0193918
-0.0211146
-0.0228319
-0.0245435
-0.0262493
-0.0279493
-0.0296434
-0.0313315
-0.0330135
-0.0346893
-0.0363589
-0.0380224
-0.0396795
-0.0413305
-0.0429747
-0.0446135
-0.0462464
-0.0478731
-0.0494934
-0.000802672
-0.00267527
-0.00454275
-0.006405
-0.00826194
-0.0101135
-0.0119595
-0.0137999
-0.0156345
-0.0174633
-0.0192862
-0.021103
-0.0229137
-0.0247182
-0.0265165
-0.0283084
-0.0300939
-0.0318729
-0.0336453
-0.0354112
-0.0371704
-0.0389229
-0.0406685
-0.042407
-0.0441383
-0.0458617
-0.0475815
-0.0492966
-0.0510049
-0.052706
-0.00148084
-0.00345558
-0.00542425
-0.00738674
-0.00934302
-0.011293
-0.0132366
-0.0151736
-0.0171041
-0.019028
-0.0209451
-0.0228554
-0.0247588
-0.0266553
-0.0285448
-0.0304272
-0.0323026
-0.0341709
-0.0360321
-0.0378862
-0.0397333
-0.0415733
-0.0434065
-0.0452327
-0.047051
-0.0488544
-0.0506572
-0.0524575
-0.0542505
-0.0560353
-0.00213685
-0.00422018
-0.00629635
-0.00836526
-0.0104269
-0.0124812
-0.0145281
-0.0165676
-0.0185995
-0.0206237
-0.0226404
-0.0246493
-0.0266505
-0.0286438
-0.0306294
-0.0326072
-0.034577
-0.0365391
-0.0384932
-0.0404394
-0.0423776
-0.0443078
-0.0462298
-0.0481439
-0.0500509
-0.0519593
-0.0538539
-0.0557363
-0.057612
-0.0594822
-0.00276773
-0.00496649
-0.00715685
-0.00933874
-0.0115121
-0.0136771
-0.0158334
-0.0179811
-0.0201202
-0.0222507
-0.0243724
-0.0264853
-0.0285896
-0.0306851
-0.0327718
-0.0348498
-0.0369191
-0.0389797
-0.0410316
-0.0430748
-0.0451096
-0.0471359
-0.0491539
-0.051164
-0.053166
-0.055161
-0.0571455
-0.0591205
-0.0610881
-0.0630489
-0.00337043
-0.00569189
-0.00800355
-0.0103053
-0.0125973
-0.0148794
-0.0171516
-0.019414
-0.0216664
-0.023909
-0.0261416
-0.0283643
-0.0305771
-0.0327801
-0.0349733
-0.0371567
-0.0393304
-0.0414944
-0.0436488
-0.0457936
-0.047929
-0.050055
-0.0521715
-0.0542787
-0.0563758
-0.0584652
-0.0605457
-0.0626174
-0.0646808
-0.0667362
-0.00394178
-0.00639368
-0.00883418
-0.0112632
-0.0136809
-0.0160872
-0.0184822
-0.0208658
-0.0232381
-0.025599
-0.0279487
-0.0302871
-0.0326144
-0.0349305
-0.0372356
-0.0395297
-0.041813
-0.0440855
-0.0463473
-0.0485985
-0.0508392
-0.0530694
-0.0552888
-0.0574976
-0.0596947
-0.0618838
-0.0640643
-0.0662355
-0.0683975
-0.0705507
-0.00447851
-0.00706907
-0.00964644
-0.0122106
-0.0147616
-0.0172996
-0.0198245
-0.0223364
-0.0248354
-0.0273214
-0.0297946
-0.032255
-0.0347028
-0.0371379
-0.0395606
-0.041971
-0.0443692
-0.0467555
-0.04913
-0.0514931
-0.0538449
-0.0561854
-0.0585138
-0.0608287
-0.063124
-0.0654157
-0.0677012
-0.0699764
-0.0722409
-0.0744956
-0.00497716
-0.00771514
-0.0104379
-0.0131455
-0.015838
-0.0185155
-0.0211781
-0.0238258
-0.0264587
-0.0290769
-0.0316805
-0.0342695
-0.0368441
-0.0394044
-0.0419507
-0.0444829
-0.0470014
-0.0495065
-0.0519985
-0.054478
-0.0569463
-0.0594056
-0.0618594
-0.0643132
-0.0666845
-0.0690747
-0.0714669
-0.0738479
-0.0762172
-0.0785762
-0.00543412
-0.00832886
-0.0112062
-0.014066
-0.0169087
-0.0197341
-0.0225426
-0.025334
-0.0281086
-0.0308664
-0.0336076
-0.0363322
-0.0390405
-0.0417326
-0.0444086
-0.0470688
-0.0497131
-0.0523418
-0.0549549
-0.0575521
-0.0601327
-0.0626948
-0.0652353
-0.0677487
-0.0703221
-0.0728524
-0.0753557
-0.0778464
-0.0803261
-0.0827943
-0.00584553
-0.00890697
-0.0119485
-0.0149701
-0.017972
-0.0209544
-0.0239174
-0.0268611
-0.0297855
-0.0326909
-0.0355775
-0.0384453
-0.0412945
-0.0441254
-0.0469382
-0.0497329
-0.0525099
-0.0552693
-0.0580113
-0.0607361
-0.0634438
-0.066135
-0.0688108
-0.0714723
-0.0741289
-0.0767651
-0.0793833
-0.0819877
-0.0845797
-0.0871592
-0.00944603
-0.0126621
-0.0158555
-0.0190266
-0.0221754
-0.0253022
-0.0284071
-0.0314902
-0.0345517
-0.0375917
-0.0406106
-0.0436085
-0.0465857
-0.0495424
-0.0524788
-0.0553954
-0.0582923
-0.0611698
-0.0640284
-0.0668684
-0.06969
-0.0724937
-0.0752779
-0.07805
-0.0808065
-0.083546
-0.0862695
-0.0889783
-0.0916729
-0.00994232
-0.013344
-0.0167199
-0.0200705
-0.023396
-0.0266965
-0.0299722
-0.0332232
-0.0364497
-0.0396521
-0.0428304
-0.0459851
-0.0491163
-0.0522244
-0.0553097
-0.0583727
-0.0614136
-0.0644329
-0.0674312
-0.0704089
-0.0733657
-0.0763014
-0.0792095
-0.0821072
-0.0849903
-0.0878547
-0.0907007
-0.0935297
-0.0963427
-0.0103919
-0.0139908
-0.0175608
-0.0211021
-0.024615
-0.0280997
-0.0315564
-0.0349852
-0.0383864
-0.0417603
-0.045107
-0.048427
-0.0517205
-0.0549879
-0.0582295
-0.0614458
-0.0646372
-0.0678044
-0.0709483
-0.0740704
-0.0771726
-0.0802582
-0.0832856
-0.0863113
-0.0893242
-0.0923163
-0.0952878
-0.0982403
-0.101175
-0.0107903
-0.0145991
-0.0183752
-0.0221191
-0.0258311
-0.0295113
-0.0331598
-0.036777
-0.0403631
-0.0439183
-0.0474429
-0.0509374
-0.0544019
-0.0578369
-0.0612427
-0.0646197
-0.0679684
-0.071289
-0.0745816
-0.0778458
-0.0810806
-0.0842829
-0.0874932
-0.0906679
-0.0938132
-0.0969356
-0.100036
-0.103116
-0.106176
-0.011133
-0.0151649
-0.0191602
-0.0231194
-0.0270428
-0.0309304
-0.0347825
-0.0385993
-0.0423811
-0.0461282
-0.0498409
-0.0535196
-0.0571645
-0.0607761
-0.0643549
-0.0679011
-0.0714153
-0.0748978
-0.078349
-0.0817692
-0.0851594
-0.0885188
-0.0918672
-0.0951821
-0.0984656
-0.101723
-0.104956
-0.108166
-0.111353
-0.0114149
-0.0156841
-0.0199125
-0.0241005
-0.0282483
-0.0323562
-0.0364243
-0.0404528
-0.044442
-0.0483922
-0.0523038
-0.0561771
-0.0600124
-0.0638103
-0.0675712
-0.0712956
-0.0749839
-0.0786367
-0.0822544
-0.0858373
-0.0893863
-0.092898
-0.0963906
-0.0998535
-0.103283
-0.106682
-0.110053
-0.113397
-0.116714
-0.0116305
-0.016152
-0.0206282
-0.0250594
-0.0294458
-0.0337877
-0.038085
-0.042338
-0.0465471
-0.0507124
-0.0548344
-0.0589134
-0.0629498
-0.0669441
-0.0708968
-0.0748086
-0.07868
-0.0825118
-0.0863045
-0.0900575
-0.0937699
-0.0974288
-0.101074
-0.104694
-0.108277
-0.111822
-0.115334
-0.118816
-0.122267
-0.0117736
-0.0165636
-0.0213033
-0.0259931
-0.0306331
-0.0352234
-0.0397642
-0.0442555
-0.0486977
-0.053091
-0.0574358
-0.0617323
-0.0659811
-0.0701825
-0.0743371
-0.0784456
-0.0825085
-0.0865272
-0.0905036
-0.0944405
-0.0983384
-0.102152
-0.105954
-0.10973
-0.113464
-0.117157
-0.120814
-0.124435
-0.128022
-0.0118379
-0.0169133
-0.0219332
-0.0268979
-0.0318075
-0.036662
-0.0414613
-0.0462057
-0.0508953
-0.0555303
-0.060111
-0.0646378
-0.0691111
-0.0735312
-0.0778987
-0.0822139
-0.0864772
-0.0906884
-0.0948464
-0.0989494
-0.102995
-0.107057
-0.111046
-0.114971
-0.118853
-0.122696
-0.1265
-0.130263
-0.133989
-0.0118161
-0.017195
-0.0225128
-0.0277699
-0.0329661
-0.0381014
-0.0431755
-0.0481886
-0.0531408
-0.0580323
-0.0628632
-0.0676339
-0.0723448
-0.0769962
-0.0815887
-0.0861228
-0.0905988
-0.0950169
-0.0993771
-0.103682
-0.107927
-0.112146
-0.116303
-0.1204
-0.124446
-0.128446
-0.132401
-0.13631
-0.140176
-0.0117005
-0.017402
-0.0230366
-0.0286045
-0.0341056
-0.0395394
-0.0449056
-0.0502044
-0.0554355
-0.0605992
-0.0656954
-0.0707246
-0.075687
-0.0805831
-0.0854134
-0.0901788
-0.0948802
-0.0995184
-0.104092
-0.108597
-0.113011
-0.117404
-0.121751
-0.126033
-0.130253
-0.134416
-0.138527
-0.142586
-0.146594
-0.0114828
-0.0175269
-0.0234982
-0.0293968
-0.035222
-0.0409732
-0.0466501
-0.0522525
-0.0577801
-0.0632328
-0.0686107
-0.073914
-0.0791427
-0.0842973
-0.0893782
-0.0943861
-0.0993227
-0.104192
-0.108999
-0.113754
-0.118335
-0.122913
-0.127444
-0.131905
-0.136297
-0.140626
-0.144895
-0.149105
-0.153257
-0.0111536
-0.0175616
-0.0238908
-0.0301408
-0.0363107
-0.0423997
-0.048407
-0.0543323
-0.060175
-0.0659351
-0.0716121
-0.0772062
-0.0827174
-0.0881457
-0.0934913
-0.0987541
-0.103933
-0.109024
-0.114021
-0.11891
-0.123861
-0.128678
-0.133385
-0.138018
-0.142586
-0.147085
-0.151515
-0.155878
-0.160177
-0.0107031
-0.0174973
-0.0242067
-0.0308303
-0.0373668
-0.0438149
-0.0501738
-0.0564426
-0.0626206
-0.0687074
-0.0747025
-0.0806057
-0.0864167
-0.0921357
-0.0977627
-0.103298
-0.108742
-0.114093
-0.119355
-0.124509
-0.129628
-0.134642
-0.139553
-0.144382
-0.149133
-0.153806
-0.158402
-0.162921
-0.167367
-0.0101203
-0.0173242
-0.0244372
-0.0314578
-0.0383841
-0.0452143
-0.0519473
-0.0585817
-0.0651166
-0.0715511
-0.0778844
-0.0841162
-0.0902459
-0.0962734
-0.102199
-0.108023
-0.113747
-0.119375
-0.124914
-0.130279
-0.135606
-0.140843
-0.145975
-0.151009
-0.155952
-0.160805
-0.165569
-0.170247
-0.174841
-0.0093935
-0.0170316
-0.024573
-0.0320153
-0.0393559
-0.0465926
-0.0537236
-0.0607472
-0.067662
-0.0744666
-0.08116
-0.0877414
-0.0942099
-0.100565
-0.106806
-0.112932
-0.11894
-0.124829
-0.130588
-0.136281
-0.141866
-0.14733
-0.152679
-0.157922
-0.163062
-0.168099
-0.173036
-0.177875
-0.182618
-0.00850855
-0.0166065
-0.0246023
-0.0324924
-0.0402734
-0.0479426
-0.0554974
-0.0629356
-0.070255
-0.077454
-0.084531
-0.0914848
-0.0983141
-0.105018
-0.111595
-0.118045
-0.124362
-0.130542
-0.136559
-0.142555
-0.148405
-0.154106
-0.159681
-0.16514
-0.170481
-0.175708
-0.18082
-0.185822
-0.190716
-0.00745694
-0.0160416
-0.0245192
-0.0328849
-0.0411344
-0.049264
-0.0572703
-0.0651503
-0.0729012
-0.0805207
-0.0880066
-0.0953573
-0.102571
-0.109647
-0.116584
-0.123381
-0.130039
-0.136563
-0.142862
-0.149115
-0.155228
-0.161184
-0.167
-0.172683
-0.178235
-0.183655
-0.188946
-0.194113
-0.199156
-0.00623234
-0.0153298
-0.0243158
-0.0331843
-0.0419299
-0.0505479
-0.0590338
-0.0673836
-0.0755937
-0.0836608
-0.0915823
-0.0993558
-0.10698
-0.114452
-0.12177
-0.128931
-0.135928
-0.142747
-0.149426
-0.155982
-0.162368
-0.168588
-0.174656
-0.180573
-0.186341
-0.19196
-0.197435
-0.202767
-0.207961
-0.00463701
-0.0142851
-0.0238177
-0.0332275
-0.042508
-0.0516531
-0.060657
-0.0695147
-0.0782214
-0.0867728
-0.0951655
-0.103396
-0.111463
-0.119364
-0.127099
-0.13466
-0.142033
-0.149139
-0.15624
-0.16313
-0.169808
-0.176307
-0.182638
-0.188802
-0.194796
-0.200623
-0.206286
-0.211789
-0.217133
-0.00337444
-0.0135838
-0.023676
-0.0336413
-0.0434712
-0.0531577
-0.0626935
-0.0720721
-0.0812872
-0.0903333
-0.0992055
-0.1079
-0.116412
-0.124741
-0.132889
-0.140866
-0.148697
-0.156155
-0.163559
-0.170752
-0.177722
-0.184498
-0.191087
-0.197487
-0.203697
-0.209721
-0.215562
-0.221222
-0.226706
-0.00263946
-0.00317947
-0.00371366
-0.00424191
-0.00476413
-0.00528021
-0.00579004
-0.00629354
-0.0067906
-0.00728113
-0.00776503
-0.00824221
-0.00871258
-0.00917605
-0.00963255
-0.010082
-0.0105243
-0.0109593
-0.00279363
-0.00333899
-0.00387849
-0.00441201
-0.00493943
-0.00546064
-0.00597553
-0.00648399
-0.00698591
-0.00748119
-0.00796973
-0.00845143
-0.00892619
-0.00939391
-0.00985452
-0.0103079
-0.010754
-0.0111927
-0.00310518
-0.00365713
-0.00420318
-0.00474321
-0.00527709
-0.00580471
-0.00632596
-0.00684072
-0.00734888
-0.00785034
-0.008345
-0.00883275
-0.00931349
-0.00978714
-0.0102536
-0.0107128
-0.0111646
-0.011609
-0.00355172
-0.00411326
-0.00466887
-0.00521843
-0.00576182
-0.0062989
-0.00682957
-0.0073537
-0.00787118
-0.00838189
-0.00888574
-0.00938262
-0.00987242
-0.010355
-0.0108304
-0.0112984
-0.011759
-0.0041359
-0.00470917
-0.00527648
-0.0058377
-0.00639271
-0.00694138
-0.00748358
-0.00801921
-0.00854813
-0.00907023
-0.00958541
-0.0100936
-0.0105946
-0.0110884
-0.0115748
-0.0120539
-0.0125254
-0.00484573
-0.00543312
-0.00601453
-0.00658983
-0.00715889
-0.00772158
-0.00827778
-0.00882735
-0.00937019
-0.00990617
-0.0104352
-0.0109571
-0.0114719
-0.0119793
-0.0124794
-0.012972
-0.0134571
-0.0056793
-0.00628307
-0.00688084
-0.00747249
-0.00805787
-0.00863686
-0.00920932
-0.00977513
-0.0103342
-0.0108863
-0.0114314
-0.0119695
-0.0125002
-0.0130237
-0.0135398
-0.0140483
-0.0145492
-0.00663064
-0.00725307
-0.0078695
-0.00847979
-0.00908379
-0.00968137
-0.0102724
-0.0108568
-0.0114343
-0.012005
-0.0125686
-0.013125
-0.0136742
-0.0142161
-0.0147505
-0.0152773
-0.0157965
-0.0076969
-0.00834028
-0.00897764
-0.00960885
-0.0102338
-0.0108522
-0.0114642
-0.0120694
-0.0126678
-0.0132592
-0.0138437
-0.0144209
-0.0149908
-0.0155534
-0.0161085
-0.0166561
-0.0171959
-0.00887468
-0.00954129
-0.0102019
-0.0108563
-0.0115044
-0.0121461
-0.0127812
-0.0134097
-0.0140312
-0.0146459
-0.0152534
-0.0158538
-0.0164469
-0.0170326
-0.0176108
-0.0181814
-0.0187443
-0.0101616
-0.0108538
-0.01154
-0.0122199
-0.0128936
-0.0135608
-0.0142215
-0.0148754
-0.0155226
-0.0161627
-0.0167958
-0.0174217
-0.0180403
-0.0186515
-0.0192552
-0.0198514
-0.0204398
-0.0115556
-0.0122756
-0.0129897
-0.0136976
-0.0143992
-0.0150943
-0.0157829
-0.0164648
-0.0171398
-0.0178079
-0.0184689
-0.0191228
-0.0197694
-0.0204085
-0.0210402
-0.0216644
-0.0222809
-0.0130548
-0.0138052
-0.0145496
-0.0152879
-0.0160198
-0.0167453
-0.0174642
-0.0181765
-0.0188819
-0.0195803
-0.0202717
-0.020956
-0.021633
-0.0223026
-0.0229648
-0.0236194
-0.0242664
-0.0146588
-0.0154418
-0.0162189
-0.0169898
-0.0177545
-0.0185127
-0.0192644
-0.0200094
-0.0207476
-0.021479
-0.0222033
-0.0229204
-0.0236304
-0.024333
-0.0250282
-0.0257159
-0.0263961
-0.0163654
-0.0171837
-0.017996
-0.0188022
-0.0196022
-0.0203957
-0.0211827
-0.0219631
-0.0227367
-0.0235034
-0.0242631
-0.0250158
-0.0257613
-0.0264995
-0.0272303
-0.0279537
-0.0286697
-0.0181743
-0.0190304
-0.0198806
-0.0207246
-0.0215624
-0.0223938
-0.0232187
-0.024037
-0.0248486
-0.0256533
-0.0264511
-0.0272419
-0.0280256
-0.028802
-0.0295712
-0.030333
-0.0310874
-0.0200854
-0.0209818
-0.0218724
-0.0227568
-0.0236351
-0.024507
-0.0253724
-0.0262313
-0.0270835
-0.0279289
-0.0287675
-0.029599
-0.0304236
-0.031241
-0.0320513
-0.0328542
-0.0336499
-0.0220981
-0.0230377
-0.0239713
-0.0248989
-0.0258203
-0.0267353
-0.027644
-0.0285461
-0.0294417
-0.0303305
-0.0312125
-0.0320877
-0.0329559
-0.0338171
-0.0346712
-0.0355181
-0.0363579
-0.0242127
-0.0251981
-0.0261775
-0.0271509
-0.0281182
-0.0290792
-0.0300339
-0.0309821
-0.0319237
-0.0328587
-0.033787
-0.0347086
-0.0356232
-0.036531
-0.0374319
-0.0383257
-0.0392125
-0.0264294
-0.0274633
-0.0284914
-0.0295135
-0.0305294
-0.0315392
-0.0325426
-0.0335397
-0.0345303
-0.0355143
-0.0364918
-0.0374626
-0.0384266
-0.0393839
-0.0403344
-0.0412781
-0.0422149
-0.0287485
-0.0298339
-0.0309135
-0.0319871
-0.0330546
-0.034116
-0.0351711
-0.0362199
-0.0372623
-0.0382984
-0.0393279
-0.0403508
-0.0413672
-0.042377
-0.0433801
-0.0443766
-0.0453665
-0.0311707
-0.0323106
-0.0334446
-0.0345726
-0.0356946
-0.0368106
-0.0379203
-0.0390238
-0.0401211
-0.041212
-0.0422965
-0.0433746
-0.0444463
-0.0455116
-0.0465705
-0.0476229
-0.0486688
-0.0336969
-0.0348941
-0.0360855
-0.037271
-0.0384505
-0.039624
-0.0407914
-0.0419526
-0.0431076
-0.0442564
-0.045399
-0.0465354
-0.0476655
-0.0487894
-0.049907
-0.0510184
-0.0521237
-0.0363277
-0.0375855
-0.0388375
-0.0400835
-0.0413236
-0.0425577
-0.0437857
-0.0450077
-0.0462236
-0.0474334
-0.0486371
-0.0498347
-0.0510263
-0.0522119
-0.0533914
-0.0545651
-0.0557328
-0.0390657
-0.040387
-0.0417024
-0.0430119
-0.0443155
-0.0456132
-0.0469049
-0.0481906
-0.0494704
-0.0507443
-0.0520122
-0.0532743
-0.0545305
-0.0557809
-0.0570256
-0.0582646
-0.059498
-0.0419106
-0.0432986
-0.0446808
-0.0460571
-0.0474274
-0.0487919
-0.0501505
-0.0515032
-0.05285
-0.0541911
-0.0555264
-0.056856
-0.0581799
-0.0594984
-0.0608113
-0.0621189
-0.0634213
-0.0448645
-0.0463225
-0.0477746
-0.0492209
-0.0506612
-0.0520956
-0.0535242
-0.054947
-0.0563641
-0.0577755
-0.0591813
-0.0605816
-0.0619765
-0.0633661
-0.0647506
-0.06613
-0.0675046
-0.0479295
-0.0494608
-0.0509861
-0.0525055
-0.0540189
-0.0555265
-0.0570283
-0.0585243
-0.0600147
-0.0614996
-0.0629791
-0.0644533
-0.0659223
-0.0673863
-0.0688455
-0.0702999
-0.0717499
-0.0511075
-0.0527154
-0.0543172
-0.055913
-0.0575028
-0.0590867
-0.0606648
-0.0622372
-0.0638042
-0.0653657
-0.066922
-0.0684731
-0.0700194
-0.0715609
-0.073098
-0.0746307
-0.0761593
-0.0544005
-0.0560884
-0.0577701
-0.0594456
-0.061115
-0.0627784
-0.0644361
-0.0660881
-0.0677347
-0.0693759
-0.0710121
-0.0726434
-0.07427
-0.0758922
-0.0775102
-0.0791243
-0.0807347
-0.057813
-0.0595839
-0.0613484
-0.0631066
-0.0648586
-0.0666046
-0.0683448
-0.0700794
-0.0718086
-0.0735327
-0.0752518
-0.0769663
-0.0786763
-0.0803822
-0.0820842
-0.0837828
-0.0854781
-0.061346
-0.0632031
-0.0650536
-0.0668977
-0.0687355
-0.0705673
-0.0723932
-0.0742136
-0.0760286
-0.0778385
-0.0796435
-0.0814441
-0.0832405
-0.0850331
-0.0868222
-0.0886081
-0.0903913
-0.0650026
-0.0669493
-0.0688892
-0.0708224
-0.0727492
-0.0746698
-0.0765845
-0.0784935
-0.0803972
-0.0822958
-0.0841898
-0.0860794
-0.0879651
-0.0898472
-0.0917261
-0.0936023
-0.0954762
-0.0687839
-0.070824
-0.0728569
-0.0748827
-0.0769018
-0.0789144
-0.080921
-0.0829217
-0.0849171
-0.0869074
-0.0888931
-0.0908745
-0.0928522
-0.0948265
-0.096798
-0.0987672
-0.100735
-0.0726956
-0.0748324
-0.0769614
-0.0790829
-0.0811973
-0.083305
-0.0854063
-0.0875016
-0.0895914
-0.0916761
-0.0937561
-0.095832
-0.0979042
-0.0999734
-0.10204
-0.104105
-0.106168
-0.0767411
-0.0789779
-0.0812063
-0.0834266
-0.0856394
-0.0878449
-0.0900438
-0.0922364
-0.0944232
-0.0966048
-0.0987817
-0.100954
-0.103124
-0.10529
-0.107454
-0.109616
-0.111778
-0.0809254
-0.0832652
-0.0855959
-0.087918
-0.0902319
-0.0925381
-0.0948371
-0.0971295
-0.0994158
-0.101697
-0.103973
-0.106245
-0.108513
-0.110778
-0.113042
-0.115304
-0.117565
-0.0852514
-0.0876978
-0.0901341
-0.0925609
-0.0949788
-0.0973883
-0.09979
-0.102185
-0.104573
-0.106955
-0.109332
-0.111705
-0.114074
-0.116441
-0.118805
-0.121168
-0.123532
-0.0897265
-0.0922821
-0.0948266
-0.0973607
-0.099885
-0.1024
-0.104907
-0.107406
-0.109897
-0.112383
-0.114863
-0.117338
-0.11981
-0.122279
-0.124746
-0.127212
-0.129678
-0.094354
-0.097022
-0.0996777
-0.102322
-0.104955
-0.107578
-0.110191
-0.112796
-0.115394
-0.117984
-0.120568
-0.123148
-0.125723
-0.128295
-0.130865
-0.133435
-0.136004
-0.0991406
-0.101924
-0.104693
-0.10745
-0.110194
-0.112926
-0.115649
-0.118361
-0.121065
-0.123762
-0.126451
-0.129135
-0.131815
-0.134491
-0.137165
-0.139838
-0.142511
-0.104092
-0.106993
-0.109879
-0.11275
-0.115607
-0.118451
-0.121283
-0.124105
-0.126916
-0.129719
-0.132515
-0.135304
-0.138088
-0.140868
-0.143646
-0.146422
-0.149199
-0.109216
-0.112237
-0.115241
-0.118228
-0.121199
-0.124156
-0.1271
-0.130031
-0.132951
-0.135861
-0.138763
-0.141657
-0.144545
-0.147429
-0.150309
-0.153188
-0.156067
-0.114518
-0.117662
-0.120786
-0.123891
-0.126978
-0.130049
-0.133104
-0.136145
-0.139174
-0.142191
-0.145198
-0.148196
-0.151188
-0.154174
-0.157156
-0.160136
-0.120007
-0.123276
-0.126521
-0.129746
-0.13295
-0.136135
-0.139302
-0.142453
-0.145589
-0.148712
-0.151824
-0.154925
-0.158018
-0.161104
-0.164185
-0.167264
-0.12569
-0.129085
-0.132454
-0.135799
-0.13912
-0.142419
-0.145699
-0.148959
-0.152202
-0.15543
-0.158643
-0.161845
-0.165037
-0.168221
-0.171399
-0.174572
-0.131577
-0.1351
-0.138594
-0.142059
-0.145497
-0.148911
-0.152301
-0.155669
-0.159017
-0.162347
-0.165661
-0.168961
-0.172248
-0.175526
-0.178796
-0.18206
-0.137677
-0.141329
-0.144948
-0.148533
-0.152089
-0.155615
-0.159114
-0.162588
-0.166039
-0.169469
-0.172879
-0.176273
-0.179652
-0.183019
-0.186376
-0.189726
-0.143999
-0.147782
-0.151525
-0.155232
-0.158903
-0.162541
-0.166147
-0.169724
-0.173274
-0.1768
-0.180302
-0.183785
-0.18725
-0.190701
-0.194139
-0.197568
-0.150554
-0.154468
-0.158336
-0.162163
-0.165948
-0.169695
-0.173406
-0.177083
-0.180728
-0.184344
-0.187934
-0.1915
-0.195045
-0.198572
-0.202084
-0.205584
-0.157355
-0.161399
-0.165392
-0.169336
-0.173234
-0.177087
-0.180899
-0.184671
-0.188406
-0.192108
-0.195778
-0.199421
-0.203038
-0.206633
-0.21021
-0.213772
-0.164412
-0.168587
-0.172704
-0.176764
-0.180771
-0.184727
-0.188635
-0.192497
-0.196316
-0.200096
-0.20384
-0.20755
-0.211231
-0.214885
-0.218517
-0.222129
-0.171741
-0.176045
-0.180284
-0.184458
-0.18857
-0.192624
-0.196623
-0.200569
-0.204465
-0.208316
-0.212124
-0.215892
-0.219626
-0.223328
-0.227002
-0.230653
-0.179354
-0.183788
-0.188145
-0.19243
-0.196644
-0.200791
-0.204874
-0.208896
-0.212861
-0.216773
-0.220635
-0.224451
-0.228225
-0.231962
-0.235665
-0.23934
-0.187269
-0.19183
-0.196305
-0.200695
-0.205006
-0.209239
-0.213399
-0.217489
-0.221513
-0.225475
-0.229379
-0.233229
-0.237031
-0.240787
-0.244503
-0.248184
-0.195504
-0.20019
-0.204778
-0.20927
-0.21367
-0.217982
-0.22221
-0.226357
-0.230428
-0.234428
-0.23836
-0.24223
-0.246042
-0.249801
-0.253511
-0.25718
-0.20408
-0.208888
-0.213583
-0.21817
-0.222652
-0.227032
-0.231317
-0.235509
-0.239613
-0.243635
-0.247578
-0.251449
-0.255252
-0.258992
-0.262675
-0.266307
-0.213018
-0.217944
-0.222741
-0.227414
-0.231967
-0.236405
-0.240733
-0.244954
-0.249075
-0.253099
-0.257034
-0.260884
-0.264654
-0.268351
-0.27198
-0.275548
-0.222324
-0.227365
-0.23226
-0.237013
-0.24163
-0.246115
-0.250474
-0.254712
-0.258834
-0.262847
-0.266756
-0.270566
-0.274286
-0.277919
-0.281472
-0.284952
-0.232017
-0.23716
-0.242139
-0.24696
-0.251628
-0.256148
-0.260527
-0.26477
-0.268884
-0.272874
-0.276748
-0.280512
-0.284173
-0.287736
-0.291209
-0.294596
)
;

boundaryField
{
    inlet
    {
        type            zeroGradient;
    }
    outlet
    {
        type            fixedValue;
        value           nonuniform 0();
    }
    cylinder
    {
        type            zeroGradient;
    }
    top
    {
        type            symmetryPlane;
    }
    bottom
    {
        type            symmetryPlane;
    }
    defaultFaces
    {
        type            empty;
    }
    procBoundary1to0
    {
        type            processor;
        value           nonuniform List<scalar> 
261
(
0.0356048
0.023702
0.0356048
0.0388394
0.0388394
0.0425362
0.0425362
0.047128
0.047128
0.0602541
0.0657772
0.0657772
0.0714965
0.0714965
0.0862982
0.0930845
0.0930845
0.108778
0.116649
0.116649
0.124689
0.124689
0.142187
0.151293
0.151293
0.169669
0.187928
0.199028
0.199028
0.218058
0.230151
0.230151
0.249875
0.262893
0.262893
0.283202
0.303152
0.317853
0.317853
0.338153
0.357969
0.374114
0.374114
0.393978
0.413226
0.431822
0.449462
0.449462
0.467628
0.485006
0.501563
0.517268
0.53531
0.53531
0.549932
0.563572
0.576205
0.587805
0.598349
0.607817
0.61619
0.623451
0.636516
0.636516
0.641718
0.645724
0.648524
0.650112
0.650483
0.649638
0.647575
0.644298
0.639813
0.634127
0.627251
0.627251
0.613035
0.604195
0.594254
0.583229
0.571141
0.558011
0.543864
0.528725
0.512624
0.512624
0.494549
0.477489
0.459596
0.440905
0.421447
0.421447
0.404498
0.384742
0.364358
0.364358
0.348724
0.328422
0.307625
0.286371
0.286371
0.273121
0.252342
0.231229
0.231229
0.219841
0.199429
0.199429
0.189
0.169389
0.169389
0.159956
0.141213
0.122381
0.122381
0.114983
0.114983
0.10763
0.0907412
0.0907412
0.0844312
0.0684945
0.0684945
0.0632079
0.048225
0.048225
0.0439333
0.0439333
0.0397265
0.0397265
0.035611
0.0231355
0.0231355
0.020598
0.020598
0.0184829
0.0184829
0.0069413
0.023702
0.0213252
0.0187129
0.0165364
0.0145859
0.0128588
0.0113456
0.0100315
0.00890349
0.00794935
0.00715744
0.00651671
0.0060167
0.00564746
0.00539951
0.00526389
0.00523205
0.00529589
0.0054477
0.00568016
0.00598633
0.00635958
0.00679364
0.00728252
0.00782052
0.00840223
0.00902248
0.00967635
0.0103591
0.0110664
0.0117939
0.0117939
0.0142066
0.0148731
0.0155542
0.0162459
0.0169446
0.0176468
0.0183491
0.0190484
0.0197417
0.0204261
0.0210987
0.021757
0.0223984
0.0230205
0.0236208
0.0241971
0.0247471
0.0252685
0.025759
0.0262164
0.0266384
0.0270226
0.0273663
0.0276672
0.027922
0.0281288
0.0282813
0.0283836
0.0284128
0.0169995
0.0169633
0.0168493
0.0166798
0.0164524
0.0161739
0.0158473
0.0147506
0.0147506
0.0143203
0.0138508
0.0133456
0.0128078
0.0122408
0.0116476
0.0110315
0.0103954
0.00974238
0.00907551
0.00839773
0.00771203
0.00702137
0.00632873
0.00563707
0.00494936
0.00426859
0.00359775
0.00293986
0.00229799
0.00167521
0.00107468
0.000499601
-4.67404e-05
-0.000560961
-0.00103956
-0.00147892
-0.00187522
-0.00222449
-0.0025225
-0.00276479
-0.0062073
-0.0062073
-0.006515
-0.00676392
-0.00694895
-0.00706461
-0.00710494
-0.00706352
-0.00693338
-0.00670701
-0.0063763
-0.00593248
-0.00536612
-0.00466706
-0.00382435
-0.00282621
-0.00165995
-0.000310739
0.00123085
0.00297064
0.00511863
0.0069413
)
;
    }
    procBoundary1to2
    {
        type            processor;
        value           nonuniform List<scalar> 
200
(
-0.44407
-0.445126
-0.445126
-0.44611
-0.44611
-0.446613
-0.449301
-0.449301
-0.449211
-0.449211
-0.448667
-0.448667
-0.447626
-0.447626
-0.445957
-0.445957
-0.4434
-0.4434
-0.439556
-0.439556
-0.433923
-0.433923
-0.426009
-0.426009
-0.415796
-0.403343
-0.403343
-0.388444
-0.388444
-0.371565
-0.371565
-0.35591
-0.337175
-0.337175
-0.317829
-0.317829
-0.302351
-0.284849
-0.325937
-0.313101
-0.297905
-0.325937
-0.342022
-0.369986
-0.342022
-0.357103
-0.369986
-0.382907
-0.4036
-0.382907
-0.393698
-0.4036
-0.410339
-0.410339
-0.414785
-0.414785
-0.417461
-0.417461
-0.418978
-0.418978
-0.419855
-0.419855
-0.420408
-0.420408
-0.420746
-0.420746
-0.420822
-0.420822
-0.420508
-0.420508
-0.419629
-0.419629
-0.416054
-0.414498
-0.414498
-0.412246
-0.284849
-0.273803
-0.263161
-0.252758
-0.242531
-0.232511
-0.222721
-0.213165
-0.213165
-0.206765
-0.197617
-0.18871
-0.180046
-0.171625
-0.163448
-0.155515
-0.147826
-0.14038
-0.133174
-0.126206
-0.119474
-0.112974
-0.106704
-0.100658
-0.0948334
-0.0892252
-0.0838292
-0.0786407
-0.073655
-0.0688672
-0.0642727
-0.0598667
-0.0556443
-0.0516008
-0.0477318
-0.0440325
-0.0404987
-0.0371261
-0.0339106
-0.0308483
-0.0279354
-0.0251685
-0.0225442
-0.0200596
-0.0177117
-0.0154983
-0.013417
-0.0114661
-0.00964398
-0.00964398
-0.00851563
-0.00692882
-0.00547059
-0.00414139
-0.00294201
-0.00187433
-0.00094035
-0.000143779
0.000511321
0.0010208
0.0013723
0.00157442
-0.0113871
-0.011624
-0.0120458
-0.012212
-0.012212
-0.0129893
-0.0139345
-0.0150424
-0.016308
-0.017728
-0.0192995
-0.0210206
-0.0228896
-0.0249058
-0.0270686
-0.029378
-0.0318343
-0.0344382
-0.0371904
-0.0400922
-0.0431448
-0.0463496
-0.0497084
-0.0532228
-0.0568947
-0.060726
-0.0647186
-0.0688744
-0.0731957
-0.0776841
-0.0823418
-0.0871706
-0.0921722
-0.0973484
-0.102701
-0.10823
-0.113939
-0.119827
-0.125895
-0.132145
-0.138575
-0.145186
-0.151978
-0.158948
-0.163115
-0.163115
-0.170341
-0.177744
-0.185322
-0.193071
-0.20099
-0.209075
-0.217322
-0.225727
-0.234285
-0.24299
-0.251835
-0.26081
-0.269894
-0.279059
-0.288364
-0.297905
)
;
    }
}


// ************************************************************************* //
