/*--------------------------------*- C++ -*----------------------------------*\
  =========                 |
  \\      /  F ield         | OpenFOAM: The Open Source CFD Toolbox
   \\    /   O peration     | Website:  https://openfoam.org
    \\  /    A nd           | Version:  7
     \\/     M anipulation  |
\*---------------------------------------------------------------------------*/
FoamFile
{
    version     2.0;
    format      ascii;
    class       volScalarField;
    location    "15";
    object      p;
}
// * * * * * * * * * * * * * * * * * * * * * * * * * * * * * * * * * * * * * //

dimensions      [0 2 -2 0 0 0 0];

internalField   nonuniform List<scalar> 
8500
(
0.036631
0.0400153
0.0467653
0.0438078
0.0507049
0.0569386
0.0483455
0.0550804
0.0614501
0.067113
0.0602844
0.0664251
0.0722334
0.0772551
0.0655741
0.0723007
0.0778321
0.0830483
0.0873402
0.0709388
0.0783292
0.0843827
0.0892998
0.0938889
0.0972749
0.084472
0.0911566
0.0965271
0.100842
0.104714
0.106781
0.0907119
0.0980764
0.104046
0.108744
0.112489
0.115455
0.115574
0.105119
0.111734
0.116987
0.121044
0.124244
0.126112
0.124208
0.112247
0.119566
0.125424
0.129965
0.133401
0.136011
0.136647
0.135217
0.11941
0.127521
0.134031
0.139126
0.142955
0.145757
0.14773
0.147633
0.14679
0.135554
0.142797
0.14849
0.152816
0.155932
0.158082
0.1594
0.158727
0.157922
0.143605
0.151683
0.15805
0.162919
0.166473
0.16887
0.170355
0.171026
0.16983
0.168818
0.160628
0.16777
0.173256
0.177296
0.180073
0.181747
0.182559
0.182585
0.180868
0.179526
0.169566
0.177587
0.183788
0.188388
0.191596
0.193592
0.19454
0.194673
0.194055
0.191803
0.190055
0.187433
0.194454
0.19971
0.203422
0.205796
0.20701
0.207228
0.206678
0.205413
0.202614
0.200413
0.205181
0.211199
0.21551
0.218333
0.219872
0.220304
0.219791
0.218555
0.216641
0.213286
0.210601
0.215898
0.222777
0.227794
0.231161
0.233096
0.233802
0.233453
0.232209
0.230287
0.227723
0.223804
0.220617
0.234368
0.240193
0.244211
0.246637
0.247687
0.247563
0.246435
0.244462
0.241855
0.238643
0.234159
0.230454
0.245926
0.252622
0.257396
0.26042
0.26191
0.262082
0.261132
0.25923
0.256533
0.253243
0.249385
0.244336
0.240106
0.265025
0.270627
0.274356
0.276394
0.276956
0.276256
0.274488
0.271819
0.268402
0.264435
0.259935
0.254325
0.249565
0.283833
0.288348
0.291044
0.292106
0.291749
0.290186
0.287609
0.28418
0.280051
0.275413
0.270279
0.264114
0.25882
0.297023
0.302315
0.305756
0.30743
0.307527
0.306264
0.30385
0.300473
0.296295
0.291463
0.286163
0.280402
0.273689
0.267862
0.316244
0.320436
0.322817
0.323484
0.322632
0.320476
0.317223
0.31306
0.308144
0.302621
0.296668
0.290291
0.28304
0.276681
0.335054
0.338164
0.339502
0.339179
0.337394
0.334361
0.330285
0.325349
0.319708
0.313506
0.306913
0.299932
0.292153
0.285266
0.349717
0.353418
0.355464
0.355779
0.354486
0.351786
0.347894
0.343012
0.33732
0.33097
0.324103
0.316882
0.309311
0.301016
0.293607
0.368658
0.371301
0.372305
0.37162
0.369378
0.365785
0.361054
0.355385
0.348954
0.341912
0.334395
0.326561
0.318414
0.309616
0.301693
0.387061
0.388669
0.388655
0.386994
0.383829
0.379366
0.373817
0.367381
0.360231
0.352515
0.344366
0.335935
0.327228
0.317942
0.309514
0.40489
0.405489
0.404485
0.401876
0.397813
0.392504
0.386162
0.378982
0.371133
0.362762
0.354
0.344991
0.335741
0.325982
0.317058
0.421192
0.42211
0.421729
0.419765
0.416237
0.411304
0.405177
0.398067
0.390166
0.381643
0.372638
0.363282
0.353713
0.343939
0.333723
0.324316
0.4387
0.438687
0.437358
0.434466
0.43005
0.424278
0.417362
0.409512
0.400916
0.391741
0.382126
0.372198
0.362089
0.35181
0.341154
0.331278
0.455501
0.454589
0.452346
0.448562
0.443292
0.436713
0.429039
0.420476
0.411213
0.401412
0.391211
0.380733
0.370105
0.359342
0.348265
0.337935
0.471561
0.469786
0.466665
0.462025
0.455938
0.448587
0.440186
0.430941
0.421039
0.41064
0.399878
0.388873
0.37775
0.366524
0.355044
0.344276
0.486849
0.484247
0.480289
0.474832
0.467964
0.459877
0.450783
0.44089
0.430379
0.419409
0.408112
0.396607
0.38501
0.373344
0.361481
0.350293
0.503882
0.501334
0.497945
0.49319
0.486957
0.47935
0.470563
0.460813
0.450303
0.439215
0.427704
0.4159
0.40392
0.391875
0.379792
0.367566
0.355977
0.518226
0.514987
0.510854
0.505346
0.498379
0.490073
0.480627
0.470257
0.459166
0.447533
0.435511
0.423229
0.410801
0.398334
0.385857
0.373289
0.361321
0.531672
0.527782
0.522947
0.516731
0.509077
0.500114
0.490049
0.479098
0.467462
0.455318
0.442818
0.430088
0.417239
0.404376
0.391531
0.378643
0.366317
0.544191
0.539692
0.534202
0.527326
0.51903
0.509456
0.498814
0.487321
0.475177
0.462557
0.449611
0.436464
0.423224
0.409991
0.396804
0.383618
0.370956
0.555758
0.550694
0.544598
0.53711
0.52822
0.518081
0.506905
0.494912
0.482298
0.469238
0.45588
0.442346
0.428745
0.415172
0.401668
0.388207
0.375234
0.56635
0.560767
0.554113
0.546064
0.536629
0.525972
0.514308
0.501856
0.488812
0.475349
0.461613
0.447726
0.433794
0.419908
0.406115
0.392402
0.379142
0.575945
0.56989
0.56273
0.554172
0.544243
0.533116
0.52101
0.508141
0.494708
0.48088
0.466802
0.452595
0.438362
0.424193
0.410138
0.396197
0.382677
0.584524
0.578045
0.570432
0.561418
0.551048
0.5395
0.526997
0.513757
0.499975
0.48582
0.471436
0.456943
0.442441
0.42802
0.41373
0.399585
0.385831
0.592069
0.585217
0.577204
0.567789
0.557029
0.545112
0.53226
0.518693
0.504604
0.490162
0.475509
0.460764
0.446026
0.431382
0.416886
0.402563
0.388602
0.604975
0.598565
0.59139
0.583033
0.573272
0.562177
0.549941
0.536789
0.52294
0.508587
0.493898
0.479013
0.464051
0.44911
0.434274
0.419601
0.405123
0.390985
0.610635
0.603998
0.596553
0.587908
0.577857
0.566482
0.553979
0.540576
0.526491
0.511917
0.497021
0.481942
0.466798
0.451687
0.436691
0.42187
0.407263
0.392975
0.615177
0.608358
0.600696
0.591819
0.581536
0.569935
0.557218
0.543614
0.529339
0.514588
0.499526
0.484291
0.469002
0.453755
0.43863
0.42369
0.40898
0.394572
0.618591
0.611636
0.603811
0.594759
0.584301
0.572531
0.559653
0.545897
0.53148
0.516596
0.501408
0.486057
0.470658
0.455308
0.440087
0.425057
0.410269
0.395771
0.620872
0.613825
0.60589
0.596722
0.586147
0.574264
0.561279
0.547421
0.532909
0.517936
0.502665
0.487236
0.471764
0.456345
0.441059
0.42597
0.41113
0.396571
0.622013
0.61492
0.606931
0.597705
0.587071
0.575131
0.562092
0.548184
0.533625
0.518607
0.503294
0.487825
0.472317
0.456864
0.441546
0.426427
0.411561
0.396972
0.622013
0.61492
0.606931
0.597704
0.587071
0.575131
0.562092
0.548184
0.533625
0.518607
0.503294
0.487825
0.472317
0.456864
0.441546
0.426427
0.411561
0.396972
0.620872
0.613824
0.60589
0.596722
0.586147
0.574264
0.561279
0.547421
0.532909
0.517936
0.502665
0.487236
0.471764
0.456345
0.441059
0.42597
0.41113
0.396571
0.618591
0.611636
0.603811
0.594759
0.5843
0.572531
0.559653
0.545897
0.53148
0.516595
0.501408
0.486057
0.470658
0.455308
0.440087
0.425057
0.410269
0.395771
0.615176
0.608358
0.600696
0.591819
0.581535
0.569935
0.557218
0.543614
0.529339
0.514588
0.499526
0.484291
0.469002
0.453754
0.43863
0.42369
0.40898
0.394572
0.610634
0.603998
0.596553
0.587908
0.577857
0.566482
0.553979
0.540576
0.526491
0.511917
0.497021
0.481942
0.466798
0.451687
0.436691
0.42187
0.407263
0.392975
0.604975
0.598564
0.59139
0.583033
0.573272
0.562177
0.549941
0.536789
0.52294
0.508587
0.493898
0.479013
0.46405
0.449109
0.434274
0.419601
0.405123
0.390985
0.592069
0.585216
0.577204
0.567789
0.557029
0.545112
0.53226
0.518693
0.504604
0.490162
0.475509
0.460763
0.446026
0.431382
0.416886
0.402562
0.388602
0.584524
0.578045
0.570432
0.561418
0.551047
0.5395
0.526997
0.513757
0.499975
0.48582
0.471436
0.456943
0.442441
0.42802
0.41373
0.399585
0.385831
0.575945
0.56989
0.56273
0.554172
0.544243
0.533116
0.521009
0.508141
0.494708
0.48088
0.466802
0.452594
0.438361
0.424193
0.410138
0.396197
0.382676
0.56635
0.560767
0.554113
0.546064
0.536629
0.525972
0.514308
0.501855
0.488812
0.475349
0.461613
0.447726
0.433793
0.419908
0.406115
0.392402
0.379142
0.555758
0.550694
0.544597
0.537109
0.528219
0.51808
0.506905
0.494911
0.482298
0.469238
0.45588
0.442346
0.428744
0.415171
0.401668
0.388207
0.375233
0.54419
0.539692
0.534202
0.527326
0.519029
0.509456
0.498814
0.487321
0.475177
0.462557
0.449611
0.436463
0.423223
0.409991
0.396804
0.383618
0.370956
0.531671
0.527781
0.522947
0.516731
0.509076
0.500114
0.490049
0.479098
0.467462
0.455318
0.442817
0.430087
0.417239
0.404376
0.391531
0.378643
0.366316
0.518226
0.514987
0.510853
0.505345
0.498379
0.490072
0.480626
0.470256
0.459165
0.447532
0.435511
0.423229
0.4108
0.398334
0.385857
0.373289
0.361321
0.503881
0.501333
0.497945
0.49319
0.486956
0.479349
0.470562
0.460812
0.450303
0.439214
0.427703
0.4159
0.403919
0.391875
0.379791
0.367565
0.355977
0.486848
0.484246
0.480288
0.474831
0.467964
0.459876
0.450783
0.440889
0.430378
0.419408
0.408111
0.396606
0.38501
0.373343
0.36148
0.350293
0.47156
0.469785
0.466665
0.462025
0.455937
0.448586
0.440185
0.430941
0.421039
0.410639
0.399877
0.388873
0.377749
0.366523
0.355043
0.344275
0.4555
0.454588
0.452345
0.448561
0.443292
0.436713
0.429038
0.420476
0.411212
0.401412
0.391211
0.380732
0.370105
0.359342
0.348264
0.337934
0.438699
0.438686
0.437357
0.434466
0.43005
0.424278
0.417362
0.409511
0.400915
0.391741
0.382126
0.372197
0.362088
0.351809
0.341154
0.331278
0.421191
0.422109
0.421728
0.419764
0.416236
0.411303
0.405176
0.398066
0.390166
0.381642
0.372638
0.363282
0.353713
0.343938
0.333722
0.324316
0.404889
0.405488
0.404485
0.401875
0.397812
0.392503
0.386161
0.378981
0.371133
0.362762
0.353999
0.34499
0.33574
0.325981
0.317058
0.38706
0.388668
0.388655
0.386994
0.383828
0.379365
0.373817
0.367381
0.360231
0.352514
0.344365
0.335935
0.327228
0.317942
0.309513
0.368657
0.3713
0.372304
0.371619
0.369378
0.365785
0.361054
0.355384
0.348953
0.341911
0.334394
0.326561
0.318413
0.309616
0.301693
0.353417
0.355463
0.355778
0.354486
0.351786
0.347894
0.343012
0.33732
0.33097
0.324102
0.316881
0.30931
0.301015
0.293607
0.335053
0.338163
0.339501
0.339178
0.337393
0.33436
0.330284
0.325348
0.319708
0.313506
0.306912
0.299932
0.292152
0.285266
0.316243
0.320435
0.322816
0.323484
0.322631
0.320475
0.317223
0.313059
0.308143
0.30262
0.296667
0.290291
0.283039
0.276681
0.297022
0.302314
0.305755
0.307429
0.307526
0.306263
0.303849
0.300472
0.296294
0.291463
0.286162
0.280402
0.273689
0.267862
0.283832
0.288348
0.291043
0.292105
0.291749
0.290186
0.287608
0.284179
0.280051
0.275413
0.270278
0.264113
0.258819
0.265024
0.270626
0.274356
0.276393
0.276956
0.276255
0.274487
0.271818
0.268401
0.264434
0.259934
0.254325
0.249564
0.245925
0.252621
0.257395
0.260419
0.261909
0.262081
0.261131
0.25923
0.256532
0.253243
0.249384
0.244336
0.240106
0.234367
0.240192
0.24421
0.246636
0.247687
0.247562
0.246434
0.244462
0.241854
0.238642
0.234158
0.230454
0.215897
0.222776
0.227793
0.23116
0.233096
0.233801
0.233452
0.232208
0.230286
0.227723
0.223804
0.220616
0.20518
0.211198
0.215509
0.218332
0.219871
0.220304
0.21979
0.218554
0.216641
0.213285
0.2106
0.187432
0.194453
0.199709
0.203421
0.205795
0.20701
0.207227
0.206677
0.205412
0.202614
0.200412
0.177586
0.183787
0.188387
0.191595
0.193592
0.194539
0.194672
0.194054
0.191802
0.190054
0.160627
0.167769
0.173255
0.177295
0.180072
0.181746
0.182558
0.182585
0.180867
0.179525
0.143604
0.151682
0.15805
0.162919
0.166472
0.16887
0.170355
0.171026
0.16983
0.168818
0.135553
0.142796
0.148489
0.152816
0.155931
0.158081
0.159399
0.158726
0.157921
0.12752
0.13403
0.139125
0.142955
0.145757
0.147729
0.147632
0.146789
0.112246
0.119565
0.125423
0.129964
0.133401
0.136011
0.136646
0.135216
0.105118
0.111733
0.116986
0.121043
0.124243
0.126111
0.124207
0.0907111
0.0980756
0.104045
0.108744
0.112488
0.115454
0.115573
0.0844712
0.0911558
0.0965264
0.100841
0.104713
0.106781
0.070938
0.0783285
0.084382
0.0892991
0.0938882
0.0972743
0.0655734
0.0723
0.0778314
0.0830476
0.0873396
0.0602836
0.0664244
0.0722328
0.0772544
0.0550797
0.0614494
0.0671123
0.0438071
0.0507042
0.056938
0.0400146
0.0467646
0.0366303
0.118262
0.1093
0.100008
0.0909638
0.0816078
0.0720367
0.0624666
0.0529329
0.0434318
0.0339888
0.024631
0.109969
0.100894
0.0906867
0.0816626
0.0728406
0.0638041
0.0547856
0.0459009
0.0371195
0.0284268
0.019837
0.10026
0.0913522
0.0812244
0.0725904
0.0644933
0.0562218
0.0479157
0.0397494
0.03171
0.0237595
0.0158994
0.0902879
0.0818804
0.0723745
0.0643579
0.0569649
0.0494227
0.0418003
0.0342909
0.0269104
0.0196185
0.0124078
0.0809691
0.0731934
0.0644247
0.057025
0.0502385
0.0433282
0.0363242
0.0294125
0.022626
0.0159288
0.00930781
0.0724915
0.0653084
0.0572524
0.0504265
0.0441736
0.0378238
0.0313854
0.0250259
0.0187838
0.0126286
0.00654456
0.0647674
0.0581165
0.0507311
0.044448
0.0386845
0.0328445
0.0269263
0.0210767
0.0153339
0.00967218
0.00407582
0.0577226
0.0515637
0.0448039
0.0390307
0.0337194
0.0283445
0.0229016
0.0175189
0.0122316
0.0070181
0.00186366
0.051309
0.0456094
0.0394259
0.0341235
0.0292271
0.0242755
0.019265
0.0143076
0.00943484
0.00462813
-0.000125781
0.0454769
0.0402038
0.0345464
0.0296744
0.0251571
0.0205908
0.0159733
0.0114028
0.00690691
0.0024696
-0.00192102
0.0401733
0.035294
0.0301152
0.0256353
0.0214639
0.0172484
0.0129883
0.00876953
0.00461633
0.000514581
-0.00354622
0.0353474
0.030831
0.0260863
0.0219634
0.0181076
0.0142115
0.0102764
0.00637756
0.00253594
-0.00126075
-0.00502184
0.0309527
0.0267704
0.0224192
0.0186207
0.0150528
0.0114477
0.00780829
0.00420042
0.000642332
-0.0028768
-0.00636517
0.0269473
0.023072
0.0190773
0.0155736
0.0122683
0.00892835
0.00555809
0.00221515
-0.00108471
-0.00435099
-0.00759087
0.0232932
0.0196999
0.016028
0.0127922
0.0097266
0.00662842
0.00350335
0.000401847
-0.00266254
-0.00569815
-0.00871127
0.0199563
0.016622
0.0132424
0.0102502
0.00740337
0.00452595
0.0016245
-0.00125671
-0.00410609
-0.00693095
-0.00973677
0.0169061
0.0138096
0.0106949
0.00792413
0.00527741
0.00260175
-9.54711e-05
-0.00277543
-0.00542818
-0.00806016
-0.0106762
0.0141154
0.0112372
0.0083627
0.00579368
0.00333007
0.000839051
-0.00167139
-0.00416719
-0.00663985
-0.00909503
-0.0115369
0.0115599
0.00888236
0.00622592
0.00384081
0.00154499
-0.000776799
-0.00311617
-0.0054432
-0.00775063
-0.0100435
-0.0123253
0.00921819
0.00672509
0.00426687
0.00204967
-9.21753e-05
-0.00225864
-0.00444108
-0.00661318
-0.00876877
-0.0109123
-0.0130468
0.00707112
0.00474772
0.00246996
0.000406291
-0.00159406
-0.00361774
-0.00565598
-0.00768563
-0.00970144
-0.0117073
-0.0137059
0.00510173
0.00293463
0.000821393
-0.00110168
-0.0029718
-0.00486401
-0.00676954
-0.00866799
-0.0105549
-0.0124338
-0.0143069
0.00329493
0.00127195
-0.000691068
-0.00248517
-0.00423525
-0.00600625
-0.00778944
-0.00956687
-0.0113348
-0.0130962
-0.0148532
0.0016373
-0.000252675
-0.0020783
-0.00375392
-0.00539319
-0.00705224
-0.00872248
-0.0103881
-0.0120459
-0.0136986
-0.015348
0.000116824
-0.00165023
-0.00335001
-0.0049166
-0.00645343
-0.00800894
-0.00957476
-0.0111369
-0.0126927
-0.0142446
-0.0157941
-0.00127724
-0.00293057
-0.0045149
-0.00598102
-0.00742301
-0.00888263
-0.0103517
-0.011818
-0.0132792
-0.0147375
-0.0161941
-0.00255457
-0.00410255
-0.00558082
-0.00695421
-0.00830828
-0.00967897
-0.0110584
-0.0124357
-0.0138091
-0.0151803
-0.0165505
-0.00372391
-0.00517418
-0.00655488
-0.00784257
-0.00911504
-0.0104031
-0.0116993
-0.012994
-0.0142856
-0.0155758
-0.0168655
-0.00479318
-0.00615274
-0.00744354
-0.00865194
-0.00984857
-0.0110599
-0.0122787
-0.0134965
-0.0147119
-0.0159266
-0.0171413
-0.00576962
-0.00704486
-0.00825275
-0.00938767
-0.0105138
-0.0116536
-0.0128004
-0.0139466
-0.0150911
-0.0162353
-0.0173799
-0.00665987
-0.00785665
-0.00898797
-0.0100547
-0.0111151
-0.0121884
-0.0132681
-0.0143475
-0.0154259
-0.0165043
-0.0175834
-0.00747002
-0.00859374
-0.00965427
-0.0106578
-0.0116569
-0.0126681
-0.0136852
-0.0147024
-0.0157189
-0.0167359
-0.0177537
-0.00820573
-0.00926135
-0.0102564
-0.0112011
-0.0121431
-0.0130963
-0.0140551
-0.0150141
-0.0159729
-0.0169323
-0.0178928
-0.00887225
-0.00986435
-0.0107987
-0.0116887
-0.0125774
-0.0134765
-0.0143807
-0.0152855
-0.0161902
-0.0170958
-0.00947451
-0.0104073
-0.0112854
-0.0121245
-0.0129633
-0.0138119
-0.0146652
-0.0155191
-0.0163733
-0.0172286
-0.0100171
-0.0108945
-0.0117205
-0.0125121
-0.0133044
-0.0141057
-0.0149114
-0.0157178
-0.0165247
-0.0173327
-0.0105043
-0.0113301
-0.0121075
-0.012855
-0.0136038
-0.0143609
-0.015122
-0.015884
-0.0166466
-0.0174104
-0.0109403
-0.0117177
-0.0124502
-0.0131565
-0.0138646
-0.0145803
-0.0152998
-0.0160201
-0.0167413
-0.0174637
-0.011329
-0.0120612
-0.0127519
-0.0134197
-0.0140897
-0.0147668
-0.0154473
-0.0161288
-0.0168111
-0.0174946
-0.0116739
-0.0123639
-0.0130158
-0.0136478
-0.0142822
-0.0149231
-0.0155671
-0.0162122
-0.0168581
-0.0175053
-0.0119785
-0.0126292
-0.013245
-0.0138436
-0.0144447
-0.0150518
-0.0156617
-0.0162727
-0.0168846
-0.0174978
-0.0122463
-0.0128602
-0.0134425
-0.0140099
-0.01458
-0.0151554
-0.0157335
-0.0163127
-0.0168928
-0.0174741
-0.0124803
-0.0130599
-0.0136111
-0.0141495
-0.0146906
-0.0152365
-0.0157848
-0.0163342
-0.0168846
-0.0174362
-0.0126835
-0.0132312
-0.0137535
-0.0142649
-0.0147789
-0.0152973
-0.0158179
-0.0163396
-0.0168622
-0.017386
-0.0128587
-0.0133768
-0.0138723
-0.0143587
-0.0148475
-0.0153402
-0.015835
-0.0163308
-0.0168276
-0.0173254
-0.0130088
-0.0134993
-0.0139701
-0.0144332
-0.0148985
-0.0153674
-0.0158382
-0.01631
-0.0167827
-0.0172564
-0.0131361
-0.0136012
-0.0140491
-0.0144907
-0.0149343
-0.0153812
-0.0158297
-0.0162792
-0.0167295
-0.0171809
-0.0132433
-0.0136849
-0.0141118
-0.0145334
-0.014957
-0.0153834
-0.0158114
-0.0162403
-0.01667
-0.0171007
-0.0133325
-0.0137525
-0.0141601
-0.0145635
-0.0149686
-0.0153763
-0.0157853
-0.0161952
-0.0166059
-0.0170175
-0.0134058
-0.0138062
-0.0141962
-0.0145829
-0.0149712
-0.0153616
-0.0157533
-0.0161458
-0.0165391
-0.0169332
-0.0134655
-0.0138479
-0.0142221
-0.0145935
-0.0149665
-0.0153413
-0.0157172
-0.0160939
-0.0164713
-0.0168495
-0.0135132
-0.0138797
-0.0142395
-0.0145973
-0.0149564
-0.0153171
-0.0156788
-0.0160413
-0.0164044
-0.0167682
-0.0135508
-0.013903
-0.0142501
-0.0145958
-0.0149426
-0.0152907
-0.0156398
-0.0159895
-0.0163398
-0.0166908
-0.01358
-0.0139198
-0.0142558
-0.0145909
-0.0149269
-0.015264
-0.015602
-0.0159405
-0.0162796
-0.0166192
-0.0136019
-0.0139311
-0.0142577
-0.0145836
-0.0149104
-0.0152381
-0.0155665
-0.0158954
-0.0162248
-0.0165547
-0.0136184
-0.013939
-0.0142578
-0.0145762
-0.0148953
-0.0152152
-0.0155357
-0.0158566
-0.0161779
-0.0164997
-0.0136298
-0.0139434
-0.0142561
-0.0145687
-0.0148817
-0.0151954
-0.0155095
-0.015824
-0.0161389
-0.016454
-0.0136386
-0.0139476
-0.0142561
-0.0145645
-0.0148733
-0.0151826
-0.0154922
-0.0158021
-0.0161123
-0.0164227
-0.0136425
-0.0139485
-0.0142544
-0.0145603
-0.0148665
-0.0151729
-0.0154796
-0.0157865
-0.0160936
-0.0164008
-0.0136472
-0.013953
-0.0142589
-0.0145648
-0.0148707
-0.0151768
-0.0154831
-0.0157894
-0.0160958
-0.0164021
0.112878
0.113589
0.114995
0.116996
0.119542
0.12258
0.126069
0.129968
0.134236
0.138831
0.143706
0.148809
0.15408
0.159447
0.164827
0.170119
0.175213
0.179969
0.184241
0.187842
0.19059
0.192241
0.192591
0.191314
0.188244
0.182888
0.175307
0.164425
0.151162
0.131513
0.112166
0.112856
0.114217
0.116154
0.118614
0.121544
0.1249
0.128637
0.132713
0.137081
0.14169
0.146483
0.151395
0.156348
0.161255
0.166011
0.170499
0.174577
0.178098
0.180878
0.182738
0.183444
0.182808
0.180529
0.176467
0.170185
0.161752
0.150315
0.136745
0.119716
0.111404
0.112072
0.113385
0.115254
0.11762
0.120433
0.123644
0.127208
0.131078
0.135204
0.139532
0.144001
0.14854
0.153069
0.157496
0.161713
0.165603
0.169024
0.171832
0.173848
0.174906
0.174788
0.173332
0.170266
0.165493
0.158638
0.149834
0.138462
0.125439
0.109965
0.110591
0.111235
0.112497
0.114292
0.11656
0.119248
0.122308
0.12569
0.129345
0.13322
0.137257
0.141391
0.145549
0.149645
0.153586
0.157262
0.160556
0.163328
0.165438
0.166716
0.16701
0.16612
0.163909
0.160141
0.154755
0.147452
0.138395
0.127163
0.114486
0.0997516
0.109726
0.110343
0.111552
0.11327
0.115435
0.117994
0.120897
0.124091
0.127525
0.131143
0.134883
0.138677
0.142448
0.14611
0.149568
0.152709
0.155419
0.157561
0.159002
0.159582
0.159164
0.157569
0.154682
0.150307
0.144409
0.136767
0.127539
0.116438
0.104036
0.0899345
0.108805
0.109396
0.110549
0.112187
0.114246
0.116671
0.119411
0.122412
0.125619
0.128973
0.132412
0.135862
0.139247
0.142477
0.145455
0.148073
0.150217
0.151756
0.152566
0.152498
0.151431
0.149208
0.145736
0.140859
0.134562
0.12669
0.117391
0.106472
0.094426
0.0809958
0.10783
0.108392
0.109488
0.111042
0.11299
0.115278
0.11785
0.120652
0.123627
0.126714
0.129847
0.132952
0.13595
0.138751
0.14126
0.143368
0.144968
0.145934
0.146152
0.145488
0.143835
0.141061
0.137093
0.131813
0.125221
0.117216
0.107938
0.0972699
0.0856406
0.0728784
0.106797
0.107331
0.108367
0.109834
0.111669
0.113813
0.116213
0.118812
0.121551
0.124367
0.127192
0.129952
0.132565
0.134944
0.136993
0.138609
0.139688
0.140114
0.139782
0.138575
0.136399
0.133148
0.128766
0.123169
0.116371
0.108314
0.0991323
0.0887625
0.0775757
0.0654588
0.105707
0.10621
0.107185
0.108563
0.11028
0.112278
0.114503
0.116895
0.119394
0.121936
0.124453
0.126868
0.129102
0.131066
0.132669
0.133812
0.134396
0.134317
0.133479
0.131781
0.129145
0.125486
0.120766
0.114929
0.108003
0.0999608
0.0909325
0.0808929
0.0701606
0.0586706
0.104558
0.105029
0.105941
0.107227
0.108824
0.110673
0.112718
0.1149
0.117158
0.119426
0.121635
0.123709
0.125569
0.127129
0.128302
0.128993
0.129112
0.128564
0.127264
0.125127
0.12209
0.118089
0.113101
0.107094
0.100105
0.0921345
0.083304
0.0736174
0.0633478
0.0524681
0.103349
0.103788
0.104635
0.105828
0.107301
0.108998
0.110862
0.112832
0.114847
0.11684
0.118743
0.120481
0.121976
0.123146
0.123906
0.12417
0.123854
0.122873
0.121156
0.118632
0.115251
0.110969
0.105775
0.0996593
0.092665
0.0848115
0.0762136
0.0668959
0.0570919
0.0468033
0.10208
0.102486
0.103267
0.104363
0.105712
0.107255
0.108935
0.110692
0.112464
0.114185
0.115786
0.117194
0.118335
0.119128
0.119495
0.119356
0.118637
0.117262
0.115172
0.11231
0.108639
0.104132
0.0987904
0.0926185
0.0856663
0.0779673
0.0696283
0.0606891
0.0513478
0.041628
0.10075
0.101122
0.101836
0.102835
0.104057
0.105444
0.106939
0.108483
0.110013
0.111464
0.112769
0.113856
0.114653
0.115087
0.115082
0.114568
0.113477
0.111747
0.109326
0.106174
0.102264
0.0975835
0.0921436
0.0859619
0.0790916
0.0715767
0.0635154
0.0549587
0.0460725
0.0368972
0.099359
0.0996971
0.100343
0.101243
0.102337
0.103567
0.104877
0.106208
0.107499
0.108684
0.109699
0.110475
0.110943
0.111034
0.110681
0.109819
0.108389
0.10634
0.103632
0.100233
0.0961316
0.091324
0.0858304
0.0796782
0.0729225
0.0656144
0.0578436
0.0496683
0.0412262
0.03257
0.0979072
0.0982104
0.0987876
0.099588
0.100553
0.101626
0.102752
0.103872
0.104926
0.105852
0.106585
0.107061
0.107215
0.106983
0.106304
0.105121
0.103386
0.101055
0.0980983
0.0944965
0.0902454
0.0853525
0.0798439
0.0737545
0.0671398
0.0600553
0.0525826
0.0447839
0.0367723
0.0286091
0.0963946
0.0966627
0.0971708
0.097871
0.0987071
0.0996239
0.100567
0.101478
0.1023
0.102972
0.103433
0.103622
0.103478
0.102943
0.101963
0.100488
0.0984789
0.0959014
0.0927348
0.0889687
0.0846072
0.0796659
0.0741757
0.0681767
0.0617239
0.054875
0.0477035
0.0402738
0.0326771
0.0249806
0.0948218
0.0950545
0.0954934
0.0960935
0.096801
0.0975624
0.0983243
0.0990314
0.099627
0.100053
0.100252
0.100167
0.0997419
0.0989247
0.097668
0.0959304
0.0936786
0.0908887
0.0875475
0.0836531
0.0792164
0.0742592
0.0688159
0.06293
0.0566551
0.0500496
0.043179
0.0361084
0.0289098
0.021654
0.0931896
0.0933868
0.0937566
0.0942571
0.094837
0.0954448
0.0960288
0.0965358
0.0969114
0.0971008
0.0970497
0.0967052
0.0960172
0.0949393
0.0934307
0.0914574
0.0889938
0.0860237
0.0825412
0.0785515
0.0740708
0.0691261
0.0637537
0.0579993
0.0519141
0.0455562
0.0389835
0.0322604
0.0254423
0.018602
0.0914988
0.0916607
0.0919619
0.0923636
0.0928175
0.0932741
0.0936841
0.0939964
0.0941595
0.0941219
0.0938332
0.0932451
0.0923127
0.0909957
0.0892599
0.0870782
0.084432
0.0813121
0.077719
0.0736638
0.069167
0.064259
0.0589776
0.0533691
0.047482
0.041373
0.035093
0.0287047
0.0222492
0.0157997
0.089751
0.0898779
0.0901112
0.0904154
0.0907453
0.091054
0.0912944
0.0914184
0.0913775
0.0911236
0.0906106
0.089795
0.0886372
0.0871029
0.0851641
0.0828003
0.0799993
0.0767581
0.0730826
0.0689887
0.0645
0.0596497
0.0544757
0.049024
0.0433404
0.0374793
0.031485
0.0254181
0.0193073
0.0132254
0.0879478
0.08804
0.0882065
0.0884149
0.0886235
0.0887881
0.0888644
0.0888072
0.0885713
0.0881127
0.0873894
0.0863629
0.0849989
0.0832689
0.0811509
0.0786303
0.0757007
0.0723645
0.0686323
0.0645235
0.0600643
0.0552891
0.0502356
0.044949
0.0394717
0.0338556
0.0281389
0.0223797
0.0165958
0.0108591
0.086091
0.0861492
0.0862502
0.0863651
0.0864555
0.0864806
0.0863987
0.0861682
0.0857473
0.0850961
0.084177
0.0829565
0.0814056
0.0795012
0.0772268
0.0745736
0.07154
0.0681332
0.0643673
0.0602647
0.0558531
0.0511678
0.0462452
0.0411293
0.035859
0.0304835
0.0250355
0.0195699
0.0140958
0.00868323
0.084183
0.0842079
0.0842451
0.084269
0.0842451
0.0841356
0.0839024
0.083507
0.0829117
0.0820805
0.0809806
0.0795832
0.0778643
0.0758063
0.0733977
0.0706346
0.0675199
0.0640646
0.0602857
0.0562079
0.0518596
0.0472759
0.0424923
0.0375505
0.0324864
0.027346
0.022157
0.0169713
0.0117904
0.00668205
0.0822263
0.0822189
0.0821942
0.0821302
0.0819961
0.0817578
0.0813804
0.0808293
0.0800706
0.0790726
0.0778069
0.0762496
0.0743816
0.0721901
0.0696683
0.0668167
0.0636421
0.0601584
0.0563851
0.0523479
0.048076
0.0436036
0.0389648
0.0341989
0.0293387
0.024427
0.0194871
0.0145678
0.00966404
0.00484137
0.0802239
0.0801852
0.0801007
0.0799523
0.0797127
0.0793518
0.0788381
0.0781409
0.0772302
0.0760787
0.0746625
0.0729622
0.0709634
0.0686577
0.0660427
0.0631226
0.0599073
0.0564134
0.0526619
0.0486794
0.0444946
0.0401411
0.035651
0.0310613
0.0264017
0.0217118
0.0170109
0.0123447
0.00770292
0.00314847
0.0781789
0.0781102
0.0779685
0.0777393
0.0773994
0.0769224
0.0762808
0.0754474
0.0743965
0.0731051
0.0715535
0.0697268
0.067615
0.0652136
0.0625242
0.059554
0.0563157
0.0528278
0.0491123
0.0451961
0.0411074
0.0368786
0.0325396
0.0281251
0.0236619
0.0191864
0.0147144
0.0102886
0.00589439
0.00159191
0.076095
0.0759975
0.0758013
0.0754954
0.0750608
0.0744748
0.0737137
0.0727545
0.0715755
0.0701577
0.0684858
0.0665489
0.064341
0.0618615
0.0591151
0.0561118
0.0528665
0.0493989
0.0457318
0.0418918
0.0379064
0.0338064
0.0296197
0.0253786
0.0211069
0.0168381
0.0125851
0.00838737
0.00422704
0.000161345
0.0739758
0.0738511
0.0736033
0.0732252
0.0727016
0.0720139
0.0711425
0.070068
0.0687728
0.0672421
0.0654646
0.0634331
0.0611455
0.0586044
0.0558173
0.0527965
0.0495585
0.0461238
0.0425156
0.0387601
0.0348836
0.0309152
0.0268808
0.0228102
0.0187248
0.014655
0.0106111
0.00662981
0.00269045
-0.00115258
0.0718257
0.0716753
0.071379
0.0709332
0.0703268
0.0695452
0.0685725
0.0673933
0.0659941
0.0643638
0.0624949
0.060384
0.0580321
0.0554448
0.0526319
0.0496077
0.0463897
0.0429991
0.0394588
0.0357944
0.0320309
0.0281958
0.0243129
0.0204095
0.0165046
0.0126261
0.00878181
0.00500569
0.00127514
-0.00235839
0.0696489
0.0694744
0.0691331
0.0686244
0.0679415
0.0670737
0.0660091
0.064736
0.0632446
0.0615278
0.0595814
0.0574054
0.0550038
0.0523846
0.0495597
0.0465446
0.0433579
0.0400209
0.036556
0.0329881
0.0293407
0.0256395
0.0219063
0.0181663
0.0144361
0.0107411
0.00708718
0.00350563
-2.75541e-05
-0.00346386
0.0674502
0.0672534
0.0668703
0.0663039
0.065551
0.064605
0.0634577
0.0621013
0.0605296
0.0587387
0.0567282
0.0545008
0.052063
0.0494252
0.0466006
0.0436061
0.0404605
0.0371852
0.033802
0.0303346
0.0268053
0.0232378
0.0196521
0.0160711
0.0125096
0.00899057
0.00551807
0.00212098
-0.00122561
-0.00447611
0.0652344
0.0650172
0.0645959
0.0639768
0.0631605
0.0621443
0.0609237
0.0594944
0.0578537
0.0560012
0.0539391
0.051673
0.0492118
0.0465674
0.0437544
0.0407905
0.0376946
0.0344879
0.0311914
0.0278275
0.0244173
0.0209826
0.0175416
0.0141152
0.0107163
0.00736568
0.00406601
0.000843799
-0.00232635
-0.00540171
0.0630068
0.062771
0.062315
0.0616484
0.0607755
0.059697
0.0584123
0.0569204
0.0552218
0.0533192
0.0512175
0.0489248
0.0464517
0.0438117
0.0410205
0.0380959
0.0350571
0.0319245
0.0287186
0.0254605
0.0221696
0.0188662
0.0155668
0.0122902
0.00904775
0.00585824
0.00272314
-0.000333292
-0.00333654
-0.00624673
0.0607726
0.0605201
0.0600331
0.0593243
0.0584012
0.0572685
0.0559286
0.054384
0.0526382
0.0506966
0.0485666
0.0462583
0.043784
0.0411583
0.0383976
0.0355201
0.0325446
0.0294909
0.0263785
0.0232273
0.0200553
0.0168812
0.0137198
0.0105881
0.00749612
0.00446062
0.00148216
-0.00141711
-0.00426247
-0.0070168
0.0585375
0.0582701
0.0577558
0.0570098
0.0560433
0.0548639
0.0534777
0.05189
0.0501071
0.0481369
0.045989
0.0436754
0.0412095
0.038607
0.0358847
0.0330608
0.0301536
0.0271825
0.0241657
0.021122
0.0180679
0.0150206
0.0119934
0.0090017
0.00605411
0.00316573
0.000336305
-0.002414
-0.00510995
-0.00771716
0.0563072
0.0560268
0.0554887
0.0547107
0.053707
0.0524886
0.0510644
0.0494427
0.0476323
0.0456433
0.0434873
0.0411775
0.0387288
0.0361574
0.0334802
0.0307154
0.0278809
0.024995
0.0220752
0.0191388
0.0162011
0.0132777
0.0103808
0.00752403
0.00471491
0.00196695
-0.000720749
-0.00332986
-0.00588444
-0.00835273
0.0540874
0.0537958
0.0532375
0.0524325
0.0513979
0.0501478
0.0486937
0.0470466
0.0452176
0.0432188
0.0410635
0.0387661
0.0363423
0.0338087
0.0311825
0.0284814
0.0257228
0.0229241
0.0201019
0.017272
0.0144488
0.0116463
0.00887551
0.00614862
0.00347212
0.000858077
-0.00169488
-0.00417019
-0.006591
-0.00892811
0.0518841
0.0515833
0.0510081
0.0501809
0.0491214
0.0478464
0.0463701
0.0447057
0.0428665
0.0408662
0.0387196
0.0364421
0.03405
0.0315602
0.0289898
0.026356
0.0236758
0.0209657
0.0182409
0.0155165
0.0128055
0.0101205
0.0074715
0.0048694
0.00231978
-0.000166647
-0.0025916
-0.00494015
-0.00723441
-0.00944763
0.0497035
0.049395
0.0488063
0.0479616
0.0468829
0.0455895
0.0440981
0.042424
0.0405822
0.0385881
0.0364573
0.0342063
0.0318518
0.0294108
0.0269002
0.0243368
0.0217367
0.0191155
0.0164878
0.0138672
0.0112656
0.00869462
0.00616305
0.00368068
0.00125229
-0.00111263
-0.00341605
-0.00564457
-0.00781913
-0.00991537
0.0475516
0.0472372
0.046638
0.0457802
0.0446877
0.0433821
0.0418823
0.0402053
0.0383679
0.0363866
0.0342781
0.0320595
0.0297476
0.0273595
0.0249119
0.0224209
0.0199019
0.0173699
0.014838
0.0123191
0.0098241
0.00736337
0.00494481
0.00257713
0.000264428
-0.00198491
-0.00417303
-0.00628795
-0.00834937
-0.0103352
0.0454346
0.0451159
0.0445093
0.0436423
0.0425411
0.041229
0.0397268
0.0380533
0.0362266
0.0342641
0.0321835
0.0300021
0.0277371
0.0254053
0.023023
0.0206058
0.0181685
0.0157248
0.0132874
0.0108679
0.00847621
0.00612184
0.00381178
0.00155377
-0.000648693
-0.00278822
-0.00486706
-0.00687456
-0.0088291
-0.0107108
0.0433588
0.0430372
0.0424259
0.0415537
0.0404483
0.0391349
0.0376359
0.0359715
0.034161
0.0322226
0.0301747
0.0280347
0.0258199
0.023547
0.0212317
0.0188891
0.0165331
0.0141769
0.011832
0.00950912
0.0072174
0.00496537
0.00275926
0.00060593
-0.00149164
-0.00352698
-0.00550237
-0.00740837
-0.00926205
-0.0110455
0.0413304
0.0410073
0.0403937
0.0395198
0.0384145
0.0371045
0.0356136
0.0339634
0.0321738
0.0302641
0.0282528
0.0261576
0.0239957
0.0217834
0.0195362
0.0172683
0.014993
0.0127227
0.010468
0.00823881
0.00604347
0.00388964
0.00178289
-0.000270731
-0.00226868
-0.00420532
-0.0060829
-0.00789314
-0.00965173
-0.0113428
0.0393557
0.0390323
0.0384188
0.0375463
0.0364449
0.0351424
0.033664
0.0320322
0.0302678
0.0283904
0.0264189
0.0243712
0.0222641
0.0201137
0.0179348
0.0157412
0.0135455
0.011359
0.00919191
0.00705324
0.0049505
0.00289063
0.000878602
-0.00108026
-0.00298379
-0.0048271
-0.00661237
-0.00833239
-0.0100015
-0.0116056
0.0374409
0.0371183
0.036507
0.0356387
0.0345445
0.0332532
0.031791
0.0301813
0.0284454
0.0266035
0.0246743
0.0226759
0.0206248
0.0185368
0.016426
0.0143057
0.0121878
0.010083
0.00800058
0.00594891
0.00393484
0.0019646
4.2618e-05
-0.00182641
-0.00364066
-0.00539589
-0.00709422
-0.0087294
-0.0103144
-0.0118369
0.0355924
0.0352716
0.0346643
0.0338026
0.0327184
0.0314414
0.0299986
0.0284139
0.0267093
0.024905
0.0230201
0.0210722
0.0190777
0.0170518
0.0150084
0.01296
0.0109178
0.00889196
0.00689101
0.00492266
0.00299315
0.0011081
-0.000728536
-0.00251266
-0.0042427
-0.00591505
-0.00753169
-0.00908726
-0.0105934
-0.0120396
0.0338164
0.0334982
0.0328964
0.0320435
0.0309717
0.0297115
0.0282906
0.0267333
0.025062
0.0232971
0.0214574
0.0195605
0.0176225
0.0156582
0.0136808
0.0117023
0.00973343
0.00778346
0.0058605
0.00397158
0.0021224
0.00031801
-0.00143805
-0.0031422
-0.00479309
-0.00638767
-0.00792777
-0.00940887
-0.0108414
-0.0122161
0.0321194
0.0318045
0.0312095
0.0303669
0.0293094
0.0280681
0.026671
0.0251428
0.0235062
0.0217815
0.0199875
0.0181416
0.0162594
0.0143554
0.0124422
0.0105313
0.00863275
0.00675537
0.00490665
0.00309306
0.00131981
-0.000408536
-0.00208883
-0.00371794
-0.00529472
-0.00681659
-0.00828525
-0.00969692
-0.0110608
-0.0123691
0.0305077
0.0301967
0.0296093
0.0287784
0.0277368
0.0265158
0.0251437
0.0236458
0.0220445
0.0203604
0.0186119
0.0168163
0.0149887
0.0131431
0.0112918
0.00944567
0.00761427
0.00580584
0.00402735
0.0022848
0.000582953
-0.00107409
-0.0026835
-0.00424253
-0.00575022
-0.00720442
-0.00860668
-0.00995388
-0.0112541
-0.0125008
0.0289879
0.0286811
0.0281022
0.0272838
0.026259
0.0250592
0.023713
0.0222457
0.0206799
0.019036
0.0173323
0.0155855
0.0138107
0.0120213
0.0102291
0.00844462
0.00667675
0.00493331
0.00322083
0.00154483
-9.03185e-05
-0.00168089
-0.00322436
-0.00471833
-0.00616199
-0.00755354
-0.0088944
-0.0101821
-0.0114235
-0.0126134
0.0275665
0.0272642
0.0266941
0.0258888
0.0248813
0.0237032
0.022383
0.0209463
0.0194154
0.0178107
0.0161504
0.0144507
0.0127263
0.0109903
0.00925408
0.00752754
0.00581928
0.0041366
0.00248563
0.00087148
-0.000701812
-0.00223089
-0.00371345
-0.00514744
-0.00653212
-0.00786608
-0.00915054
-0.0103836
-0.0115711
-0.012709
0.0262502
0.0259526
0.0253915
0.0245995
0.0236094
0.0224528
0.0211583
0.0197513
0.0182543
0.0166874
0.0150684
0.0134133
0.0117366
0.0100507
0.00836678
0.00669426
0.00504131
0.00341487
0.00182067
0.000263468
-0.001253
-0.00272567
-0.00415248
-0.00553163
-0.00686248
-0.0081439
-0.00937699
-0.0105603
-0.0116988
-0.0127893
0.0250462
0.0247531
0.024201
0.0234221
0.022449
0.0213133
0.0200435
0.0186651
0.0172003
0.0156689
0.0140887
0.0124754
0.010843
0.00920354
0.00756782
0.00594495
0.00434271
0.00276768
0.00122524
-0.000280127
-0.00174497
-0.00316651
-0.00454284
-0.00587239
-0.00715462
-0.00838864
-0.00957542
-0.0107139
-0.0118083
-0.0128563
0.0239616
0.023673
0.0231295
0.0223631
0.0214063
0.0202904
0.0190439
0.0176921
0.0162572
0.0147589
0.0132144
0.0116394
0.0100473
0.00845018
0.00685822
0.00528027
0.00372378
0.00219502
0.000699093
-0.00075981
-0.00217845
-0.00355427
-0.00488554
-0.00617087
-0.00740981
-0.00860165
-0.00974726
-0.0108459
-0.0119012
-0.0129114
0.0230042
0.0227196
0.0221842
0.0214295
0.0204877
0.01939
0.0181649
0.0168374
0.0154297
0.0139611
0.0124488
0.0109081
0.00935215
0.00779263
0.00623953
0.00470138
0.00318533
0.00169739
0.000242414
-0.00117563
-0.00255371
-0.00388945
-0.00518125
-0.0064279
-0.00762898
-0.00878398
-0.00989366
-0.0109576
-0.0119787
-0.0129559
0.0221819
0.0219011
0.0213729
0.0206286
0.0197003
0.0186188
0.0174126
0.0161065
0.0147226
0.0132801
0.011796
0.010285
0.00876041
0.00723345
0.0057139
0.00421001
0.00272873
0.00127582
-0.00014406
-0.00152715
-0.00287055
-0.00417207
-0.00543021
-0.00664389
-0.00781274
-0.00893639
-0.0100155
-0.0110499
-0.012042
-0.0129913
0.0215036
0.0212259
0.0207038
0.0199685
0.0190517
0.017984
0.0167937
0.0155057
0.0141419
0.0127212
0.0112605
0.0097744
0.00827584
0.00677591
0.00528413
0.00380859
0.00235601
0.000931983
-0.000458998
-0.00181333
-0.00312824
-0.00440167
-0.00563219
-0.00681884
-0.00796128
-0.00905927
-0.0101134
-0.0111237
-0.012092
-0.0130183
0.0209785
0.0207033
0.0201862
0.019458
0.0185502
0.0174935
0.0163158
0.015042
0.0136939
0.0122903
0.0108479
0.00938125
0.00790297
0.00642405
0.00495386
0.00350029
0.00206995
0.000668261
-0.000700384
-0.0020325
-0.00332544
-0.0045772
-0.00578644
-0.00695228
-0.00807438
-0.0091526
-0.0101875
-0.0111792
-0.0121294
-0.0130384
0.0206169
0.0203435
0.0198297
0.0191065
0.0182052
0.0171561
0.0159872
0.0147233
0.0133861
0.0119944
0.0105648
0.00911153
0.0076473
0.0061829
0.0047276
0.00328918
0.00187416
0.000487857
-0.000865422
-0.00218227
-0.00346011
-0.00469699
-0.00589163
-0.00704319
-0.00815136
-0.00921604
-0.0102377
-0.0112166
-0.0121541
-0.0130506
0.0204301
0.0201575
0.0196454
0.0189249
0.018027
0.0169819
0.0158175
0.0145588
0.0132273
0.0118418
0.0104187
0.00897245
0.00751549
0.00605862
0.00461102
0.00318045
0.00177334
0.000394991
-0.000950351
-0.00225932
-0.00352936
-0.00475856
-0.00594567
-0.00708987
-0.00819085
-0.00924857
-0.0102635
-0.011236
-0.0121673
-0.0130581
0.119279
0.120036
0.121576
0.123761
0.126574
0.129962
0.13391
0.138398
0.143412
0.14895
0.155011
0.161597
0.168715
0.176372
0.184579
0.193345
0.202687
0.212612
0.223142
0.23428
0.246052
0.258454
0.271513
0.285211
0.299583
0.314575
0.330253
0.346473
0.363413
0.380664
0.119271
0.120028
0.121568
0.123752
0.126565
0.129952
0.1339
0.138388
0.143401
0.148937
0.154997
0.161581
0.168698
0.176351
0.184555
0.193317
0.202654
0.212573
0.223095
0.234225
0.245985
0.258373
0.271416
0.285094
0.299443
0.314407
0.330052
0.346232
0.363126
0.38032
0.119255
0.120012
0.121551
0.123736
0.126547
0.129934
0.133881
0.138367
0.143379
0.148913
0.15497
0.16155
0.168662
0.176311
0.184508
0.193261
0.202588
0.212495
0.223002
0.234113
0.245851
0.258212
0.271222
0.284861
0.299163
0.314071
0.32965
0.34575
0.362553
0.379633
0.119231
0.119988
0.121527
0.12371
0.126521
0.129906
0.133852
0.138336
0.143345
0.148875
0.154928
0.161504
0.16861
0.17625
0.184437
0.193178
0.20249
0.212378
0.222862
0.233946
0.24565
0.25797
0.270932
0.284512
0.298744
0.313567
0.329047
0.345027
0.361694
0.378603
0.1192
0.119956
0.121494
0.123676
0.126486
0.129869
0.133813
0.138294
0.143299
0.148826
0.154873
0.161442
0.168539
0.176168
0.184343
0.193067
0.202359
0.212222
0.222676
0.233723
0.245383
0.257649
0.270545
0.284046
0.298185
0.312895
0.328244
0.344065
0.360551
0.377232
0.11916
0.119916
0.121453
0.123634
0.126442
0.129823
0.133764
0.138243
0.143243
0.148764
0.154805
0.161365
0.168451
0.176067
0.184225
0.192929
0.202195
0.212028
0.222444
0.233444
0.245048
0.257247
0.270062
0.283465
0.297487
0.312057
0.327242
0.342863
0.359124
0.37552
0.119113
0.119867
0.121403
0.123583
0.126389
0.129768
0.133706
0.13818
0.143175
0.14869
0.154722
0.161272
0.168346
0.175946
0.184083
0.192763
0.201999
0.211794
0.222165
0.23311
0.244648
0.256765
0.269483
0.282768
0.296651
0.311053
0.326041
0.341424
0.357415
0.373472
0.119057
0.119811
0.121346
0.123524
0.126328
0.129704
0.133638
0.138108
0.143096
0.148604
0.154626
0.161164
0.168223
0.175804
0.183919
0.19257
0.201771
0.211522
0.221841
0.232721
0.244181
0.256203
0.268808
0.281956
0.295677
0.309883
0.324643
0.339749
0.355426
0.371088
0.118994
0.119747
0.12128
0.123457
0.126257
0.129631
0.133561
0.138025
0.143007
0.148505
0.154517
0.161041
0.168082
0.175642
0.183731
0.192349
0.20151
0.211212
0.221471
0.232277
0.243648
0.255562
0.268038
0.28103
0.294566
0.308548
0.323048
0.337838
0.353159
0.368373
0.118923
0.119675
0.121207
0.123381
0.126179
0.129549
0.133474
0.137932
0.142906
0.148394
0.154394
0.160903
0.167925
0.175461
0.18352
0.192101
0.201217
0.210864
0.221054
0.231779
0.24305
0.254843
0.267173
0.279989
0.293318
0.30705
0.321259
0.335695
0.350616
0.365328
0.118844
0.119595
0.121125
0.123297
0.126092
0.129457
0.133375
0.137829
0.142794
0.148272
0.154258
0.16075
0.16775
0.17526
0.183285
0.191826
0.200892
0.210477
0.220593
0.231225
0.242386
0.254044
0.266214
0.278836
0.291934
0.305389
0.319275
0.333321
0.347801
0.361959
0.118758
0.119507
0.121035
0.123204
0.125996
0.129358
0.133261
0.137715
0.142671
0.148137
0.154108
0.160581
0.167559
0.175039
0.183028
0.191524
0.200535
0.210053
0.220086
0.230618
0.241657
0.253168
0.265161
0.27757
0.290416
0.303567
0.317101
0.330718
0.344717
0.358269
0.118663
0.119411
0.120937
0.123104
0.125892
0.12925
0.133167
0.13759
0.142537
0.147991
0.153946
0.160398
0.16735
0.174798
0.182749
0.191196
0.200146
0.20959
0.219534
0.229956
0.240863
0.252213
0.264015
0.276191
0.288764
0.301585
0.314736
0.327889
0.341366
0.354263
0.118561
0.119308
0.120831
0.122995
0.125779
0.129133
0.133038
0.137456
0.142393
0.147833
0.15377
0.1602
0.167125
0.174539
0.182446
0.190841
0.199727
0.209091
0.218938
0.229241
0.240005
0.251182
0.262776
0.274702
0.28698
0.299445
0.312183
0.324837
0.337753
0.349946
0.118451
0.119197
0.120718
0.122879
0.125658
0.129007
0.132901
0.137312
0.142238
0.147663
0.153581
0.159988
0.166883
0.17426
0.182121
0.190459
0.199275
0.208554
0.218297
0.228473
0.239084
0.250074
0.261446
0.273103
0.285064
0.297148
0.309444
0.321564
0.333881
0.345323
0.118334
0.119078
0.120596
0.122754
0.125529
0.128872
0.132758
0.137159
0.142073
0.147481
0.15338
0.159761
0.166624
0.173962
0.181774
0.190052
0.198793
0.207981
0.217612
0.227652
0.238098
0.248889
0.260024
0.271395
0.283018
0.294696
0.306522
0.318073
0.329754
0.3404
0.118209
0.118951
0.120467
0.122621
0.125391
0.128728
0.132606
0.136997
0.141897
0.147289
0.153166
0.15952
0.166349
0.173645
0.181405
0.189618
0.198281
0.207371
0.216883
0.226779
0.23705
0.24763
0.258512
0.269578
0.280843
0.29209
0.303418
0.314369
0.325377
0.335183
0.118076
0.118817
0.12033
0.122481
0.125246
0.128575
0.132445
0.136825
0.141711
0.147084
0.152939
0.159265
0.166058
0.173309
0.181015
0.189159
0.197738
0.206724
0.216111
0.225853
0.23594
0.246295
0.25691
0.267654
0.278541
0.289332
0.300136
0.310453
0.320755
0.329678
0.117936
0.118676
0.120186
0.122332
0.125092
0.128412
0.132275
0.136643
0.141515
0.146869
0.1527
0.158996
0.165751
0.172955
0.180602
0.188674
0.197164
0.206042
0.215296
0.224876
0.234768
0.244886
0.25522
0.265624
0.276112
0.286425
0.296678
0.306329
0.315893
0.323892
0.117789
0.118527
0.120034
0.122176
0.124931
0.128243
0.132096
0.136453
0.141308
0.146643
0.152448
0.158712
0.165428
0.172583
0.180168
0.188165
0.196561
0.205324
0.214438
0.223848
0.233534
0.243404
0.253441
0.263489
0.273559
0.283371
0.293046
0.302003
0.310795
0.317833
0.117634
0.11837
0.119874
0.122013
0.124763
0.128077
0.131908
0.136253
0.141092
0.146406
0.152185
0.158416
0.16509
0.172193
0.179714
0.18763
0.195928
0.204571
0.213538
0.222769
0.23224
0.241849
0.251576
0.261251
0.270883
0.28017
0.289244
0.297476
0.305467
0.311507
0.117471
0.118206
0.119707
0.121841
0.124586
0.127888
0.131712
0.136044
0.140866
0.146158
0.151909
0.158105
0.164736
0.171784
0.179238
0.187071
0.195266
0.203783
0.212596
0.22164
0.230886
0.240222
0.249625
0.25891
0.268086
0.276827
0.285274
0.292754
0.299914
0.304922
0.117302
0.118035
0.119533
0.121663
0.124401
0.127692
0.131507
0.135826
0.14063
0.145899
0.151622
0.157782
0.164367
0.171359
0.178742
0.186487
0.194575
0.20296
0.211613
0.220462
0.229472
0.238524
0.247589
0.256468
0.26517
0.273342
0.28114
0.28784
0.294143
0.298086
0.117125
0.117857
0.119351
0.121476
0.124206
0.127491
0.131295
0.135599
0.140385
0.14563
0.151323
0.157445
0.163983
0.170916
0.178225
0.18588
0.193856
0.202103
0.210589
0.219234
0.227999
0.236755
0.245468
0.253925
0.262135
0.269718
0.276845
0.282739
0.288159
0.291007
0.116941
0.117672
0.119162
0.121283
0.124003
0.127282
0.131074
0.135364
0.14013
0.145351
0.151013
0.157096
0.163584
0.170455
0.177688
0.185248
0.193108
0.201212
0.209524
0.217958
0.226468
0.234917
0.243265
0.251285
0.258984
0.265958
0.272392
0.277454
0.281968
0.283693
0.116749
0.117479
0.118967
0.121084
0.123808
0.127064
0.130846
0.13512
0.139866
0.145062
0.150691
0.156733
0.163171
0.169978
0.177132
0.184594
0.192332
0.200289
0.20842
0.216634
0.224879
0.23301
0.24098
0.248547
0.255719
0.262064
0.267784
0.271991
0.275576
0.276153
0.116551
0.11728
0.118764
0.120876
0.123589
0.12684
0.13061
0.134868
0.139593
0.144763
0.150358
0.156359
0.162743
0.169484
0.176556
0.183916
0.191529
0.199332
0.207275
0.215262
0.223234
0.231035
0.238613
0.245713
0.252341
0.258037
0.263025
0.266354
0.26899
0.268394
0.116346
0.117074
0.118554
0.12066
0.123365
0.126608
0.130365
0.134607
0.139311
0.144454
0.150015
0.155972
0.162302
0.168974
0.17596
0.183215
0.190698
0.198342
0.206092
0.213844
0.221532
0.228992
0.236167
0.242785
0.248853
0.253882
0.258118
0.260546
0.262215
0.260426
0.116134
0.11686
0.118337
0.120435
0.123135
0.126369
0.130114
0.134339
0.139021
0.144135
0.149661
0.155573
0.161846
0.168448
0.175346
0.182492
0.189841
0.197321
0.20487
0.212379
0.219774
0.226884
0.233642
0.239763
0.245255
0.2496
0.253066
0.254573
0.255259
0.252255
0.115915
0.116641
0.118114
0.120217
0.122899
0.126123
0.129854
0.134062
0.138722
0.143807
0.149296
0.155162
0.161377
0.167906
0.174713
0.181747
0.188958
0.196267
0.20361
0.210868
0.217962
0.22471
0.231039
0.236651
0.24155
0.245195
0.247874
0.248439
0.248128
0.24389
0.115689
0.116414
0.117884
0.119978
0.122656
0.12587
0.129588
0.133778
0.138414
0.14347
0.148922
0.154739
0.160894
0.167348
0.174062
0.18098
0.188048
0.195183
0.202312
0.209313
0.216095
0.222472
0.228359
0.233448
0.23774
0.240667
0.242543
0.242148
0.240827
0.235338
0.115456
0.116181
0.117648
0.119735
0.122407
0.12561
0.129314
0.133486
0.138098
0.143124
0.148537
0.154306
0.160399
0.166776
0.173393
0.180192
0.187112
0.194067
0.200977
0.207712
0.214175
0.220169
0.225603
0.230157
0.233826
0.236021
0.237078
0.235705
0.233365
0.226605
0.115217
0.115942
0.117405
0.119487
0.122151
0.125344
0.129033
0.133186
0.137775
0.142769
0.148142
0.153861
0.159891
0.166188
0.172706
0.179382
0.186152
0.192922
0.199606
0.206068
0.212202
0.217804
0.222772
0.226778
0.22981
0.231259
0.231481
0.229113
0.225746
0.217696
0.114971
0.115696
0.117156
0.119232
0.121888
0.125071
0.128746
0.132879
0.137443
0.142406
0.147738
0.153405
0.15937
0.165586
0.172003
0.178553
0.185166
0.191746
0.198198
0.20438
0.210176
0.215377
0.219868
0.223314
0.225694
0.226383
0.225755
0.222377
0.217976
0.208614
0.114719
0.115444
0.1169
0.118972
0.12162
0.124791
0.128451
0.132565
0.137104
0.142034
0.147325
0.152939
0.158837
0.164969
0.171281
0.177702
0.184156
0.19054
0.196754
0.202648
0.208099
0.212888
0.216891
0.219765
0.221479
0.221396
0.219902
0.2155
0.21006
0.199359
0.11446
0.115186
0.116638
0.118705
0.121344
0.124504
0.128149
0.132243
0.136756
0.141652
0.1469
0.15246
0.158289
0.164335
0.17054
0.176827
0.183117
0.189301
0.19527
0.200869
0.205965
0.210333
0.213836
0.216128
0.217162
0.216298
0.213922
0.208486
0.201999
0.189926
0.114195
0.114922
0.116371
0.118432
0.121063
0.124212
0.127841
0.131915
0.136401
0.141263
0.146467
0.151971
0.157729
0.163687
0.169781
0.175932
0.182054
0.188031
0.193749
0.199047
0.20378
0.207717
0.210711
0.21241
0.212752
0.211099
0.207825
0.201351
0.193808
0.180319
0.113924
0.114652
0.116098
0.118156
0.12078
0.123918
0.127534
0.131589
0.13605
0.140879
0.146041
0.151491
0.157181
0.163052
0.169037
0.175051
0.181003
0.186773
0.192237
0.197227
0.20159
0.205088
0.20756
0.208654
0.208289
0.205832
0.20164
0.19412
0.185509
0.170549
0.113647
0.114377
0.115822
0.117876
0.120495
0.123625
0.127229
0.131268
0.135706
0.140507
0.14563
0.151029
0.156654
0.16244
0.168317
0.174196
0.179978
0.185537
0.190741
0.195415
0.199396
0.202438
0.204367
0.20483
0.203724
0.200432
0.195272
0.186666
0.176934
0.160416
0.113363
0.114091
0.115529
0.117573
0.120178
0.123289
0.126868
0.130876
0.135275
0.140027
0.145089
0.150413
0.155945
0.161617
0.167354
0.173062
0.178638
0.183948
0.188853
0.193173
0.196733
0.199285
0.200642
0.200452
0.19859
0.194464
0.188326
0.17867
0.167672
0.149556
0.113363
0.114091
0.115529
0.117573
0.120177
0.123288
0.126868
0.130875
0.135275
0.140027
0.145089
0.150413
0.155945
0.161617
0.167354
0.173062
0.178638
0.183947
0.188853
0.193173
0.196733
0.199285
0.200641
0.200452
0.198589
0.194464
0.188326
0.178669
0.167671
0.149556
0.113647
0.114377
0.115821
0.117876
0.120494
0.123625
0.127228
0.131267
0.135706
0.140507
0.14563
0.151029
0.156653
0.162439
0.168317
0.174196
0.179978
0.185537
0.190741
0.195415
0.199395
0.202438
0.204367
0.20483
0.203724
0.200432
0.195272
0.186665
0.176933
0.160415
0.113924
0.114652
0.116098
0.118155
0.12078
0.123918
0.127534
0.131589
0.136049
0.140879
0.146041
0.151491
0.157181
0.163051
0.169036
0.175051
0.181003
0.186772
0.192236
0.197226
0.201589
0.205088
0.20756
0.208654
0.208288
0.205832
0.20164
0.194119
0.185508
0.170549
0.114195
0.114921
0.116371
0.118432
0.121063
0.124212
0.127841
0.131915
0.136401
0.141263
0.146467
0.15197
0.157729
0.163687
0.169781
0.175932
0.182053
0.188031
0.193749
0.199046
0.203779
0.207717
0.21071
0.21241
0.212752
0.211098
0.207825
0.201351
0.193807
0.180319
0.11446
0.115186
0.116638
0.118705
0.121344
0.124504
0.128149
0.132243
0.136756
0.141652
0.1469
0.152459
0.158289
0.164335
0.170539
0.176827
0.183117
0.1893
0.195269
0.200869
0.205965
0.210333
0.213836
0.216128
0.217162
0.216298
0.213921
0.208486
0.201998
0.189926
0.114719
0.115444
0.1169
0.118972
0.121619
0.124791
0.128451
0.132565
0.137104
0.142034
0.147324
0.152938
0.158837
0.164969
0.171281
0.177702
0.184156
0.19054
0.196754
0.202648
0.208099
0.212888
0.21689
0.219765
0.221478
0.221396
0.219901
0.2155
0.21006
0.199358
0.114971
0.115696
0.117156
0.119232
0.121888
0.12507
0.128745
0.132879
0.137443
0.142406
0.147738
0.153405
0.15937
0.165586
0.172002
0.178552
0.185166
0.191746
0.198198
0.204379
0.210176
0.215377
0.219868
0.223314
0.225694
0.226383
0.225754
0.222377
0.217976
0.208613
0.115217
0.115942
0.117405
0.119487
0.122151
0.125344
0.129033
0.133186
0.137775
0.142769
0.148142
0.153861
0.15989
0.166188
0.172706
0.179382
0.186151
0.192921
0.199605
0.206067
0.212201
0.217804
0.222772
0.226778
0.22981
0.231258
0.23148
0.229112
0.225745
0.217695
0.115456
0.116181
0.117647
0.119735
0.122406
0.12561
0.129314
0.133485
0.138098
0.143124
0.148537
0.154305
0.160399
0.166775
0.173393
0.180192
0.187112
0.194067
0.200977
0.207712
0.214175
0.220169
0.225603
0.230156
0.233826
0.236021
0.237077
0.235704
0.233364
0.226604
0.115689
0.116414
0.117884
0.119978
0.122656
0.12587
0.129588
0.133777
0.138414
0.14347
0.148921
0.154739
0.160894
0.167348
0.174062
0.18098
0.188048
0.195183
0.202312
0.209312
0.216095
0.222471
0.228358
0.233448
0.23774
0.240667
0.242542
0.242148
0.240827
0.235337
0.115914
0.116641
0.118114
0.120217
0.122899
0.126123
0.129854
0.134062
0.138722
0.143807
0.149296
0.155162
0.161377
0.167906
0.174713
0.181747
0.188957
0.196267
0.20361
0.210868
0.217962
0.22471
0.231038
0.23665
0.24155
0.245194
0.247873
0.248439
0.248127
0.24389
0.116133
0.11686
0.118337
0.120435
0.123135
0.126369
0.130114
0.134338
0.139021
0.144135
0.149661
0.155572
0.161846
0.168448
0.175346
0.182492
0.189841
0.19732
0.20487
0.212379
0.219774
0.226884
0.233641
0.239763
0.245255
0.2496
0.253066
0.254573
0.255259
0.252255
0.116346
0.117073
0.118554
0.12066
0.123365
0.126608
0.130365
0.134607
0.139311
0.144453
0.150015
0.155971
0.162301
0.168974
0.17596
0.183215
0.190698
0.198342
0.206092
0.213844
0.221532
0.228992
0.236167
0.242784
0.248852
0.253882
0.258118
0.260546
0.262215
0.260425
0.116551
0.11728
0.118763
0.120876
0.123589
0.126839
0.130609
0.134868
0.139593
0.144762
0.150358
0.156358
0.162743
0.169484
0.176555
0.183916
0.191529
0.199331
0.207275
0.215262
0.223233
0.231034
0.238613
0.245712
0.252341
0.258037
0.263025
0.266353
0.268989
0.268394
0.116749
0.117479
0.118966
0.121083
0.123807
0.127064
0.130846
0.13512
0.139866
0.145062
0.150691
0.156733
0.163171
0.169978
0.177131
0.184593
0.192332
0.200288
0.208419
0.216634
0.224879
0.233009
0.240979
0.248546
0.255719
0.262063
0.267784
0.271991
0.275575
0.276153
0.116941
0.117671
0.119162
0.121283
0.124003
0.127281
0.131074
0.135364
0.14013
0.145351
0.151012
0.157095
0.163584
0.170455
0.177688
0.185248
0.193108
0.201212
0.209524
0.217958
0.226468
0.234917
0.243265
0.251284
0.258984
0.265958
0.272392
0.277454
0.281967
0.283693
0.117125
0.117857
0.119351
0.121476
0.124206
0.127491
0.131295
0.135599
0.140385
0.14563
0.151323
0.157445
0.163983
0.170915
0.178225
0.18588
0.193855
0.202103
0.210589
0.219234
0.227999
0.236755
0.245468
0.253925
0.262135
0.269718
0.276845
0.282738
0.288158
0.291007
0.117302
0.118035
0.119533
0.121662
0.1244
0.127692
0.131507
0.135826
0.14063
0.145899
0.151622
0.157782
0.164367
0.171359
0.178741
0.186487
0.194575
0.20296
0.211613
0.220462
0.229471
0.238524
0.247588
0.256467
0.265169
0.273341
0.28114
0.28784
0.294142
0.298086
0.117471
0.118206
0.119707
0.121841
0.124586
0.127888
0.131711
0.136044
0.140866
0.146158
0.151909
0.158105
0.164736
0.171784
0.179238
0.187071
0.195266
0.203782
0.212596
0.22164
0.230885
0.240222
0.249625
0.25891
0.268086
0.276826
0.285274
0.292753
0.299914
0.304922
0.117634
0.11837
0.119874
0.122012
0.124762
0.128077
0.131908
0.136253
0.141092
0.146406
0.152185
0.158415
0.16509
0.172193
0.179713
0.18763
0.195928
0.204571
0.213538
0.222769
0.23224
0.241849
0.251576
0.261251
0.270883
0.28017
0.289244
0.297476
0.305466
0.311507
0.117789
0.118526
0.120034
0.122176
0.124931
0.128243
0.132096
0.136452
0.141308
0.146643
0.152448
0.158712
0.165428
0.172583
0.180168
0.188165
0.196561
0.205324
0.214438
0.223848
0.233534
0.243404
0.253441
0.263489
0.273559
0.28337
0.293046
0.302002
0.310794
0.317833
0.117936
0.118676
0.120186
0.122332
0.125092
0.128412
0.132275
0.136643
0.141515
0.146869
0.1527
0.158995
0.165751
0.172955
0.180602
0.188674
0.197164
0.206042
0.215296
0.224876
0.234768
0.244886
0.255219
0.265624
0.276112
0.286425
0.296677
0.306329
0.315892
0.323892
0.118076
0.118817
0.12033
0.122481
0.125246
0.128575
0.132445
0.136825
0.141711
0.147084
0.152939
0.159265
0.166058
0.173309
0.181014
0.189159
0.197737
0.206724
0.216111
0.225853
0.23594
0.246295
0.25691
0.267654
0.27854
0.289332
0.300136
0.310452
0.320755
0.329678
0.118209
0.118951
0.120467
0.122621
0.125391
0.128728
0.132606
0.136997
0.141897
0.147288
0.153166
0.15952
0.166349
0.173645
0.181405
0.189618
0.198281
0.20737
0.216883
0.226779
0.23705
0.24763
0.258512
0.269578
0.280843
0.29209
0.303418
0.314368
0.325377
0.335183
0.118334
0.119078
0.120596
0.122754
0.125529
0.128872
0.132758
0.137159
0.142073
0.147481
0.15338
0.159761
0.166624
0.173962
0.181774
0.190052
0.198793
0.207981
0.217612
0.227652
0.238098
0.248889
0.260024
0.271394
0.283018
0.294695
0.306522
0.318073
0.329754
0.3404
0.118451
0.119197
0.120718
0.122878
0.125658
0.129007
0.132901
0.137312
0.142238
0.147663
0.153581
0.159988
0.166883
0.17426
0.182121
0.190459
0.199275
0.208554
0.218297
0.228473
0.239083
0.250074
0.261445
0.273103
0.285064
0.297148
0.309444
0.321564
0.33388
0.345323
0.118561
0.119308
0.120831
0.122995
0.125779
0.129133
0.133038
0.137455
0.142393
0.147833
0.15377
0.1602
0.167125
0.174539
0.182446
0.190841
0.199726
0.209091
0.218938
0.229241
0.240005
0.251182
0.262776
0.274702
0.28698
0.299445
0.312183
0.324837
0.337752
0.349946
0.118663
0.119411
0.120937
0.123104
0.125892
0.12925
0.133167
0.13759
0.142537
0.147991
0.153946
0.160398
0.16735
0.174798
0.182748
0.191196
0.200146
0.20959
0.219534
0.229956
0.240863
0.252213
0.264015
0.276191
0.288764
0.301585
0.314736
0.327889
0.341366
0.354263
0.118758
0.119507
0.121035
0.123204
0.125996
0.129358
0.133261
0.137715
0.142671
0.148137
0.154108
0.160581
0.167559
0.175039
0.183028
0.191524
0.200535
0.210052
0.220086
0.230618
0.241657
0.253168
0.265161
0.277569
0.290416
0.303567
0.3171
0.330718
0.344717
0.358269
0.118844
0.119595
0.121125
0.123297
0.126091
0.129457
0.133375
0.137829
0.142794
0.148272
0.154258
0.160749
0.16775
0.17526
0.183285
0.191826
0.200892
0.210477
0.220593
0.231225
0.242386
0.254044
0.266214
0.278836
0.291934
0.305389
0.319275
0.333321
0.347801
0.361959
0.118923
0.119675
0.121206
0.123381
0.126179
0.129548
0.133474
0.137932
0.142906
0.148394
0.154394
0.160903
0.167925
0.175461
0.183519
0.192101
0.201217
0.210864
0.221054
0.231779
0.24305
0.254843
0.267173
0.279989
0.293318
0.30705
0.321258
0.335695
0.350616
0.365328
0.118994
0.119747
0.12128
0.123456
0.126257
0.129631
0.133561
0.138025
0.143007
0.148505
0.154517
0.161041
0.168082
0.175642
0.183731
0.192349
0.20151
0.211212
0.22147
0.232277
0.243648
0.255562
0.268038
0.28103
0.294565
0.308548
0.323048
0.337838
0.353159
0.368373
0.119057
0.119811
0.121346
0.123524
0.126327
0.129704
0.133638
0.138108
0.143096
0.148604
0.154626
0.161164
0.168223
0.175804
0.183919
0.19257
0.20177
0.211522
0.221841
0.232721
0.244181
0.256203
0.268808
0.281956
0.295677
0.309882
0.324643
0.339748
0.355426
0.371088
0.119113
0.119867
0.121403
0.123583
0.126389
0.129768
0.133706
0.13818
0.143175
0.14869
0.154722
0.161272
0.168346
0.175946
0.184083
0.192763
0.201999
0.211794
0.222165
0.23311
0.244648
0.256765
0.269483
0.282768
0.296651
0.311052
0.326041
0.341424
0.357415
0.373472
0.11916
0.119916
0.121453
0.123634
0.126442
0.129823
0.133764
0.138243
0.143243
0.148764
0.154805
0.161365
0.168451
0.176067
0.184225
0.192929
0.202195
0.212027
0.222444
0.233444
0.245048
0.257247
0.270062
0.283465
0.297487
0.312057
0.327242
0.342863
0.359124
0.37552
0.1192
0.119956
0.121494
0.123676
0.126485
0.129869
0.133813
0.138294
0.143299
0.148826
0.154873
0.161442
0.168539
0.176168
0.184343
0.193067
0.202359
0.212222
0.222676
0.233723
0.245383
0.257649
0.270545
0.284046
0.298185
0.312895
0.328244
0.344065
0.360551
0.377231
0.119231
0.119988
0.121527
0.12371
0.126521
0.129906
0.133852
0.138336
0.143345
0.148875
0.154928
0.161504
0.16861
0.17625
0.184437
0.193178
0.20249
0.212378
0.222862
0.233946
0.24565
0.25797
0.270932
0.284512
0.298744
0.313567
0.329047
0.345027
0.361694
0.378603
0.119255
0.120012
0.121551
0.123736
0.126547
0.129934
0.133881
0.138367
0.143379
0.148913
0.15497
0.16155
0.168662
0.176311
0.184508
0.193261
0.202588
0.212495
0.223002
0.234113
0.245851
0.258212
0.271222
0.284861
0.299163
0.314071
0.32965
0.34575
0.362553
0.379633
0.119271
0.120028
0.121568
0.123752
0.126565
0.129952
0.1339
0.138388
0.143401
0.148937
0.154997
0.161581
0.168698
0.176351
0.184555
0.193317
0.202654
0.212573
0.223095
0.234224
0.245985
0.258373
0.271416
0.285094
0.299443
0.314407
0.330052
0.346232
0.363126
0.38032
0.119279
0.120036
0.121576
0.123761
0.126574
0.129962
0.13391
0.138398
0.143412
0.14895
0.155011
0.161597
0.168715
0.176372
0.184579
0.193345
0.202687
0.212612
0.223142
0.23428
0.246052
0.258454
0.271513
0.285211
0.299583
0.314575
0.330253
0.346473
0.363413
0.380664
0.0204292
0.0201565
0.0196445
0.018924
0.018026
0.0169809
0.0158166
0.0145579
0.0132263
0.0118408
0.0104178
0.00897149
0.00751453
0.00605765
0.00461005
0.00317947
0.00177236
0.000393999
-0.000951348
-0.00226032
-0.00353036
-0.00475957
-0.00594668
-0.00709088
-0.00819187
-0.00924959
-0.0102645
-0.011237
-0.0121683
-0.0130591
0.020616
0.0203426
0.0198288
0.0191056
0.0182043
0.0171552
0.0159863
0.0147224
0.0133852
0.0119935
0.0105638
0.00911058
0.00764634
0.00618193
0.00472662
0.0032882
0.00187317
0.000486865
-0.000866419
-0.00218328
-0.00346111
-0.004698
-0.00589264
-0.00704421
-0.00815237
-0.00921706
-0.0102387
-0.0112177
-0.0121552
-0.0130516
0.0209776
0.0207024
0.0201853
0.0194571
0.0185493
0.0174925
0.0163148
0.0150411
0.0136929
0.0122894
0.010847
0.00938029
0.00790201
0.00642308
0.00495288
0.00349931
0.00206896
0.000667269
-0.000701381
-0.00203351
-0.00332645
-0.00457821
-0.00578746
-0.0069533
-0.0080754
-0.00915363
-0.0101885
-0.0111802
-0.0121304
-0.0130394
0.0215027
0.021225
0.0207029
0.0199676
0.0190507
0.0179831
0.0167928
0.0155048
0.0141409
0.0127203
0.0112595
0.00977345
0.00827488
0.00677494
0.00528316
0.00380761
0.00235503
0.00093099
-0.000459996
-0.00181433
-0.00312925
-0.00440268
-0.00563321
-0.00681986
-0.0079623
-0.00906029
-0.0101144
-0.0111247
-0.0120931
-0.0130194
0.022181
0.0219002
0.021372
0.0206277
0.0196994
0.0186179
0.0174116
0.0161056
0.0147217
0.0132792
0.011795
0.0102841
0.00875945
0.00723248
0.00571292
0.00420903
0.00272775
0.00127483
-0.000145059
-0.00152815
-0.00287156
-0.00417309
-0.00543123
-0.00664491
-0.00781376
-0.00893742
-0.0100165
-0.011051
-0.0120431
-0.0129924
0.0230033
0.0227187
0.0221833
0.0214286
0.0204868
0.0193891
0.0181639
0.0168365
0.0154287
0.0139602
0.0124479
0.0109071
0.00935119
0.00779166
0.00623856
0.00470039
0.00318434
0.00169639
0.000241414
-0.00117664
-0.00255472
-0.00389047
-0.00518227
-0.00642893
-0.00763001
-0.00878502
-0.00989469
-0.0109587
-0.0119798
-0.012957
0.0239607
0.0236721
0.0231286
0.0223622
0.0214054
0.0202895
0.019043
0.0176912
0.0162563
0.0147579
0.0132135
0.0116384
0.0100464
0.00844922
0.00685725
0.00527929
0.0037228
0.00219402
0.000698091
-0.000760817
-0.00217947
-0.00355529
-0.00488656
-0.0061719
-0.00741084
-0.00860269
-0.0097483
-0.010847
-0.0119022
-0.0129124
0.0250453
0.0247522
0.0242001
0.0234212
0.0224481
0.0213124
0.0200426
0.0186642
0.0171993
0.015668
0.0140878
0.0124745
0.010842
0.00920257
0.00756684
0.00594397
0.00434172
0.00276668
0.00122424
-0.000281136
-0.00174599
-0.00316753
-0.00454386
-0.00587342
-0.00715566
-0.00838969
-0.00957647
-0.010715
-0.0118094
-0.0128573
0.0262494
0.0259517
0.0253906
0.0245986
0.0236085
0.0224519
0.0211574
0.0197504
0.0182534
0.0166865
0.0150674
0.0134124
0.0117356
0.0100498
0.00836581
0.00669328
0.00504032
0.00341388
0.00181966
0.000262458
-0.00125401
-0.0027267
-0.00415352
-0.00553266
-0.00686352
-0.00814495
-0.00937805
-0.0105613
-0.0116999
-0.0127904
0.0275656
0.0272633
0.0266932
0.0258879
0.0248804
0.0237023
0.0223821
0.0209454
0.0194145
0.0178098
0.0161494
0.0144497
0.0127254
0.0109894
0.00925311
0.00752657
0.00581829
0.00413561
0.00248463
0.000870468
-0.000702832
-0.00223191
-0.00371449
-0.00514848
-0.00653317
-0.00786713
-0.0091516
-0.0103846
-0.0115722
-0.01271
0.028987
0.0286802
0.0281013
0.0272829
0.0262581
0.0250583
0.0237121
0.0222448
0.020679
0.0190351
0.0173313
0.0155846
0.0138098
0.0120204
0.0102282
0.00844364
0.00667576
0.00493232
0.00321982
0.00154381
-9.13402e-05
-0.00168192
-0.0032254
-0.00471938
-0.00616304
-0.0075546
-0.00889547
-0.0101831
-0.0114246
-0.0126145
0.0305069
0.0301959
0.0296085
0.0287775
0.0277359
0.0265149
0.0251428
0.0236449
0.0220436
0.0203595
0.018611
0.0168153
0.0149877
0.0131421
0.0112908
0.0094447
0.00761329
0.00580484
0.00402635
0.00228379
0.00058193
-0.00107512
-0.00268454
-0.00424358
-0.00575128
-0.00720549
-0.00860775
-0.00995496
-0.0112552
-0.0125019
0.0321186
0.0318037
0.0312086
0.030366
0.0293086
0.0280673
0.0266701
0.025142
0.0235053
0.0217806
0.0199866
0.0181407
0.0162585
0.0143544
0.0124412
0.0105303
0.00863177
0.00675438
0.00490564
0.00309204
0.00131879
-0.000409571
-0.00208988
-0.00371899
-0.00529578
-0.00681766
-0.00828633
-0.009698
-0.0110619
-0.0123702
0.0338156
0.0334974
0.0328956
0.0320426
0.0309708
0.0297107
0.0282897
0.0267325
0.0250611
0.0232962
0.0214565
0.0195596
0.0176216
0.0156572
0.0136798
0.0117014
0.00973245
0.00778247
0.00585949
0.00397056
0.00212137
0.000316974
-0.0014391
-0.00314325
-0.00479416
-0.00638875
-0.00792886
-0.00940997
-0.0108425
-0.0122172
0.0355915
0.0352707
0.0346634
0.0338018
0.0327175
0.0314406
0.0299977
0.0284131
0.0267084
0.0249042
0.0230192
0.0210712
0.0190768
0.0170509
0.0150074
0.012959
0.0109169
0.00889097
0.00689001
0.00492165
0.00299213
0.00110707
-0.000729585
-0.00251372
-0.00424377
-0.00591614
-0.00753278
-0.00908836
-0.0105946
-0.0120407
0.0374401
0.0371175
0.0365062
0.0356379
0.0345436
0.0332524
0.0317902
0.0301804
0.0284445
0.0266026
0.0246735
0.022675
0.0206239
0.0185358
0.016425
0.0143048
0.0121869
0.010082
0.00799958
0.0059479
0.00393381
0.00196356
4.15681e-05
-0.00182748
-0.00364173
-0.00539698
-0.00709532
-0.0087305
-0.0103155
-0.0118381
0.0393549
0.0390314
0.038418
0.0375455
0.036444
0.0351416
0.0336632
0.0320313
0.0302669
0.0283896
0.0264181
0.0243703
0.0222632
0.0201128
0.0179338
0.0157402
0.0135445
0.011358
0.00919091
0.00705223
0.00494947
0.00288959
0.000877551
-0.00108132
-0.00298487
-0.00482819
-0.00661347
-0.0083335
-0.0100026
-0.0116067
0.0413296
0.0410065
0.0403929
0.039519
0.0384137
0.0371037
0.0356128
0.0339625
0.032173
0.0302633
0.0282519
0.0261567
0.0239948
0.0217825
0.0195352
0.0172673
0.0149921
0.0127217
0.010467
0.00823781
0.00604245
0.00388861
0.00178184
-0.000271796
-0.00226976
-0.00420642
-0.00608401
-0.00789426
-0.00965286
-0.0113439
0.043358
0.0430364
0.0424251
0.0415529
0.0404475
0.0391341
0.0376351
0.0359707
0.0341601
0.0322218
0.0301738
0.0280338
0.025819
0.0235461
0.0212307
0.0188881
0.0165322
0.0141759
0.011831
0.00950811
0.00721638
0.00496434
0.00275821
0.000604866
-0.00149272
-0.00352808
-0.00550347
-0.0074095
-0.00926318
-0.0110467
0.0454339
0.0451151
0.0445085
0.0436415
0.0425403
0.0412282
0.039726
0.0380525
0.0362257
0.0342633
0.0321827
0.0300012
0.0277362
0.0254044
0.0230221
0.0206049
0.0181675
0.0157239
0.0132864
0.0108669
0.00847519
0.0061208
0.00381073
0.00155271
-0.000649772
-0.00278932
-0.00486817
-0.00687568
-0.00883024
-0.0107119
0.0475508
0.0472365
0.0466373
0.0457794
0.0446869
0.0433814
0.0418815
0.0402045
0.0383671
0.0363858
0.0342773
0.0320586
0.0297467
0.0273587
0.024911
0.0224199
0.019901
0.0173689
0.014837
0.0123182
0.00982309
0.00736234
0.00494377
0.00257607
0.00026335
-0.001986
-0.00417414
-0.00628908
-0.00835051
-0.0103364
0.0497027
0.0493943
0.0488055
0.0479608
0.0468822
0.0455888
0.0440973
0.0424232
0.0405814
0.0385872
0.0364565
0.0342055
0.0318509
0.0294099
0.0268993
0.0243358
0.0217357
0.0191146
0.0164868
0.0138662
0.0112646
0.00869359
0.00616201
0.00367962
0.00125121
-0.00111372
-0.00341716
-0.00564569
-0.00782027
-0.00991653
0.0518834
0.0515825
0.0510073
0.0501802
0.0491207
0.0478456
0.0463693
0.0447049
0.0428657
0.0408654
0.0387188
0.0364412
0.0340491
0.0315593
0.0289889
0.0263551
0.0236749
0.0209647
0.01824
0.0155156
0.0128045
0.0101195
0.00747047
0.00486835
0.00231871
-0.000167737
-0.00259271
-0.00494128
-0.00723555
-0.00944879
0.0540866
0.0537951
0.0532367
0.0524318
0.0513972
0.050147
0.0486929
0.0470458
0.0452168
0.043218
0.0410627
0.0387653
0.0363414
0.0338078
0.0311816
0.0284805
0.0257218
0.0229232
0.0201009
0.0172711
0.0144478
0.0116453
0.00887448
0.00614757
0.00347105
0.00085699
-0.00169599
-0.00417131
-0.00659214
-0.00892927
0.0563064
0.0560261
0.0554879
0.05471
0.0537063
0.0524879
0.0510637
0.049442
0.0476315
0.0456425
0.0434865
0.0411767
0.038728
0.0361565
0.0334794
0.0307145
0.02788
0.0249941
0.0220742
0.0191378
0.0162001
0.0132767
0.0103798
0.00752299
0.00471385
0.00196586
-0.000721849
-0.00333098
-0.00588558
-0.00835389
0.0585368
0.0582694
0.0577551
0.0570091
0.0560425
0.0548632
0.0534769
0.0518892
0.0501063
0.0481361
0.0459882
0.0436746
0.0412087
0.0386062
0.0358839
0.0330599
0.0301528
0.0271816
0.0241648
0.021121
0.018067
0.0150196
0.0119924
0.00900067
0.00605306
0.00316466
0.00033521
-0.00241512
-0.00511109
-0.00771832
0.060772
0.0605194
0.0600325
0.0593236
0.0584005
0.0572678
0.0559279
0.0543833
0.0526375
0.0506958
0.0485658
0.0462575
0.0437832
0.0411575
0.0383968
0.0355192
0.0325437
0.02949
0.0263776
0.0232264
0.0200544
0.0168802
0.0137188
0.0105871
0.00749507
0.00445956
0.00148108
-0.00141822
-0.0042636
-0.00701795
0.0630061
0.0627703
0.0623143
0.0616477
0.0607748
0.0596964
0.0584116
0.0569197
0.0552211
0.0533184
0.0512168
0.048924
0.0464509
0.0438109
0.0410196
0.038095
0.0350562
0.0319237
0.0287177
0.0254596
0.0221686
0.0188652
0.0155658
0.0122892
0.00904672
0.00585718
0.00272206
-0.000334393
-0.00333767
-0.00624788
0.0652338
0.0650166
0.0645952
0.0639761
0.0631599
0.0621437
0.060923
0.0594937
0.057853
0.0560005
0.0539383
0.0516723
0.049211
0.0465666
0.0437536
0.0407897
0.0376938
0.034487
0.0311905
0.0278266
0.0244164
0.0209816
0.0175407
0.0141142
0.0107153
0.00736463
0.00406494
0.000842708
-0.00232746
-0.00540285
0.0674495
0.0672528
0.0668697
0.0663032
0.0655504
0.0646044
0.063457
0.0621006
0.0605289
0.058738
0.0567274
0.0545
0.0520623
0.0494244
0.0465998
0.0436053
0.0404597
0.0371843
0.0338012
0.0303337
0.0268044
0.0232368
0.0196512
0.0160702
0.0125086
0.00898953
0.00551702
0.0021199
-0.00122671
-0.00447724
0.0696483
0.0694738
0.0691324
0.0686238
0.0679409
0.0670731
0.0660084
0.0647353
0.063244
0.0615271
0.0595807
0.0574047
0.0550031
0.0523838
0.0495589
0.0465438
0.0433571
0.04002
0.0365552
0.0329872
0.0293398
0.0256385
0.0219054
0.0181653
0.0144351
0.0107401
0.00708613
0.00350456
-2.86452e-05
-0.00346497
0.0718251
0.0716746
0.0713784
0.0709326
0.0703262
0.0695445
0.0685718
0.0673927
0.0659934
0.0643631
0.0624942
0.0603833
0.0580314
0.0554441
0.0526311
0.0496069
0.0463889
0.0429982
0.0394579
0.0357935
0.0320301
0.0281949
0.0243119
0.0204085
0.0165036
0.0126251
0.00878078
0.00500463
0.00127407
-0.00235949
0.0739752
0.0738505
0.0736027
0.0732246
0.072701
0.0720133
0.0711419
0.0700674
0.0687722
0.0672415
0.0654639
0.0634324
0.0611448
0.0586037
0.0558165
0.0527957
0.0495577
0.046123
0.0425148
0.0387592
0.0348827
0.0309143
0.0268799
0.0228093
0.0187238
0.014654
0.0106101
0.00662877
0.00268939
-0.00115367
0.0760944
0.0759969
0.0758007
0.0754948
0.0750602
0.0744742
0.0737131
0.0727539
0.0715748
0.070157
0.0684851
0.0665482
0.0643403
0.0618608
0.0591143
0.0561111
0.0528658
0.0493981
0.0457309
0.041891
0.0379056
0.0338055
0.0296188
0.0253776
0.0211059
0.0168371
0.0125841
0.00838635
0.00422599
0.000160277
0.0781784
0.0781096
0.0779679
0.0777387
0.0773988
0.0769218
0.0762802
0.0754468
0.0743959
0.0731045
0.0715529
0.0697262
0.0676143
0.0652129
0.0625234
0.0595532
0.056315
0.052827
0.0491115
0.0451952
0.0411066
0.0368777
0.0325387
0.0281242
0.023661
0.0191854
0.0147135
0.0102876
0.00589337
0.00159086
0.0802233
0.0801847
0.0801002
0.0799517
0.0797122
0.0793512
0.0788375
0.0781403
0.0772296
0.0760781
0.0746619
0.0729616
0.0709627
0.068657
0.066042
0.0631219
0.0599066
0.0564127
0.0526611
0.0486785
0.0444938
0.0401403
0.0356501
0.0310604
0.0264008
0.0217108
0.0170099
0.0123437
0.00770191
0.00314744
0.0822258
0.0822184
0.0821936
0.0821297
0.0819955
0.0817572
0.0813799
0.0808287
0.08007
0.079072
0.0778063
0.076249
0.074381
0.0721894
0.0696676
0.066816
0.0636413
0.0601577
0.0563843
0.0523472
0.0480752
0.0436028
0.0389639
0.034198
0.0293378
0.0244261
0.0194862
0.0145668
0.00966306
0.00484036
0.0841825
0.0842074
0.0842446
0.0842685
0.0842446
0.0841351
0.0839018
0.0835064
0.0829111
0.0820799
0.08098
0.0795825
0.0778637
0.0758056
0.073397
0.0706339
0.0675192
0.0640639
0.060285
0.0562071
0.0518588
0.0472751
0.0424914
0.0375496
0.0324856
0.0273451
0.0221561
0.0169704
0.0117894
0.00668107
0.0860905
0.0861487
0.0862497
0.0863646
0.086455
0.08648
0.0863982
0.0861676
0.0857467
0.0850955
0.0841764
0.0829559
0.081405
0.0795006
0.0772262
0.0745729
0.0715393
0.0681325
0.0643665
0.0602639
0.0558524
0.051167
0.0462444
0.0411284
0.0358582
0.0304826
0.0250346
0.019569
0.0140949
0.00868227
0.0879473
0.0880395
0.088206
0.0884144
0.088623
0.0887876
0.0888639
0.0888066
0.0885708
0.0881121
0.0873888
0.0863623
0.0849983
0.0832683
0.0811502
0.0786297
0.0757001
0.0723639
0.0686316
0.0645227
0.0600635
0.0552884
0.0502349
0.0449482
0.0394709
0.0338547
0.0281381
0.0223788
0.0165949
0.0108581
0.0897506
0.0898774
0.0901107
0.0904149
0.0907448
0.0910535
0.0912939
0.0914179
0.0913769
0.091123
0.09061
0.0897944
0.0886366
0.0871023
0.0851635
0.0827997
0.0799987
0.0767574
0.0730819
0.0689879
0.0644993
0.059649
0.0544749
0.0490232
0.0433396
0.0374785
0.0314842
0.0254173
0.0193064
0.0132244
0.0914984
0.0916603
0.0919615
0.0923632
0.092817
0.0932737
0.0936836
0.0939959
0.094159
0.0941214
0.0938327
0.0932445
0.0923121
0.0909952
0.0892593
0.0870776
0.0844314
0.0813114
0.0777183
0.0736631
0.0691663
0.0642583
0.0589769
0.0533683
0.0474812
0.0413722
0.0350921
0.0287038
0.0222483
0.0157989
0.0931891
0.0933863
0.0937562
0.0942566
0.0948365
0.0954443
0.0960283
0.0965353
0.0969109
0.0971002
0.0970492
0.0967047
0.0960167
0.0949387
0.0934301
0.0914568
0.0889932
0.086023
0.0825405
0.0785508
0.0740701
0.0691254
0.063753
0.0579986
0.0519133
0.0455554
0.0389827
0.0322596
0.0254415
0.0186011
0.0948214
0.095054
0.095493
0.0960931
0.0968006
0.097562
0.0983239
0.0990309
0.0996265
0.100053
0.100252
0.100166
0.0997414
0.0989242
0.0976675
0.0959298
0.093678
0.090888
0.0875468
0.0836525
0.0792157
0.0742585
0.0688152
0.0629293
0.0566543
0.0500489
0.0431782
0.0361076
0.028909
0.0216532
0.0963942
0.0966622
0.0971704
0.0978706
0.0987066
0.0996235
0.100566
0.101478
0.1023
0.102972
0.103433
0.103621
0.103477
0.102942
0.101962
0.100488
0.0984783
0.0959008
0.0927342
0.088968
0.0846065
0.0796652
0.074175
0.068176
0.0617231
0.0548743
0.0477027
0.040273
0.0326763
0.0249798
0.0979068
0.09821
0.0987872
0.0995875
0.100552
0.101626
0.102752
0.103872
0.104926
0.105851
0.106584
0.10706
0.107214
0.106982
0.106303
0.105121
0.103385
0.101054
0.0980977
0.0944959
0.0902448
0.0853519
0.0798433
0.0737538
0.0671391
0.0600546
0.0525819
0.0447831
0.0367715
0.0286083
0.0993586
0.0996967
0.100343
0.101243
0.102336
0.103567
0.104877
0.106208
0.107498
0.108684
0.109699
0.110475
0.110943
0.111034
0.110681
0.109818
0.108388
0.106339
0.103631
0.100233
0.096131
0.0913233
0.0858298
0.0796776
0.0729219
0.0656137
0.0578429
0.0496675
0.0412255
0.0325692
0.100749
0.101122
0.101836
0.102835
0.104056
0.105443
0.106939
0.108482
0.110012
0.111463
0.112768
0.113856
0.114653
0.115086
0.115082
0.114567
0.113476
0.111746
0.109326
0.106173
0.102264
0.0975829
0.092143
0.0859613
0.079091
0.071576
0.0635148
0.054958
0.0460718
0.0368965
0.102079
0.102486
0.103267
0.104363
0.105712
0.107254
0.108934
0.110691
0.112463
0.114184
0.115785
0.117194
0.118334
0.119127
0.119495
0.119356
0.118636
0.117262
0.115172
0.112309
0.108639
0.104132
0.0987898
0.0926178
0.0856656
0.0779666
0.0696276
0.0606885
0.0513471
0.0416272
0.103349
0.103788
0.104635
0.105827
0.107301
0.108998
0.110861
0.112831
0.114846
0.11684
0.118743
0.120481
0.121976
0.123145
0.123906
0.124169
0.123853
0.122873
0.121156
0.118631
0.11525
0.110968
0.105775
0.0996587
0.0926644
0.0848109
0.076213
0.0668953
0.0570912
0.0468026
0.104557
0.105029
0.105941
0.107227
0.108824
0.110673
0.112718
0.1149
0.117158
0.119426
0.121634
0.123708
0.125568
0.127129
0.128302
0.128993
0.129112
0.128564
0.127264
0.125127
0.122089
0.118088
0.1131
0.107093
0.100105
0.0921339
0.0833034
0.0736167
0.0633471
0.0524674
0.105707
0.10621
0.107184
0.108562
0.11028
0.112278
0.114502
0.116894
0.119394
0.121936
0.124453
0.126868
0.129101
0.131065
0.132668
0.133811
0.134396
0.134317
0.133479
0.13178
0.129144
0.125485
0.120765
0.114929
0.108002
0.0999602
0.0909318
0.0808923
0.07016
0.05867
0.106797
0.10733
0.108366
0.109834
0.111668
0.113813
0.116213
0.118812
0.121551
0.124367
0.127192
0.129951
0.132565
0.134943
0.136992
0.138608
0.139687
0.140114
0.139782
0.138574
0.136399
0.133148
0.128766
0.123168
0.116371
0.108313
0.0991317
0.0887619
0.077575
0.0654581
0.10783
0.108392
0.109487
0.111042
0.11299
0.115277
0.117849
0.120651
0.123627
0.126714
0.129847
0.132952
0.13595
0.138751
0.141259
0.143368
0.144967
0.145934
0.146151
0.145488
0.143835
0.141061
0.137093
0.131812
0.125221
0.117215
0.107938
0.0972693
0.08564
0.0728777
0.108805
0.109396
0.110549
0.112186
0.114245
0.116671
0.119411
0.122411
0.125619
0.128973
0.132411
0.135862
0.139247
0.142476
0.145455
0.148073
0.150217
0.151756
0.152565
0.152498
0.15143
0.149207
0.145735
0.140858
0.134562
0.12669
0.117391
0.106472
0.0944253
0.0809952
0.109725
0.110343
0.111551
0.113269
0.115435
0.117994
0.120896
0.124091
0.127525
0.131142
0.134882
0.138676
0.142448
0.14611
0.149567
0.152709
0.155418
0.15756
0.159001
0.159582
0.159164
0.157569
0.154681
0.150306
0.144408
0.136766
0.127539
0.116437
0.104036
0.0899339
0.110591
0.111235
0.112496
0.114291
0.11656
0.119248
0.122307
0.125689
0.129345
0.13322
0.137257
0.141391
0.145548
0.149644
0.153586
0.157262
0.160555
0.163327
0.165437
0.166715
0.16701
0.16612
0.163909
0.16014
0.154754
0.147452
0.138395
0.127162
0.114486
0.099751
0.111404
0.112072
0.113385
0.115253
0.11762
0.120432
0.123644
0.127207
0.131078
0.135204
0.139532
0.144
0.14854
0.153068
0.157495
0.161713
0.165603
0.169024
0.171832
0.173848
0.174906
0.174788
0.173332
0.170265
0.165493
0.158638
0.149833
0.138461
0.125438
0.109964
0.112165
0.112856
0.114216
0.116154
0.118614
0.121544
0.1249
0.128637
0.132713
0.137081
0.14169
0.146483
0.151395
0.156348
0.161255
0.16601
0.170498
0.174577
0.178098
0.180877
0.182737
0.183443
0.182807
0.180528
0.176466
0.170184
0.161752
0.150315
0.136744
0.119715
0.112878
0.113589
0.114994
0.116995
0.119541
0.12258
0.126069
0.129968
0.134236
0.138831
0.143706
0.148809
0.15408
0.159446
0.164826
0.170119
0.175213
0.179969
0.184241
0.187842
0.19059
0.192241
0.192591
0.191314
0.188244
0.182887
0.175306
0.164424
0.151161
0.131512
-0.0136482
-0.0139541
-0.01426
-0.0145658
-0.0148717
-0.0151778
-0.0154841
-0.0157904
-0.0160968
-0.0136436
-0.0139495
-0.0142554
-0.0145614
-0.0148675
-0.015174
-0.0154806
-0.0157875
-0.0160946
-0.0136397
-0.0139487
-0.0142571
-0.0145656
-0.0148743
-0.0151836
-0.0154932
-0.0158032
-0.0161134
-0.0136308
-0.0139445
-0.0142572
-0.0145697
-0.0148827
-0.0151964
-0.0155105
-0.015825
-0.0161399
-0.0136195
-0.01394
-0.0142588
-0.0145773
-0.0148964
-0.0152163
-0.0155367
-0.0158576
-0.016179
-0.013603
-0.0139322
-0.0142587
-0.0145847
-0.0149114
-0.0152391
-0.0155675
-0.0158964
-0.0162259
-0.013581
-0.0139208
-0.0142569
-0.0145919
-0.0149279
-0.0152651
-0.015603
-0.0159416
-0.0162807
-0.0135519
-0.0139041
-0.0142512
-0.0145969
-0.0149436
-0.0152918
-0.0156409
-0.0159906
-0.0163409
-0.0135143
-0.0138807
-0.0142406
-0.0145984
-0.0149575
-0.0153182
-0.0156799
-0.0160424
-0.0164055
-0.0134665
-0.013849
-0.0142231
-0.0145946
-0.0149675
-0.0153423
-0.0157183
-0.016095
-0.0164724
-0.0168506
-0.0134069
-0.0138073
-0.0141973
-0.014584
-0.0149722
-0.0153627
-0.0157544
-0.0161469
-0.0165402
-0.0169343
-0.0133336
-0.0137536
-0.0141612
-0.0145646
-0.0149697
-0.0153774
-0.0157864
-0.0161963
-0.016607
-0.0170186
-0.0132444
-0.013686
-0.0141129
-0.0145345
-0.0149581
-0.0153845
-0.0158125
-0.0162414
-0.0166711
-0.0171018
-0.0131373
-0.0136023
-0.0140503
-0.0144918
-0.0149355
-0.0153823
-0.0158308
-0.0162803
-0.0167307
-0.0171821
-0.0130099
-0.0135004
-0.0139712
-0.0144343
-0.0148997
-0.0153686
-0.0158394
-0.0163112
-0.0167838
-0.0172576
-0.0128599
-0.0133779
-0.0138735
-0.0143598
-0.0148486
-0.0153414
-0.0158362
-0.016332
-0.0168287
-0.0173266
-0.0126846
-0.0132323
-0.0137546
-0.0142661
-0.0147801
-0.0152984
-0.0158191
-0.0163407
-0.0168634
-0.0173871
-0.0124814
-0.0130611
-0.0136122
-0.0141507
-0.0146917
-0.0152376
-0.015786
-0.0163354
-0.0168858
-0.0174374
-0.0122474
-0.0128613
-0.0134436
-0.0140111
-0.0145812
-0.0151566
-0.0157347
-0.0163138
-0.016894
-0.0174753
-0.0119797
-0.0126304
-0.0132462
-0.0138448
-0.0144459
-0.015053
-0.0156629
-0.0162739
-0.0168858
-0.017499
-0.011675
-0.0123651
-0.013017
-0.013649
-0.0142834
-0.0149243
-0.0155683
-0.0162134
-0.0168593
-0.0175066
-0.0113301
-0.0120624
-0.0127531
-0.0134209
-0.0140909
-0.014768
-0.0154485
-0.01613
-0.0168123
-0.0174959
-0.0109415
-0.0117189
-0.0124514
-0.0131577
-0.0138657
-0.0145815
-0.015301
-0.0160214
-0.0167425
-0.0174649
-0.0105055
-0.0113312
-0.0121087
-0.0128562
-0.013605
-0.0143621
-0.0151232
-0.0158852
-0.0166478
-0.0174116
-0.0100183
-0.0108957
-0.0117216
-0.0125133
-0.0133056
-0.0141069
-0.0149126
-0.015719
-0.0165259
-0.0173339
-0.00947568
-0.0104085
-0.0112866
-0.0121257
-0.0129645
-0.0138131
-0.0146664
-0.0155204
-0.0163746
-0.0172298
-0.00887342
-0.00986552
-0.0107999
-0.0116899
-0.0125786
-0.0134777
-0.014382
-0.0152867
-0.0161914
-0.017097
-0.00820689
-0.00926252
-0.0102576
-0.0112023
-0.0121443
-0.0130975
-0.0140563
-0.0150153
-0.0159741
-0.0169335
-0.00747117
-0.0085949
-0.00965544
-0.0106589
-0.0116581
-0.0126693
-0.0136864
-0.0147036
-0.0157202
-0.0167371
-0.00666101
-0.0078578
-0.00898913
-0.0100559
-0.0111163
-0.0121896
-0.0132693
-0.0143487
-0.0154271
-0.0165055
-0.00577075
-0.007046
-0.0082539
-0.00938883
-0.0105149
-0.0116548
-0.0128016
-0.0139478
-0.0150923
-0.0162365
-0.0047943
-0.00615386
-0.00744468
-0.00865308
-0.00984972
-0.0110611
-0.0122799
-0.0134976
-0.0147131
-0.0159278
-0.00372501
-0.00517529
-0.006556
-0.0078437
-0.00911618
-0.0104043
-0.0117005
-0.0129952
-0.0142868
-0.0155769
-0.00255566
-0.00410364
-0.00558193
-0.00695533
-0.00830941
-0.00968011
-0.0110596
-0.0124369
-0.0138102
-0.0151815
-0.00127831
-0.00293164
-0.00451599
-0.00598212
-0.00742412
-0.00888375
-0.0103529
-0.0118192
-0.0132804
-0.0147387
0.000115779
-0.00165129
-0.00335108
-0.00491768
-0.00645452
-0.00801004
-0.00957587
-0.011138
-0.0126939
-0.0142458
0.00163628
-0.000253708
-0.00207935
-0.00375497
-0.00539425
-0.00705331
-0.00872357
-0.0103892
-0.012047
-0.0136998
0.00329393
0.00127094
-0.000692091
-0.0024862
-0.00423629
-0.0060073
-0.00779051
-0.00956795
-0.0113359
-0.0130973
0.00510075
0.00293365
0.000820395
-0.00110269
-0.00297282
-0.00486504
-0.00677058
-0.00866905
-0.010556
-0.0124349
0.00707017
0.00474676
0.00246899
0.000405307
-0.00159505
-0.00361874
-0.00565699
-0.00768666
-0.00970248
-0.0117084
0.00921726
0.00672415
0.00426593
0.00204872
-9.31433e-05
-0.00225962
-0.00444207
-0.00661418
-0.00876978
-0.0109133
-0.0130478
0.011559
0.00888146
0.006225
0.00383988
0.00154405
-0.00077775
-0.00311714
-0.00544418
-0.00775162
-0.0100445
-0.0123263
0.0141145
0.0112363
0.0083618
0.00579278
0.00332915
0.000838126
-0.00167233
-0.00416814
-0.00664081
-0.009096
-0.0115379
0.0169052
0.0138087
0.010694
0.00792325
0.00527653
0.00260085
-9.638e-05
-0.00277635
-0.00542911
-0.00806111
-0.0106771
0.0199555
0.0166212
0.0132416
0.0102493
0.00740251
0.00452507
0.00162362
-0.00125761
-0.00410699
-0.00693186
-0.0097377
0.0232924
0.0196991
0.0160272
0.0127914
0.00972576
0.00662757
0.00350249
0.000400983
-0.00266342
-0.00569904
-0.00871217
0.0269465
0.0230712
0.0190765
0.0155728
0.0122675
0.00892753
0.00555726
0.00221432
-0.00108555
-0.00435184
-0.00759174
0.0309519
0.0267696
0.0224185
0.0186199
0.015052
0.0114469
0.00780749
0.00419961
0.000641512
-0.00287763
-0.00636601
0.0353467
0.0308303
0.0260856
0.0219626
0.0181068
0.0142107
0.0102757
0.00637677
0.00253515
-0.00126156
-0.00502265
0.0401726
0.0352933
0.0301144
0.0256346
0.0214632
0.0172477
0.0129876
0.00876877
0.00461556
0.000513803
-0.00354701
0.0454762
0.0402031
0.0345457
0.0296737
0.0251564
0.0205901
0.0159726
0.011402
0.00690617
0.00246884
-0.00192178
0.0513083
0.0456087
0.0394252
0.0341228
0.0292264
0.0242748
0.0192643
0.0143069
0.00943412
0.0046274
-0.000126521
0.0577219
0.0515631
0.0448032
0.03903
0.0337187
0.0283438
0.0229009
0.0175182
0.0122309
0.00701739
0.00186294
0.0647667
0.0581159
0.0507304
0.0444473
0.0386838
0.0328438
0.0269256
0.021076
0.0153332
0.00967148
0.00407511
0.0724909
0.0653077
0.0572517
0.0504259
0.044173
0.0378231
0.0313848
0.0250252
0.0187832
0.0126279
0.00654387
0.0809685
0.0731928
0.0644241
0.0570244
0.0502378
0.0433275
0.0363235
0.0294118
0.0226253
0.0159282
0.00930714
0.0902873
0.0818798
0.0723739
0.0643573
0.0569642
0.049422
0.0417997
0.0342902
0.0269098
0.0196179
0.0124071
0.100259
0.0913515
0.0812238
0.0725898
0.0644927
0.0562212
0.0479151
0.0397487
0.0317094
0.0237589
0.0158988
0.109968
0.100893
0.090686
0.0816619
0.07284
0.0638035
0.0547849
0.0459002
0.0371188
0.0284261
0.0198364
0.118262
0.109299
0.100007
0.0909632
0.0816071
0.072036
0.0624659
0.0529322
0.0434311
0.0339881
0.0246303
)
;

boundaryField
{
    inlet
    {
        type            zeroGradient;
    }
    outlet
    {
        type            fixedValue;
        value           nonuniform 0();
    }
    cylinder
    {
        type            zeroGradient;
    }
    top
    {
        type            symmetryPlane;
    }
    bottom
    {
        type            symmetryPlane;
    }
    defaultFaces
    {
        type            empty;
    }
    procBoundary0to1
    {
        type            processor;
        value           nonuniform List<scalar> 
261
(
0.0265649
0.0265649
0.0294015
0.0294015
0.0326204
0.0326204
0.0364979
0.0364979
0.0403332
0.052904
0.052904
0.0574933
0.0574933
0.0621058
0.0763674
0.0763674
0.0818027
0.0969994
0.0969994
0.103278
0.103278
0.109485
0.126548
0.126548
0.133598
0.151611
0.151611
0.159518
0.178439
0.197243
0.197243
0.206995
0.226571
0.226571
0.237268
0.257497
0.277428
0.277428
0.290037
0.310368
0.330274
0.330274
0.344813
0.364785
0.384198
0.403013
0.403013
0.419769
0.438132
0.45576
0.472617
0.488669
0.488669
0.506437
0.521354
0.53534
0.548366
0.560404
0.57143
0.581419
0.590352
0.59821
0.59821
0.611839
0.617658
0.622327
0.625838
0.628183
0.629356
0.629356
0.628183
0.625838
0.622327
0.617657
0.611839
0.598209
0.598209
0.590352
0.581419
0.571429
0.560404
0.548366
0.53534
0.521353
0.506436
0.488668
0.488668
0.472616
0.455759
0.438131
0.419768
0.403012
0.403012
0.384197
0.364784
0.349716
0.349716
0.330273
0.310367
0.290036
0.277427
0.277427
0.257496
0.237267
0.22657
0.22657
0.206994
0.197242
0.197242
0.178438
0.169565
0.169565
0.15161
0.133598
0.126547
0.126547
0.119409
0.119409
0.103277
0.0969986
0.0969986
0.0818018
0.0763666
0.0763666
0.062105
0.0574926
0.0574926
0.0529033
0.0529033
0.0483448
0.0483448
0.0364972
0.0326197
0.0326197
0.0294008
0.0294008
0.0265643
0.0265643
0.0153732
0.0113604
0.00814115
0.00528916
0.00277067
0.000536225
-0.00145285
-0.00323062
-0.00482655
-0.006265
-0.00756638
-0.00874772
-0.00982325
-0.0108048
-0.0117024
-0.012524
-0.0132765
-0.0139657
-0.0145964
-0.0151725
-0.0156975
-0.0161744
-0.0166058
-0.016994
-0.0173411
-0.0176491
-0.0179197
-0.0181547
-0.0183559
-0.0185248
-0.018663
-0.0187723
-0.0188543
-0.0180026
-0.0180026
-0.0180851
-0.0181421
-0.0181756
-0.0181875
-0.0181796
-0.018154
-0.0181124
-0.0180568
-0.017989
-0.0179109
-0.0178244
-0.0177313
-0.0176333
-0.0175323
-0.01743
-0.0173281
-0.0172284
-0.0171327
-0.0170423
-0.0169594
-0.016885
-0.0168218
-0.0167695
-0.0167333
-0.0167081
-0.0167085
-0.0164032
-0.0164018
-0.0164238
-0.0164551
-0.0165007
-0.0165557
-0.0166203
-0.0166919
-0.0167693
-0.0167693
-0.0172295
-0.0173292
-0.0174311
-0.0175334
-0.0176344
-0.0177324
-0.0178256
-0.0179121
-0.0179902
-0.018058
-0.0181136
-0.0181552
-0.0181809
-0.0181887
-0.0181768
-0.0181433
-0.0180863
-0.0180038
-0.017894
-0.0177549
-0.0175846
-0.0173811
-0.0171425
-0.0168667
-0.0165517
-0.0161953
-0.0157952
-0.0153491
-0.0148543
-0.014308
-0.013707
-0.013707
-0.0151735
-0.0145974
-0.0139667
-0.0132775
-0.0125249
-0.0117033
-0.0108057
-0.0098241
-0.00874854
-0.00756718
-0.00626577
-0.0048273
-0.00323134
-0.00145356
0.000535535
0.00276999
0.0052885
0.00814049
0.0113597
0.0153725
)
;
    }
}


// ************************************************************************* //
