/*--------------------------------*- C++ -*----------------------------------*\
  =========                 |
  \\      /  F ield         | OpenFOAM: The Open Source CFD Toolbox
   \\    /   O peration     | Website:  https://openfoam.org
    \\  /    A nd           | Version:  7
     \\/     M anipulation  |
\*---------------------------------------------------------------------------*/
FoamFile
{
    version     2.0;
    format      ascii;
    class       volScalarField;
    location    "55";
    object      p;
}
// * * * * * * * * * * * * * * * * * * * * * * * * * * * * * * * * * * * * * //

dimensions      [0 2 -2 0 0 0 0];

internalField   nonuniform List<scalar> 
8500
(
-0.293949
-0.296568
-0.29536
-0.299338
-0.297959
-0.29639
-0.302266
-0.300701
-0.298978
-0.305357
-0.303594
-0.301708
-0.299447
-0.308617
-0.306641
-0.304584
-0.302148
-0.299427
-0.312053
-0.309848
-0.307612
-0.304994
-0.302094
-0.299025
-0.315667
-0.31322
-0.310796
-0.307991
-0.304905
-0.301659
-0.298325
-0.319464
-0.31676
-0.314141
-0.311143
-0.307867
-0.30444
-0.300929
-0.297384
-0.323446
-0.320472
-0.317651
-0.314453
-0.310984
-0.30737
-0.303679
-0.299949
-0.296192
-0.327616
-0.324357
-0.321326
-0.317925
-0.314258
-0.310455
-0.306575
-0.302652
-0.298684
-0.294636
-0.331973
-0.328416
-0.325171
-0.321561
-0.317693
-0.313694
-0.30962
-0.305491
-0.301295
-0.296983
-0.292481
-0.336517
-0.332651
-0.329184
-0.325363
-0.321288
-0.31709
-0.312812
-0.308464
-0.304019
-0.299415
-0.29457
-0.289394
-0.283812
-0.341246
-0.337058
-0.333366
-0.32933
-0.325046
-0.320642
-0.316149
-0.311564
-0.306846
-0.30192
-0.296694
-0.291081
-0.285014
-0.278465
-0.346156
-0.341636
-0.337715
-0.333461
-0.328964
-0.324346
-0.319626
-0.314786
-0.309767
-0.304484
-0.298839
-0.292748
-0.28616
-0.279068
-0.271514
-0.351242
-0.346381
-0.342228
-0.337753
-0.333038
-0.328199
-0.323238
-0.318119
-0.312769
-0.30709
-0.300985
-0.294377
-0.287234
-0.279575
-0.271466
-0.263016
-0.254332
-0.356496
-0.351287
-0.346899
-0.342202
-0.337265
-0.332194
-0.326975
-0.321551
-0.315835
-0.309721
-0.303112
-0.295949
-0.28822
-0.279971
-0.271299
-0.26233
-0.25319
-0.244055
-0.36191
-0.356346
-0.351722
-0.3468
-0.341636
-0.336323
-0.330824
-0.325066
-0.318947
-0.312355
-0.305201
-0.297443
-0.289099
-0.280244
-0.271001
-0.261516
-0.251928
-0.242407
-0.232896
-0.224096
-0.367472
-0.361548
-0.356689
-0.351541
-0.346142
-0.340573
-0.334772
-0.328648
-0.322085
-0.31497
-0.307229
-0.298841
-0.289856
-0.280381
-0.270564
-0.260568
-0.250539
-0.240642
-0.230836
-0.221753
-0.373169
-0.366882
-0.361788
-0.356412
-0.350772
-0.34493
-0.338802
-0.332275
-0.325225
-0.317543
-0.309172
-0.300122
-0.290475
-0.28037
-0.269979
-0.259477
-0.249018
-0.238755
-0.228661
-0.219304
-0.378985
-0.372334
-0.367006
-0.361401
-0.355511
-0.349378
-0.342893
-0.335925
-0.328343
-0.320049
-0.311008
-0.301265
-0.290938
-0.280198
-0.269236
-0.258238
-0.247357
-0.236739
-0.226364
-0.216742
-0.384902
-0.377888
-0.372328
-0.366491
-0.360341
-0.353897
-0.347023
-0.339572
-0.331412
-0.32246
-0.312713
-0.302252
-0.291232
-0.279854
-0.268327
-0.256841
-0.245552
-0.234589
-0.22394
-0.214058
-0.390899
-0.383526
-0.377736
-0.371665
-0.365243
-0.358463
-0.351165
-0.343188
-0.334403
-0.324751
-0.314263
-0.303062
-0.291341
-0.279327
-0.267242
-0.255281
-0.243594
-0.232296
-0.221383
-0.211248
-0.396954
-0.389225
-0.38321
-0.376901
-0.370193
-0.363053
-0.355292
-0.346743
-0.337287
-0.326894
-0.315634
-0.303677
-0.29125
-0.278604
-0.265973
-0.25355
-0.241477
-0.229856
-0.218685
-0.208305
-0.403041
-0.394963
-0.388726
-0.382176
-0.375167
-0.367636
-0.359374
-0.350206
-0.340034
-0.32886
-0.316805
-0.304078
-0.290945
-0.277676
-0.264511
-0.251639
-0.239193
-0.227261
-0.215842
-0.205223
-0.409131
-0.400714
-0.394259
-0.387463
-0.380134
-0.372182
-0.363376
-0.353544
-0.342611
-0.330624
-0.31775
-0.304248
-0.290413
-0.276531
-0.262847
-0.249541
-0.236736
-0.224503
-0.212846
-0.201995
-0.415195
-0.40645
-0.39978
-0.392732
-0.385065
-0.376659
-0.367266
-0.356723
-0.344988
-0.332157
-0.31845
-0.304169
-0.289639
-0.27516
-0.260971
-0.247247
-0.234098
-0.221577
-0.209691
-0.198617
-0.421199
-0.412138
-0.40526
-0.397952
-0.389925
-0.381029
-0.371005
-0.359707
-0.347133
-0.333433
-0.318882
-0.303825
-0.288612
-0.27355
-0.258876
-0.24475
-0.23127
-0.218475
-0.206371
-0.195081
-0.427109
-0.417747
-0.410664
-0.403088
-0.394677
-0.385256
-0.374558
-0.362461
-0.349014
-0.334425
-0.319026
-0.3032
-0.287319
-0.271692
-0.256551
-0.242041
-0.228247
-0.21519
-0.202878
-0.191382
-0.432887
-0.42324
-0.415957
-0.408104
-0.399285
-0.389299
-0.377884
-0.36495
-0.350601
-0.335109
-0.318861
-0.302278
-0.285746
-0.269577
-0.253988
-0.239113
-0.225019
-0.211715
-0.199208
-0.187516
-0.438493
-0.428581
-0.421102
-0.41296
-0.403706
-0.39312
-0.380946
-0.367138
-0.351863
-0.335461
-0.31837
-0.301044
-0.283883
-0.267192
-0.251177
-0.235956
-0.221579
-0.208043
-0.195353
-0.183475
-0.443887
-0.43373
-0.426058
-0.417616
-0.407901
-0.396675
-0.383704
-0.368991
-0.352772
-0.335456
-0.317533
-0.299485
-0.281717
-0.264529
-0.248111
-0.232563
-0.217921
-0.204168
-0.191308
-0.179256
-0.449027
-0.438645
-0.430784
-0.42203
-0.411825
-0.399924
-0.386118
-0.370473
-0.353299
-0.335073
-0.316333
-0.297586
-0.279238
-0.261578
-0.24478
-0.228925
-0.214036
-0.200083
-0.187066
-0.174854
-0.453869
-0.443285
-0.435238
-0.426157
-0.415435
-0.402823
-0.388151
-0.371553
-0.353418
-0.334291
-0.314755
-0.295334
-0.276435
-0.25833
-0.241175
-0.225036
-0.209917
-0.195781
-0.182623
-0.170262
-0.458368
-0.447606
-0.439376
-0.429954
-0.418687
-0.405332
-0.389765
-0.372198
-0.353102
-0.33309
-0.312783
-0.292718
-0.273296
-0.254774
-0.237288
-0.220887
-0.205559
-0.191257
-0.177972
-0.165478
-0.462479
-0.451563
-0.443152
-0.433375
-0.421535
-0.407407
-0.390922
-0.372377
-0.352328
-0.33145
-0.310401
-0.289725
-0.269813
-0.250903
-0.233112
-0.216471
-0.200954
-0.186505
-0.17311
-0.160497
-0.466156
-0.455111
-0.446521
-0.436374
-0.423937
-0.409008
-0.391588
-0.372063
-0.351073
-0.329356
-0.307597
-0.286344
-0.265975
-0.246708
-0.228639
-0.211781
-0.196096
-0.181521
-0.16803
-0.155315
-0.469354
-0.458206
-0.449438
-0.438907
-0.425849
-0.410097
-0.391729
-0.371227
-0.349317
-0.32679
-0.304358
-0.282566
-0.261774
-0.242181
-0.223861
-0.206812
-0.19098
-0.176297
-0.16273
-0.149929
-0.472027
-0.460802
-0.451858
-0.440928
-0.427228
-0.410635
-0.391314
-0.369845
-0.347039
-0.323739
-0.300672
-0.278379
-0.257201
-0.237314
-0.218772
-0.201556
-0.185601
-0.170832
-0.157206
-0.144336
-0.47413
-0.462855
-0.453736
-0.442394
-0.428033
-0.410586
-0.390312
-0.367893
-0.344223
-0.320188
-0.296529
-0.273776
-0.252249
-0.232101
-0.213366
-0.196009
-0.179954
-0.16512
-0.151453
-0.138533
-0.47562
-0.464321
-0.455028
-0.443262
-0.428226
-0.409916
-0.388696
-0.365351
-0.340852
-0.316125
-0.291919
-0.268749
-0.246911
-0.226535
-0.207637
-0.190166
-0.174034
-0.159158
-0.145469
-0.132519
-0.476454
-0.465158
-0.455691
-0.443492
-0.427769
-0.408594
-0.386441
-0.3622
-0.336913
-0.311541
-0.286834
-0.263289
-0.24118
-0.220612
-0.20158
-0.184022
-0.167839
-0.152943
-0.139253
-0.12629
-0.476592
-0.465324
-0.455686
-0.443044
-0.426627
-0.406591
-0.383524
-0.358421
-0.332392
-0.306425
-0.281266
-0.257393
-0.235052
-0.214325
-0.195192
-0.177575
-0.161364
-0.146472
-0.132801
-0.119847
-0.475994
-0.464781
-0.454973
-0.441882
-0.424768
-0.40388
-0.379926
-0.354002
-0.32728
-0.30077
-0.27521
-0.251053
-0.228521
-0.207672
-0.188469
-0.170821
-0.154609
-0.139744
-0.126112
-0.113187
-0.474625
-0.463491
-0.453516
-0.439973
-0.422162
-0.400438
-0.375628
-0.348929
-0.321568
-0.29457
-0.268659
-0.244266
-0.221583
-0.200649
-0.181408
-0.163757
-0.147571
-0.132758
-0.119189
-0.106316
-0.472449
-0.461419
-0.45128
-0.437283
-0.418783
-0.396244
-0.370617
-0.343192
-0.315248
-0.287819
-0.261611
-0.237028
-0.214238
-0.193254
-0.174007
-0.156383
-0.140248
-0.125513
-0.112034
-0.0992368
-0.469435
-0.458535
-0.448235
-0.433786
-0.414608
-0.39128
-0.364878
-0.336784
-0.308316
-0.280514
-0.254063
-0.229339
-0.206481
-0.185486
-0.166266
-0.148698
-0.132641
-0.118007
-0.104642
-0.0919348
-0.465555
-0.454807
-0.444352
-0.429456
-0.409615
-0.385532
-0.358404
-0.329698
-0.300769
-0.272653
-0.246014
-0.221196
-0.198314
-0.177343
-0.158184
-0.140702
-0.124749
-0.110242
-0.0969959
-0.0843474
-0.460784
-0.450211
-0.439606
-0.424272
-0.403789
-0.378988
-0.351187
-0.321931
-0.292605
-0.264236
-0.237463
-0.2126
-0.189737
-0.168828
-0.149762
-0.132396
-0.116576
-0.10222
-0.0890918
-0.0764365
-0.455098
-0.444723
-0.433976
-0.418215
-0.397116
-0.371639
-0.343223
-0.313482
-0.283824
-0.255264
-0.228412
-0.203553
-0.180751
-0.159942
-0.141003
-0.123783
-0.108124
-0.0939444
-0.0809723
-0.0685311
-0.448481
-0.438325
-0.427444
-0.41127
-0.389586
-0.363481
-0.33451
-0.304351
-0.274429
-0.24574
-0.218865
-0.194057
-0.171358
-0.150687
-0.13191
-0.114866
-0.0993949
-0.0854191
-0.0726224
-0.0604235
-0.440917
-0.431
-0.419995
-0.403427
-0.381192
-0.354512
-0.32505
-0.294543
-0.264423
-0.235667
-0.208824
-0.184117
-0.161563
-0.141068
-0.122485
-0.105649
-0.0903958
-0.0766455
-0.0640553
-0.0520958
-0.432394
-0.422736
-0.411618
-0.394679
-0.371932
-0.344731
-0.314845
-0.284061
-0.253813
-0.225052
-0.198296
-0.173737
-0.151371
-0.131088
-0.112734
-0.0961355
-0.0811285
-0.0676303
-0.0552709
-0.0435571
-0.422905
-0.413526
-0.402308
-0.38502
-0.361804
-0.334143
-0.303904
-0.272914
-0.242605
-0.213902
-0.187286
-0.162924
-0.140788
-0.120755
-0.102662
-0.086332
-0.0715982
-0.0583784
-0.0462717
-0.0348177
-0.412446
-0.403363
-0.39206
-0.374452
-0.350814
-0.322754
-0.292233
-0.26111
-0.23081
-0.202225
-0.175804
-0.151685
-0.129821
-0.110075
-0.0922765
-0.0762445
-0.0618111
-0.0488951
-0.037062
-0.0258859
-0.401017
-0.392248
-0.380876
-0.362979
-0.338967
-0.310575
-0.279843
-0.248662
-0.218437
-0.190032
-0.163859
-0.14003
-0.118477
-0.0990547
-0.0815845
-0.0658801
-0.0517743
-0.0391867
-0.0276479
-0.0167694
-0.388621
-0.380184
-0.368759
-0.350606
-0.326274
-0.297616
-0.266749
-0.235581
-0.2055
-0.177334
-0.151462
-0.127968
-0.106768
-0.0877047
-0.0705945
-0.055247
-0.0414955
-0.0292604
-0.0180363
-0.00747559
-0.375267
-0.367177
-0.355718
-0.337346
-0.312748
-0.283894
-0.252965
-0.221883
-0.192012
-0.164144
-0.138624
-0.11551
-0.0947031
-0.0760344
-0.0593161
-0.0443542
-0.0309832
-0.0191241
-0.00823494
0.00198777
-0.360966
-0.353237
-0.341765
-0.323211
-0.298406
-0.269425
-0.23851
-0.207586
-0.17799
-0.150478
-0.12536
-0.10267
-0.0822941
-0.064055
-0.0477597
-0.0332117
-0.0202468
-0.00878667
0.00174766
0.0116124
-0.345731
-0.338379
-0.326914
-0.308219
-0.283266
-0.254229
-0.223402
-0.192708
-0.163451
-0.13635
-0.111683
-0.0894606
-0.0695538
-0.0517782
-0.0359366
-0.02183
-0.00929656
0.00174222
0.0119022
0.0213894
-0.329582
-0.32262
-0.311185
-0.292391
-0.26735
-0.238329
-0.207664
-0.177268
-0.148413
-0.121779
-0.0976102
-0.0758965
-0.056496
-0.0392171
-0.0238591
-0.010221
0.00185655
0.0124522
0.0222188
0.0313092
-0.31254
-0.305981
-0.294599
-0.27575
-0.250683
-0.221751
-0.191317
-0.161289
-0.132898
-0.106782
-0.0831579
-0.0619935
-0.0431353
-0.0263854
-0.0115402
0.00160316
0.0132007
0.023332
0.0326865
0.0413611
-0.29463
-0.288486
-0.277182
-0.258323
-0.233293
-0.204522
-0.174385
-0.144794
-0.116925
-0.0913794
-0.0683445
-0.0477686
-0.0294873
-0.0132978
0.00100638
0.0136292
0.0247232
0.0343697
0.0432937
0.0515336
-0.275881
-0.270163
-0.258961
-0.240139
-0.215209
-0.18666
-0.156906
-0.12781
-0.100518
-0.0755924
-0.0531892
-0.0332392
-0.0155686
3.02361e-05
0.013766
0.0258432
0.0364108
0.0455527
0.0540279
0.0618137
-0.256323
-0.251042
-0.239968
-0.221231
-0.196459
-0.168205
-0.138898
-0.110361
-0.0837024
-0.0594428
-0.0377121
-0.0184243
-0.00139643
0.0135827
0.0267235
0.0382309
0.0482494
0.0568675
0.0648759
-0.235989
-0.231157
-0.220238
-0.201634
-0.177074
-0.149191
-0.120395
-0.0924764
-0.0665021
-0.0429538
-0.0219346
-0.00334313
0.0130112
0.0273427
0.0398632
0.0507771
0.0602246
0.0683003
-0.214916
-0.210545
-0.199806
-0.181372
-0.157101
-0.12965
-0.101426
-0.0741843
-0.0489439
-0.0261494
-0.00587874
0.0119838
0.0276354
0.0412929
0.0531689
0.0634665
0.0723214
-0.193142
-0.189244
-0.178714
-0.160489
-0.136572
-0.109615
-0.0820263
-0.055515
-0.0310553
-0.00905473
0.0104326
0.0275355
0.042457
0.0554155
0.0666241
0.0762837
-0.170705
-0.167295
-0.156986
-0.139042
-0.115526
-0.0891257
-0.062229
-0.0364996
-0.0128647
0.00830413
0.0269755
0.0432901
0.0574558
0.0696922
0.0802121
0.0892129
-0.147641
-0.144751
-0.134683
-0.117061
-0.0940024
-0.0682185
-0.0420693
-0.0171703
0.00559849
0.0259004
0.0437254
0.0592252
0.0726113
0.0841042
0.0939161
-0.123996
-0.121662
-0.111852
-0.0945892
-0.0720447
-0.0469333
-0.0215836
0.0024397
0.024304
0.0437065
0.0606572
0.0753175
0.0879023
0.0986326
-0.0998689
-0.0980353
-0.0885338
-0.0716737
-0.0496955
-0.0253103
-0.000809007
0.0222966
0.043221
0.061694
0.0777447
0.0915433
0.103307
0.113258
-0.0752898
-0.0739295
-0.0647765
-0.0483609
-0.0269992
-0.0033906
0.0202167
0.0423657
0.0623176
0.0798339
0.0949614
0.107878
0.118804
-0.0502851
-0.0494134
-0.0406298
-0.0246988
-0.00400109
0.0187837
0.0414548
0.0626117
0.0815616
0.0980966
0.11228
0.124297
0.13437
-0.0249101
-0.0245393
-0.0161444
-0.000736161
0.0192527
0.0411697
0.0628662
0.0829987
0.10092
0.116452
0.129673
0.140774
0.000780505
0.000643207
0.00862904
0.0234778
0.0427156
0.0637244
0.0844111
0.10349
0.12036
0.134869
0.147111
0.0267305
0.0260804
0.0336374
0.0478923
0.0663402
0.0864039
0.106049
0.124049
0.139847
0.153317
0.164567
0.0528839
0.0517179
0.0588273
0.0724565
0.0900787
0.109164
0.12774
0.144639
0.159347
0.171765
0.0791842
0.0775008
0.0841449
0.0971189
0.113883
0.131961
0.149443
0.165223
0.178827
0.19018
0.105575
0.103374
0.109536
0.121828
0.137705
0.154749
0.171117
0.185762
0.198251
0.208532
0.131999
0.129281
0.134946
0.146532
0.161497
0.177484
0.192722
0.20622
0.217585
0.158399
0.155165
0.160321
0.171179
0.185209
0.200123
0.214217
0.226559
0.236796
0.184719
0.180972
0.185606
0.195718
0.208795
0.22262
0.23556
0.246742
0.2109
0.206645
0.210747
0.220098
0.232207
0.244932
0.256713
0.266732
0.236887
0.232127
0.23569
0.244266
0.255396
0.267015
0.277634
0.262624
0.257365
0.260382
0.268174
0.278317
0.288826
0.298284
0.288055
0.282303
0.28477
0.291772
0.300924
0.310323
0.318625
0.313124
0.306888
0.308802
0.315009
0.32317
0.331463
0.337778
0.331066
0.332427
0.337839
0.345011
0.352207
0.361964
0.354784
0.355595
0.360214
0.366403
0.372512
0.38563
0.377993
0.378256
0.382087
0.387304
0.408724
0.400642
0.400362
0.403414
0.407672
0.431198
0.422681
0.421867
0.42415
0.427465
0.453002
0.444065
0.442725
0.444254
0.446645
0.474091
0.464747
0.462893
0.463683
0.494419
0.484682
0.482328
0.482399
0.513943
0.503829
0.500988
0.500362
0.532621
0.522146
0.518836
0.517537
0.550413
0.539595
0.535834
0.533888
0.567282
0.556137
0.551945
0.583192
0.571739
0.567138
0.598108
0.586367
0.581379
0.612
0.59999
0.594639
0.624838
0.61258
0.606892
0.636595
0.624109
0.61811
0.647246
0.634553
0.628272
0.656768
0.64389
0.637356
0.665141
0.652101
0.645343
0.672348
0.659168
0.678373
0.665076
0.683204
0.669813
0.686831
0.673369
0.689245
0.675736
0.690442
0.676909
0.690419
0.676886
0.689176
0.675667
0.686716
0.673253
0.683043
0.669652
0.678165
0.664868
0.672094
0.658914
0.66484
0.6518
0.645048
0.65642
0.643543
0.637015
0.646851
0.634158
0.627885
0.636153
0.623667
0.617677
0.624349
0.612091
0.606412
0.611463
0.599454
0.594113
0.597523
0.585783
0.580805
0.582557
0.571106
0.566516
0.566599
0.555455
0.551276
0.549681
0.538863
0.535116
0.533193
0.531839
0.521365
0.51807
0.516795
0.51311
0.502998
0.500173
0.499573
0.493536
0.483801
0.481463
0.481562
0.473157
0.463815
0.461979
0.462798
0.452017
0.443082
0.441761
0.44332
0.445748
0.43016
0.421646
0.420851
0.423167
0.42652
0.407635
0.399554
0.399295
0.40238
0.406679
0.384487
0.376853
0.377137
0.381003
0.386263
0.391345
0.360768
0.353591
0.354423
0.359079
0.365314
0.37147
0.336528
0.329818
0.331203
0.336653
0.343872
0.351117
0.31182
0.305586
0.307525
0.313772
0.321981
0.330327
0.286695
0.280947
0.283439
0.290482
0.299685
0.309138
0.317494
0.261209
0.255953
0.258996
0.266832
0.277028
0.287593
0.297107
0.235416
0.230659
0.234249
0.242871
0.254056
0.265733
0.27641
0.209373
0.20512
0.209251
0.218648
0.230815
0.243601
0.255442
0.265518
0.183134
0.179391
0.184054
0.194215
0.207351
0.22124
0.234242
0.245483
0.156757
0.153527
0.158712
0.169621
0.183713
0.198693
0.212851
0.225255
0.235549
0.130299
0.127584
0.133281
0.144919
0.159947
0.176004
0.191309
0.20487
0.216295
0.103817
0.101619
0.107813
0.120159
0.136102
0.153217
0.169656
0.184367
0.196917
0.207255
0.0773674
0.0756878
0.0823645
0.0953938
0.112227
0.130377
0.147933
0.163781
0.177448
0.188861
0.051008
0.0498459
0.0569889
0.070675
0.0883679
0.107529
0.12618
0.143151
0.157924
0.170403
0.0247953
0.0241492
0.0317406
0.046054
0.0645748
0.084717
0.10444
0.122514
0.138379
0.151913
0.163221
-0.00121438
-0.00134742
0.00667354
0.0215824
0.0408953
0.0619851
0.0827519
0.101907
0.118847
0.133422
0.145724
0.155952
-0.0269649
-0.0265896
-0.0181589
-0.00268899
0.0173771
0.0393775
0.0611569
0.081368
0.0993625
0.114962
0.128245
0.139404
-0.0523998
-0.0515236
-0.0427034
-0.0267093
-0.00593224
0.0169384
0.039695
0.0609331
0.0799585
0.0965631
0.110811
0.122887
0.133014
-0.0774648
-0.0760996
-0.0669094
-0.0504293
-0.0289862
-0.0052892
0.0184062
0.0406389
0.0606687
0.0782569
0.0934506
0.106429
0.117411
-0.102104
-0.100265
-0.0907261
-0.0738001
-0.0517385
-0.0272624
-0.0026705
0.0205215
0.0415262
0.0600733
0.0761924
0.0900541
0.101877
0.111882
-0.126291
-0.123952
-0.114103
-0.0967739
-0.0741438
-0.0489392
-0.0234963
0.000615988
0.0225631
0.042042
0.0590631
0.0737885
0.0864336
0.0972199
-0.149996
-0.147102
-0.136994
-0.119304
-0.0961578
-0.0702784
-0.0440333
-0.0190428
0.00381132
0.0241919
0.0420895
0.0576562
0.0711044
0.082655
0.0925208
-0.17312
-0.169705
-0.159356
-0.141344
-0.117737
-0.0912395
-0.0642443
-0.0384209
-0.0146983
0.00655155
0.0252975
0.0416811
0.0559106
0.0682065
0.0787819
0.0878346
-0.195617
-0.191713
-0.181143
-0.162849
-0.13884
-0.111783
-0.0840932
-0.0574852
-0.0329353
-0.0108515
0.00871253
0.0258864
0.0408735
0.0538932
0.0651588
0.0748719
0.083163
-0.217451
-0.213073
-0.202295
-0.183789
-0.159425
-0.131871
-0.103545
-0.0762036
-0.0508705
-0.0279904
-0.00764094
0.0102945
0.0260136
0.0397338
0.0516684
0.0620211
0.0709276
-0.238583
-0.233745
-0.222785
-0.20411
-0.179453
-0.151467
-0.122565
-0.0945447
-0.0684753
-0.0448391
-0.023739
-0.00507275
0.0113508
0.0257468
0.0383275
0.0492979
0.0587985
0.066924
-0.258975
-0.253688
-0.242573
-0.223763
-0.198895
-0.170535
-0.14112
-0.112478
-0.0857223
-0.0613725
-0.0395588
-0.0201942
-0.00309526
0.01195
0.0251526
0.0367179
0.0467909
0.0554601
0.0635198
-0.278591
-0.272866
-0.261624
-0.242728
-0.217701
-0.189044
-0.159178
-0.129976
-0.102585
-0.0775664
-0.055078
-0.0350495
-0.017306
-0.00163936
0.0121597
0.0242964
0.0349198
0.0441141
0.0526419
0.0604786
-0.297398
-0.291246
-0.279901
-0.260968
-0.23584
-0.20696
-0.176708
-0.147009
-0.119038
-0.0933977
-0.0702756
-0.0496191
-0.0312632
-0.0150043
-0.000635287
0.0120484
0.0231996
0.0328999
0.0418775
0.0501696
-0.315364
-0.308797
-0.297375
-0.278451
-0.253285
-0.224241
-0.193692
-0.163553
-0.135057
-0.108844
-0.0851311
-0.0638844
-0.0449497
-0.0281289
-0.0132172
-1.16338e-05
0.0116444
0.0218309
0.0312401
0.039968
-0.332461
-0.325491
-0.314016
-0.295147
-0.270006
-0.240871
-0.21009
-0.17958
-0.150619
-0.123885
-0.0996254
-0.0778275
-0.0583489
-0.0409974
-0.0255716
-0.0118698
0.000267625
0.0109196
0.020742
0.0298868
-0.348665
-0.341304
-0.329799
-0.311029
-0.285975
-0.256823
-0.225878
-0.195068
-0.165702
-0.1385
-0.11374
-0.0914317
-0.0714452
-0.0535954
-0.0376846
-0.0235129
-0.0109182
0.000178115
0.010395
0.0199378
-0.363952
-0.356216
-0.344703
-0.326074
-0.301168
-0.272071
-0.241035
-0.209994
-0.180287
-0.152672
-0.127459
-0.104681
-0.0842238
-0.065909
-0.0495431
-0.0349287
-0.0219013
-0.0103824
0.000209881
0.0101313
-0.378306
-0.370207
-0.358708
-0.340261
-0.315562
-0.286591
-0.25554
-0.224339
-0.194355
-0.166381
-0.140765
-0.117561
-0.0966711
-0.0779253
-0.0611349
-0.0461054
-0.0326706
-0.0207514
-0.00980334
0.000477038
-0.39171
-0.383264
-0.3718
-0.353573
-0.329139
-0.300363
-0.269373
-0.238083
-0.207887
-0.179614
-0.153644
-0.130058
-0.108774
-0.0896323
-0.0724487
-0.0570323
-0.0432158
-0.0309194
-0.0196354
-0.00901602
-0.404155
-0.395377
-0.383966
-0.365995
-0.341882
-0.313371
-0.282515
-0.25121
-0.220869
-0.192355
-0.166082
-0.14216
-0.120522
-0.101019
-0.083474
-0.0676995
-0.0535276
-0.0408775
-0.0292777
-0.0183396
-0.415631
-0.406539
-0.395198
-0.377517
-0.353777
-0.325599
-0.294951
-0.263705
-0.233285
-0.20459
-0.178068
-0.153854
-0.131902
-0.112075
-0.0942014
-0.078098
-0.0635973
-0.0506177
-0.0387225
-0.027486
-0.426136
-0.416747
-0.405491
-0.388131
-0.364815
-0.337035
-0.306669
-0.275553
-0.245124
-0.216309
-0.18959
-0.165132
-0.142907
-0.122792
-0.104622
-0.0882196
-0.0734173
-0.0601329
-0.0479629
-0.0364475
-0.435668
-0.426001
-0.414845
-0.397835
-0.374988
-0.347669
-0.317656
-0.286745
-0.256375
-0.227501
-0.200639
-0.175984
-0.153528
-0.133162
-0.114729
-0.0980571
-0.0829807
-0.0694169
-0.0569926
-0.0452164
-0.444233
-0.434305
-0.423263
-0.406627
-0.384293
-0.357494
-0.327904
-0.29727
-0.267027
-0.238157
-0.211207
-0.186402
-0.163757
-0.143177
-0.124515
-0.107604
-0.0922811
-0.0784645
-0.0658074
-0.0537837
-0.451837
-0.441669
-0.430752
-0.414511
-0.39273
-0.366507
-0.337408
-0.307121
-0.277075
-0.24827
-0.221287
-0.19638
-0.173589
-0.152832
-0.133975
-0.116856
-0.101313
-0.0872713
-0.0744048
-0.062137
-0.458492
-0.448104
-0.437322
-0.421495
-0.4003
-0.374707
-0.346163
-0.316293
-0.28651
-0.257833
-0.230873
-0.205913
-0.183018
-0.162123
-0.143103
-0.125807
-0.110076
-0.0958294
-0.0827864
-0.0702633
-0.464212
-0.453626
-0.442987
-0.427589
-0.407012
-0.382095
-0.354167
-0.324782
-0.295331
-0.266844
-0.239961
-0.214997
-0.19204
-0.171044
-0.151897
-0.134454
-0.118562
-0.104138
-0.0909427
-0.078174
-0.469016
-0.458254
-0.447766
-0.432808
-0.412875
-0.388677
-0.361424
-0.332588
-0.303534
-0.275299
-0.248549
-0.223629
-0.200653
-0.179595
-0.160353
-0.142794
-0.126768
-0.112194
-0.0988879
-0.0861534
-0.472925
-0.462011
-0.451679
-0.43717
-0.417902
-0.394462
-0.367936
-0.339712
-0.311119
-0.283197
-0.256635
-0.231808
-0.208856
-0.187771
-0.168469
-0.150824
-0.134693
-0.119992
-0.106567
-0.093787
-0.475967
-0.464922
-0.454752
-0.440696
-0.422109
-0.39946
-0.37371
-0.346158
-0.318088
-0.290538
-0.264219
-0.239533
-0.216647
-0.195574
-0.176244
-0.158543
-0.142335
-0.127529
-0.113988
-0.101121
-0.478167
-0.467018
-0.457013
-0.443413
-0.425518
-0.403687
-0.378756
-0.35193
-0.324443
-0.297325
-0.271303
-0.246805
-0.224027
-0.203003
-0.183679
-0.16595
-0.14969
-0.134807
-0.121173
-0.108231
-0.479559
-0.468329
-0.458492
-0.445347
-0.428151
-0.407159
-0.383086
-0.357036
-0.330189
-0.30356
-0.277887
-0.253626
-0.230998
-0.21006
-0.190773
-0.173047
-0.156762
-0.141826
-0.128128
-0.115134
-0.480176
-0.46889
-0.459224
-0.44653
-0.430035
-0.409898
-0.386715
-0.361488
-0.335334
-0.309248
-0.283977
-0.26
-0.237562
-0.216747
-0.19753
-0.179834
-0.16355
-0.148587
-0.134849
-0.121826
-0.480054
-0.46874
-0.459246
-0.446997
-0.431199
-0.411927
-0.389659
-0.365296
-0.339887
-0.314396
-0.289578
-0.265929
-0.243724
-0.223066
-0.203951
-0.186315
-0.170057
-0.15509
-0.141333
-0.128303
-0.479234
-0.467915
-0.458596
-0.446783
-0.431675
-0.413271
-0.39194
-0.368477
-0.343856
-0.319012
-0.294694
-0.27142
-0.249487
-0.229022
-0.21004
-0.192491
-0.176285
-0.161339
-0.147583
-0.134565
-0.477754
-0.466459
-0.457314
-0.445928
-0.431499
-0.413961
-0.39358
-0.371046
-0.347256
-0.323104
-0.299335
-0.276479
-0.254856
-0.234619
-0.215801
-0.198367
-0.182238
-0.167334
-0.1536
-0.140613
-0.475659
-0.464413
-0.455444
-0.444472
-0.430707
-0.414028
-0.394604
-0.373022
-0.350099
-0.326684
-0.303507
-0.281112
-0.259839
-0.239864
-0.221239
-0.203946
-0.187918
-0.173079
-0.159386
-0.14645
-0.472991
-0.461821
-0.45303
-0.442458
-0.429339
-0.413505
-0.395038
-0.374426
-0.352402
-0.329762
-0.307222
-0.285328
-0.264442
-0.244761
-0.22636
-0.209234
-0.193331
-0.178579
-0.164945
-0.152078
-0.469796
-0.458728
-0.450114
-0.43993
-0.427435
-0.412428
-0.394914
-0.375282
-0.354182
-0.332354
-0.310488
-0.289135
-0.268673
-0.249319
-0.231169
-0.214236
-0.19848
-0.183835
-0.17028
-0.157499
-0.466118
-0.455178
-0.446745
-0.436932
-0.425038
-0.410836
-0.394262
-0.375615
-0.355458
-0.334472
-0.313318
-0.292543
-0.272539
-0.253544
-0.235674
-0.218958
-0.20337
-0.188854
-0.175394
-0.162717
-0.462004
-0.451217
-0.442965
-0.43351
-0.422191
-0.408768
-0.393116
-0.375451
-0.356252
-0.336134
-0.315725
-0.295563
-0.27605
-0.257444
-0.23988
-0.223405
-0.208008
-0.19364
-0.180291
-0.167734
-0.457499
-0.44689
-0.438821
-0.429709
-0.418939
-0.406264
-0.391511
-0.37482
-0.356585
-0.337356
-0.317721
-0.298205
-0.279216
-0.261029
-0.243797
-0.227586
-0.2124
-0.198198
-0.184978
-0.172555
-0.452649
-0.442241
-0.434359
-0.425575
-0.415326
-0.403365
-0.389484
-0.373752
-0.356482
-0.338158
-0.319321
-0.30048
-0.282046
-0.264305
-0.247432
-0.231507
-0.216551
-0.202535
-0.189457
-0.177184
-0.447499
-0.437315
-0.429622
-0.421152
-0.411396
-0.400115
-0.387073
-0.372278
-0.355968
-0.338558
-0.320541
-0.302403
-0.284551
-0.267284
-0.250792
-0.235176
-0.220469
-0.206655
-0.193735
-0.181625
-0.442092
-0.432153
-0.424653
-0.416484
-0.407193
-0.396555
-0.384317
-0.370431
-0.355071
-0.338578
-0.321397
-0.303984
-0.286741
-0.269973
-0.253888
-0.2386
-0.224161
-0.210565
-0.197817
-0.185883
-0.436471
-0.426797
-0.419493
-0.411614
-0.40276
-0.392728
-0.381253
-0.368247
-0.353817
-0.33824
-0.321906
-0.305238
-0.288627
-0.272384
-0.256727
-0.241788
-0.227634
-0.214273
-0.20171
-0.189963
-0.430676
-0.421286
-0.414183
-0.406583
-0.39814
-0.388675
-0.377922
-0.365759
-0.352236
-0.337567
-0.322086
-0.30618
-0.290222
-0.274525
-0.259318
-0.244747
-0.230895
-0.217783
-0.205419
-0.193871
-0.424748
-0.415659
-0.40876
-0.401429
-0.393372
-0.384437
-0.374363
-0.363004
-0.350359
-0.336584
-0.321956
-0.306823
-0.291537
-0.276407
-0.26167
-0.247486
-0.233952
-0.221104
-0.20895
-0.197611
-0.418724
-0.40995
-0.403261
-0.39619
-0.388495
-0.380053
-0.370614
-0.360016
-0.348216
-0.335315
-0.321536
-0.307183
-0.292584
-0.27804
-0.263792
-0.250013
-0.236812
-0.224243
-0.212309
-0.201189
-0.412638
-0.404193
-0.397717
-0.3909
-0.383545
-0.375561
-0.366713
-0.356831
-0.345839
-0.333787
-0.320846
-0.307276
-0.293377
-0.279435
-0.265694
-0.252336
-0.239484
-0.227206
-0.215504
-0.204611
-0.406525
-0.398419
-0.392161
-0.385591
-0.378557
-0.370997
-0.362697
-0.353484
-0.343258
-0.332026
-0.319908
-0.307119
-0.293926
-0.280601
-0.267384
-0.254464
-0.241975
-0.23
-0.218541
-0.207883
-0.400414
-0.392656
-0.386621
-0.380293
-0.373562
-0.366394
-0.3586
-0.35001
-0.340507
-0.33006
-0.318744
-0.306729
-0.294247
-0.28155
-0.268871
-0.256404
-0.244291
-0.232633
-0.221426
-0.211011
-0.394333
-0.386932
-0.381123
-0.375032
-0.368588
-0.361784
-0.354455
-0.346442
-0.337615
-0.327915
-0.317376
-0.306123
-0.294353
-0.282291
-0.270164
-0.258165
-0.246442
-0.235111
-0.224165
-0.214001
-0.38831
-0.381269
-0.375689
-0.369833
-0.363662
-0.357195
-0.350294
-0.342811
-0.334614
-0.32562
-0.315827
-0.30532
-0.294257
-0.282837
-0.271272
-0.259753
-0.248433
-0.237442
-0.226766
-0.216858
-0.382366
-0.375688
-0.370341
-0.364717
-0.358807
-0.352653
-0.346144
-0.339147
-0.331533
-0.323202
-0.314122
-0.304339
-0.293974
-0.283198
-0.272204
-0.261177
-0.250272
-0.239631
-0.229233
-0.21959
-0.376522
-0.370209
-0.365096
-0.359702
-0.354043
-0.348181
-0.342031
-0.335479
-0.3284
-0.320687
-0.312283
-0.303198
-0.293519
-0.283385
-0.272968
-0.262444
-0.251965
-0.241685
-0.231575
-0.222203
-0.370798
-0.364848
-0.35997
-0.354804
-0.349387
-0.343798
-0.337978
-0.331832
-0.325244
-0.318103
-0.310334
-0.301919
-0.292908
-0.28341
-0.273573
-0.263561
-0.253519
-0.243612
-0.233796
-0.224704
-0.365207
-0.359618
-0.354977
-0.350036
-0.344854
-0.339523
-0.334006
-0.328229
-0.322088
-0.315474
-0.308299
-0.300519
-0.292156
-0.283285
-0.274029
-0.264535
-0.25494
-0.245416
-0.235902
-0.227099
-0.359765
-0.354532
-0.350126
-0.345411
-0.340456
-0.335368
-0.330131
-0.32469
-0.318957
-0.312825
-0.3062
-0.299021
-0.291279
-0.283021
-0.274343
-0.265373
-0.256235
-0.247104
-0.354483
-0.349599
-0.345428
-0.340935
-0.336203
-0.331347
-0.32637
-0.321235
-0.31587
-0.310177
-0.30406
-0.297443
-0.290295
-0.282633
-0.274527
-0.266083
-0.257408
-0.349369
-0.344827
-0.340889
-0.336617
-0.332102
-0.327468
-0.322732
-0.317877
-0.312846
-0.307552
-0.3019
-0.295806
-0.289219
-0.282133
-0.274588
-0.344431
-0.340222
-0.336514
-0.332459
-0.328158
-0.323737
-0.319228
-0.31463
-0.309902
-0.304968
-0.29974
-0.294128
-0.288069
-0.281534
-0.339675
-0.335789
-0.332306
-0.328467
-0.324375
-0.320159
-0.315865
-0.311504
-0.30705
-0.302442
-0.297597
-0.292429
-0.335104
-0.331529
-0.328267
-0.32464
-0.320753
-0.316738
-0.312647
-0.308506
-0.304301
-0.299987
-0.295489
-0.330721
-0.327445
-0.324399
-0.32098
-0.317294
-0.313473
-0.309577
-0.305641
-0.301665
-0.297616
-0.326526
-0.323536
-0.3207
-0.317484
-0.313996
-0.310364
-0.306655
-0.302912
-0.299147
-0.32252
-0.319802
-0.317168
-0.314151
-0.310856
-0.307409
-0.30388
-0.300321
-0.318701
-0.316241
-0.313802
-0.310978
-0.307872
-0.304605
-0.301252
-0.315066
-0.31285
-0.310598
-0.307962
-0.305039
-0.301949
-0.311612
-0.309625
-0.307552
-0.305097
-0.302354
-0.308335
-0.306561
-0.30466
-0.302378
-0.30523
-0.303655
-0.301916
-0.302291
-0.300901
-0.299512
-0.298293
-0.296887
-0.16086
-0.165429
-0.169828
-0.174061
-0.178132
-0.182045
-0.185805
-0.189415
-0.192879
-0.196202
-0.199388
-0.20244
-0.205363
-0.20816
-0.210833
-0.213386
-0.153803
-0.158314
-0.162672
-0.166879
-0.170939
-0.174856
-0.178632
-0.182272
-0.185779
-0.189156
-0.192407
-0.195535
-0.198544
-0.201437
-0.204217
-0.206887
-0.147065
-0.151503
-0.155804
-0.159971
-0.164006
-0.167912
-0.171692
-0.175349
-0.178887
-0.182308
-0.185617
-0.188815
-0.191907
-0.194896
-0.197784
-0.200576
-0.140634
-0.144998
-0.149238
-0.153359
-0.157361
-0.161248
-0.165023
-0.168687
-0.172244
-0.175696
-0.179048
-0.1823
-0.185457
-0.188522
-0.191497
-0.194387
-0.134509
-0.138794
-0.142968
-0.147034
-0.150995
-0.154853
-0.158609
-0.162267
-0.165828
-0.169296
-0.172672
-0.17596
-0.179162
-0.182281
-0.185319
-0.18828
-0.128676
-0.132876
-0.136978
-0.140983
-0.144894
-0.148712
-0.15244
-0.156079
-0.159632
-0.1631
-0.166487
-0.169794
-0.173024
-0.176179
-0.179262
-0.182275
-0.123116
-0.12723
-0.131255
-0.135193
-0.139047
-0.142819
-0.146509
-0.150119
-0.153653
-0.15711
-0.160495
-0.163807
-0.167051
-0.170227
-0.173339
-0.176388
-0.117817
-0.121841
-0.125785
-0.129653
-0.133445
-0.137163
-0.140808
-0.144382
-0.147886
-0.151323
-0.154694
-0.158001
-0.161246
-0.16443
-0.167556
-0.170626
-0.112764
-0.116696
-0.120558
-0.124351
-0.128076
-0.131735
-0.135329
-0.138859
-0.142327
-0.145734
-0.149082
-0.152373
-0.155607
-0.158788
-0.161916
-0.164993
-0.168021
-0.107946
-0.111785
-0.115562
-0.119277
-0.122932
-0.126527
-0.130064
-0.133544
-0.136968
-0.140338
-0.143655
-0.14692
-0.150135
-0.153301
-0.15642
-0.159493
-0.162522
-0.103351
-0.107096
-0.110786
-0.114421
-0.118002
-0.121529
-0.125005
-0.12843
-0.131805
-0.135131
-0.138409
-0.141641
-0.144828
-0.147971
-0.151071
-0.15413
-0.157149
-0.0989683
-0.10262
-0.106221
-0.109773
-0.113277
-0.116734
-0.120145
-0.12351
-0.12683
-0.130106
-0.13334
-0.136533
-0.139684
-0.142796
-0.145869
-0.148905
-0.151905
-0.0947886
-0.0983452
-0.101857
-0.105326
-0.108751
-0.112135
-0.115477
-0.118778
-0.122039
-0.125261
-0.128445
-0.131592
-0.134702
-0.137776
-0.140816
-0.143822
-0.146795
-0.0908025
-0.0942645
-0.0976869
-0.101071
-0.104416
-0.107724
-0.110994
-0.114229
-0.117427
-0.120591
-0.123721
-0.126816
-0.129879
-0.13291
-0.13591
-0.138879
-0.141819
-0.0870012
-0.0903689
-0.0937016
-0.0969996
-0.100264
-0.103494
-0.106692
-0.109857
-0.11299
-0.116092
-0.119163
-0.122204
-0.125215
-0.128198
-0.131152
-0.134079
-0.136979
-0.0833763
-0.0866505
-0.0898935
-0.0931057
-0.0962876
-0.0994397
-0.102562
-0.105656
-0.108721
-0.111758
-0.114768
-0.117751
-0.120707
-0.123637
-0.126542
-0.129422
-0.132278
-0.0799198
-0.0831014
-0.0862552
-0.0893817
-0.0924812
-0.0955542
-0.0986009
-0.101622
-0.104617
-0.107588
-0.110534
-0.113455
-0.116353
-0.119228
-0.122079
-0.124908
-0.127716
-0.0766242
-0.0797143
-0.0827797
-0.0858209
-0.0888381
-0.0918316
-0.0948017
-0.0977488
-0.100673
-0.103575
-0.106455
-0.109314
-0.11215
-0.114966
-0.117762
-0.120537
-0.123292
-0.0734824
-0.0764823
-0.0794604
-0.0824168
-0.085352
-0.0882661
-0.0911593
-0.094032
-0.0968845
-0.0997169
-0.10253
-0.105323
-0.108097
-0.110852
-0.113589
-0.116307
-0.119008
-0.0704879
-0.073399
-0.0762907
-0.0791634
-0.082017
-0.084852
-0.0876684
-0.0904665
-0.0932465
-0.0960085
-0.098753
-0.10148
-0.10419
-0.106882
-0.109559
-0.112218
-0.114861
-0.0676338
-0.0704577
-0.0732646
-0.0760544
-0.0788275
-0.0815838
-0.0843237
-0.0870473
-0.0897546
-0.092446
-0.0951215
-0.0977814
-0.100426
-0.103055
-0.105669
-0.108268
-0.110853
-0.0649138
-0.0676524
-0.0703758
-0.0730842
-0.0757776
-0.0784563
-0.0811202
-0.0837696
-0.0864045
-0.0890251
-0.0916315
-0.0942239
-0.0968023
-0.099367
-0.101918
-0.104456
-0.10698
-0.0623223
-0.0649773
-0.0676189
-0.0702473
-0.0728623
-0.0754642
-0.078053
-0.0806288
-0.0831917
-0.0857418
-0.0882791
-0.0908038
-0.0933159
-0.0958157
-0.0983031
-0.100778
-0.103241
-0.059853
-0.0624265
-0.0649882
-0.0675381
-0.0700762
-0.0726025
-0.0751172
-0.0776203
-0.0801118
-0.0825919
-0.0850604
-0.0875176
-0.0899635
-0.0923982
-0.0948217
-0.0972342
-0.0996356
-0.0575009
-0.059995
-0.0624786
-0.0649517
-0.0674143
-0.0698665
-0.0723083
-0.0747396
-0.0771607
-0.0795713
-0.0819717
-0.0843619
-0.0867418
-0.0891115
-0.0914711
-0.0938207
-0.0961602
-0.055261
-0.0576777
-0.0600851
-0.0624831
-0.0648719
-0.0672514
-0.0696215
-0.0719824
-0.0743339
-0.0766762
-0.0790091
-0.0813328
-0.0836473
-0.0859525
-0.0882485
-0.0905353
-0.0928129
-0.053129
-0.0554702
-0.0578032
-0.060128
-0.0624446
-0.0647528
-0.0670528
-0.0693444
-0.0716276
-0.0739025
-0.076169
-0.0784271
-0.0806767
-0.082918
-0.0851509
-0.0873753
-0.0895914
-0.0510991
-0.0533671
-0.0556279
-0.0578813
-0.0601275
-0.0623662
-0.0645975
-0.0668213
-0.0690376
-0.0712463
-0.0734474
-0.0756409
-0.0778267
-0.0800048
-0.0821752
-0.0843379
-0.0864929
-0.0491676
-0.0513644
-0.053555
-0.055739
-0.0579166
-0.0600875
-0.0622517
-0.0644093
-0.06656
-0.0687039
-0.0708408
-0.0729708
-0.0750938
-0.0772098
-0.0793186
-0.0814204
-0.0835149
-0.0473295
-0.0494575
-0.0515799
-0.0536966
-0.0558075
-0.0579124
-0.0600113
-0.0621042
-0.0641909
-0.0662714
-0.0683456
-0.0704134
-0.0724748
-0.0745296
-0.076578
-0.0786197
-0.0806547
-0.0455814
-0.0476427
-0.0496991
-0.0517503
-0.0537964
-0.0558372
-0.0578726
-0.0599025
-0.0619268
-0.0639454
-0.0659582
-0.0679652
-0.0699662
-0.0719612
-0.0739502
-0.075933
-0.0779095
-0.0439186
-0.0459155
-0.047908
-0.049896
-0.0518793
-0.0538579
-0.0558315
-0.0578002
-0.0597638
-0.0617221
-0.0636752
-0.0656228
-0.0675649
-0.0695014
-0.0714322
-0.0733573
-0.0752765
-0.0423377
-0.0442725
-0.0462033
-0.0481301
-0.0500527
-0.051971
-0.0538848
-0.055794
-0.0576986
-0.0595983
-0.0614932
-0.063383
-0.0652677
-0.0671471
-0.0690212
-0.0708899
-0.072753
-0.0408357
-0.0427105
-0.0445817
-0.0464493
-0.0483131
-0.050173
-0.0520289
-0.0538805
-0.0557278
-0.0575707
-0.059409
-0.0612426
-0.0630714
-0.0648953
-0.0667141
-0.0685278
-0.0703362
-0.0394099
-0.0412266
-0.0430403
-0.0448507
-0.0466576
-0.048461
-0.0502608
-0.0520566
-0.0538485
-0.0556362
-0.0574196
-0.0591987
-0.0609732
-0.062743
-0.0645081
-0.0662683
-0.0680235
-0.0380558
-0.0398168
-0.0415751
-0.0433304
-0.0450825
-0.0468315
-0.048577
-0.050319
-0.0520572
-0.0537916
-0.0555219
-0.0572481
-0.05897
-0.0606875
-0.0624004
-0.0641087
-0.0658121
-0.0367715
-0.0384788
-0.0401837
-0.0418859
-0.0435853
-0.0452817
-0.0469749
-0.0486648
-0.0503513
-0.0520341
-0.0537131
-0.0553882
-0.0570592
-0.058726
-0.0603884
-0.0620463
-0.0636996
-0.0355536
-0.0372094
-0.038863
-0.0405142
-0.0421628
-0.0438086
-0.0454515
-0.0470913
-0.0487278
-0.0503609
-0.0519904
-0.0536161
-0.055238
-0.0568557
-0.0584693
-0.0600786
-0.0616833
-0.0343998
-0.0360062
-0.0376106
-0.0392128
-0.0408126
-0.0424098
-0.0440043
-0.0455959
-0.0471843
-0.0487695
-0.0503513
-0.0519295
-0.0535039
-0.0550744
-0.0566409
-0.0582031
-0.059761
-0.0333074
-0.0348665
-0.0364238
-0.037979
-0.039532
-0.0410826
-0.0426306
-0.0441758
-0.0457181
-0.0472573
-0.0487932
-0.0503256
-0.0518545
-0.0533795
-0.0549006
-0.0564176
-0.0579303
-0.0322749
-0.0337886
-0.0353007
-0.0368108
-0.038319
-0.0398249
-0.0413283
-0.0428291
-0.0443271
-0.0458222
-0.047314
-0.0488025
-0.0502875
-0.0517689
-0.0532463
-0.0547198
-0.0561892
-0.0312992
-0.0327697
-0.0342386
-0.0357059
-0.0371711
-0.0386343
-0.0400951
-0.0415534
-0.0430091
-0.0444618
-0.0459115
-0.0473579
-0.0488009
-0.0502404
-0.0516761
-0.0531078
-0.0545355
-0.0303783
-0.0318078
-0.0332357
-0.034662
-0.0360865
-0.0375089
-0.038929
-0.0403468
-0.0417619
-0.0431743
-0.0445837
-0.0459899
-0.0473927
-0.0487921
-0.0501878
-0.0515797
-0.0529675
-0.0295118
-0.030902
-0.0322908
-0.0336781
-0.0350636
-0.0364472
-0.0378286
-0.0392076
-0.0405841
-0.0419579
-0.0433289
-0.0446967
-0.0460613
-0.0474224
-0.04878
-0.0501337
-0.0514836
-0.0286982
-0.030051
-0.0314026
-0.0327527
-0.0341012
-0.0354477
-0.0367922
-0.0381344
-0.0394742
-0.0408113
-0.0421456
-0.0434769
-0.044805
-0.0461298
-0.047451
-0.0487685
-0.0500821
-0.0279348
-0.0292524
-0.0305688
-0.0318837
-0.0331971
-0.0345086
-0.0358181
-0.0371255
-0.0384304
-0.0397328
-0.0410324
-0.042329
-0.0436225
-0.0449127
-0.0461995
-0.0474826
-0.0487618
-0.0272216
-0.0285058
-0.0297889
-0.0310706
-0.0323508
-0.0336292
-0.0349056
-0.0361799
-0.0374519
-0.0387214
-0.0399881
-0.041252
-0.0425128
-0.0437703
-0.0450244
-0.046275
-0.0475218
-0.026557
-0.0278099
-0.0290616
-0.030312
-0.0315609
-0.0328081
-0.0340534
-0.0352966
-0.0365375
-0.037776
-0.0390118
-0.0402447
-0.0414747
-0.0427015
-0.0439249
-0.0451447
-0.0463609
-0.0259405
-0.0271639
-0.0283863
-0.0296073
-0.0308269
-0.0320448
-0.0332608
-0.0344748
-0.0356866
-0.036896
-0.0381027
-0.0393067
-0.0405077
-0.0417056
-0.0429002
-0.0440913
-0.0452788
-0.0464625
-0.0253715
-0.0265674
-0.0277623
-0.0289559
-0.0301481
-0.0313387
-0.0325274
-0.0337141
-0.0348987
-0.0360808
-0.0372605
-0.0384374
-0.0396114
-0.0407823
-0.04195
-0.0431143
-0.044275
-0.045432
-0.0248497
-0.0260201
-0.0271895
-0.0283576
-0.0295243
-0.0306895
-0.0318528
-0.0330142
-0.0341735
-0.0353304
-0.0364848
-0.0376366
-0.0387856
-0.0399315
-0.0410742
-0.0422137
-0.0433496
-0.0444819
-0.0243751
-0.0255219
-0.0266677
-0.0278124
-0.0289556
-0.0300973
-0.0312372
-0.0323753
-0.0335112
-0.0346449
-0.0357761
-0.0369047
-0.0380305
-0.0391534
-0.0402732
-0.0413898
-0.0425029
-0.0436124
-0.0239476
-0.0250728
-0.0261971
-0.0273202
-0.028442
-0.0295622
-0.0306807
-0.0317974
-0.032912
-0.0340243
-0.0351343
-0.0362418
-0.0373466
-0.0384484
-0.0395473
-0.040643
-0.0417353
-0.0428242
-0.0235683
-0.024674
-0.0257788
-0.0268824
-0.0279847
-0.0290854
-0.0301845
-0.0312818
-0.0323771
-0.0334702
-0.034561
-0.0356494
-0.0367351
-0.037818
-0.038898
-0.0399749
-0.0410485
-0.0421188
-0.0232367
-0.0243249
-0.0254122
-0.0264984
-0.0275833
-0.0286667
-0.0297485
-0.0308285
-0.0319066
-0.0329826
-0.0340563
-0.0351276
-0.0361964
-0.0372625
-0.0383258
-0.0393861
-0.0404432
-0.0414971
-0.0229566
-0.0240295
-0.0251015
-0.0261723
-0.0272418
-0.0283099
-0.0293764
-0.0304412
-0.0315042
-0.032565
-0.0336238
-0.0346802
-0.0357341
-0.0367854
-0.037834
-0.0388798
-0.0399225
-0.040962
-0.0227243
-0.0237841
-0.024843
-0.0259008
-0.0269573
-0.0280125
-0.0290662
-0.0301181
-0.0311683
-0.0322165
-0.0332627
-0.0343066
-0.0353482
-0.0363873
-0.0374238
-0.0384575
-0.0394883
-0.0405162
-0.0225517
-0.0236004
-0.024648
-0.0256946
-0.02674
-0.027784
-0.0288265
-0.0298674
-0.0309066
-0.031944
-0.0329793
-0.0340125
-0.0350434
-0.036072
-0.0370982
-0.0381217
-0.0391424
-0.0401604
-0.0224249
-0.0234656
-0.0245055
-0.0255443
-0.0265819
-0.0276183
-0.0286532
-0.0296866
-0.0307184
-0.0317484
-0.0327765
-0.0338026
-0.0348265
-0.0358482
-0.0368676
-0.0378845
-0.0388988
-0.0399104
-0.0223702
-0.0234033
-0.0244354
-0.0254665
-0.0264964
-0.0275251
-0.0285525
-0.0295784
-0.0306028
-0.0316255
-0.0326465
-0.0336656
-0.0346828
-0.035698
-0.036711
-0.0377218
-0.0387303
-0.0397364
0.0509234
0.0413294
0.0318512
0.022498
0.0132783
0.00419977
-0.00473056
-0.0135062
-0.0221211
-0.03057
-0.0388486
-0.0469543
-0.0548894
-0.0626635
-0.0703005
-0.0775782
-0.0847868
-0.0917972
-0.0985935
-0.105196
-0.11161
-0.117832
-0.123863
-0.129704
-0.135356
-0.140821
-0.146101
-0.1512
-0.156118
0.0486912
0.0395998
0.0306215
0.0217635
0.0130322
0.00443352
-0.00402708
-0.0123446
-0.0205146
-0.0285333
-0.0363979
-0.0441068
-0.0516599
-0.0590532
-0.0662803
-0.0732117
-0.0801182
-0.0868396
-0.093357
-0.0996979
-0.10587
-0.111872
-0.1177
-0.123358
-0.128845
-0.134165
-0.139318
-0.144308
-0.149135
0.0461632
0.0375627
0.0290708
0.0206935
0.012436
0.00430301
-0.00370114
-0.0115725
-0.0193077
-0.0269036
-0.0343575
-0.0416666
-0.0488268
-0.0558274
-0.0626515
-0.0692459
-0.0758971
-0.0823326
-0.0885665
-0.0946403
-0.100564
-0.106335
-0.111952
-0.117415
-0.122726
-0.127887
-0.1329
-0.137765
-0.142486
0.0439796
0.0358364
0.027797
0.0198662
0.0120482
0.00434671
-0.00323498
-0.0106938
-0.0180268
-0.0252318
-0.0323062
-0.039248
-0.0460546
-0.0527241
-0.0592578
-0.0656592
-0.0718618
-0.0779895
-0.0839745
-0.0898077
-0.0955004
-0.101056
-0.106473
-0.111753
-0.116897
-0.121907
-0.126784
-0.131529
-0.136145
0.0419371
0.0342278
0.0266172
0.0191086
0.0117055
0.00441078
-0.00277307
-0.00984361
-0.0167987
-0.0236363
-0.0303548
-0.0369525
-0.0434285
-0.0497828
-0.0560152
-0.0621275
-0.0680264
-0.0738889
-0.0796345
-0.0852382
-0.0907115
-0.0960613
-0.101288
-0.106392
-0.111373
-0.116235
-0.120978
-0.125603
-0.130113
0.0400321
0.0327325
0.0255258
0.0184146
0.0114015
0.00448865
-0.00232188
-0.00902826
-0.0156288
-0.0221219
-0.0285061
-0.0347801
-0.0409421
-0.0469905
-0.0529218
-0.058736
-0.0644083
-0.0700557
-0.0755633
-0.0809339
-0.086192
-0.0913434
-0.0963858
-0.101318
-0.106142
-0.110858
-0.115468
-0.119974
-0.124376
0.0382584
0.0313454
0.0245195
0.0177823
0.0111359
0.00458187
-0.0018781
-0.00824266
-0.0145105
-0.0206804
-0.0267513
-0.0327218
-0.0385904
-0.0443543
-0.0500062
-0.0555336
-0.0609068
-0.0663994
-0.071704
-0.0768598
-0.0819147
-0.086877
-0.0917429
-0.0965106
-0.101181
-0.105755
-0.110235
-0.114621
-0.118914
0.0366032
0.0300549
0.0235877
0.0172025
0.0109009
0.00468417
-0.00144648
-0.00749006
-0.0134456
-0.0193123
-0.0250895
-0.0307765
-0.0363732
-0.0418803
-0.0473017
-0.0526472
-0.0579351
-0.0629764
-0.068019
-0.0729912
-0.0778659
-0.082649
-0.0873448
-0.0919534
-0.096475
-0.100911
-0.105262
-0.109529
-0.113714
0.0350563
0.0288517
0.0227222
0.0166682
0.0106908
0.004791
-0.00103027
-0.00677234
-0.0124346
-0.0180164
-0.0235175
-0.0289377
-0.0342769
-0.0395357
-0.0447148
-0.049812
-0.0548233
-0.0596947
-0.0645464
-0.0693354
-0.0740343
-0.0786466
-0.083179
-0.0876335
-0.0920105
-0.0963106
-0.100535
-0.104685
-0.108761
0.033608
0.0277273
0.0219155
0.016173
0.0105005
0.00489864
-0.000631873
-0.00609057
-0.011477
-0.0167909
-0.0220319
-0.0271998
-0.0322945
-0.0373157
-0.042263
-0.0471344
-0.0519289
-0.0566306
-0.0613006
-0.0658998
-0.0704182
-0.0748617
-0.0792351
-0.0835395
-0.087775
-0.0919422
-0.096042
-0.100075
-0.104043
0.0322498
0.0266739
0.0211612
0.0157116
0.0103257
0.00500394
-0.000253228
-0.00544547
-0.0105725
-0.0156341
-0.02063
-0.02556
-0.0304239
-0.0352212
-0.0399512
-0.0446129
-0.0492068
-0.0537259
-0.0582337
-0.0626552
-0.0669979
-0.0712775
-0.0754976
-0.0796571
-0.0837553
-0.0877928
-0.0917703
-0.0956887
-0.0995486
0.0309735
0.0256846
0.0204532
0.0152791
0.0101627
0.0051043
0.00010417
-0.00483746
-0.00972044
-0.0145446
-0.0193099
-0.0240161
-0.0286631
-0.0332506
-0.0377776
-0.0422418
-0.0466388
-0.0509594
-0.0553106
-0.0595717
-0.0637548
-0.0678807
-0.0719542
-0.0759741
-0.0799394
-0.0838506
-0.0877084
-0.0915135
-0.0952666
0.029772
0.0247531
0.0197863
0.0148713
0.0100084
0.00519762
0.000439269
-0.00426657
-0.00891985
-0.0135205
-0.0180686
-0.0225643
-0.0270076
-0.0313991
-0.0357398
-0.0400326
-0.0442823
-0.0484967
-0.0525651
-0.0566375
-0.0606774
-0.0646634
-0.068597
-0.0724814
-0.0763176
-0.0801057
-0.0838463
-0.0875398
-0.0911871
0.0286388
0.0238738
0.0191559
0.0144846
0.00986002
0.00528227
0.000751449
-0.00373241
-0.00816931
-0.0125593
-0.0169025
-0.021199
-0.025449
-0.0296529
-0.0338111
-0.0379237
-0.041989
-0.0460045
-0.0499481
-0.0538766
-0.0577717
-0.0616183
-0.0654165
-0.06917
-0.0728806
-0.0765485
-0.0801741
-0.0837579
-0.0873005
0.0275677
0.0230417
0.0185578
0.0141158
0.00971548
0.00535702
0.00104043
-0.00323428
-0.00746717
-0.0116583
-0.0158078
-0.0199156
-0.0239821
-0.0280072
-0.031991
-0.0359334
-0.0398337
-0.0436916
-0.0474997
-0.0512861
-0.0550351
-0.0587412
-0.0624059
-0.0660318
-0.0696197
-0.07317
-0.0766828
-0.0801586
-0.0835979
0.0265536
0.0222523
0.0179886
0.0137622
0.00957294
0.00542094
0.00130617
-0.0027714
-0.00681183
-0.0108152
-0.0147815
-0.0187109
-0.0226034
-0.026459
-0.0302777
-0.0340594
-0.0378042
-0.0415128
-0.0451823
-0.0488378
-0.0524488
-0.056018
-0.0595528
-0.0630551
-0.0665243
-0.0699602
-0.0733629
-0.0767329
-0.0800706
0.0255914
0.0215014
0.0174449
0.0134214
0.00943092
0.00547338
0.00154879
-0.00234288
-0.0062017
-0.0100277
-0.0138211
-0.0175817
-0.0213097
-0.025005
-0.0286674
-0.0322963
-0.0358903
-0.0394469
-0.0429616
-0.0465075
-0.0499956
-0.0534369
-0.0568476
-0.0602308
-0.0635853
-0.0669102
-0.0702058
-0.0734724
-0.0767103
0.0246768
0.0207857
0.016924
0.0130916
0.00928823
0.00551391
0.00176862
-0.00194769
-0.00563509
-0.00929365
-0.0129235
-0.0165246
-0.0200973
-0.0236416
-0.0271578
-0.0306466
-0.0341092
-0.0375477
-0.0409643
-0.0443151
-0.0476601
-0.0509853
-0.0542823
-0.0575519
-0.0607951
-0.0640124
-0.0672037
-0.0703692
-0.0735093
0.0238059
0.0201018
0.0164236
0.012771
0.00914397
0.00554236
0.00196619
-0.00158459
-0.00511005
-0.00861026
-0.0120853
-0.0155354
-0.0189605
-0.0223609
-0.0257369
-0.0290888
-0.0324168
-0.0357208
-0.0389998
-0.0422294
-0.0454549
-0.0486658
-0.0518516
-0.0550114
-0.0581471
-0.0612597
-0.0643494
-0.0674162
-0.0704605
0.0229751
0.019447
0.0159415
0.0124584
0.00899749
0.00555877
0.00214222
-0.00125221
-0.00462455
-0.00797488
-0.0113033
-0.0146098
-0.0178945
-0.0211576
-0.024399
-0.0276189
-0.0308171
-0.0339931
-0.0371465
-0.0402698
-0.0433825
-0.0464788
-0.0495531
-0.052605
-0.0556358
-0.0586463
-0.0616367
-0.0646069
-0.0675573
0.0221813
0.0188189
0.0154761
0.0121526
0.00884836
0.00556333
0.0022975
-0.000949136
-0.00417663
-0.00738501
-0.0105743
-0.0137446
-0.0168959
-0.0200282
-0.0231416
-0.0262361
-0.0293116
-0.0323679
-0.0354049
-0.0384194
-0.0414226
-0.0444087
-0.0473755
-0.0503231
-0.0532525
-0.056164
-0.0590578
-0.061934
-0.0647926
0.0214217
0.0182154
0.0150258
0.0118528
0.0086963
0.00555634
0.00243292
-0.000673988
-0.00376438
-0.00683829
-0.0098957
-0.0129367
-0.0159611
-0.0189692
-0.0219608
-0.0249359
-0.0278946
-0.0308369
-0.0337625
-0.0366698
-0.0395684
-0.0424493
-0.0453124
-0.0481592
-0.0509904
-0.0538062
-0.0566063
-0.0593909
-0.06216
0.020694
0.0176345
0.0145893
0.0115582
0.00854115
0.0055382
0.00254935
-0.000425388
-0.003386
-0.00633247
-0.0092648
-0.0121829
-0.0150869
-0.0179766
-0.020852
-0.0237131
-0.0265598
-0.0293922
-0.0322108
-0.0350149
-0.0378186
-0.0405995
-0.043361
-0.046109
-0.0488448
-0.0515675
-0.0542765
-0.056972
-0.0596539
0.0199957
0.0170747
0.0141655
0.0112683
0.0083829
0.00550936
0.00264772
-0.000201979
-0.00303972
-0.00586546
-0.00867918
-0.0114808
-0.0142703
-0.0170476
-0.0198126
-0.0225649
-0.025304
-0.0280287
-0.0307377
-0.033429
-0.0361509
-0.0388417
-0.0415086
-0.0441628
-0.046807
-0.04944
-0.0520612
-0.0546704
-0.0572677
0.0193252
0.0165345
0.0137537
0.0109827
0.00822163
0.00547038
0.00272903
-2.34415e-06
-0.00272372
-0.00543506
-0.00813634
-0.0108275
-0.0135086
-0.0161797
-0.0188408
-0.0214922
-0.0241344
-0.0267686
-0.0293963
-0.0320187
-0.034586
-0.0371655
-0.0397458
-0.0423153
-0.0448728
-0.0474193
-0.0499555
-0.0524812
-0.0549963
0.0186806
0.0160128
0.013353
0.0107013
0.00805758
0.00542192
0.0027944
0.000175064
-0.00243602
-0.0050388
-0.00763325
-0.0102193
-0.0127969
-0.0153661
-0.0179269
-0.0204791
-0.0230227
-0.0255575
-0.0280825
-0.0305967
-0.0330927
-0.035589
-0.0380821
-0.0405657
-0.0430385
-0.0455015
-0.0479552
-0.0503998
-0.0528351
0.0180605
0.0155086
0.012963
0.0104238
0.00789106
0.00536472
0.00284494
0.000331767
-0.00217471
-0.00467441
-0.00716728
-0.00965324
-0.0121322
-0.0146041
-0.0170688
-0.0195263
-0.0219764
-0.0244189
-0.0268535
-0.0292802
-0.0316959
-0.0341078
-0.0365139
-0.038912
-0.0413017
-0.0436831
-0.0460566
-0.0484222
-0.0507796
0.0174636
0.015021
0.0125832
0.0101503
0.00772241
0.00529951
0.00288173
0.000469177
-0.00193807
-0.00433991
-0.00673624
-0.00912699
-0.011512
-0.0138913
-0.0162646
-0.018632
-0.0209932
-0.0233482
-0.0256968
-0.0280387
-0.0303725
-0.0327022
-0.035026
-0.037343
-0.039653
-0.0419561
-0.0442524
-0.0465417
-0.048824
0.0168888
0.0145493
0.0122132
0.00988081
0.00755203
0.005227
0.00290583
0.000588629
-0.00172449
-0.00403341
-0.00633803
-0.00863824
-0.0109339
-0.0132249
-0.0155112
-0.0177926
-0.020069
-0.0223402
-0.0246062
-0.0268667
-0.029121
-0.031372
-0.0336175
-0.0358569
-0.0380903
-0.0403178
-0.0425394
-0.0447549
-0.0469644
0.0163351
0.0140928
0.0118529
0.00961533
0.00738031
0.00514789
0.00291822
0.000691408
-0.00153242
-0.00375313
-0.0059706
-0.00818471
-0.0103953
-0.0126023
-0.0148056
-0.0170049
-0.0192003
-0.0213915
-0.0235785
-0.025761
-0.0279385
-0.0301144
-0.0322846
-0.0344491
-0.0366085
-0.0387631
-0.0409127
-0.043057
-0.045196
0.0158016
0.0136511
0.0115019
0.00935403
0.00720766
0.0050629
0.00291989
0.000778752
-0.00136036
-0.00349733
-0.00563199
-0.00776422
-0.00989386
-0.0120208
-0.0141448
-0.0162658
-0.0183837
-0.0204982
-0.0226095
-0.0247174
-0.0268217
-0.028928
-0.0310262
-0.0331177
-0.0352052
-0.0372891
-0.039369
-0.0414445
-0.0435153
0.0173516
0.0152876
0.0132237
0.0111601
0.00909703
0.00703451
0.00497271
0.00291176
0.000851827
-0.00120695
-0.00326443
-0.00532044
-0.00737484
-0.00942746
-0.0114781
-0.0135266
-0.0155728
-0.0176162
-0.0196565
-0.0216932
-0.0237255
-0.0257531
-0.0277989
-0.0298316
-0.0318545
-0.0338735
-0.0358898
-0.0379029
-0.0399122
-0.0419175
0.0167739
0.0147924
0.0128102
0.0108275
0.00884453
0.0068613
0.004878
0.00289477
0.000911774
-0.00107084
-0.00305292
-0.00503432
-0.0070149
-0.0089945
-0.010973
-0.0129503
-0.0149264
-0.0169012
-0.0188749
-0.0208477
-0.0228201
-0.0247918
-0.0267385
-0.0286938
-0.0306531
-0.0326096
-0.0345622
-0.0365112
-0.0384569
-0.0403991
0.0162191
0.0143155
0.0124104
0.0105041
0.00859677
0.00668853
0.00477952
0.00286991
0.000959855
-0.000950487
-0.00286095
-0.00477139
-0.00668163
-0.00859152
-0.0105009
-0.0124096
-0.0143175
-0.0162243
-0.0181299
-0.0200339
-0.021936
-0.0238354
-0.0257289
-0.0276245
-0.0295206
-0.0314143
-0.0333047
-0.0351919
-0.0370763
-0.0389576
0.0156865
0.0138563
0.012024
0.0101898
0.008354
0.00651668
0.00467799
0.00283811
0.000997202
-0.000844567
-0.00268703
-0.00453001
-0.00637334
-0.00821684
-0.0100603
-0.0119037
-0.0137466
-0.015589
-0.0174306
-0.0192713
-0.0211109
-0.022949
-0.0247842
-0.0266191
-0.0284532
-0.0302854
-0.0321153
-0.0339428
-0.0357678
-0.0375902
0.0151755
0.0134144
0.0116508
0.00988471
0.00811648
0.00634621
0.00457406
0.0028002
0.00102482
-0.000751927
-0.00252985
-0.00430878
-0.00608852
-0.00786891
-0.00964976
-0.0114309
-0.0132121
-0.0149932
-0.016774
-0.0185543
-0.0203339
-0.0221126
-0.0238894
-0.0256659
-0.0274414
-0.0292154
-0.0309877
-0.032758
-0.0345262
-0.0362923
0.0146854
0.0129896
0.0112906
0.00958884
0.00788443
0.00617754
0.00446832
0.00275695
0.00104363
-0.000671486
-0.0023882
-0.00410634
-0.00582571
-0.00754613
-0.0092674
-0.0109894
-0.0127118
-0.0144345
-0.0161573
-0.01788
-0.0196024
-0.0213243
-0.0230451
-0.0247656
-0.0264853
-0.0282038
-0.0299209
-0.0316363
-0.0333501
-0.0350618
0.0142158
0.0125813
0.0109434
0.00930225
0.00765809
0.00601106
0.00436133
0.00270909
0.00105451
-0.000602225
-0.00226092
-0.0039214
-0.00558347
-0.00724693
-0.0089116
-0.0105773
-0.0122438
-0.0139109
-0.0155785
-0.0172463
-0.0189141
-0.0205818
-0.0222488
-0.0239158
-0.0255821
-0.0272475
-0.0289117
-0.0305746
-0.032236
-0.0338957
0.013766
0.0121894
0.0106089
0.00902499
0.00743767
0.00584717
0.00425364
0.00265729
0.00105828
-0.000543184
-0.00214692
-0.00375274
-0.00536046
-0.00696986
-0.00858078
-0.010193
-0.0118063
-0.0134206
-0.0150355
-0.016651
-0.0182668
-0.0198827
-0.0214983
-0.0231143
-0.0247297
-0.0263442
-0.0279578
-0.0295704
-0.0311817
-0.0327916
0.0133357
0.0118135
0.0102872
0.00875712
0.00722339
0.00568621
0.00414575
0.00260219
0.00105572
-0.000493467
-0.00204518
-0.00359924
-0.00515543
-0.00671357
-0.00827346
-0.00983489
-0.0113977
-0.0129616
-0.0145265
-0.0160921
-0.0176583
-0.0192248
-0.0207913
-0.0223585
-0.0239253
-0.0254913
-0.0270566
-0.0286211
-0.0301846
-0.0317467
0.0129246
0.0114535
0.00997809
0.0084987
0.00701545
0.00552853
0.00403811
0.00254438
0.00104753
-0.00045225
-0.00195477
-0.00345984
-0.00496725
-0.00647681
-0.00798833
-0.0095016
-0.0110164
-0.0125326
-0.0140499
-0.0155683
-0.0170874
-0.0186072
-0.0201274
-0.0216492
-0.0231696
-0.0246887
-0.0262074
-0.0277257
-0.0292432
-0.0307597
0.0125321
0.011109
0.00968152
0.00824979
0.00681404
0.00537444
0.00393117
0.00248442
0.00103438
-0.000418757
-0.0018748
-0.00333354
-0.00479479
-0.00625832
-0.00772394
-0.00919141
-0.0106605
-0.012131
-0.0136026
-0.0150749
-0.0165478
-0.0180207
-0.0194938
-0.0209779
-0.0224568
-0.0239318
-0.0254061
-0.0268805
-0.0283544
-0.0298274
0.0121582
0.0107801
0.00939743
0.00801045
0.00661931
0.00522419
0.00382526
0.00242271
0.00101673
-0.000392495
-0.00180478
-0.00321992
-0.00463774
-0.00605804
-0.00748064
-0.00890536
-0.010332
-0.0117605
-0.0131905
-0.0146222
-0.0160552
-0.0174896
-0.018925
-0.0203506
-0.0217815
-0.0232157
-0.02465
-0.0260834
-0.027516
-0.0289477
0.0118024
0.0104664
0.00912582
0.00778079
0.00643151
0.00507815
0.00372089
0.00235991
0.000995401
-0.000372446
-0.00174344
-0.00311739
-0.0044941
-0.00587337
-0.00725501
-0.0086388
-0.0100245
-0.011412
-0.012801
-0.0141913
-0.0155827
-0.0169748
-0.0183674
-0.0197587
-0.021152
-0.0225466
-0.0239411
-0.0253349
-0.026728
-0.0281204
0.0114645
0.0101679
0.00886666
0.00756089
0.0062508
0.00493657
0.00361838
0.00229641
0.000970844
-0.000358122
-0.0016903
-0.0030255
-0.00436352
-0.00570417
-0.00704725
-0.00839256
-0.00973988
-0.011089
-0.0124398
-0.0137919
-0.0151453
-0.0164996
-0.0178546
-0.0192096
-0.0205654
-0.0219217
-0.023278
-0.0246339
-0.0259894
-0.0273442
0.0111445
0.00988456
0.00861994
0.00735081
0.00607732
0.00479967
0.00351803
0.00223258
0.000943496
-0.000349024
-0.00164479
-0.00294362
-0.00424531
-0.00554967
-0.00685649
-0.00816559
-0.00947675
-0.0107898
-0.0121044
-0.0134206
-0.0147379
-0.0160563
-0.0173755
-0.018695
-0.0200152
-0.0213357
-0.0226564
-0.0239768
-0.0252968
-0.0266162
0.010842
0.00961618
0.00838565
0.0071506
0.00591121
0.00466765
0.0034201
0.00216873
0.00091372
-0.000344736
-0.00160645
-0.00287124
-0.00413891
-0.00540927
-0.00668211
-0.00795725
-0.00923447
-0.0105136
-0.0117944
-0.0130767
-0.0143603
-0.0156449
-0.0169304
-0.0182164
-0.019503
-0.02079
-0.022077
-0.0233639
-0.0246504
-0.0259364
0.010557
0.00936273
0.00816377
0.00696033
0.00575258
0.00454068
0.0033248
0.00210513
0.00088184
-0.000344885
-0.00157486
-0.0028079
-0.00404381
-0.00528241
-0.0065235
-0.00776688
-0.00901235
-0.0102597
-0.0115088
-0.0127594
-0.0140113
-0.0152642
-0.0165181
-0.0177725
-0.0190275
-0.0202829
-0.0215384
-0.0227937
-0.0240487
-0.0253032
0.0102894
0.00912415
0.00795432
0.00678005
0.00560152
0.0044189
0.00323234
0.00204203
0.000848137
-0.000349152
-0.00154966
-0.0027532
-0.00395959
-0.00516864
-0.00638015
-0.00759395
-0.00880983
-0.0100276
-0.0112471
-0.012468
-0.0136903
-0.0149136
-0.0161379
-0.0173628
-0.0185882
-0.019814
-0.0210399
-0.0222657
-0.0234912
-0.0247162
0.0100391
0.00890044
0.00775731
0.00660982
0.00545814
0.00430244
0.00314287
0.00197961
0.000812838
-0.00035728
-0.00153056
-0.00270683
-0.0038859
-0.00506758
-0.0062517
-0.00743806
-0.00862648
-0.00981675
-0.0110087
-0.0122021
-0.0133968
-0.0145926
-0.0157893
-0.0169866
-0.0181845
-0.0193827
-0.0205811
-0.0217793
-0.0229772
-0.0241747
0.00980602
0.00869162
0.00757279
0.00644971
0.00532254
0.00419143
0.00305655
0.00191806
0.000776133
-0.000369057
-0.00151734
-0.00266854
-0.00382247
-0.00497896
-0.00613783
-0.0072989
-0.00846196
-0.00962685
-0.0107934
-0.0119613
-0.0131306
-0.0143008
-0.015472
-0.0166438
-0.0178161
-0.0189887
-0.0201615
-0.0213341
-0.0225065
-0.0236784
0.00959032
0.00849771
0.00740081
0.00629978
0.00519477
0.00408594
0.00297345
0.00185745
0.000738121
-0.000384381
-0.00150988
-0.00263822
-0.00376921
-0.00490267
-0.00603845
-0.00717635
-0.00831619
-0.0094578
-0.010601
-0.0117456
-0.0128914
-0.0140382
-0.0151858
-0.0163341
-0.0174829
-0.018632
-0.0197812
-0.0209302
-0.022079
-0.0232274
0.00939206
0.00831886
0.00724151
0.00616018
0.005075
0.00398614
0.00289374
0.00179796
0.000698965
-0.000403085
-0.00150803
-0.0026157
-0.00372592
-0.00483853
-0.00595336
-0.00707023
-0.00818897
-0.00930941
-0.0104314
-0.0115546
-0.0126791
-0.0138045
-0.0149307
-0.0160575
-0.0171848
-0.0183123
-0.01944
-0.0205675
-0.0216947
-0.0228214
0.00921131
0.00815509
0.00709489
0.00603086
0.00496315
0.0038919
0.00281727
0.0017394
0.000658454
-0.000425418
-0.00151206
-0.0026013
-0.00369298
-0.00478695
-0.00588302
-0.00698104
-0.00808084
-0.00918225
-0.0102851
-0.0113892
-0.0124944
-0.0136005
-0.0147074
-0.0158148
-0.0169226
-0.0180307
-0.0191388
-0.0202468
-0.0213545
-0.0224617
0.00904861
0.00800694
0.00696148
0.00591238
0.00485977
0.0038038
0.00274462
0.00168236
0.000617182
-0.000450772
-0.00152135
-0.00259439
-0.00366974
-0.00474725
-0.00582675
-0.00690808
-0.00799109
-0.00907561
-0.0101615
-0.0112485
-0.0123366
-0.0134255
-0.0145151
-0.0156052
-0.0166957
-0.0177864
-0.0188771
-0.0199676
-0.0210578
-0.0221476
0.0089035
0.0078738
0.00684054
0.00580383
0.00476382
0.00372064
0.00267443
0.00162533
0.000573479
-0.000480974
-0.00153789
-0.00259711
-0.00365849
-0.00472188
-0.00578713
-0.00685409
-0.0079226
-0.0089925
-0.0100636
-0.0111359
-0.012209
-0.013283
-0.0143575
-0.0154324
-0.0165077
-0.0175831
-0.0186585
-0.0197337
-0.0208086
-0.0218829
0.00877847
0.00775834
0.00673487
0.00570819
0.00467843
0.00364572
0.00261018
0.00157195
0.000531168
-0.000512036
-0.00155752
-0.00260515
-0.00365478
-0.00470626
-0.00575947
-0.00681424
-0.00787044
-0.00892792
-0.00998653
-0.0110461
-0.0121066
-0.0131677
-0.0142293
-0.0152914
-0.0163537
-0.0174162
-0.0184785
-0.0195406
-0.0206024
-0.0216637
0.00866894
0.0076553
0.00663857
0.00561889
0.00459637
0.00357115
0.00254334
0.00151307
0.000480486
-0.000554297
-0.00159114
-0.00262992
-0.0036705
-0.00471273
-0.00575649
-0.00680165
-0.00784806
-0.00889558
-0.00994409
-0.0109934
-0.0120435
-0.0130941
-0.0141451
-0.0151964
-0.0162478
-0.0172992
-0.0183505
-0.0194016
-0.0204522
-0.0215023
0.00858898
0.00757991
0.00656802
0.00555343
0.00453624
0.00351657
0.00249452
0.00147023
0.000443799
-0.000584643
-0.00161498
-0.00264708
-0.00368082
-0.00471609
-0.00575275
-0.00679067
-0.00782973
-0.0088698
-0.00991074
-0.0109524
-0.0119947
-0.0130375
-0.0140807
-0.0151241
-0.0161682
-0.0172119
-0.0182553
-0.0192984
-0.0203411
-0.0213833
0.00850641
0.00749693
0.00648503
0.00547084
0.00445445
0.003436
0.00241557
0.0013933
0.000369293
-0.000656342
-0.00168349
-0.00271204
-0.00374187
-0.00477288
-0.00580496
-0.00683798
-0.00787185
-0.00890644
-0.00994165
-0.0109774
-0.0120135
-0.0130498
-0.0140864
-0.015123
-0.0161587
-0.0171947
-0.0182308
-0.0192666
-0.0203018
-0.0213364
0.0097979
0.00880073
0.00780121
0.00679944
0.00579554
0.00478963
0.00378182
0.00277222
0.00176095
0.000748122
-0.000266153
-0.00128176
-0.00229858
-0.0033165
-0.00433541
-0.0053552
-0.00637574
-0.00739694
-0.00841866
-0.00944081
-0.0104633
-0.0114859
-0.0125086
-0.0135313
-0.0145538
-0.0155755
-0.0165972
-0.0176186
-0.0186396
-0.0196598
-0.0206791
0.00987487
0.00887845
0.00787928
0.00687747
0.00587313
0.00486636
0.00385728
0.00284602
0.00183269
0.000817402
-0.000199714
-0.00121854
-0.00223894
-0.00326081
-0.00428401
-0.00530841
-0.00633389
-0.00736032
-0.00838757
-0.00941552
-0.010444
-0.011473
-0.0125022
-0.0135317
-0.0145612
-0.0155901
-0.016619
-0.0176478
-0.0186762
-0.0197039
-0.0207308
0.00995062
0.00894986
0.00794607
0.00693937
0.0059299
0.00491777
0.00390312
0.00288606
0.00186674
0.000845272
-0.000178198
-0.00120354
-0.00223063
-0.00325931
-0.00428947
-0.00532095
-0.00635362
-0.00738735
-0.00842199
-0.00945741
-0.0104935
-0.01153
-0.0125669
-0.013604
-0.0146412
-0.0156787
-0.0167158
-0.0177524
-0.0187885
-0.0198241
-0.0208589
0.0100541
0.00904704
0.00803669
0.00702319
0.00600666
0.00498722
0.00396501
0.00294017
0.00191282
0.000883111
-0.000148832
-0.00118287
-0.00221885
-0.00325664
-0.00429609
-0.00533706
-0.0063794
-0.00742296
-0.00846761
-0.00951318
-0.0105595
-0.0116065
-0.012654
-0.0137018
-0.0147498
-0.0157981
-0.0168461
-0.0178937
-0.0189409
-0.0199876
-0.0210335
0.0101728
0.00915632
0.00813633
0.00711296
0.00608632
0.00505656
0.00402382
0.00298824
0.00194996
0.000909116
-0.000134135
-0.00117965
-0.00222728
-0.00327687
-0.00432828
-0.00538134
-0.00643591
-0.00749183
-0.00854893
-0.00960708
-0.0106661
-0.0117258
-0.0127861
-0.0138468
-0.0149078
-0.0159689
-0.0170298
-0.0180906
-0.0191509
-0.0202107
-0.0212697
0.0103108
0.00928248
0.00825042
0.00721475
0.00617563
0.00513319
0.00408758
0.00303893
0.00198741
0.000933155
-0.000123677
-0.00118293
-0.00224446
-0.0033081
-0.00437369
-0.00544107
-0.00651008
-0.00758056
-0.00865235
-0.00972527
-0.0107992
-0.0118739
-0.0129492
-0.014025
-0.0151012
-0.0161775
-0.0172538
-0.0183298
-0.0194055
-0.0204807
-0.0215552
0.0104661
0.00942326
0.00837654
0.00732603
0.00627187
0.00521422
0.00415322
0.00308903
0.00202179
0.000951671
-0.000121178
-0.00119659
-0.00227441
-0.00335447
-0.00443661
-0.00552066
-0.00660644
-0.0076938
-0.00878255
-0.00987254
-0.0109636
-0.0120555
-0.0131481
-0.0142413
-0.0153348
-0.0164285
-0.0175222
-0.0186158
-0.019709
-0.0208016
-0.0218936
0.00957934
0.00851551
0.00744773
0.00637614
0.00530089
0.00422215
0.00314007
0.0020548
0.000966517
-0.000124628
-0.00121847
-0.00231483
-0.00341354
-0.00451444
-0.00561735
-0.0067221
-0.0078285
-0.00893639
-0.0100456
-0.0111559
-0.0122672
-0.0133792
-0.0144918
-0.0156048
-0.016718
-0.0178313
-0.0189444
-0.0200572
-0.0211695
-0.0222812
0.00975038
0.00866701
0.00757952
0.00648809
0.00539287
0.00429402
0.0031917
0.00208607
0.000977302
-0.000134436
-0.00124898
-0.00236614
-0.00348576
-0.00460766
-0.00573165
-0.00685755
-0.0079852
-0.00911439
-0.010245
-0.0113767
-0.0125094
-0.013643
-0.0147772
-0.0159117
-0.0170466
-0.0181816
-0.0193164
-0.0204509
-0.0215848
-0.0227181
0.00993654
0.0088312
0.00772162
0.00660797
0.00549041
0.00436912
0.00324424
0.00211595
0.000984426
-0.000150168
-0.00128765
-0.00242785
-0.00357058
-0.00471567
-0.00586292
-0.00701215
-0.00816319
-0.00931583
-0.0104699
-0.0116252
-0.0127815
-0.0139387
-0.0150965
-0.0162547
-0.0174133
-0.018572
-0.0197305
-0.0208887
-0.0220464
-0.0232035
0.0101379
0.00900815
0.00787407
0.00673582
0.00559357
0.00444749
0.00329773
0.00214448
0.000987909
-0.000171807
-0.00133449
-0.00249995
-0.00366801
-0.00483848
-0.00601118
-0.00718591
-0.00836248
-0.00954071
-0.0107204
-0.0119013
-0.0130833
-0.0142662
-0.0154498
-0.0166338
-0.0178181
-0.0190025
-0.0201868
-0.0213708
-0.0225543
-0.023737
0.0103546
0.00919802
0.00803703
0.00687178
0.00570246
0.00452924
0.00335227
0.00217175
0.000987836
-0.000199275
-0.0013894
-0.00258237
-0.00377797
-0.00497604
-0.00617636
-0.00737876
-0.00858303
-0.00978898
-0.0109964
-0.0122051
-0.0134149
-0.0146256
-0.0158369
-0.0170487
-0.0182608
-0.0194731
-0.0206852
-0.021897
-0.0231082
-0.0243188
0.0105868
0.00940098
0.00821063
0.00701597
0.00581718
0.00461443
0.0034079
0.00219776
0.000984198
-0.000232604
-0.00145246
-0.00267518
-0.00390057
-0.00512844
-0.0063586
-0.00759084
-0.00882498
-0.0100608
-0.0112981
-0.0125367
-0.0137764
-0.015017
-0.0162582
-0.0174998
-0.0187418
-0.0199839
-0.0212259
-0.0224675
-0.0237085
-0.0249489
0.0108349
0.00961724
0.00839504
0.0071685
0.0059378
0.00470312
0.00346463
0.00222251
0.000976946
-0.000271872
-0.00152376
-0.00277852
-0.00403596
-0.00529589
-0.0065581
-0.0078224
-0.0090886
-0.0103565
-0.0116258
-0.0128965
-0.0141682
-0.0154407
-0.0167139
-0.0179875
-0.0192614
-0.0205354
-0.0218092
-0.0230827
-0.0243556
-0.0256277
0.0110991
0.00984703
0.00859044
0.00732951
0.00606442
0.00479534
0.00352245
0.00224593
0.000965979
-0.000317224
-0.00160348
-0.00289261
-0.0041844
-0.00547866
-0.0067752
-0.0080738
-0.00937426
-0.0106764
-0.01198
-0.0132848
-0.0145907
-0.0158973
-0.0172046
-0.0185121
-0.01982
-0.021128
-0.0224358
-0.0237432
-0.02505
-0.026356
0.0113797
0.0100906
0.00879703
0.00749913
0.00619709
0.00489109
0.00358131
0.00226793
0.000951145
-0.00036886
-0.00169189
-0.00301775
-0.00434624
-0.00567716
-0.00701031
-0.00834549
-0.0096825
-0.0110211
-0.0123611
-0.0137024
-0.0150446
-0.0163876
-0.0177311
-0.0190746
-0.0204185
-0.0217626
-0.0231065
-0.0244499
-0.0257926
-0.0271344
0.011677
0.0103482
0.00901499
0.00767748
0.00633588
0.00499037
0.00364114
0.00228837
0.000932245
-0.000427036
-0.00178928
-0.0031543
-0.00452188
-0.00589184
-0.00726396
-0.00863805
-0.0100139
-0.0113913
-0.01277
-0.0141499
-0.0155307
-0.0169121
-0.018294
-0.0196754
-0.0210575
-0.0224399
-0.0238221
-0.0252036
-0.0265843
-0.0279641
0.0119915
0.0106202
0.00924455
0.00786468
0.00648082
0.00509314
0.00370182
0.00230706
0.000909028
-0.000492069
-0.00189604
-0.00330269
-0.00471183
-0.00612325
-0.00753675
-0.00895214
-0.0103692
-0.0117878
-0.0132076
-0.0146285
-0.0160503
-0.0174727
-0.0188955
-0.0203158
-0.0217378
-0.0231608
-0.0245835
-0.0260053
-0.0274262
-0.028846
0.0123236
0.0109069
0.00948589
0.00806084
0.00663193
0.00519932
0.0037632
0.00232376
0.000881184
-0.000564335
-0.0020126
-0.00346342
-0.0049166
-0.00637194
-0.00782923
-0.0092883
-0.0107489
-0.0122109
-0.0136741
-0.0151384
-0.0166034
-0.0180692
-0.0195353
-0.0209986
-0.0224633
-0.0239285
-0.0253934
-0.0268573
-0.0283203
-0.0297821
0.0126737
0.0112085
0.00973922
0.00826606
0.00678919
0.0053088
0.00382506
0.00233816
0.000848295
-0.000644344
-0.00213956
-0.00363716
-0.00513694
-0.00663871
-0.00814224
-0.00964734
-0.0111538
-0.0126614
-0.0141698
-0.0156789
-0.0171884
-0.018698
-0.0202075
-0.0217221
-0.0232338
-0.0247434
-0.0262521
-0.0277603
-0.0292675
-0.0307735
0.0130422
0.0115254
0.0100048
0.00848041
0.00695256
0.00542141
0.00388711
0.00234986
0.000809846
-0.000732737
-0.0022777
-0.00382485
-0.00537399
-0.00692492
-0.00847744
-0.0100314
-0.0115865
-0.0131426
-0.0146995
-0.0162569
-0.0178148
-0.0193729
-0.020931
-0.0224901
-0.024048
-0.0256046
-0.0271604
-0.0287153
-0.0302691
-0.0318215
0.0134297
0.011858
0.0102827
0.00870399
0.00712203
0.00553701
0.0039491
0.0023585
0.000765384
-0.000830055
-0.00242763
-0.00402714
-0.00562841
-0.00723123
-0.00883541
-0.0104408
-0.0120471
-0.0136541
-0.0152618
-0.0168698
-0.018478
-0.0200861
-0.0216938
-0.0233019
-0.0249092
-0.0265154
-0.0281205
-0.0297245
-0.0313271
-0.032928
0.0138368
0.0122067
0.0105734
0.00893691
0.00729754
0.00565543
0.00401074
0.00236366
0.000714362
-0.000936956
-0.00259011
-0.00424492
-0.00590119
-0.00755873
-0.00921735
-0.0108769
-0.0125371
-0.0141977
-0.0158587
-0.0175198
-0.0191809
-0.0208415
-0.0225016
-0.0241615
-0.0258206
-0.0274784
-0.029135
-0.0307902
-0.0324437
-0.0340955
0.0142639
0.0125719
0.0108769
0.00917925
0.00747904
0.00577646
0.00407167
0.00236484
0.000656166
-0.00105418
-0.00276601
-0.00447915
-0.00619341
-0.00790861
-0.00962454
-0.011341
-0.0130579
-0.014775
-0.016492
-0.0182088
-0.0199252
-0.021641
-0.0233557
-0.02507
-0.0267833
-0.0284952
-0.0302056
-0.0319142
-0.0336211
-0.0353258
0.0147118
0.012954
0.0111937
0.0094311
0.00766645
0.00589987
0.0041315
0.00236152
0.000590122
-0.00118253
-0.00295627
-0.0047309
-0.00650626
-0.00828216
-0.0100584
-0.0118348
-0.0136113
-0.0153875
-0.0171633
-0.0189386
-0.0207131
-0.0224865
-0.0242583
-0.0260295
-0.0277996
-0.029568
-0.0313345
-0.0330991
-0.0348615
-0.0366215
0.015181
0.0133534
0.0115239
0.00969256
0.00785969
0.00602538
0.0041898
0.00235312
0.000515492
-0.0013229
-0.0031619
-0.00500133
-0.00684102
-0.00868079
-0.0105205
-0.0123599
-0.0141989
-0.0160372
-0.0178747
-0.0197112
-0.0215466
-0.0233804
-0.0252117
-0.0270423
-0.0288718
-0.0306992
-0.0325244
-0.0343472
-0.0361675
-0.0379851
0.0156724
0.0137708
0.0118678
0.00996371
0.00805863
0.00615272
0.00424612
0.00233898
0.000431476
-0.00147624
-0.00338401
-0.00529167
-0.00719905
-0.009106
-0.0110124
-0.0129179
-0.0148226
-0.0167261
-0.0186284
-0.0205291
-0.0224281
-0.024325
-0.0262177
-0.0281103
-0.030002
-0.0318914
-0.0337778
-0.0356612
-0.0375418
-0.0394194
0.0161867
0.0142066
0.0122258
0.0102446
0.00826318
0.00628156
0.00429993
0.00231842
0.000337203
-0.00164358
-0.00362378
-0.00560324
-0.00758182
-0.00955937
-0.0115357
-0.0135108
-0.0154844
-0.0174564
-0.0194267
-0.0213952
-0.0233614
-0.0253252
-0.0272794
-0.029236
-0.0311929
-0.0331468
-0.035097
-0.0370438
-0.0389871
-0.040927
0.0167247
0.0146614
0.0125982
0.0105354
0.00847318
0.00641154
0.00435065
0.00229066
0.000231707
-0.00182606
-0.00388251
-0.00593748
-0.00799086
-0.0100425
-0.0120922
-0.01414
-0.0161857
-0.0182291
-0.0202704
-0.0223096
-0.0243468
-0.0263818
-0.0284039
-0.0304279
-0.0324513
-0.0344711
-0.0364871
-0.0384992
-0.0405076
-0.0425119
0.0172874
0.0151359
0.0129854
0.0108363
0.00868851
0.00654227
0.00439767
0.00225483
0.000113901
-0.002025
-0.00416172
-0.00629614
-0.00842811
-0.0105575
-0.0126841
-0.0148078
-0.0169284
-0.0190457
-0.0211593
-0.0232689
-0.0253739
-0.027474
-0.0295858
-0.0316864
-0.0337782
-0.0358656
-0.0379496
-0.0400298
-0.0421055
-0.0441767
0.0178759
0.0156308
0.0133878
0.0111472
0.00890904
0.00667338
0.00444034
0.00221005
-1.73628e-05
-0.00224178
-0.00446309
-0.00668116
-0.00889587
-0.0111071
-0.0133147
-0.0155186
-0.0177185
-0.0199146
-0.0221065
-0.0242942
-0.0264778
-0.0286567
-0.0308354
-0.0330068
-0.0351716
-0.0373317
-0.0394873
-0.0416382
-0.043784
-0.0459246
0.0184912
0.016147
0.013806
0.0114685
0.00913469
0.00680449
0.00447804
0.00215544
-0.000163194
-0.00247775
-0.00478814
-0.00709424
-0.00939595
-0.0116932
-0.0139858
-0.0162736
-0.0185567
-0.0208348
-0.0231079
-0.0253758
-0.0276384
-0.0298949
-0.0321486
-0.0343964
-0.0366379
-0.0388737
-0.0411037
-0.0433281
-0.0455465
-0.047759
0.0191347
0.0166853
0.0142405
0.0118005
0.00936541
0.00693526
0.00451012
0.00209009
-0.000324752
-0.0027343
-0.00513848
-0.0075372
-0.00993036
-0.0123179
-0.0146996
-0.0170756
-0.0194456
-0.0218096
-0.0241674
-0.026519
-0.0288641
-0.0312016
-0.0335351
-0.0358625
-0.0381831
-0.0404968
-0.0428039
-0.0451042
-0.0473978
-0.0496846
0.0198078
0.0172468
0.0146919
0.0121434
0.00960119
0.00706536
0.00453595
0.00201305
-0.000503264
-0.00301293
-0.00551587
-0.00801202
-0.0105013
-0.0129837
-0.015459
-0.0179273
-0.0203884
-0.0228423
-0.0252888
-0.0277277
-0.0301588
-0.03258
-0.0349968
-0.0374073
-0.03981
-0.0422046
-0.0445913
-0.0469704
-0.0493417
-0.0517052
0.020512
0.0178327
0.0151612
0.0124976
0.00984204
0.00719444
0.00455485
0.00192335
-0.00070002
-0.0033152
-0.00592215
-0.00852081
-0.0111112
-0.0136931
-0.0162667
-0.0188318
-0.0213885
-0.0239366
-0.026476
-0.0290063
-0.031527
-0.0340332
-0.0365364
-0.0390339
-0.0415224
-0.044001
-0.0464704
-0.0489309
-0.0513826
-0.0538253
0.0212491
0.0184443
0.0156491
0.0128636
0.010088
0.0073222
0.00456615
0.00181995
-0.000916375
-0.00364278
-0.00635925
-0.00906575
-0.0117623
-0.0144488
-0.0171253
-0.0197919
-0.0224486
-0.0250956
-0.0277331
-0.0303612
-0.0329796
-0.0355699
-0.0381616
-0.040749
-0.0433259
-0.0458913
-0.0484461
-0.0509907
-0.0535252
-0.0560495
0.0220212
0.0190831
0.0161566
0.0132421
0.0103393
0.00744837
0.00456917
0.00170179
-0.00115377
-0.00399747
-0.00682932
-0.00964928
-0.0124574
-0.0152535
-0.0180378
-0.0208102
-0.0235707
-0.0263194
-0.0290565
-0.0317822
-0.0344965
-0.0371936
-0.0398827
-0.0425609
-0.0452269
-0.0478812
-0.050524
-0.0531552
-0.0557748
-0.0583829
0.0228303
0.0197507
0.0166851
0.0136336
0.0105962
0.00757275
0.00456328
0.0015678
-0.00141368
-0.00438117
-0.00733466
-0.0102741
-0.0131996
-0.0161111
-0.0190084
-0.0218917
-0.0247607
-0.0276152
-0.0304547
-0.0332786
-0.0360858
-0.0389038
-0.0416969
-0.0444691
-0.0472278
-0.0499743
-0.0527081
-0.0554287
-0.058136
-0.0608303
0.023679
0.0204492
0.0172358
0.0140391
0.010859
0.00769523
0.0045479
0.00141696
-0.00169758
-0.00479576
-0.00787759
-0.0109431
-0.0139923
-0.0170252
-0.0200418
-0.0230421
-0.026026
-0.0289937
-0.031945
-0.0348802
-0.0377981
-0.0407096
-0.0436014
-0.0464744
-0.049332
-0.052175
-0.055003
-0.0578159
-0.0606137
-0.0633966
0.0211806
0.0178104
0.0144597
0.0111282
0.00781584
0.00452255
0.00124834
-0.00200685
-0.00524304
-0.0084603
-0.0116587
-0.0148382
-0.0179989
-0.0211409
-0.0242641
-0.0273685
-0.0304542
-0.0335211
-0.036569
-0.0395951
-0.0426103
-0.045608
-0.0485867
-0.0515469
-0.0544895
-0.0574148
-0.0603229
-0.0632138
-0.0660878
0.0219475
0.0184108
0.0148966
0.0114046
0.00793471
0.00448686
0.00106103
-0.00234283
-0.00572481
-0.00908497
-0.0124234
-0.0157402
-0.0190355
-0.0223093
-0.0255616
-0.0287925
-0.0320016
-0.0351884
-0.0383529
-0.0414899
-0.044616
-0.0477256
-0.0508137
-0.0538797
-0.056925
-0.0599505
-0.0629564
-0.0659429
-0.06891
0.0227525
0.019039
0.0153512
0.011689
0.00805208
0.00444049
0.000854179
-0.00270693
-0.00624292
-0.0097539
-0.01324
-0.0167013
-0.0201382
-0.0235507
-0.0269392
-0.0303039
-0.0336447
-0.0369594
-0.0402451
-0.0434855
-0.0467251
-0.0499536
-0.0531569
-0.0563332
-0.0594852
-0.0626145
-0.0657215
-0.0688062
-0.0718689
0.0235989
0.0196974
0.0158254
0.0119824
0.00816838
0.00438323
0.000626934
-0.00310056
-0.00679936
-0.0104695
-0.0141112
-0.0177246
-0.0213099
-0.0248674
-0.0283978
-0.0319027
-0.0353854
-0.0388514
-0.0423082
-0.0456276
-0.0489756
-0.0523197
-0.0556355
-0.0589222
-0.0621827
-0.0654179
-0.0686277
-0.0718125
-0.0749724
0.02449
0.0203889
0.0163211
0.0122862
0.00828419
0.00431495
0.000378506
-0.00352521
-0.00739626
-0.0112347
-0.0150407
-0.0188142
-0.0225552
-0.0262637
-0.0299392
-0.0335804
-0.0371842
-0.0407453
-0.0442557
-0.0478528
-0.0513676
-0.054823
-0.0582482
-0.0616485
-0.0650214
-0.0683654
-0.0716806
-0.0749676
-0.0782267
0.0254298
0.0211165
0.0168406
0.012602
0.00840035
0.00423578
0.000108268
-0.00398222
-0.00803576
-0.0120524
-0.0160322
-0.0199753
-0.0238817
-0.0277513
-0.0315841
-0.0353802
-0.0391397
-0.0428647
-0.0465538
-0.0502354
-0.0538641
-0.0574475
-0.0609984
-0.064519
-0.0680076
-0.0714635
-0.0748871
-0.0782787
-0.0816389
0.0264226
0.0218837
0.0173868
0.0129316
0.00851802
0.00414608
-0.000184146
-0.00447269
-0.00871961
-0.012925
-0.0170889
-0.0212114
-0.0252927
-0.029333
-0.0333322
-0.0372906
-0.0412078
-0.0450838
-0.0489115
-0.0527179
-0.056485
-0.060209
-0.0638929
-0.0675388
-0.0711476
-0.0747192
-0.0782543
-0.0817531
-0.0852163
0.0274733
0.0226946
0.0179628
0.0132774
0.00863865
0.00404651
-0.000498881
-0.00499751
-0.00944939
-0.0138546
-0.0182132
-0.0225253
-0.0267912
-0.031011
-0.0351851
-0.0393137
-0.0433956
-0.0474295
-0.0513986
-0.0553483
-0.0592617
-0.0631272
-0.0669456
-0.0707201
-0.0744524
-0.0781429
-0.0817918
-0.0853999
-0.0889676
0.0285873
0.0235537
0.018572
0.0136421
0.00876403
0.00393796
-0.000835898
-0.00555747
-0.0102267
-0.0148436
-0.0194082
-0.0239205
-0.0283809
-0.0327895
-0.0371473
-0.0414557
-0.0457169
-0.049934
-0.0540419
-0.0581399
-0.0622011
-0.066209
-0.0701648
-0.0740718
-0.0779312
-0.0817433
-0.0855086
-0.0892277
-0.0929014
0.0297704
0.0244659
0.0192187
0.0140288
0.00889632
0.00382165
-0.00119494
-0.00615325
-0.0110531
-0.0158945
-0.0206773
-0.0254014
-0.0300668
-0.0346734
-0.0392211
-0.0437095
-0.048138
-0.0525041
-0.0568315
-0.0611031
-0.0653121
-0.0694634
-0.0735606
-0.0776042
-0.081594
-0.0855304
-0.0894142
-0.0932461
-0.0970269
0.0310292
0.0254368
0.0199074
0.014441
0.00903811
0.00369915
-0.00157542
-0.00678528
-0.0119302
-0.0170099
-0.0220243
-0.0269731
-0.0318561
-0.0366728
-0.0414224
-0.0461033
-0.0507139
-0.0552456
-0.0597804
-0.0642271
-0.068594
-0.0728975
-0.0771419
-0.0813262
-0.08545
-0.0895138
-0.0935185
-0.0974647
-0.101354
0.032371
0.0264727
0.0206433
0.0148831
0.00919253
0.00357253
-0.00197634
-0.00745362
-0.0128589
-0.0181919
-0.0234522
-0.0286398
-0.0337544
-0.0387956
-0.0437627
-0.0486533
-0.053467
-0.0581916
-0.0628881
-0.067511
-0.0720521
-0.0765192
-0.0809173
-0.0852474
-0.0895094
-0.0937038
-0.0978317
-0.101894
-0.105892
0.0338035
0.0275805
0.0214323
0.0153596
0.00936323
0.00344434
-0.00239627
-0.0081579
-0.0138399
-0.0194419
-0.0249634
-0.0304043
-0.0357648
-0.0410453
-0.0462464
-0.0513645
-0.0563925
-0.0612839
-0.0661599
-0.0709757
-0.0757008
-0.0803387
-0.0848973
-0.0893786
-0.0937831
-0.0981116
-0.102365
-0.106545
-0.110652
0.0353356
0.0287678
0.022281
0.0158761
0.00955451
0.00331766
-0.00283332
-0.00889745
-0.0148738
-0.0207616
-0.02656
-0.0322688
-0.0378878
-0.0434184
-0.0488663
-0.0542453
-0.0595824
-0.0646064
-0.0696651
-0.0746655
-0.0795672
-0.0843767
-0.0890993
-0.0937356
-0.0982856
-0.10275
-0.107131
-0.111429
-0.115646
0.0369767
0.0300432
0.0231967
0.0164388
0.00977131
0.00319618
-0.00328514
-0.00967126
-0.0159609
-0.0221529
-0.0282459
-0.0342388
-0.0401298
-0.0459156
-0.0515879
-0.0571312
-0.062511
-0.0680547
-0.0733915
-0.0785711
-0.0836507
-0.0886397
-0.0935333
-0.0983295
-0.103029
-0.107633
-0.112143
-0.116561
-0.120887
0.0387372
0.031416
0.0241877
0.0170546
0.0100194
0.00308441
-0.00374852
-0.0104775
-0.0171009
-0.0236171
-0.0300247
-0.036322
-0.0425073
-0.0485784
-0.0545311
-0.0603665
-0.0660658
-0.0717487
-0.0772835
-0.0826783
-0.0879621
-0.0931409
-0.0982116
-0.103173
-0.108027
-0.112774
-0.117415
-0.121953
-0.126389
0.0406297
0.0328978
0.0252643
0.0177328
0.0103066
0.0029886
-0.00421874
-0.011313
-0.0182921
-0.025154
-0.031897
-0.0385198
-0.0450214
-0.0514015
-0.0576578
-0.063787
-0.0697083
-0.0756002
-0.0813778
-0.0870114
-0.0925132
-0.0978919
-0.103148
-0.108282
-0.113294
-0.118188
-0.122963
-0.127622
-0.132166
0.0426604
0.0344934
0.0264301
0.0184753
0.0106331
0.00290716
-0.00469912
-0.0121827
-0.0195409
-0.0267712
-0.0338714
-0.0408395
-0.0476736
-0.0543744
-0.0609501
-0.0674205
-0.073587
-0.0797319
-0.08575
-0.0916136
-0.0973353
-0.10292
-0.108368
-0.113679
-0.118855
-0.123896
-0.128806
-0.133585
-0.138236
0.044833
0.0362075
0.0276905
0.019288
0.0110052
0.00284665
-0.00518322
-0.0130806
-0.0208419
-0.0284643
-0.035945
-0.0432809
-0.050467
-0.0574898
-0.0643258
-0.0709159
-0.0776399
-0.0841164
-0.0903774
-0.0964785
-0.102432
-0.108234
-0.113881
-0.119376
-0.12472
-0.129914
-0.13496
-0.13986
-0.144616
0.0473507
0.0382331
0.0292285
0.0203441
0.0115863
0.00296088
-0.00552659
-0.0138712
-0.0220685
-0.0301149
-0.0380077
-0.0457453
-0.0533274
-0.0607473
-0.0679944
-0.0749468
-0.0818945
-0.0886511
-0.0951978
-0.101568
-0.107771
-0.113804
-0.119664
-0.125354
-0.130875
-0.136228
-0.141416
-0.14644
-0.151303
0.049572
0.0399506
0.0304449
0.0210641
0.0118167
0.0027102
-0.00624818
-0.015052
-0.0236953
-0.0321729
-0.0404806
-0.0486169
-0.0565872
-0.0644084
-0.0721215
-0.0793585
-0.0865876
-0.0936353
-0.100465
-0.107099
-0.113544
-0.119799
-0.125862
-0.131736
-0.137422
-0.142921
-0.148236
-0.15337
-0.158324
-0.0216976
-0.022715
-0.0237313
-0.0247464
-0.0257601
-0.0267724
-0.0277832
-0.0287922
-0.0297996
-0.0308051
-0.0318087
-0.0328102
-0.0338096
-0.0348067
-0.0358015
-0.0367939
-0.0377838
-0.038771
-0.0217569
-0.022782
-0.023806
-0.0248287
-0.0258501
-0.0268699
-0.0278882
-0.0289047
-0.0299194
-0.0309321
-0.0319427
-0.032951
-0.0339571
-0.0349607
-0.0359618
-0.0369602
-0.0379558
-0.0389485
-0.0218928
-0.0229257
-0.0239575
-0.0249879
-0.026017
-0.0270445
-0.0280703
-0.0290943
-0.0301164
-0.0311363
-0.0321541
-0.0331696
-0.0341826
-0.0351931
-0.0362009
-0.0372058
-0.0382079
-0.0392069
-0.0220786
-0.0231227
-0.0241657
-0.0252073
-0.0262475
-0.0272861
-0.028323
-0.029358
-0.030391
-0.0314218
-0.0324504
-0.0334766
-0.0345001
-0.035521
-0.0365391
-0.0375543
-0.0385663
-0.0223279
-0.0233851
-0.0244411
-0.0254958
-0.0265489
-0.0276005
-0.0286502
-0.0296981
-0.0307438
-0.0317873
-0.0328284
-0.033867
-0.0349029
-0.035936
-0.0369662
-0.0379933
-0.0390172
-0.0226288
-0.0237014
-0.0247727
-0.0258428
-0.0269113
-0.0279782
-0.0290432
-0.0301062
-0.0311671
-0.0322257
-0.0332818
-0.0343353
-0.0353861
-0.0364339
-0.0374787
-0.0385203
-0.0395586
-0.0229848
-0.0240749
-0.0251637
-0.0262513
-0.0273372
-0.0284215
-0.0295038
-0.0305841
-0.0316623
-0.032738
-0.0338112
-0.0348817
-0.0359494
-0.037014
-0.0380756
-0.0391338
-0.0401886
-0.0233919
-0.0245016
-0.0256101
-0.0267172
-0.0278227
-0.0289264
-0.0300282
-0.031128
-0.0322254
-0.0333205
-0.0344129
-0.0355026
-0.0365893
-0.037673
-0.0387534
-0.0398305
-0.0409039
-0.0238506
-0.024982
-0.0261121
-0.0272408
-0.0283679
-0.0294932
-0.0306165
-0.0317377
-0.0328566
-0.033973
-0.0350867
-0.0361976
-0.0373055
-0.0384103
-0.0395117
-0.0406096
-0.0417039
-0.0243596
-0.0255147
-0.0266685
-0.0278208
-0.0289715
-0.0301204
-0.0312673
-0.032412
-0.0335544
-0.0346941
-0.0358312
-0.0369654
-0.0380965
-0.0392244
-0.0403489
-0.0414698
-0.042587
-0.0249189
-0.0260997
-0.0272792
-0.0284572
-0.0296336
-0.030808
-0.0319805
-0.0331507
-0.0343185
-0.0354837
-0.0366461
-0.0378056
-0.0389619
-0.040115
-0.0412645
-0.0424105
-0.0435526
-0.0255284
-0.0267369
-0.0279441
-0.0291497
-0.0303537
-0.0315558
-0.0327558
-0.0339535
-0.0351487
-0.0363413
-0.0375311
-0.0387178
-0.0399014
-0.0410816
-0.0422583
-0.0434313
-0.0446004
-0.0261882
-0.0274265
-0.0286633
-0.0298987
-0.0311322
-0.0323639
-0.0335934
-0.0348206
-0.0360453
-0.0372672
-0.0384863
-0.0397024
-0.0409152
-0.0421245
-0.0433303
-0.0445323
-0.0457304
-0.0268989
-0.0281688
-0.0294374
-0.0307043
-0.0319695
-0.0332327
-0.0344937
-0.0357524
-0.0370085
-0.0382618
-0.0395122
-0.0407595
-0.0420035
-0.043244
-0.0444808
-0.0457138
-0.0469429
-0.0276609
-0.0289646
-0.0302668
-0.0315674
-0.0328662
-0.0341629
-0.0354574
-0.0367495
-0.038039
-0.0393256
-0.0406093
-0.0418898
-0.0431669
-0.0444406
-0.0457105
-0.0469765
-0.0482385
-0.0284752
-0.0298146
-0.0311526
-0.0324888
-0.0338232
-0.0351554
-0.0364854
-0.0378129
-0.0391377
-0.0404596
-0.0417785
-0.0430942
-0.0444065
-0.0457151
-0.04702
-0.048321
-0.0496179
-0.0293427
-0.0307199
-0.0320956
-0.0334695
-0.0348415
-0.0362112
-0.0375787
-0.0389435
-0.0403056
-0.0416649
-0.0430209
-0.0443737
-0.0457231
-0.0470687
-0.0484106
-0.0497485
-0.0510822
-0.0302646
-0.0316817
-0.0330971
-0.0345107
-0.0359223
-0.0373316
-0.0387384
-0.0401427
-0.0415441
-0.0429425
-0.0443378
-0.0457296
-0.047118
-0.0485026
-0.0498834
-0.0512601
-0.0526326
-0.0312426
-0.0327016
-0.0341588
-0.0356141
-0.0370672
-0.038518
-0.0399663
-0.0414119
-0.0428545
-0.0442942
-0.0457305
-0.0471634
-0.0485927
-0.0500183
-0.0514398
-0.0528573
-0.0542706
-0.0322781
-0.033781
-0.035282
-0.036781
-0.0382777
-0.039772
-0.0412637
-0.0427526
-0.0442386
-0.0457213
-0.0472007
-0.0486766
-0.0501488
-0.0516172
-0.0530815
-0.0545417
-0.0559975
-0.0333723
-0.0349213
-0.0364683
-0.0380131
-0.0395555
-0.0410954
-0.0426325
-0.0441668
-0.0456979
-0.0472258
-0.0487502
-0.050271
-0.051788
-0.0533011
-0.0548101
-0.0563149
-0.0578153
-0.0345272
-0.0361245
-0.0377196
-0.0393123
-0.0409025
-0.04249
-0.0440746
-0.0456562
-0.0472345
-0.0488095
-0.0503809
-0.0519485
-0.0535123
-0.0550721
-0.0566276
-0.0581789
-0.0597257
-0.0357453
-0.0373929
-0.0390381
-0.0406809
-0.0423209
-0.0439581
-0.0455922
-0.0472231
-0.0488506
-0.0504746
-0.0520949
-0.0537113
-0.0553238
-0.056932
-0.058536
-0.0601356
-0.0617306
-0.0370284
-0.0387286
-0.0404262
-0.042121
-0.043813
-0.0455018
-0.0471875
-0.0488697
-0.0505484
-0.0522233
-0.0538944
-0.0555616
-0.0572245
-0.0588832
-0.0605375
-0.0621872
-0.0638323
-0.0383791
-0.040134
-0.0418861
-0.0436352
-0.0453811
-0.0471238
-0.0488629
-0.0505985
-0.0523303
-0.0540581
-0.055782
-0.0575016
-0.059217
-0.0609279
-0.0626343
-0.0643359
-0.0660328
-0.0398
-0.0416119
-0.0434206
-0.045226
-0.047028
-0.0488265
-0.0506212
-0.052412
-0.0541988
-0.0559816
-0.05776
-0.0595341
-0.0613036
-0.0630685
-0.0648287
-0.0665841
-0.0683345
-0.0412938
-0.0431648
-0.0450324
-0.0468963
-0.0487565
-0.0506127
-0.052465
-0.0543131
-0.0561569
-0.0579963
-0.0598312
-0.0616614
-0.0634869
-0.0653076
-0.0671234
-0.068934
-0.0707396
-0.0428633
-0.0447958
-0.0467243
-0.0486489
-0.0505693
-0.0524854
-0.0543972
-0.0563045
-0.0582071
-0.0601051
-0.0619982
-0.0638864
-0.0657696
-0.0676478
-0.0695207
-0.0713883
-0.0732507
-0.0445122
-0.0465082
-0.0484999
-0.0504871
-0.0524698
-0.0544478
-0.056421
-0.0583893
-0.0603527
-0.062311
-0.0642641
-0.066212
-0.0681545
-0.0700917
-0.0720234
-0.0739495
-0.0758701
-0.0462433
-0.0483051
-0.0503621
-0.0524141
-0.0544611
-0.0565029
-0.0585395
-0.0605707
-0.0625966
-0.0646169
-0.0666317
-0.0686409
-0.0706444
-0.0726421
-0.074634
-0.0766201
-0.0786003
-0.0480599
-0.0501898
-0.0523143
-0.0544332
-0.0565465
-0.0586541
-0.060756
-0.062852
-0.0649421
-0.0670262
-0.0691043
-0.0711763
-0.0732422
-0.0753019
-0.0773554
-0.0794027
-0.0814438
-0.0499655
-0.0521659
-0.0543601
-0.056548
-0.0587297
-0.0609051
-0.063074
-0.0652365
-0.0673925
-0.069542
-0.0716849
-0.0738212
-0.0759509
-0.0780739
-0.0801903
-0.0823001
-0.0844032
-0.0519645
-0.0542375
-0.0565036
-0.0587626
-0.0610146
-0.0632594
-0.0654972
-0.0677279
-0.0699514
-0.0721677
-0.0743769
-0.0765788
-0.0787736
-0.0809611
-0.0831415
-0.0853147
-0.0874808
-0.0540609
-0.0564088
-0.0587487
-0.0610808
-0.0634049
-0.0657212
-0.0680295
-0.0703299
-0.0726224
-0.0749069
-0.0771836
-0.0794524
-0.0817134
-0.0839665
-0.0862118
-0.0884493
-0.0906791
-0.0562591
-0.0586839
-0.0610998
-0.0635069
-0.065905
-0.0682943
-0.0706747
-0.0730464
-0.0754092
-0.0777633
-0.0801086
-0.0824453
-0.0847734
-0.0870929
-0.0894039
-0.0917064
-0.0940006
-0.0585636
-0.0610676
-0.0635614
-0.0660453
-0.0685192
-0.0709831
-0.0734371
-0.0758813
-0.0783157
-0.0807403
-0.0831554
-0.0855608
-0.0879568
-0.0903433
-0.0927205
-0.0950885
-0.0974474
-0.0609795
-0.0635646
-0.0661383
-0.0687007
-0.0712519
-0.0737919
-0.0763208
-0.0788387
-0.0813457
-0.0838419
-0.0863274
-0.0888023
-0.0912667
-0.0937207
-0.0961645
-0.0985981
-0.101022
-0.0635115
-0.0661797
-0.0688352
-0.0714778
-0.0741078
-0.0767252
-0.0793302
-0.0819229
-0.0845034
-0.0870719
-0.0896284
-0.0921731
-0.0947063
-0.0972279
-0.0997382
-0.102237
-0.104726
-0.0661647
-0.0689182
-0.071657
-0.0743815
-0.0770917
-0.0797878
-0.0824699
-0.0851382
-0.0877928
-0.090434
-0.0930619
-0.0956767
-0.0982786
-0.100868
-0.103444
-0.106009
-0.108561
-0.0689449
-0.0717854
-0.0746094
-0.0774171
-0.0802087
-0.0829844
-0.0857444
-0.0884889
-0.0912182
-0.0939323
-0.0966316
-0.0993163
-0.101987
-0.104643
-0.107285
-0.109914
-0.112529
-0.0718581
-0.0747873
-0.0776979
-0.0805901
-0.0834641
-0.0863202
-0.0891587
-0.0919798
-0.0947837
-0.0975708
-0.100341
-0.103095
-0.105834
-0.108556
-0.111263
-0.113955
-0.116632
-0.07491
-0.0779296
-0.0809282
-0.083906
-0.0868633
-0.0898004
-0.0927177
-0.0956154
-0.0984938
-0.101353
-0.104194
-0.107017
-0.109822
-0.112609
-0.11538
-0.118133
-0.12087
-0.0781079
-0.0812193
-0.0843069
-0.087371
-0.0904121
-0.0934304
-0.0964264
-0.0994005
-0.102353
-0.105284
-0.108195
-0.111085
-0.113955
-0.116805
-0.119637
-0.12245
-0.125244
-0.0814582
-0.0846625
-0.08784
-0.0909912
-0.0941163
-0.0972158
-0.10029
-0.10334
-0.106365
-0.109367
-0.112346
-0.115301
-0.118235
-0.121146
-0.124036
-0.126906
-0.0849679
-0.0882663
-0.0915345
-0.0947729
-0.097982
-0.101162
-0.104314
-0.107439
-0.110536
-0.113606
-0.116651
-0.11967
-0.122664
-0.125633
-0.128579
-0.131502
-0.0886443
-0.0920377
-0.095397
-0.0987228
-0.102016
-0.105276
-0.108505
-0.111702
-0.114869
-0.118006
-0.121114
-0.124193
-0.127244
-0.130269
-0.133267
-0.136239
-0.0924957
-0.0959847
-0.0994353
-0.102848
-0.106224
-0.109563
-0.112866
-0.116135
-0.119369
-0.12257
-0.125738
-0.128874
-0.131979
-0.135053
-0.138099
-0.141115
-0.0965304
-0.100115
-0.103657
-0.107156
-0.110613
-0.11403
-0.117406
-0.120743
-0.124041
-0.127302
-0.130526
-0.133715
-0.136869
-0.139989
-0.143076
-0.146132
-0.100757
-0.104438
-0.10807
-0.111654
-0.115192
-0.118683
-0.122129
-0.125531
-0.12889
-0.132207
-0.135483
-0.138719
-0.141916
-0.145076
-0.148199
-0.151286
-0.105186
-0.108962
-0.112684
-0.116352
-0.119967
-0.12353
-0.127043
-0.130506
-0.133921
-0.137289
-0.140611
-0.143888
-0.147122
-0.150314
-0.153466
-0.156578
-0.109825
-0.113697
-0.117506
-0.121256
-0.124946
-0.128578
-0.132153
-0.135673
-0.139139
-0.142552
-0.145914
-0.149226
-0.152489
-0.155706
-0.158878
-0.162006
-0.114687
-0.118652
-0.122548
-0.126376
-0.130138
-0.133835
-0.137468
-0.141039
-0.14455
-0.148001
-0.151396
-0.154734
-0.158019
-0.161251
-0.164433
-0.167567
-0.119782
-0.12384
-0.12782
-0.131724
-0.135553
-0.13931
-0.142995
-0.146611
-0.150159
-0.153642
-0.15706
-0.160415
-0.163711
-0.166949
-0.17013
-0.173257
-0.125123
-0.129271
-0.133332
-0.137308
-0.1412
-0.145011
-0.148742
-0.152396
-0.155974
-0.159478
-0.16291
-0.166272
-0.169568
-0.172798
-0.175966
-0.179074
-0.130723
-0.134959
-0.139097
-0.143141
-0.14709
-0.150949
-0.154719
-0.158401
-0.161999
-0.165514
-0.16895
-0.172307
-0.17559
-0.178799
-0.181939
-0.185012
-0.136597
-0.140917
-0.145129
-0.149233
-0.153234
-0.157132
-0.160931
-0.164633
-0.16824
-0.171755
-0.17518
-0.178519
-0.181774
-0.184948
-0.188043
-0.191064
-0.142761
-0.147161
-0.15144
-0.155599
-0.159641
-0.16357
-0.167387
-0.171096
-0.174698
-0.178199
-0.181599
-0.184903
-0.188113
-0.191232
-0.194265
-0.197214
-0.149231
-0.153706
-0.158046
-0.162251
-0.166327
-0.170274
-0.174097
-0.177799
-0.181383
-0.184852
-0.18821
-0.191459
-0.194604
-0.197647
-0.200592
-0.203444
-0.156007
-0.160556
-0.164952
-0.169199
-0.1733
-0.177259
-0.181078
-0.184763
-0.188315
-0.19174
-0.19504
-0.198219
-0.201281
-0.204228
-0.207065
-0.209793
-0.163103
-0.16771
-0.172148
-0.17642
-0.180532
-0.184487
-0.188289
-0.191943
-0.195453
-0.198823
-0.202057
-0.205159
-0.208133
-0.210983
-0.213711
-0.216321
)
;

boundaryField
{
    inlet
    {
        type            zeroGradient;
    }
    outlet
    {
        type            fixedValue;
        value           nonuniform 0();
    }
    cylinder
    {
        type            zeroGradient;
    }
    top
    {
        type            symmetryPlane;
    }
    bottom
    {
        type            symmetryPlane;
    }
    defaultFaces
    {
        type            empty;
    }
    procBoundary1to0
    {
        type            processor;
        value           nonuniform List<scalar> 
261
(
0.0721867
0.0606227
0.0721867
0.0758233
0.0758233
0.0798368
0.0798368
0.0845247
0.0845247
0.0968193
0.102238
0.102238
0.107719
0.107719
0.121603
0.12796
0.12796
0.142719
0.14998
0.14998
0.157284
0.157284
0.173799
0.182011
0.182011
0.199415
0.216748
0.226789
0.226789
0.244918
0.255848
0.255848
0.274708
0.286491
0.286491
0.305985
0.325177
0.338618
0.338618
0.358225
0.377409
0.39234
0.39234
0.411653
0.430414
0.448584
0.465174
0.465174
0.483015
0.500131
0.516491
0.53206
0.549382
0.549382
0.563988
0.577676
0.590418
0.602189
0.612964
0.622723
0.631445
0.639113
0.652217
0.652217
0.657963
0.66257
0.666028
0.668329
0.66947
0.669447
0.668261
0.665915
0.662411
0.657759
0.651967
0.651967
0.638827
0.631115
0.622348
0.612545
0.601724
0.589908
0.57712
0.563386
0.548734
0.548734
0.531393
0.515778
0.499373
0.48221
0.464323
0.464323
0.447725
0.429509
0.410703
0.410703
0.395182
0.376413
0.357184
0.337532
0.337532
0.324096
0.30486
0.285322
0.285322
0.273546
0.254644
0.254644
0.243724
0.225553
0.225553
0.215522
0.198149
0.180706
0.180706
0.172507
0.172507
0.164332
0.148663
0.148663
0.141414
0.12662
0.12662
0.120278
0.106359
0.106359
0.100894
0.100894
0.0954897
0.0954897
0.090148
0.0784915
0.0784915
0.0744971
0.0744971
0.0708805
0.0708805
0.0592986
0.0606227
0.0578882
0.0548668
0.0522228
0.0497427
0.0474233
0.0452575
0.0432319
0.0413354
0.0395574
0.0378884
0.0363196
0.0348427
0.0334504
0.0321356
0.0308923
0.0297145
0.0285972
0.0275356
0.0265254
0.0255629
0.0246446
0.0237674
0.0229285
0.0221255
0.0213561
0.0206185
0.0199108
0.0192316
0.0185795
0.0179532
0.0179532
0.0194153
0.0187542
0.018121
0.0175144
0.0169337
0.016378
0.0158465
0.0153386
0.0148537
0.0143912
0.0139506
0.0135315
0.0131335
0.0127562
0.0123995
0.0120629
0.0117464
0.0114498
0.011173
0.0109159
0.0106785
0.010461
0.0102634
0.0100864
0.00992948
0.00979514
0.00967939
0.00959512
0.00951336
0.0107926
0.0108684
0.0109482
0.0110578
0.0111856
0.0113353
0.0115048
0.0106391
0.0106391
0.0108295
0.0110375
0.0112631
0.0115066
0.011768
0.0120479
0.0123464
0.012664
0.0130011
0.0133582
0.0137358
0.0141345
0.0145549
0.0149975
0.0154632
0.0159527
0.0164667
0.0170063
0.0175723
0.0181657
0.0187878
0.0194396
0.0201226
0.0208382
0.0215882
0.0223742
0.0231984
0.0240629
0.0249701
0.0259229
0.0269243
0.02457
0.02457
0.0255064
0.0264916
0.0275294
0.0286241
0.0297804
0.0310033
0.0322986
0.0336725
0.0351319
0.0366843
0.0383377
0.0401009
0.0419837
0.0439963
0.0461498
0.0484578
0.0509273
0.0535613
0.0565737
0.0592986
)
;
    }
    procBoundary1to2
    {
        type            processor;
        value           nonuniform List<scalar> 
200
(
-0.291473
-0.292898
-0.292898
-0.293936
-0.293936
-0.294458
-0.296885
-0.296885
-0.296901
-0.296901
-0.296532
-0.296532
-0.295862
-0.295862
-0.294955
-0.294955
-0.293822
-0.293822
-0.292382
-0.292382
-0.290443
-0.290443
-0.287704
-0.287704
-0.282571
-0.277779
-0.277779
-0.271451
-0.271451
-0.263581
-0.263581
-0.255359
-0.245593
-0.245593
-0.234847
-0.234847
-0.226339
-0.215821
-0.237899
-0.229396
-0.218816
-0.237899
-0.248681
-0.26667
-0.248681
-0.258466
-0.26667
-0.274538
-0.286861
-0.274538
-0.28085
-0.286861
-0.290725
-0.290725
-0.293431
-0.293431
-0.295338
-0.295338
-0.296751
-0.296751
-0.297867
-0.297867
-0.298766
-0.298766
-0.299435
-0.299435
-0.299809
-0.299809
-0.299802
-0.299802
-0.299315
-0.299315
-0.296852
-0.295824
-0.295824
-0.294409
-0.215821
-0.20945
-0.203276
-0.197195
-0.191167
-0.185221
-0.179377
-0.173641
-0.173641
-0.171003
-0.165508
-0.160129
-0.15487
-0.149736
-0.144729
-0.139853
-0.13511
-0.130501
-0.126028
-0.12169
-0.117489
-0.113422
-0.109491
-0.105693
-0.102026
-0.0984898
-0.0950814
-0.091799
-0.0886401
-0.0856023
-0.0826831
-0.0798798
-0.0771898
-0.0746106
-0.0721393
-0.0697736
-0.0675106
-0.0653481
-0.0632834
-0.0613144
-0.0594387
-0.0576542
-0.055959
-0.0543513
-0.0528293
-0.0513917
-0.0500371
-0.0487646
-0.0475732
-0.0475732
-0.0476422
-0.0465851
-0.0456103
-0.0447182
-0.0439094
-0.0431855
-0.0425475
-0.0419983
-0.0415409
-0.0411754
-0.0409192
-0.0407399
-0.0397556
-0.0399383
-0.0402028
-0.0395752
-0.0395752
-0.0400377
-0.0405934
-0.0412397
-0.0419737
-0.0427944
-0.0437003
-0.0446908
-0.0457655
-0.0469244
-0.0481678
-0.0494962
-0.0509105
-0.0524116
-0.0540008
-0.0556794
-0.0574489
-0.0593111
-0.0612678
-0.0633209
-0.0654725
-0.0677248
-0.0700798
-0.07254
-0.0751076
-0.077785
-0.0805745
-0.0834786
-0.0864996
-0.0896397
-0.0929013
-0.0962865
-0.0997972
-0.103436
-0.107203
-0.111101
-0.115131
-0.119294
-0.123591
-0.128021
-0.129755
-0.129755
-0.134403
-0.139186
-0.144105
-0.149157
-0.15434
-0.159653
-0.165092
-0.170654
-0.176333
-0.182124
-0.18802
-0.194013
-0.200083
-0.206205
-0.212417
-0.218816
)
;
    }
}


// ************************************************************************* //
