/*--------------------------------*- C++ -*----------------------------------*\
  =========                 |
  \\      /  F ield         | OpenFOAM: The Open Source CFD Toolbox
   \\    /   O peration     | Website:  https://openfoam.org
    \\  /    A nd           | Version:  7
     \\/     M anipulation  |
\*---------------------------------------------------------------------------*/
FoamFile
{
    version     2.0;
    format      ascii;
    class       volScalarField;
    location    "25";
    object      p;
}
// * * * * * * * * * * * * * * * * * * * * * * * * * * * * * * * * * * * * * //

dimensions      [0 2 -2 0 0 0 0];

internalField   nonuniform List<scalar> 
8500
(
0.0461106
0.0497353
0.0565772
0.0537375
0.0607846
0.0670979
0.0584161
0.0653823
0.0718998
0.077643
0.0707307
0.0771019
0.0830639
0.0881818
0.0761416
0.0831211
0.0888848
0.0942683
0.0986933
0.0816138
0.0892682
0.095573
0.100727
0.105511
0.109113
0.0955202
0.102459
0.108079
0.112639
0.116763
0.119201
0.10187
0.10949
0.115701
0.12064
0.124635
0.127929
0.128637
0.116651
0.123504
0.128982
0.133261
0.136695
0.138909
0.137731
0.123907
0.131466
0.137543
0.142288
0.145921
0.148731
0.149619
0.148505
0.131204
0.139562
0.146292
0.151585
0.155597
0.158572
0.160715
0.160784
0.160035
0.147744
0.155213
0.161105
0.16561
0.168887
0.171187
0.172647
0.172079
0.171303
0.155951
0.164264
0.170835
0.175883
0.179595
0.182133
0.183747
0.184533
0.183402
0.182409
0.17338
0.180734
0.186403
0.190602
0.193516
0.195312
0.196233
0.196353
0.194674
0.193354
0.190739
0.197129
0.201891
0.205237
0.207352
0.208402
0.208626
0.208082
0.205853
0.204131
0.200777
0.207998
0.213422
0.217274
0.219766
0.22108
0.221382
0.220906
0.219699
0.216911
0.21474
0.218933
0.225128
0.229584
0.232527
0.234165
0.234678
0.234232
0.233054
0.231183
0.227829
0.225175
0.229861
0.23693
0.2421
0.24559
0.247625
0.24841
0.248124
0.246931
0.245051
0.242517
0.238591
0.235432
0.248748
0.254737
0.258885
0.261412
0.262542
0.262479
0.261397
0.259459
0.256879
0.253683
0.249184
0.245504
0.260531
0.267409
0.272322
0.275454
0.277025
0.277256
0.276349
0.274476
0.271797
0.268521
0.264666
0.259594
0.255382
0.280053
0.28581
0.289656
0.291778
0.2924
0.29174
0.289997
0.28734
0.283927
0.27996
0.275451
0.269809
0.265059
0.299273
0.303918
0.306706
0.307831
0.307514
0.305973
0.303402
0.29997
0.29583
0.291178
0.286023
0.279817
0.274525
0.312714
0.318155
0.321701
0.323445
0.323584
0.32234
0.319929
0.316542
0.312345
0.307488
0.302161
0.296368
0.289605
0.28377
0.33235
0.336665
0.339127
0.339841
0.339009
0.336854
0.333587
0.329397
0.324446
0.318884
0.312891
0.30647
0.29916
0.292784
0.351562
0.354768
0.356164
0.355867
0.354082
0.351031
0.346923
0.341944
0.336254
0.329999
0.323353
0.316317
0.30847
0.301557
0.366498
0.370315
0.372432
0.372782
0.371494
0.368775
0.364846
0.359915
0.354165
0.347751
0.340818
0.333531
0.325894
0.317523
0.310078
0.385839
0.388572
0.389624
0.388951
0.386694
0.383063
0.378278
0.372543
0.366039
0.358919
0.351323
0.343412
0.335187
0.326305
0.318335
0.404628
0.406301
0.406313
0.404643
0.401441
0.396921
0.391302
0.384785
0.377547
0.369739
0.361498
0.352979
0.344184
0.334805
0.32632
0.422827
0.423467
0.422467
0.419827
0.415709
0.410326
0.403897
0.39662
0.38867
0.380194
0.371328
0.362219
0.352871
0.34301
0.334021
0.439425
0.440401
0.440039
0.438057
0.434479
0.429472
0.423254
0.416041
0.408029
0.39939
0.390268
0.380797
0.371117
0.361235
0.35091
0.341428
0.457294
0.457316
0.455984
0.453054
0.44857
0.442707
0.435683
0.427714
0.418993
0.409689
0.399946
0.38989
0.37966
0.369264
0.358492
0.348531
0.474438
0.473541
0.471274
0.467432
0.462075
0.455389
0.447591
0.438895
0.429493
0.419552
0.40921
0.398594
0.387835
0.376946
0.365744
0.355321
0.490825
0.489043
0.485879
0.481162
0.474971
0.467496
0.458957
0.449566
0.439513
0.42896
0.418046
0.406895
0.39563
0.384269
0.372658
0.361788
0.506421
0.503793
0.499773
0.494221
0.487234
0.479007
0.469762
0.459708
0.449034
0.437899
0.426441
0.414778
0.403032
0.391223
0.379221
0.367924
0.523758
0.521197
0.517763
0.512929
0.506584
0.498841
0.489901
0.479986
0.469304
0.458041
0.446355
0.434379
0.422233
0.41003
0.397796
0.385425
0.37372
0.538391
0.535122
0.530926
0.525322
0.518229
0.509772
0.500159
0.489612
0.478338
0.466519
0.454312
0.441849
0.429246
0.416613
0.403978
0.39126
0.379167
0.552105
0.54817
0.543257
0.536929
0.529133
0.520008
0.509763
0.498623
0.486792
0.474453
0.461758
0.448838
0.435807
0.42277
0.40976
0.396716
0.384258
0.564874
0.560315
0.554732
0.547729
0.539278
0.529528
0.518696
0.507003
0.494655
0.48183
0.46868
0.455335
0.441905
0.428492
0.415134
0.401786
0.388986
0.57667
0.571532
0.565329
0.557702
0.548644
0.538318
0.526941
0.514737
0.50191
0.488637
0.475067
0.461329
0.44753
0.433769
0.420089
0.406462
0.393344
0.587471
0.581802
0.575029
0.566828
0.557214
0.546359
0.534484
0.521813
0.508547
0.494863
0.480908
0.46681
0.452673
0.438595
0.42462
0.410736
0.397326
0.597255
0.591102
0.583812
0.575091
0.564973
0.553639
0.541312
0.528216
0.514553
0.500497
0.486194
0.471769
0.457326
0.44296
0.428718
0.414602
0.400927
0.606001
0.599415
0.591661
0.582475
0.571906
0.560143
0.547412
0.533937
0.519919
0.505529
0.490915
0.476198
0.461482
0.446857
0.432377
0.418054
0.40414
0.613693
0.606725
0.598563
0.588966
0.578001
0.56586
0.552774
0.538965
0.524634
0.509952
0.495063
0.480089
0.465133
0.450282
0.435591
0.421086
0.406962
0.626819
0.620315
0.613017
0.604503
0.594553
0.583246
0.57078
0.557387
0.543292
0.528691
0.513756
0.498631
0.483437
0.468273
0.453227
0.438356
0.423694
0.409389
0.632589
0.625854
0.618279
0.60947
0.599225
0.587631
0.574893
0.561245
0.546909
0.532083
0.516937
0.501615
0.486235
0.470898
0.455689
0.440667
0.425874
0.411416
0.63722
0.630298
0.622502
0.613456
0.602973
0.591149
0.578193
0.564339
0.54981
0.534803
0.519488
0.504007
0.488479
0.473004
0.457663
0.44252
0.427621
0.413042
0.640701
0.633639
0.625676
0.616451
0.60579
0.593794
0.580673
0.566664
0.55199
0.536848
0.521406
0.505805
0.490166
0.474585
0.459146
0.443913
0.428935
0.414263
0.643026
0.63587
0.627795
0.618452
0.607671
0.595559
0.582329
0.568217
0.553446
0.538213
0.522685
0.507006
0.491292
0.475642
0.460137
0.444842
0.429811
0.415078
0.64419
0.636987
0.628856
0.619453
0.608612
0.596443
0.583158
0.568994
0.554175
0.538896
0.523326
0.507606
0.491855
0.47617
0.460632
0.445307
0.43025
0.415486
0.64419
0.636987
0.628856
0.619453
0.608612
0.596443
0.583158
0.568994
0.554175
0.538896
0.523326
0.507606
0.491855
0.47617
0.460632
0.445307
0.43025
0.415486
0.643026
0.63587
0.627795
0.618452
0.607671
0.595559
0.582329
0.568217
0.553446
0.538213
0.522686
0.507006
0.491292
0.475642
0.460137
0.444842
0.429811
0.415078
0.640702
0.633639
0.625676
0.616451
0.60579
0.593794
0.580673
0.566665
0.55199
0.536848
0.521406
0.505805
0.490166
0.474585
0.459146
0.443913
0.428935
0.414263
0.63722
0.630298
0.622502
0.613456
0.602973
0.591149
0.578193
0.564339
0.54981
0.534803
0.519488
0.504007
0.488479
0.473004
0.457663
0.44252
0.427621
0.413042
0.63259
0.625854
0.61828
0.60947
0.599225
0.587631
0.574893
0.561245
0.546909
0.532083
0.516937
0.501615
0.486235
0.470898
0.455689
0.440667
0.425874
0.411416
0.626819
0.620315
0.613017
0.604503
0.594553
0.583246
0.57078
0.557388
0.543292
0.528691
0.513757
0.498632
0.483437
0.468273
0.453227
0.438356
0.423694
0.409389
0.613693
0.606725
0.598563
0.588967
0.578001
0.56586
0.552774
0.538966
0.524634
0.509952
0.495063
0.480089
0.465133
0.450282
0.435591
0.421086
0.406962
0.606001
0.599415
0.591661
0.582475
0.571907
0.560143
0.547412
0.533938
0.519919
0.505529
0.490915
0.476198
0.461482
0.446857
0.432377
0.418054
0.40414
0.597255
0.591102
0.583812
0.575091
0.564974
0.553639
0.541312
0.528217
0.514554
0.500497
0.486194
0.471769
0.457326
0.44296
0.428718
0.414602
0.400927
0.587471
0.581802
0.575029
0.566828
0.557215
0.546359
0.534484
0.521813
0.508547
0.494863
0.480909
0.46681
0.452673
0.438595
0.42462
0.410736
0.397326
0.57667
0.571533
0.56533
0.557702
0.548644
0.538318
0.526941
0.514738
0.50191
0.488637
0.475068
0.461329
0.44753
0.43377
0.420089
0.406462
0.393344
0.564874
0.560315
0.554733
0.54773
0.539278
0.529529
0.518696
0.507003
0.494655
0.48183
0.46868
0.455335
0.441905
0.428492
0.415134
0.401786
0.388986
0.552106
0.54817
0.543258
0.53693
0.529134
0.520008
0.509764
0.498623
0.486793
0.474453
0.461758
0.448838
0.435807
0.42277
0.409761
0.396716
0.384258
0.538391
0.535122
0.530927
0.525322
0.518229
0.509773
0.50016
0.489612
0.478338
0.466519
0.454312
0.441849
0.429246
0.416613
0.403978
0.39126
0.379167
0.523758
0.521197
0.517764
0.512929
0.506585
0.498842
0.489901
0.479986
0.469305
0.458041
0.446355
0.434379
0.422233
0.41003
0.397796
0.385425
0.37372
0.506422
0.503794
0.499773
0.494222
0.487234
0.479007
0.469762
0.459709
0.449034
0.4379
0.426441
0.414778
0.403032
0.391223
0.379222
0.367924
0.490825
0.489044
0.48588
0.481163
0.474971
0.467496
0.458957
0.449567
0.439513
0.42896
0.418046
0.406895
0.39563
0.38427
0.372658
0.361789
0.474439
0.473541
0.471275
0.467432
0.462076
0.455389
0.447591
0.438896
0.429494
0.419552
0.40921
0.398594
0.387836
0.376946
0.365745
0.355321
0.457294
0.457317
0.455985
0.453055
0.44857
0.442707
0.435683
0.427714
0.418993
0.40969
0.399946
0.389891
0.37966
0.369264
0.358492
0.348531
0.439425
0.440401
0.440039
0.438057
0.434479
0.429473
0.423255
0.416041
0.408029
0.39939
0.390269
0.380797
0.371117
0.361235
0.35091
0.341428
0.422827
0.423468
0.422467
0.419828
0.415709
0.410327
0.403897
0.39662
0.38867
0.380194
0.371328
0.362219
0.352871
0.343011
0.334021
0.404628
0.406302
0.406313
0.404643
0.401442
0.396922
0.391302
0.384785
0.377547
0.369739
0.361498
0.352979
0.344184
0.334805
0.32632
0.38584
0.388573
0.389625
0.388952
0.386694
0.383063
0.378278
0.372543
0.366039
0.358919
0.351323
0.343412
0.335187
0.326305
0.318336
0.370315
0.372433
0.372783
0.371494
0.368775
0.364847
0.359916
0.354165
0.347752
0.340818
0.333532
0.325894
0.317523
0.310078
0.351563
0.354769
0.356164
0.355867
0.354082
0.351031
0.346923
0.341945
0.336255
0.329999
0.323353
0.316317
0.30847
0.301557
0.33235
0.336665
0.339127
0.339841
0.33901
0.336854
0.333587
0.329397
0.324446
0.318884
0.312891
0.30647
0.29916
0.292785
0.312715
0.318155
0.321701
0.323445
0.323584
0.322341
0.319929
0.316543
0.312345
0.307488
0.302161
0.296368
0.289605
0.283771
0.299273
0.303918
0.306707
0.307831
0.307514
0.305973
0.303402
0.29997
0.29583
0.291179
0.286023
0.279817
0.274525
0.280053
0.28581
0.289656
0.291779
0.292401
0.291741
0.289997
0.287341
0.283927
0.27996
0.275452
0.26981
0.265059
0.260531
0.267409
0.272323
0.275454
0.277025
0.277256
0.276349
0.274476
0.271798
0.268521
0.264667
0.259594
0.255382
0.248748
0.254737
0.258885
0.261413
0.262543
0.262479
0.261397
0.259459
0.256879
0.253683
0.249184
0.245504
0.229861
0.236931
0.2421
0.245591
0.247625
0.24841
0.248124
0.246931
0.245051
0.242517
0.238591
0.235432
0.218934
0.225128
0.229585
0.232527
0.234165
0.234678
0.234232
0.233054
0.231183
0.227829
0.225175
0.200778
0.207998
0.213422
0.217274
0.219766
0.221081
0.221383
0.220906
0.219699
0.216911
0.21474
0.190739
0.19713
0.201891
0.205237
0.207353
0.208402
0.208626
0.208082
0.205853
0.204131
0.173381
0.180735
0.186403
0.190602
0.193516
0.195312
0.196233
0.196353
0.194674
0.193354
0.155951
0.164264
0.170836
0.175883
0.179595
0.182133
0.183747
0.184533
0.183402
0.182409
0.147745
0.155213
0.161105
0.16561
0.168887
0.171187
0.172647
0.172079
0.171303
0.139562
0.146292
0.151585
0.155597
0.158572
0.160715
0.160784
0.160035
0.123907
0.131466
0.137543
0.142288
0.145921
0.148731
0.149619
0.148505
0.116651
0.123504
0.128982
0.133261
0.136695
0.138909
0.137731
0.10187
0.10949
0.115701
0.12064
0.124635
0.127929
0.128638
0.0955202
0.102459
0.108079
0.112639
0.116763
0.119201
0.0816138
0.0892682
0.0955731
0.100727
0.105511
0.109113
0.0761416
0.0831211
0.0888848
0.0942683
0.0986934
0.0707307
0.0771019
0.0830639
0.0881818
0.0653822
0.0718998
0.077643
0.0537375
0.0607846
0.0670979
0.0497353
0.0565771
0.0461106
0.133262
0.123545
0.113779
0.104168
0.0942471
0.0842035
0.0741843
0.0641924
0.0542367
0.0443443
0.0345341
0.127971
0.118138
0.107793
0.0983606
0.0888383
0.0791545
0.0695336
0.0599962
0.0505194
0.041117
0.0318055
0.121483
0.111666
0.10117
0.0919798
0.0829444
0.0737243
0.0645524
0.0554944
0.0465132
0.0376063
0.0287897
0.114636
0.105128
0.094882
0.0860521
0.077515
0.0687816
0.0600599
0.0514585
0.0429451
0.0345051
0.0261517
0.107835
0.0987637
0.0889072
0.0804573
0.0723744
0.064104
0.0558192
0.047653
0.0395841
0.0315897
0.0236781
0.101286
0.0926636
0.0832451
0.0751751
0.0675116
0.0596807
0.0518207
0.0440732
0.0364277
0.0288574
0.0213657
0.0950237
0.0868288
0.0778695
0.0701822
0.0629155
0.0555037
0.0480552
0.0407106
0.0334684
0.0263008
0.0192073
0.0890491
0.0812639
0.0727697
0.0654648
0.0585769
0.0515635
0.0445101
0.0375516
0.0306925
0.0239063
0.0171896
0.0833673
0.0759773
0.0679421
0.0610129
0.0544862
0.0478503
0.0411738
0.0345833
0.0280877
0.021662
0.0153014
0.0779801
0.07097
0.0633798
0.0568142
0.0506313
0.0443528
0.0380342
0.0317934
0.025642
0.0195569
0.0135323
0.072882
0.0662355
0.0590723
0.0528559
0.0469994
0.0410588
0.0350793
0.0291701
0.0233441
0.0175805
0.0118727
0.0680634
0.0617639
0.0550079
0.0491249
0.043578
0.0379566
0.0322979
0.0267023
0.0211837
0.015723
0.0103137
0.0635128
0.057544
0.0511745
0.0456086
0.0403547
0.0350346
0.0296787
0.0243793
0.0191507
0.0139755
0.00884726
0.0592176
0.0535635
0.0475598
0.0422946
0.0373177
0.0322816
0.0272113
0.0221913
0.0172359
0.0123296
0.00746585
0.0551652
0.0498099
0.0441515
0.0391708
0.0344554
0.0296868
0.0248855
0.0201289
0.0154308
0.0107775
0.00616261
0.0513426
0.0462707
0.0409376
0.0362256
0.0317568
0.0272399
0.0226919
0.0181832
0.0137274
0.00931218
0.0049313
0.0477374
0.0429338
0.0379067
0.0334479
0.0292115
0.0249314
0.0206217
0.0163463
0.0121184
0.00792697
0.0037662
0.044337
0.0397872
0.0350475
0.0308273
0.0268096
0.0227521
0.0186664
0.0146104
0.0105969
0.00661593
0.00266213
0.0411297
0.0368196
0.0323495
0.0283538
0.024542
0.0206936
0.0168183
0.0129686
0.00915662
0.00537359
0.00161441
0.038104
0.0340202
0.0298028
0.0260181
0.0223998
0.0187479
0.0150702
0.0114144
0.00779193
0.00419495
0.000618786
0.0352491
0.0313787
0.0273979
0.0238113
0.020375
0.0169075
0.0134155
0.00994195
0.00649755
0.00307551
-0.00032854
0.0325546
0.0288854
0.0251259
0.0217252
0.01846
0.0151657
0.011848
0.00854566
0.0052687
0.00201115
-0.00123099
0.0300108
0.0265311
0.0229785
0.0197523
0.0166478
0.0135162
0.010362
0.00722058
0.00410103
0.000998165
-0.00209165
0.0276086
0.0243072
0.0209481
0.0178854
0.0149319
0.0119529
0.00895243
0.00596213
0.00299057
3.32073e-05
-0.00291327
0.0253392
0.0222056
0.0190273
0.016118
0.0133063
0.0104707
0.00761442
0.00476613
0.00193374
-0.000886749
-0.00369832
0.0231947
0.020219
0.0172095
0.0144439
0.0117654
0.00906441
0.00634362
0.00362879
0.000927267
-0.00176442
-0.00444897
0.0211676
0.0183403
0.0154885
0.0128577
0.0103043
0.00772963
0.00513603
0.00254664
-3.17871e-05
-0.00260226
-0.0051672
0.0192508
0.016563
0.0138586
0.0113539
0.00891816
0.00646216
0.00398802
0.00151654
-0.000946095
-0.00340247
-0.00585474
0.0174379
0.0148812
0.0123144
0.00992807
0.00760272
0.00525818
0.00289625
0.000535604
-0.00181807
-0.00416702
-0.00651315
0.0157229
0.0132894
0.0108511
0.00857564
0.00635403
0.00411419
0.00185767
-0.000398763
-0.00264991
-0.0048977
-0.00714382
0.0141002
0.0117824
0.00946416
0.00729262
0.00516847
0.00302698
0.000869509
-0.00128894
-0.0034436
-0.00559612
-0.00774799
0.0125647
0.0103556
0.00814948
0.00607532
0.00404274
0.00199364
-7.07814e-05
-0.00213709
-0.00420094
-0.00626373
0.0111116
0.00900462
0.00690323
0.00492034
0.00297377
0.00101147
-0.000965518
-0.00294518
-0.00492356
-0.00690184
0.00973664
0.00772548
0.00572192
0.00382455
0.00195879
7.80264e-05
-0.00181682
-0.00371501
-0.00561295
-0.00751163
0.00843574
0.00651451
0.00460234
0.0027851
0.00099523
-0.000808946
-0.00262662
-0.00444821
-0.00627045
-0.00809417
0.0072052
0.00536834
0.00354152
0.00179936
8.07475e-05
-0.00165151
-0.00339669
-0.00514628
-0.0068973
-0.00865044
0.00604163
0.0042839
0.00253675
0.000864912
-0.000786813
-0.00245155
-0.00412867
-0.00581059
-0.00749462
-0.00918132
0.00494188
0.00325832
0.00158555
-2.04638e-05
-0.00160943
-0.0032108
-0.00482404
-0.00644239
-0.00806345
-0.00968764
0.00390309
0.002289
0.000685619
-0.000858803
-0.00238892
-0.00393087
-0.00548417
-0.00704285
-0.00860473
-0.0101702
0.00292261
0.00137355
-0.000165141
-0.00165197
-0.00312695
-0.00461322
-0.00611033
-0.00761303
-0.00911934
-0.0106295
0.00199803
0.000509768
-0.000968652
-0.00240169
-0.00382505
-0.00525918
-0.00670368
-0.00815391
-0.00960809
-0.0110664
0.00112715
-0.000304333
-0.00172667
-0.0031095
-0.00448462
-0.00586998
-0.00726526
-0.00866637
-0.0100717
-0.0114814
0.000307969
-0.00107057
-0.00244079
-0.00377685
-0.00510692
-0.00644675
-0.00779605
-0.00915123
-0.0105109
-0.0118751
-0.000461328
-0.0017906
-0.00311246
-0.00440501
-0.00569311
-0.00699049
-0.00829691
-0.00960923
-0.0109262
-0.0122478
-0.00118236
-0.00246588
-0.00374297
-0.00499515
-0.00624422
-0.00750212
-0.00876864
-0.0100411
-0.0113182
-0.0126002
-0.00185658
-0.00309774
-0.00433348
-0.00554829
-0.00676118
-0.00798246
-0.00921196
-0.0104473
-0.0116875
-0.0129325
-0.00248525
-0.00368732
-0.00488501
-0.00606536
-0.00724481
-0.00843224
-0.00962748
-0.0108285
-0.0120344
-0.0132451
-0.00306945
-0.00423562
-0.00539843
-0.00654712
-0.00769582
-0.00885208
-0.0100158
-0.0111851
-0.0123594
-0.0135385
-0.0036101
-0.00474346
-0.00587448
-0.00699425
-0.00811479
-0.00924251
-0.0103773
-0.0115176
-0.0126628
-0.0138128
-0.00410791
-0.00521151
-0.00631373
-0.00740725
-0.00850222
-0.00960397
-0.0107124
-0.0118262
-0.0129449
-0.0140682
-0.0045634
-0.00564025
-0.0067166
-0.00778652
-0.00885843
-0.00993675
-0.0110214
-0.0121113
-0.0132059
-0.0143051
-0.00497689
-0.00602996
-0.00708336
-0.00813229
-0.00918365
-0.0102411
-0.0113044
-0.0123729
-0.0134459
-0.0145235
-0.00534846
-0.00638072
-0.00741404
-0.00844459
-0.00947792
-0.0105169
-0.0115616
-0.0126111
-0.013665
-0.0147233
-0.00567795
-0.00669241
-0.00770856
-0.00872335
-0.00974119
-0.0107644
-0.0117928
-0.0128259
-0.0138633
-0.0149048
-0.00596488
-0.00696457
-0.00796644
-0.00896813
-0.00997304
-0.0109829
-0.0119977
-0.0130169
-0.0140402
-0.0150676
-0.00620863
-0.00719669
-0.00818731
-0.00917866
-0.0101733
-0.0111726
-0.0121764
-0.0131844
-0.0141963
-0.015212
-0.00640775
-0.00738726
-0.0083696
-0.00935332
-0.0103403
-0.0113316
-0.0123271
-0.0133264
-0.0143294
-0.0153359
-0.0065616
-0.00753621
-0.00851368
-0.00949291
-0.0104754
-0.0114617
-0.012452
-0.0134458
-0.014443
-0.0154435
-0.00666589
-0.00763832
-0.00861366
-0.00959088
-0.010571
-0.0115547
-0.0125418
-0.0135322
-0.0145257
-0.0155221
-0.00672315
-0.00769859
-0.00867699
-0.00965728
-0.0106403
-0.0116265
-0.0126158
-0.0136081
-0.0146031
-0.0156007
0.136085
0.136706
0.137946
0.139711
0.141971
0.144685
0.147822
0.151352
0.155245
0.159465
0.163975
0.168727
0.173669
0.178729
0.183832
0.188877
0.193758
0.19833
0.202455
0.205931
0.208592
0.210158
0.210467
0.209108
0.206028
0.200517
0.192971
0.181706
0.168721
0.14752
0.135694
0.136301
0.137513
0.139238
0.141446
0.144092
0.147147
0.150577
0.154351
0.15843
0.162775
0.167334
0.172051
0.176852
0.181656
0.186359
0.190851
0.194984
0.198618
0.201548
0.203612
0.20453
0.204149
0.202069
0.198249
0.192014
0.18374
0.171905
0.158213
0.1387
0.135282
0.135875
0.137058
0.138739
0.140888
0.14346
0.146425
0.149746
0.15339
0.157318
0.161485
0.165839
0.170319
0.174849
0.179346
0.183702
0.187807
0.191509
0.194672
0.197093
0.198615
0.198967
0.19801
0.195361
0.191005
0.184301
0.175656
0.163695
0.150142
0.132185
0.134849
0.135427
0.136578
0.138213
0.1403
0.142794
0.145663
0.148869
0.152378
0.156146
0.160129
0.164268
0.168503
0.172753
0.176933
0.180933
0.18464
0.187907
0.190594
0.192504
0.193487
0.193282
0.191765
0.188573
0.183716
0.176598
0.167643
0.155663
0.142254
0.125166
0.134394
0.134956
0.136073
0.137661
0.139683
0.142097
0.144867
0.147955
0.151324
0.154928
0.158721
0.162641
0.166625
0.17059
0.174449
0.17809
0.181399
0.184229
0.186444
0.187849
0.188304
0.187557
0.1855
0.181793
0.176463
0.168974
0.15974
0.147766
0.134437
0.117962
0.133916
0.134461
0.135544
0.137082
0.139038
0.141368
0.144036
0.147002
0.150227
0.153663
0.157261
0.160958
0.164687
0.168364
0.1719
0.175181
0.178094
0.180492
0.182243
0.183159
0.183104
0.181843
0.17928
0.175101
0.169348
0.161548
0.152093
0.140159
0.126948
0.111045
0.133415
0.133942
0.134989
0.136475
0.138362
0.140606
0.143168
0.146008
0.149085
0.152349
0.155748
0.159217
0.162688
0.166074
0.169285
0.172206
0.174726
0.176699
0.177997
0.178438
0.177897
0.176152
0.173119
0.168516
0.162392
0.154342
0.144728
0.13288
0.119843
0.10449
0.132889
0.133398
0.134408
0.135841
0.137656
0.13981
0.142263
0.144974
0.147898
0.150985
0.154181
0.157419
0.160628
0.163721
0.166606
0.169168
0.171299
0.172854
0.17371
0.173694
0.172689
0.170489
0.167024
0.162042
0.155597
0.147351
0.137633
0.125907
0.113083
0.0982533
0.132338
0.132829
0.133801
0.135177
0.136918
0.13898
0.141321
0.143898
0.146666
0.149573
0.152561
0.155564
0.158509
0.161306
0.163865
0.166071
0.167817
0.168962
0.16939
0.168935
0.16749
0.164867
0.161005
0.155686
0.148969
0.140573
0.1308
0.119226
0.10664
0.0923135
0.131762
0.132233
0.133165
0.134484
0.136149
0.138114
0.14034
0.14278
0.145388
0.148111
0.150889
0.153654
0.156331
0.158832
0.161065
0.162919
0.164286
0.165032
0.165045
0.164171
0.162311
0.159295
0.155073
0.149459
0.142513
0.134012
0.124226
0.112827
0.100501
0.0866659
0.131159
0.13161
0.132501
0.13376
0.135346
0.137214
0.139321
0.14162
0.144065
0.1466
0.149164
0.151688
0.154098
0.156302
0.158212
0.159716
0.160712
0.16107
0.160684
0.159411
0.157161
0.153784
0.149238
0.143369
0.136236
0.127667
0.117907
0.106706
0.0946584
0.0813053
0.13053
0.13096
0.131808
0.133006
0.134511
0.136277
0.138262
0.140418
0.142696
0.14504
0.147388
0.14967
0.15181
0.153719
0.155307
0.156468
0.1571
0.157083
0.156314
0.154664
0.15205
0.148343
0.143508
0.137421
0.130141
0.121541
0.11184
0.100854
0.0891016
0.0762226
0.129872
0.130281
0.131086
0.13222
0.133641
0.135304
0.137164
0.139174
0.141282
0.143432
0.145562
0.147599
0.14947
0.151085
0.152356
0.153179
0.153458
0.153078
0.151945
0.149939
0.146989
0.142981
0.137892
0.131622
0.124233
0.115632
0.106021
0.0952654
0.0838201
0.071407
0.129187
0.129573
0.130333
0.131402
0.132738
0.134294
0.136027
0.137887
0.139823
0.141777
0.143686
0.145479
0.14708
0.148404
0.149362
0.149855
0.149792
0.149063
0.147583
0.145244
0.141984
0.137706
0.132395
0.125977
0.118511
0.10994
0.100443
0.0899319
0.0788031
0.0668473
0.128472
0.128836
0.129549
0.130552
0.1318
0.133248
0.13485
0.136559
0.13832
0.140076
0.141763
0.143311
0.144645
0.145679
0.14633
0.146502
0.146107
0.145045
0.143237
0.140589
0.137044
0.132526
0.127026
0.120489
0.112979
0.104461
0.095101
0.0848455
0.0740398
0.0625322
0.127728
0.128069
0.128735
0.129669
0.130827
0.132164
0.133634
0.135188
0.136773
0.138329
0.139795
0.141098
0.142166
0.142915
0.143265
0.143124
0.142411
0.141032
0.138916
0.13598
0.132178
0.127448
0.121787
0.115162
0.107635
0.0991941
0.08999
0.079998
0.0695195
0.05845
0.126955
0.127271
0.127889
0.128753
0.129819
0.131043
0.132379
0.133776
0.135183
0.136539
0.137782
0.138842
0.139646
0.140116
0.140172
0.139729
0.13871
0.13703
0.134626
0.131426
0.127392
0.122477
0.116685
0.109998
0.10248
0.0941354
0.0851031
0.0753811
0.0652314
0.0545891
0.126151
0.126443
0.127011
0.127804
0.128776
0.129885
0.131085
0.132324
0.133551
0.134706
0.135727
0.136545
0.137091
0.137286
0.137056
0.136322
0.13501
0.133047
0.130374
0.126933
0.122692
0.117618
0.111722
0.104999
0.0975114
0.0892813
0.080434
0.070986
0.061165
0.0509382
0.125317
0.125583
0.126101
0.126821
0.127698
0.128691
0.129752
0.130832
0.131879
0.132832
0.133632
0.134212
0.134502
0.134429
0.133923
0.132908
0.131319
0.129089
0.126168
0.122508
0.118085
0.112877
0.106901
0.100164
0.0927285
0.0846275
0.0759757
0.0668042
0.0573098
0.0474861
0.124453
0.124693
0.125159
0.125805
0.126586
0.12746
0.128382
0.129302
0.130167
0.13092
0.131501
0.131844
0.131884
0.13155
0.130776
0.129494
0.127642
0.125164
0.122015
0.118157
0.113575
0.108257
0.102224
0.095494
0.0881286
0.0801693
0.0717214
0.0628269
0.0536554
0.0442219
0.123557
0.123771
0.124185
0.124755
0.125438
0.126193
0.126975
0.127733
0.128418
0.128971
0.129335
0.129446
0.129241
0.128654
0.127623
0.126085
0.123986
0.121277
0.11792
0.113886
0.109168
0.103762
0.097693
0.0909885
0.0837087
0.0759017
0.0676638
0.0590454
0.0501919
0.0411353
0.12263
0.122818
0.123179
0.123672
0.124257
0.124891
0.125532
0.126129
0.126633
0.126988
0.127138
0.127021
0.126578
0.125746
0.124468
0.122688
0.120358
0.117434
0.113889
0.1097
0.104866
0.0993928
0.0933084
0.0866461
0.0794654
0.0718194
0.0637959
0.0554513
0.0469097
0.0382162
0.121673
0.121834
0.122141
0.122557
0.123042
0.123555
0.124054
0.12449
0.124815
0.124974
0.124912
0.124573
0.123898
0.12283
0.121317
0.119308
0.116762
0.113642
0.109927
0.105604
0.100674
0.0951528
0.0890703
0.082465
0.075395
0.0679168
0.0601103
0.0520361
0.0437993
0.0354552
0.120685
0.120818
0.121072
0.121409
0.121794
0.122185
0.122542
0.122818
0.122965
0.12293
0.122662
0.122105
0.121206
0.119912
0.118176
0.115952
0.113204
0.109906
0.10604
0.1016
0.096595
0.091043
0.0849783
0.078443
0.0714936
0.0641882
0.0565999
0.0487917
0.0408518
0.0328433
0.119667
0.119772
0.119971
0.12023
0.120513
0.120783
0.120999
0.121115
0.121086
0.120861
0.12039
0.119622
0.118507
0.116997
0.115048
0.112623
0.109691
0.106231
0.102232
0.0976939
0.0926301
0.087064
0.0810316
0.0745776
0.0677567
0.060628
0.0532577
0.0457101
0.0380588
0.0303719
0.118619
0.118696
0.11884
0.11902
0.119202
0.119351
0.119425
0.119384
0.11918
0.118768
0.1181
0.117128
0.115805
0.114089
0.111941
0.109328
0.106227
0.102621
0.0985063
0.0938874
0.0887816
0.0832163
0.0772289
0.0708659
0.06418
0.0572302
0.0500766
0.0427836
0.0354119
0.0280331
0.117541
0.117591
0.117679
0.11778
0.117861
0.117888
0.117823
0.117625
0.117251
0.116656
0.115796
0.114626
0.113105
0.111193
0.108858
0.106072
0.102817
0.0990818
0.0948673
0.0901835
0.0850508
0.0794996
0.0735685
0.0673047
0.0607588
0.0539891
0.0470498
0.0400049
0.0329036
0.0258194
0.116435
0.116457
0.11649
0.116512
0.116492
0.116398
0.116195
0.115843
0.115301
0.114528
0.113482
0.112123
0.110412
0.108315
0.105805
0.10286
0.0994651
0.0956162
0.0913178
0.0865841
0.0814384
0.0759135
0.0700484
0.0638906
0.0574885
0.0508989
0.0441709
0.037367
0.0305265
0.0237237
0.115302
0.115295
0.115273
0.115216
0.115096
0.114883
0.114543
0.114039
0.113334
0.112387
0.111162
0.10962
0.107729
0.10546
0.102787
0.0996959
0.0961762
0.0922283
0.0878605
0.0830909
0.0779448
0.072457
0.0666663
0.0606201
0.0543642
0.0479539
0.0414332
0.0348629
0.0282736
0.0217395
0.114141
0.114106
0.11403
0.113894
0.113675
0.113344
0.112869
0.112217
0.111352
0.110238
0.108839
0.107124
0.105063
0.102631
0.0998088
0.0965847
0.0929541
0.0889212
0.0844979
0.0797052
0.0745702
0.0691289
0.0634198
0.0574895
0.0513814
0.0451486
0.0388308
0.0324864
0.0261386
0.0198605
0.112956
0.112893
0.112762
0.112548
0.112231
0.111783
0.111177
0.11038
0.109359
0.108083
0.106519
0.104639
0.102418
0.0998341
0.0968742
0.0935305
0.0898024
0.0856979
0.0812319
0.0764278
0.0713143
0.0659277
0.0603061
0.054495
0.0485352
0.0424776
0.0363577
0.0302313
0.0241154
0.0180812
0.111747
0.111656
0.111471
0.11118
0.110766
0.110204
0.109468
0.10853
0.107359
0.105927
0.104205
0.102169
0.0997969
0.0970734
0.0939879
0.0905371
0.0867243
0.0825608
0.078064
0.0732594
0.0681764
0.0628517
0.0573225
0.0516328
0.0458211
0.0399357
0.0340081
0.0280918
0.0221981
0.0163961
0.110516
0.110397
0.110159
0.109792
0.109282
0.108608
0.107747
0.106671
0.105356
0.103774
0.101902
0.0997181
0.097206
0.0943535
0.0911541
0.0876084
0.0837231
0.0795123
0.0749957
0.0702001
0.0651557
0.059899
0.054466
0.0488991
0.0432345
0.0375176
0.0317769
0.0260625
0.0203816
0.0148004
0.109265
0.109119
0.108828
0.108387
0.107783
0.107
0.106016
0.104808
0.103353
0.101628
0.0996134
0.0972916
0.0946492
0.0916784
0.0883766
0.0847476
0.0808013
0.0765542
0.0720279
0.0672501
0.0622513
0.0570675
0.0517336
0.0462902
0.0407709
0.0352187
0.0296587
0.0241384
0.0186608
0.0132895
0.107996
0.107823
0.10748
0.106966
0.106271
0.105382
0.104279
0.102943
0.101354
0.0994937
0.0973446
0.0948935
0.0921309
0.0890525
0.0856591
0.081958
0.0779615
0.0736883
0.0691613
0.064409
0.0594619
0.0543552
0.0491225
0.0438023
0.0384261
0.0330342
0.0276488
0.0223145
0.0170311
0.0118591
0.106711
0.106512
0.106119
0.105533
0.10475
0.103757
0.102539
0.10108
0.0993642
0.0973751
0.0950997
0.0925284
0.0896553
0.0864796
0.0830053
0.0792426
0.0752059
0.0709159
0.0663965
0.0616765
0.0567861
0.0517598
0.0466294
0.0414318
0.036196
0.0309597
0.0257426
0.0205864
0.0154882
0.0105053
0.105414
0.105189
0.104747
0.104092
0.103222
0.102128
0.1008
0.0992245
0.0973871
0.0952766
0.0928832
0.0902006
0.0872266
0.0839636
0.0804186
0.076604
0.0725366
0.0682383
0.0637337
0.0590519
0.0542226
0.0492789
0.0442516
0.0391752
0.0340766
0.028991
0.0239358
0.0189498
0.0140281
0.00922456
0.104107
0.103857
0.103367
0.102644
0.101691
0.100501
0.0990675
0.0973795
0.0954274
0.0932028
0.0906994
0.0879145
0.0848489
0.0815082
0.077902
0.0740449
0.0699554
0.0656564
0.0611732
0.0565346
0.0517697
0.0469105
0.041986
0.0370289
0.0320641
0.0271241
0.0222244
0.0174009
0.0126471
0.0080135
0.102793
0.102519
0.101982
0.101195
0.100161
0.0988787
0.097344
0.0955498
0.0934895
0.0911581
0.088553
0.0856744
0.0825263
0.079117
0.0754586
0.0715676
0.0674639
0.0631711
0.0587149
0.0541237
0.0494259
0.0446522
0.03983
0.0349899
0.030155
0.0253553
0.0206046
0.0159359
0.0113418
0.00686906
0.101477
0.101178
0.100597
0.0997468
0.0986354
0.0972653
0.0956345
0.0937398
0.0915779
0.0891473
0.0864483
0.0834844
0.0802626
0.0767935
0.0730913
0.0691744
0.0650635
0.0607831
0.0563587
0.0518184
0.0471897
0.0425017
0.0377806
0.0330548
0.0283457
0.0236811
0.0190728
0.0145516
0.010109
0.00578842
0.100161
0.0998396
0.0992156
0.0983049
0.0971197
0.0956654
0.0939436
0.0919543
0.0896975
0.0871748
0.0843898
0.0813489
0.0780616
0.0745409
0.0708029
0.0668672
0.0627557
0.058493
0.0541046
0.0496179
0.0450595
0.0404571
0.0358354
0.0312209
0.0266333
0.0220981
0.0176259
0.0132447
0.00894572
0.00476899
0.0988499
0.0985067
0.0978414
0.0968733
0.0956177
0.0940837
0.0922761
0.0901981
0.087853
0.0852455
0.0823822
0.0792721
0.0759273
0.0723627
0.0685961
0.0646482
0.0605417
0.0563013
0.0519522
0.0475212
0.0430338
0.0385163
0.0339919
0.0294853
0.0250147
0.0206034
0.0162607
0.0120125
0.00784944
0.0038084
0.0975481
0.097184
0.0964795
0.0954566
0.0941343
0.0925251
0.0906369
0.0884761
0.0860494
0.0833642
0.0804299
0.0772582
0.0738632
0.0702619
0.0664734
0.0625193
0.0584228
0.0542085
0.0499015
0.0455276
0.0411112
0.0366774
0.0322479
0.0278456
0.0234871
0.0191941
0.0149747
0.0108523
0.00681767
0.00290453
0.0962604
0.0958763
0.0951345
0.0940599
0.0926746
0.0909946
0.0890311
0.0867936
0.0842916
0.0815356
0.0785374
0.0753113
0.0718732
0.0682418
0.0644373
0.0604823
0.0564
0.0522152
0.0479523
0.0436362
0.0392905
0.0349387
0.0306012
0.0262992
0.0220482
0.0178678
0.0137652
0.00976171
0.00584825
0.00205541
0.0949917
0.0945887
0.0938117
0.0926883
0.0912439
0.0894977
0.0874642
0.0851558
0.0825849
0.0797647
0.0767095
0.0734356
0.069961
0.0663055
0.0624905
0.0585391
0.0544747
0.0503219
0.0461044
0.0418465
0.0375704
0.0332986
0.0290499
0.0248443
0.0206957
0.0166221
0.01263
0.00873864
0.00493919
0.00125932
0.0937475
0.0933266
0.0925165
0.0913473
0.0898477
0.08804
0.0859417
0.0835682
0.0809346
0.0780565
0.0749508
0.0716355
0.0681302
0.0644561
0.0606355
0.0566916
0.0526481
0.0485292
0.044358
0.0401579
0.0359501
0.0317557
0.0275925
0.0234788
0.0194275
0.015455
0.0115671
0.00778118
0.00408876
0.000514722
0.0925334
0.0920958
0.0912547
0.0900429
0.0884919
0.0866272
0.0844693
0.0820364
0.079346
0.0764163
0.073266
0.0699152
0.0663848
0.0626971
0.0588748
0.0549418
0.0509216
0.0468378
0.0427132
0.0385701
0.0344287
0.030309
0.0262275
0.0222012
0.018242
0.0143648
0.0105749
0.0068877
0.00329544
-0.000179742
0.0913554
0.0909023
0.0900323
0.088781
0.0871825
0.0852655
0.0830531
0.0805662
0.0778249
0.0748493
0.0716602
0.0682792
0.0647286
0.0610315
0.0572113
0.0532918
0.0492966
0.0452487
0.0411704
0.037083
0.0330058
0.0289575
0.0249537
0.0210101
0.0171377
0.01335
0.00965175
0.0060568
0.00255794
-0.000825216
0.0902201
0.0897524
0.0888559
0.0875682
0.0859261
0.0839612
0.0816993
0.0791638
0.0763769
0.0733609
0.0701383
0.0667321
0.0631657
0.059463
0.0556477
0.0517439
0.0477747
0.043763
0.0397302
0.0356967
0.031681
0.0277006
0.0237703
0.0199046
0.0161135
0.0124094
0.00879654
0.00528732
0.0018752
-0.00142265
0.089134
0.088653
0.0877321
0.0864111
0.0847293
0.0827209
0.0804145
0.0778354
0.0750082
0.0719569
0.0687056
0.0652786
0.0617003
0.0579951
0.0541872
0.0503005
0.046358
0.042382
0.0383933
0.0344116
0.0304543
0.0265382
0.0226769
0.0188839
0.0151686
0.011542
0.00800834
0.0045784
0.00124637
-0.00197278
0.0881042
0.0876111
0.086668
0.0853168
0.0835991
0.0815517
0.0792052
0.0765875
0.0737249
0.070643
0.0673675
0.0639237
0.0603368
0.0566318
0.052833
0.0489643
0.0450486
0.0411074
0.0371611
0.0332284
0.0293263
0.0254702
0.0216731
0.0179476
0.0143023
0.0107474
0.00728656
0.00392944
0.000670905
-0.00247613
0.0871383
0.0866342
0.085671
0.0842927
0.0825429
0.0804605
0.0780787
0.075427
0.0725335
0.0694255
0.0661298
0.0626726
0.0590799
0.0553771
0.0515887
0.0477385
0.0438489
0.0399412
0.036035
0.0321484
0.0282975
0.0244971
0.0207593
0.0170958
0.0135148
0.0100253
0.00663091
0.00334012
0.000148477
-0.00293299
0.0862439
0.0857299
0.084749
0.0833465
0.0815683
0.0794551
0.0770422
0.074361
0.071441
0.0683109
0.0649984
0.0615309
0.0579348
0.0542357
0.0504584
0.0466265
0.042762
0.0388859
0.0350171
0.0311731
0.0273694
0.0236198
0.0199361
0.016329
0.0128061
0.00937584
0.00604145
0.00281046
-0.000320931
-0.0033434
0.0854292
0.0849066
0.0839099
0.0824863
0.0806833
0.0785434
0.0761036
0.073397
0.0704545
0.0673059
0.06398
0.0605046
0.0569068
0.0532126
0.0494465
0.0456321
0.0417912
0.0379443
0.0341098
0.0303046
0.0265435
0.0228399
0.0192047
0.015648
0.0121771
0.00879962
0.00551866
0.00234084
-0.000737026
-0.00370712
0.0847027
0.0841725
0.0831623
0.0817206
0.0798962
0.0777335
0.0752709
0.0725429
0.0695816
0.0664179
0.0630812
0.0596002
0.0560021
0.0523131
0.0485579
0.0447599
0.0409406
0.03712
0.0333162
0.0295455
0.0258223
0.0221591
0.0185666
0.0150543
0.011629
0.00829767
0.00506341
0.001932
-0.00109917
-0.0040236
0.0840732
0.0835367
0.0825151
0.0810582
0.079216
0.0770342
0.0745526
0.071807
0.0688305
0.0656546
0.0623096
0.0588245
0.055227
0.0515433
0.0477983
0.0440149
0.0402147
0.0364172
0.0326401
0.0288993
0.0252086
0.0215802
0.0180243
0.0145499
0.0111635
0.00787156
0.00467706
0.00158513
-0.00140634
-0.00429198
0.08355
0.0830082
0.0819774
0.0805082
0.0786517
0.0764545
0.0739578
0.0711982
0.0682096
0.0650243
0.0616731
0.0581853
0.0545888
0.0509102
0.0471739
0.0434032
0.039619
0.0358409
0.032086
0.02837
0.0247062
0.0211066
0.0175808
0.0141375
0.0107831
0.00752343
0.00436152
0.00130191
-0.00165706
-0.00451094
0.0831426
0.0825967
0.0815587
0.0800803
0.0782129
0.0760041
0.073496
0.0707259
0.0677283
0.0645361
0.0611804
0.0576909
0.0540957
0.0504212
0.0466921
0.0429313
0.0391599
0.0353969
0.0316594
0.0279626
0.0243197
0.0207423
0.0172398
0.0138207
0.0104908
0.00725607
0.00411927
0.00108459
-0.00184932
-0.00467888
0.0828608
0.082312
0.0812692
0.0797844
0.0779097
0.075693
0.0731771
0.0703999
0.0673964
0.0641997
0.0608411
0.0573506
0.0537564
0.0500849
0.046361
0.0426072
0.0388446
0.0350922
0.0313667
0.0276832
0.0240547
0.0204926
0.0170062
0.0136036
0.0102906
0.007073
0.00395343
0.000935834
-0.00198081
-0.00479314
0.0827151
0.0821645
0.0811191
0.0796312
0.0777527
0.075532
0.0730122
0.0702313
0.0672248
0.0640257
0.0606657
0.0571748
0.0535812
0.0499114
0.0461901
0.04244
0.038682
0.034935
0.0312158
0.0275392
0.0239182
0.020364
0.0168859
0.0134917
0.0101876
0.00697875
0.00386811
0.000859347
-0.00204848
-0.00485264
0.141758
0.142446
0.143848
0.145843
0.148424
0.151547
0.155205
0.159387
0.164093
0.169312
0.175061
0.181342
0.188168
0.195547
0.203496
0.212025
0.221153
0.230891
0.24126
0.252266
0.263935
0.276264
0.289281
0.302968
0.317361
0.332404
0.348165
0.364497
0.381579
0.398999
0.14175
0.142438
0.14384
0.145835
0.148416
0.151538
0.155196
0.159377
0.164082
0.1693
0.175047
0.181326
0.18815
0.195526
0.203472
0.211996
0.22112
0.230851
0.241212
0.252209
0.263866
0.276182
0.289182
0.302849
0.317218
0.332233
0.34796
0.364251
0.381287
0.398649
0.141736
0.142423
0.143825
0.14582
0.148399
0.151521
0.155177
0.159357
0.164059
0.169275
0.17502
0.181295
0.188114
0.195484
0.203423
0.211939
0.221052
0.230771
0.241117
0.252095
0.263729
0.276017
0.288984
0.302611
0.316933
0.33189
0.34755
0.36376
0.380704
0.397949
0.141714
0.142401
0.143802
0.145796
0.148374
0.151495
0.155149
0.159327
0.164025
0.169238
0.174978
0.181247
0.18806
0.195422
0.20335
0.211854
0.220951
0.23065
0.240973
0.251923
0.263524
0.27577
0.288688
0.302254
0.316505
0.331376
0.346936
0.363024
0.379829
0.3969
0.141686
0.142372
0.143772
0.145765
0.148341
0.151459
0.155112
0.159287
0.16398
0.169188
0.174922
0.181185
0.187988
0.195339
0.203253
0.21174
0.220817
0.23049
0.240782
0.251695
0.26325
0.27544
0.288292
0.301779
0.315934
0.330691
0.346117
0.362043
0.378664
0.395504
0.14165
0.142335
0.143734
0.145725
0.1483
0.151416
0.155066
0.159237
0.163924
0.169127
0.174853
0.181106
0.187898
0.195235
0.203132
0.211597
0.220649
0.230291
0.240544
0.251409
0.262907
0.275029
0.287799
0.301185
0.315222
0.329837
0.345096
0.360819
0.377211
0.393762
0.141606
0.142291
0.143689
0.145678
0.14825
0.151363
0.15501
0.159176
0.163857
0.169052
0.17477
0.181012
0.18779
0.19511
0.202987
0.211427
0.220447
0.230051
0.240258
0.251067
0.262497
0.274536
0.287207
0.300474
0.314369
0.328812
0.343872
0.359353
0.37547
0.391676
0.141556
0.14224
0.143636
0.145623
0.148193
0.151302
0.154944
0.159105
0.163778
0.168966
0.174673
0.180902
0.187665
0.194965
0.202818
0.211228
0.220212
0.229772
0.239925
0.250668
0.262019
0.273962
0.286517
0.299644
0.313375
0.327619
0.342446
0.357645
0.373444
0.389249
0.141499
0.142181
0.143576
0.14556
0.148127
0.151232
0.15487
0.159024
0.163689
0.168867
0.174563
0.180777
0.187522
0.1948
0.202625
0.211001
0.219944
0.229453
0.239545
0.250213
0.261473
0.273306
0.28573
0.298698
0.312241
0.326257
0.34082
0.355698
0.371134
0.386483
0.141434
0.142115
0.143508
0.14549
0.148053
0.151153
0.154786
0.158933
0.163589
0.168757
0.174439
0.180637
0.187361
0.194614
0.202408
0.210746
0.219643
0.229095
0.239118
0.249701
0.26086
0.272569
0.284845
0.297635
0.310967
0.324729
0.338996
0.353514
0.368544
0.383382
0.141362
0.142042
0.143433
0.145412
0.147971
0.151066
0.154693
0.158833
0.163478
0.168634
0.174301
0.180481
0.187182
0.194407
0.202168
0.210464
0.219309
0.228697
0.238644
0.249133
0.26018
0.271752
0.283864
0.296457
0.309554
0.323034
0.336973
0.351094
0.365675
0.37995
0.141284
0.141962
0.14335
0.145326
0.147881
0.150971
0.154591
0.158722
0.163357
0.168499
0.17415
0.18031
0.186986
0.194181
0.201904
0.210153
0.218942
0.228261
0.238123
0.24851
0.259433
0.270854
0.282788
0.295163
0.308004
0.321175
0.334755
0.348441
0.362531
0.376191
0.141198
0.141875
0.14326
0.145233
0.147782
0.150867
0.154479
0.158601
0.163224
0.168353
0.173986
0.180124
0.186773
0.193934
0.201616
0.209816
0.218542
0.227786
0.237557
0.247832
0.258619
0.269877
0.281615
0.293754
0.306317
0.319153
0.332343
0.345557
0.359116
0.37211
0.141105
0.141781
0.143163
0.145132
0.147677
0.150755
0.154358
0.158471
0.163081
0.168194
0.173808
0.179922
0.186543
0.193668
0.201305
0.20945
0.21811
0.227273
0.236944
0.247098
0.25774
0.268821
0.280348
0.292232
0.304495
0.316968
0.329739
0.342445
0.355433
0.36771
0.141006
0.141679
0.143059
0.145023
0.147563
0.150634
0.154225
0.15833
0.162928
0.168024
0.173618
0.179706
0.186295
0.193382
0.200972
0.209058
0.217646
0.226721
0.236286
0.246309
0.256795
0.267686
0.278987
0.290597
0.302538
0.314623
0.326945
0.339107
0.351485
0.362999
0.140899
0.141571
0.142947
0.144907
0.147441
0.150506
0.15409
0.15818
0.162764
0.167842
0.173414
0.179475
0.186031
0.193076
0.200615
0.208638
0.21715
0.226131
0.235582
0.245467
0.255785
0.266473
0.277532
0.288851
0.300448
0.31212
0.323963
0.335546
0.347277
0.35798
0.140785
0.141455
0.142828
0.144784
0.147312
0.15037
0.153954
0.158019
0.162589
0.167649
0.173197
0.17923
0.18575
0.19275
0.200235
0.208192
0.216623
0.225503
0.234833
0.24457
0.25471
0.265182
0.275984
0.286993
0.298225
0.309459
0.320795
0.331767
0.342813
0.352661
0.140665
0.141333
0.142703
0.144654
0.147175
0.150226
0.153794
0.15785
0.162405
0.167444
0.172968
0.17897
0.185452
0.192406
0.199833
0.207719
0.216063
0.224838
0.234039
0.243619
0.253571
0.263815
0.274345
0.285025
0.295873
0.306642
0.317445
0.327771
0.338098
0.347048
0.140538
0.141204
0.14257
0.144516
0.14703
0.150073
0.153628
0.157672
0.16221
0.167229
0.172726
0.178695
0.185138
0.192042
0.199409
0.20722
0.215473
0.224136
0.233201
0.242616
0.252369
0.262371
0.272614
0.282949
0.29339
0.303673
0.313914
0.323563
0.333137
0.341147
0.140404
0.141068
0.14243
0.144371
0.146878
0.149911
0.153455
0.157485
0.162005
0.167002
0.172471
0.178407
0.184807
0.19166
0.198963
0.206695
0.214852
0.223396
0.232319
0.241559
0.251103
0.260851
0.270793
0.280764
0.29078
0.300552
0.310205
0.319146
0.327934
0.334965
0.140264
0.140926
0.142284
0.144219
0.146719
0.149739
0.153274
0.157289
0.16179
0.166763
0.172204
0.178104
0.18446
0.191258
0.198494
0.206144
0.2142
0.222621
0.231393
0.24045
0.249775
0.259257
0.268883
0.278473
0.288044
0.297281
0.306322
0.314525
0.322496
0.32851
0.140116
0.140776
0.14213
0.14406
0.146553
0.149559
0.153084
0.157084
0.161566
0.166515
0.171925
0.177788
0.184097
0.190839
0.198004
0.205568
0.213517
0.221809
0.230424
0.23929
0.248384
0.257588
0.266884
0.276077
0.285184
0.293863
0.302266
0.309702
0.316827
0.321789
0.139963
0.140621
0.14197
0.143894
0.14638
0.149392
0.152885
0.15687
0.161332
0.166255
0.171634
0.177458
0.183719
0.190401
0.197493
0.204966
0.212805
0.220961
0.229412
0.238078
0.246932
0.255846
0.264798
0.273576
0.2822
0.2903
0.298042
0.304682
0.310934
0.31481
0.139802
0.140458
0.141804
0.143721
0.146199
0.149194
0.152679
0.156648
0.161088
0.165985
0.171331
0.177114
0.183325
0.189944
0.19696
0.204339
0.212063
0.220078
0.228358
0.236816
0.24542
0.254031
0.262625
0.270973
0.279095
0.286594
0.293652
0.29947
0.304821
0.307581
0.139636
0.14029
0.141631
0.143542
0.14601
0.148992
0.152465
0.156417
0.160835
0.165704
0.171016
0.176757
0.182916
0.189471
0.196406
0.203688
0.211291
0.21916
0.227261
0.235503
0.243847
0.252144
0.260366
0.268267
0.27587
0.282747
0.289099
0.294069
0.298496
0.30011
0.139462
0.140115
0.141451
0.143356
0.145813
0.148785
0.152244
0.156177
0.160572
0.165413
0.17069
0.176387
0.182491
0.188979
0.195832
0.203012
0.210491
0.218207
0.226123
0.23414
0.242214
0.250186
0.258023
0.265462
0.272528
0.278761
0.284387
0.288483
0.291963
0.292405
0.139283
0.139933
0.141265
0.143164
0.145617
0.148571
0.152015
0.155929
0.160301
0.165112
0.170353
0.176004
0.182052
0.18847
0.195237
0.202312
0.209661
0.21722
0.224944
0.232728
0.240523
0.248158
0.255596
0.262557
0.269069
0.27464
0.27952
0.282717
0.28523
0.284474
0.139097
0.139746
0.141072
0.142965
0.145408
0.148349
0.151778
0.155673
0.16002
0.164801
0.170004
0.175608
0.181598
0.187944
0.194623
0.201588
0.208804
0.216198
0.223724
0.231268
0.238773
0.24606
0.253086
0.259554
0.265496
0.270385
0.274499
0.276775
0.278303
0.276326
0.138905
0.139552
0.140874
0.142757
0.145192
0.148121
0.151534
0.155409
0.159731
0.16448
0.169644
0.1752
0.18113
0.187401
0.193988
0.20084
0.207918
0.215144
0.222464
0.229759
0.236965
0.243893
0.250495
0.256455
0.261811
0.265999
0.26933
0.270662
0.271189
0.267968
0.138707
0.139352
0.140669
0.142538
0.144969
0.147886
0.151283
0.155137
0.159433
0.16415
0.169273
0.174779
0.180647
0.186842
0.193334
0.20007
0.207005
0.214056
0.221164
0.228202
0.235101
0.241659
0.247823
0.253262
0.258014
0.261484
0.264014
0.26438
0.263893
0.259407
0.138503
0.139147
0.140459
0.14234
0.14474
0.147644
0.151025
0.154857
0.159126
0.16381
0.168892
0.174346
0.18015
0.186266
0.192661
0.199276
0.206064
0.212935
0.219825
0.226599
0.23318
0.239357
0.245071
0.249975
0.254109
0.256842
0.258556
0.257935
0.256423
0.250649
0.138293
0.138935
0.140243
0.142109
0.144505
0.147396
0.150759
0.15457
0.158811
0.163461
0.1685
0.173902
0.17964
0.185675
0.191968
0.19846
0.205096
0.211782
0.218447
0.224949
0.231203
0.236989
0.24224
0.246595
0.250096
0.252077
0.252959
0.25133
0.248785
0.241701
0.138077
0.138718
0.14002
0.141876
0.144264
0.147142
0.150487
0.154275
0.158488
0.163103
0.168098
0.173445
0.179116
0.185067
0.191258
0.197622
0.204102
0.210597
0.217031
0.223252
0.22917
0.234555
0.239332
0.243125
0.245977
0.247191
0.247226
0.24457
0.240986
0.232565
0.137855
0.138495
0.139793
0.14164
0.144017
0.146881
0.150208
0.153973
0.158157
0.162736
0.167687
0.172978
0.178579
0.184444
0.190528
0.196762
0.203081
0.209381
0.215577
0.221511
0.227084
0.232057
0.236347
0.239566
0.241754
0.242187
0.241358
0.237658
0.233032
0.223242
0.137627
0.138266
0.139559
0.141398
0.143764
0.146613
0.149922
0.153664
0.157818
0.16236
0.167265
0.172499
0.178029
0.183806
0.189781
0.19588
0.202034
0.208133
0.214084
0.219724
0.224943
0.229494
0.233286
0.235919
0.237427
0.237067
0.235359
0.230597
0.224927
0.21373
0.137394
0.138031
0.139319
0.141151
0.143506
0.14634
0.149629
0.153346
0.157471
0.161975
0.166832
0.172007
0.177464
0.18315
0.189013
0.194974
0.200958
0.206851
0.212551
0.217888
0.222743
0.226864
0.230145
0.23218
0.232996
0.23183
0.229228
0.223391
0.216673
0.204019
0.137155
0.137793
0.139074
0.140898
0.143241
0.14606
0.14933
0.153023
0.157117
0.161582
0.16639
0.171505
0.176887
0.18248
0.188228
0.194047
0.199858
0.205538
0.21098
0.216007
0.220491
0.22417
0.226929
0.228355
0.228465
0.226484
0.22297
0.216051
0.208277
0.194103
0.136911
0.137548
0.138825
0.140642
0.142974
0.145779
0.14903
0.1527
0.156764
0.161191
0.165953
0.171009
0.176317
0.181817
0.18745
0.193128
0.198763
0.204229
0.20941
0.214122
0.218226
0.221455
0.223681
0.224486
0.223872
0.221063
0.216616
0.208605
0.199759
0.183994
0.136662
0.137299
0.138571
0.140381
0.142704
0.145495
0.148728
0.152375
0.156411
0.160802
0.165518
0.170516
0.175752
0.181161
0.18668
0.192215
0.197675
0.202924
0.207839
0.212229
0.215946
0.218712
0.220391
0.220556
0.219199
0.215539
0.210124
0.200992
0.191029
0.173554
0.136406
0.13704
0.138304
0.140101
0.142405
0.145173
0.148378
0.151989
0.15598
0.160318
0.164968
0.169886
0.175024
0.180315
0.18569
0.191051
0.1963
0.201297
0.205911
0.209944
0.213239
0.215513
0.216618
0.216126
0.214012
0.209505
0.203121
0.192896
0.181704
0.162297
0.136406
0.13704
0.138304
0.140101
0.142405
0.145173
0.148378
0.151989
0.155981
0.160318
0.164969
0.169887
0.175024
0.180315
0.18569
0.191051
0.1963
0.201297
0.205911
0.209944
0.21324
0.215514
0.216619
0.216126
0.214013
0.209505
0.203121
0.192896
0.181704
0.162297
0.136662
0.137299
0.138572
0.140382
0.142704
0.145495
0.148728
0.152376
0.156411
0.160802
0.165518
0.170517
0.175752
0.181162
0.18668
0.192216
0.197675
0.202924
0.20784
0.212229
0.215946
0.218713
0.220391
0.220556
0.219199
0.215539
0.210124
0.200992
0.19103
0.173554
0.136912
0.137549
0.138825
0.140642
0.142975
0.145779
0.14903
0.1527
0.156764
0.161191
0.165953
0.171009
0.176317
0.181818
0.187451
0.193128
0.198764
0.204229
0.20941
0.214122
0.218227
0.221455
0.223681
0.224486
0.223873
0.221063
0.216616
0.208605
0.19976
0.183995
0.137156
0.137794
0.139074
0.140899
0.143242
0.14606
0.14933
0.153023
0.157117
0.161582
0.166391
0.171505
0.176887
0.18248
0.188228
0.194047
0.199858
0.205538
0.21098
0.216007
0.220491
0.22417
0.226929
0.228355
0.228465
0.226484
0.22297
0.216051
0.208277
0.194103
0.137394
0.138031
0.139319
0.141151
0.143506
0.14634
0.149629
0.153347
0.157471
0.161975
0.166832
0.172007
0.177464
0.18315
0.189013
0.194974
0.200959
0.206851
0.212551
0.217888
0.222744
0.226864
0.230145
0.23218
0.232996
0.23183
0.229228
0.223391
0.216673
0.204019
0.137628
0.138266
0.139559
0.141399
0.143765
0.146613
0.149922
0.153664
0.157819
0.16236
0.167265
0.172499
0.178029
0.183806
0.189781
0.19588
0.202035
0.208133
0.214084
0.219724
0.224943
0.229495
0.233286
0.235919
0.237428
0.237067
0.235359
0.230597
0.224927
0.21373
0.137855
0.138495
0.139793
0.14164
0.144017
0.146881
0.150208
0.153973
0.158158
0.162736
0.167687
0.172978
0.178579
0.184444
0.190529
0.196762
0.203081
0.209381
0.215577
0.221511
0.227084
0.232057
0.236347
0.239567
0.241754
0.242187
0.241358
0.237658
0.233032
0.223242
0.138077
0.138718
0.14002
0.141876
0.144264
0.147142
0.150487
0.154275
0.158489
0.163103
0.168099
0.173446
0.179116
0.185067
0.191258
0.197622
0.204102
0.210598
0.217031
0.223253
0.229171
0.234555
0.239332
0.243126
0.245977
0.247192
0.247226
0.24457
0.240986
0.232565
0.138293
0.138935
0.140243
0.142109
0.144505
0.147396
0.150759
0.15457
0.158812
0.163461
0.1685
0.173902
0.17964
0.185675
0.191969
0.19846
0.205096
0.211782
0.218447
0.224949
0.231203
0.236989
0.242241
0.246596
0.250096
0.252078
0.252959
0.251331
0.248785
0.241701
0.138503
0.139147
0.14046
0.14234
0.14474
0.147645
0.151025
0.154857
0.159126
0.16381
0.168892
0.174347
0.18015
0.186267
0.192661
0.199276
0.206064
0.212935
0.219826
0.226599
0.23318
0.239357
0.245071
0.249975
0.254109
0.256843
0.258557
0.257935
0.256423
0.250649
0.138707
0.139352
0.14067
0.142538
0.144969
0.147886
0.151283
0.155137
0.159433
0.16415
0.169273
0.174779
0.180647
0.186842
0.193334
0.20007
0.207005
0.214056
0.221165
0.228203
0.235101
0.241659
0.247823
0.253262
0.258014
0.261484
0.264014
0.26438
0.263893
0.259407
0.138905
0.139552
0.140874
0.142757
0.145192
0.148121
0.151535
0.155409
0.159731
0.164481
0.169644
0.1752
0.18113
0.187402
0.193988
0.20084
0.207918
0.215144
0.222464
0.229759
0.236966
0.243893
0.250495
0.256456
0.261811
0.265999
0.26933
0.270662
0.271189
0.267968
0.139097
0.139746
0.141072
0.142965
0.145409
0.148349
0.151779
0.155673
0.16002
0.164801
0.170004
0.175608
0.181598
0.187944
0.194623
0.201588
0.208804
0.216199
0.223725
0.231268
0.238773
0.24606
0.253086
0.259554
0.265496
0.270385
0.274499
0.276775
0.278303
0.276326
0.139283
0.139933
0.141265
0.143164
0.145617
0.148571
0.152015
0.155929
0.160301
0.165112
0.170353
0.176004
0.182052
0.18847
0.195238
0.202312
0.209662
0.21722
0.224944
0.232728
0.240523
0.248158
0.255596
0.262557
0.269069
0.27464
0.27952
0.282717
0.28523
0.284475
0.139463
0.140115
0.141451
0.143356
0.145813
0.148785
0.152244
0.156177
0.160572
0.165413
0.17069
0.176387
0.182491
0.188979
0.195832
0.203012
0.210491
0.218207
0.226123
0.23414
0.242214
0.250186
0.258023
0.265462
0.272528
0.278762
0.284388
0.288483
0.291963
0.292405
0.139636
0.14029
0.141631
0.143542
0.14601
0.148992
0.152465
0.156417
0.160835
0.165704
0.171017
0.176757
0.182916
0.189471
0.196406
0.203688
0.211291
0.21916
0.227261
0.235503
0.243847
0.252144
0.260366
0.268267
0.27587
0.282747
0.2891
0.294069
0.298496
0.30011
0.139802
0.140458
0.141804
0.143722
0.1462
0.149194
0.152679
0.156648
0.161088
0.165985
0.171331
0.177114
0.183325
0.189945
0.19696
0.204339
0.212063
0.220078
0.228358
0.236816
0.24542
0.254031
0.262625
0.270973
0.279095
0.286594
0.293652
0.29947
0.304821
0.307581
0.139963
0.140621
0.141971
0.143894
0.14638
0.149392
0.152885
0.15687
0.161332
0.166255
0.171634
0.177458
0.183719
0.190401
0.197493
0.204966
0.212805
0.220961
0.229412
0.238078
0.246933
0.255846
0.264798
0.273576
0.2822
0.2903
0.298042
0.304682
0.310934
0.31481
0.140116
0.140777
0.142131
0.14406
0.146553
0.149559
0.153084
0.157084
0.161566
0.166515
0.171926
0.177788
0.184098
0.190839
0.198004
0.205568
0.213517
0.221809
0.230424
0.23929
0.248384
0.257588
0.266884
0.276077
0.285184
0.293863
0.302266
0.309702
0.316827
0.321789
0.140264
0.140926
0.142284
0.144219
0.146719
0.149739
0.153274
0.157289
0.16179
0.166764
0.172205
0.178104
0.18446
0.191259
0.198494
0.206144
0.2142
0.222621
0.231393
0.240451
0.249775
0.259257
0.268883
0.278474
0.288044
0.297281
0.306322
0.314525
0.322496
0.32851
0.140404
0.141068
0.14243
0.144371
0.146879
0.149912
0.153455
0.157485
0.162005
0.167002
0.172471
0.178407
0.184807
0.19166
0.198963
0.206695
0.214852
0.223397
0.232319
0.241559
0.251103
0.260852
0.270793
0.280765
0.290781
0.300552
0.310205
0.319146
0.327935
0.334965
0.140538
0.141204
0.14257
0.144516
0.147031
0.150073
0.153628
0.157672
0.16221
0.167229
0.172726
0.178696
0.185138
0.192042
0.199409
0.207221
0.215473
0.224136
0.233201
0.242616
0.252369
0.262371
0.272614
0.282949
0.29339
0.303673
0.313914
0.323563
0.333137
0.341147
0.140665
0.141333
0.142703
0.144654
0.147175
0.150226
0.153794
0.15785
0.162405
0.167445
0.172968
0.17897
0.185452
0.192406
0.199833
0.20772
0.216064
0.224838
0.234039
0.243619
0.253571
0.263815
0.274345
0.285025
0.295873
0.306643
0.317445
0.327771
0.338098
0.347048
0.140786
0.141455
0.142829
0.144784
0.147312
0.15037
0.153954
0.158019
0.162589
0.167649
0.173197
0.17923
0.18575
0.192751
0.200236
0.208192
0.216623
0.225503
0.234833
0.24457
0.25471
0.265183
0.275985
0.286993
0.298226
0.309459
0.320795
0.331767
0.342813
0.352661
0.140899
0.141571
0.142947
0.144908
0.147441
0.150506
0.15409
0.15818
0.162764
0.167842
0.173414
0.179475
0.186031
0.193076
0.200615
0.208639
0.21715
0.226131
0.235582
0.245467
0.255785
0.266473
0.277532
0.288851
0.300448
0.31212
0.323963
0.335546
0.347277
0.35798
0.141006
0.141679
0.143059
0.145023
0.147563
0.150635
0.154225
0.15833
0.162928
0.168024
0.173618
0.179706
0.186295
0.193382
0.200972
0.209058
0.217646
0.226721
0.236286
0.246309
0.256795
0.267686
0.278987
0.290598
0.302538
0.314624
0.326945
0.339107
0.351485
0.362999
0.141105
0.141781
0.143163
0.145132
0.147677
0.150755
0.154358
0.158471
0.163081
0.168194
0.173808
0.179922
0.186543
0.193668
0.201306
0.20945
0.21811
0.227273
0.236944
0.247098
0.25774
0.268821
0.280348
0.292232
0.304495
0.316968
0.329739
0.342445
0.355433
0.367711
0.141198
0.141875
0.14326
0.145233
0.147783
0.150867
0.154479
0.158601
0.163224
0.168353
0.173986
0.180124
0.186773
0.193934
0.201616
0.209816
0.218542
0.227786
0.237557
0.247832
0.258619
0.269877
0.281615
0.293754
0.306318
0.319153
0.332343
0.345557
0.359116
0.37211
0.141284
0.141962
0.14335
0.145326
0.147881
0.150971
0.154591
0.158722
0.163357
0.168499
0.17415
0.18031
0.186986
0.194181
0.201904
0.210153
0.218942
0.228261
0.238123
0.24851
0.259433
0.270854
0.282788
0.295163
0.308004
0.321175
0.334755
0.348441
0.362531
0.376191
0.141362
0.142043
0.143433
0.145412
0.147971
0.151067
0.154693
0.158833
0.163478
0.168634
0.174301
0.180481
0.187182
0.194407
0.202168
0.210464
0.219309
0.228698
0.238644
0.249134
0.26018
0.271752
0.283864
0.296457
0.309554
0.323034
0.336973
0.351094
0.365675
0.37995
0.141434
0.142116
0.143508
0.14549
0.148053
0.151154
0.154786
0.158933
0.163589
0.168757
0.174439
0.180637
0.187361
0.194614
0.202408
0.210746
0.219643
0.229095
0.239118
0.249701
0.26086
0.272569
0.284845
0.297635
0.310967
0.324729
0.338996
0.353514
0.368544
0.383382
0.141499
0.142181
0.143576
0.14556
0.148127
0.151232
0.15487
0.159024
0.163689
0.168868
0.174563
0.180777
0.187522
0.1948
0.202625
0.211001
0.219944
0.229453
0.239545
0.250213
0.261473
0.273306
0.28573
0.298698
0.312241
0.326257
0.34082
0.355699
0.371134
0.386483
0.141556
0.14224
0.143636
0.145623
0.148193
0.151302
0.154944
0.159105
0.163778
0.168966
0.174673
0.180902
0.187665
0.194965
0.202818
0.211228
0.220212
0.229772
0.239925
0.250668
0.262019
0.273962
0.286517
0.299644
0.313375
0.327619
0.342446
0.357645
0.373444
0.389249
0.141606
0.142291
0.143689
0.145678
0.14825
0.151363
0.15501
0.159176
0.163857
0.169052
0.17477
0.181012
0.18779
0.19511
0.202987
0.211427
0.220447
0.230051
0.240258
0.251067
0.262497
0.274536
0.287207
0.300474
0.314369
0.328812
0.343872
0.359353
0.37547
0.391676
0.14165
0.142335
0.143734
0.145725
0.1483
0.151416
0.155066
0.159237
0.163924
0.169127
0.174853
0.181106
0.187898
0.195235
0.203132
0.211597
0.220649
0.230291
0.240544
0.251409
0.262907
0.275029
0.287799
0.301185
0.315222
0.329837
0.345096
0.360819
0.377211
0.393762
0.141686
0.142372
0.143772
0.145765
0.148341
0.151459
0.155112
0.159287
0.16398
0.169189
0.174922
0.181185
0.187988
0.195339
0.203254
0.21174
0.220817
0.23049
0.240783
0.251695
0.26325
0.275441
0.288292
0.301779
0.315934
0.330691
0.346118
0.362043
0.378664
0.395504
0.141714
0.142401
0.143802
0.145796
0.148374
0.151495
0.155149
0.159327
0.164025
0.169238
0.174978
0.181247
0.18806
0.195422
0.20335
0.211854
0.220951
0.23065
0.240973
0.251923
0.263524
0.27577
0.288688
0.302254
0.316505
0.331376
0.346936
0.363024
0.379829
0.3969
0.141736
0.142423
0.143825
0.14582
0.148399
0.151521
0.155177
0.159357
0.164059
0.169275
0.17502
0.181295
0.188114
0.195484
0.203423
0.211939
0.221052
0.230771
0.241117
0.252095
0.263729
0.276017
0.288984
0.302611
0.316933
0.33189
0.34755
0.36376
0.380704
0.397949
0.14175
0.142438
0.14384
0.145835
0.148416
0.151538
0.155196
0.159377
0.164082
0.1693
0.175047
0.181326
0.18815
0.195526
0.203472
0.211996
0.22112
0.230851
0.241212
0.252209
0.263866
0.276182
0.289182
0.302849
0.317218
0.332233
0.34796
0.364251
0.381287
0.398649
0.141758
0.142446
0.143848
0.145843
0.148424
0.151547
0.155205
0.159387
0.164093
0.169312
0.175061
0.181342
0.188168
0.195547
0.203496
0.212025
0.221153
0.230891
0.24126
0.252266
0.263935
0.276264
0.289281
0.302968
0.317361
0.332404
0.348165
0.364497
0.381579
0.398999
0.082716
0.0821654
0.0811201
0.0796321
0.0777536
0.075533
0.0730132
0.0702324
0.0672259
0.0640268
0.0606669
0.057176
0.0535824
0.0499126
0.0461914
0.0424413
0.0386834
0.0349364
0.0312172
0.0275407
0.0239197
0.0203656
0.0168874
0.0134934
0.0101892
0.00698043
0.00386982
0.000861075
-0.00204672
-0.00485087
0.0828617
0.0823129
0.0812701
0.0797853
0.0779106
0.075694
0.0731782
0.070401
0.0673975
0.0642008
0.0608422
0.0573518
0.0537576
0.0500862
0.0463622
0.0426086
0.038846
0.0350936
0.0313681
0.0276847
0.0240563
0.0204942
0.0170078
0.0136052
0.0102923
0.00707468
0.00395514
0.000937564
-0.00197906
-0.00479136
0.0831435
0.0825976
0.0815597
0.0800812
0.0782138
0.0760051
0.073497
0.0707269
0.0677294
0.0645372
0.0611815
0.0576921
0.0540969
0.0504224
0.0466934
0.0429327
0.0391613
0.0353983
0.0316608
0.0279641
0.0243212
0.0207439
0.0172414
0.0138223
0.0104925
0.00725775
0.00412098
0.00108633
-0.00184757
-0.0046771
0.0835509
0.0830091
0.0819783
0.0805091
0.0786526
0.0764555
0.0739588
0.0711993
0.0682107
0.0650254
0.0616742
0.0581865
0.0545901
0.0509114
0.0471752
0.0434045
0.0396204
0.0358423
0.0320875
0.0283715
0.0247077
0.0211081
0.0175824
0.0141392
0.0107847
0.00752511
0.00436323
0.00130364
-0.00165531
-0.00450915
0.0840741
0.0835376
0.082516
0.0810591
0.0792169
0.0770351
0.0745536
0.0718081
0.0688315
0.0656557
0.0623107
0.0588257
0.0552282
0.0515446
0.0477995
0.0440163
0.0402161
0.0364186
0.0326415
0.0289008
0.0252101
0.0215818
0.0180259
0.0145515
0.0111651
0.00787324
0.00467877
0.00158686
-0.00140457
-0.0042902
0.0847036
0.0841734
0.0831633
0.0817215
0.0798972
0.0777344
0.0752719
0.0725439
0.0695827
0.066419
0.0630823
0.0596013
0.0560033
0.0523143
0.0485592
0.0447612
0.0409419
0.0371214
0.0333176
0.029547
0.0258238
0.0221607
0.0185682
0.0150559
0.0116306
0.00829935
0.00506512
0.00193373
-0.0010974
-0.0040218
0.0854301
0.0849075
0.0839108
0.0824872
0.0806842
0.0785443
0.0761046
0.073398
0.0704556
0.067307
0.0639811
0.0605058
0.056908
0.0532138
0.0494477
0.0456334
0.0417926
0.0379457
0.0341112
0.0303061
0.026545
0.0228414
0.0192062
0.0156496
0.0121788
0.0088013
0.00552037
0.00234258
-0.000735255
-0.00370532
0.0862447
0.0857308
0.0847499
0.0833474
0.0815692
0.0794561
0.0770432
0.074362
0.0714421
0.0683119
0.0649995
0.0615321
0.057936
0.054237
0.0504597
0.0466277
0.0427633
0.0388873
0.0350185
0.0311746
0.0273709
0.0236214
0.0199377
0.0163306
0.0128078
0.00937752
0.00604317
0.0028122
-0.000319157
-0.00334159
0.0871391
0.0866351
0.0856719
0.0842936
0.0825438
0.0804615
0.0780797
0.075428
0.0725346
0.0694266
0.0661309
0.0626737
0.0590811
0.0553783
0.05159
0.0477398
0.0438502
0.0399426
0.0360364
0.0321499
0.028299
0.0244986
0.0207609
0.0170974
0.0135164
0.010027
0.00663261
0.00334186
0.000150254
-0.00293118
0.0881051
0.087612
0.0866689
0.0853177
0.0836001
0.0815526
0.0792062
0.0765885
0.0737259
0.0706441
0.0673686
0.0639248
0.0603379
0.0566329
0.0528342
0.0489656
0.0450499
0.0411088
0.0371625
0.0332299
0.0293277
0.0254717
0.0216747
0.0179492
0.014304
0.0107491
0.00728827
0.00393118
0.000672684
-0.00247431
0.0891348
0.0886539
0.087733
0.0864119
0.0847302
0.0827219
0.0804154
0.0778364
0.0750092
0.0719579
0.0687066
0.0652797
0.0617014
0.0579963
0.0541884
0.0503017
0.0463593
0.0423834
0.0383947
0.034413
0.0304558
0.0265397
0.0226784
0.0188854
0.0151702
0.0115437
0.00801005
0.00458015
0.00124815
-0.00197096
0.0902209
0.0897533
0.0888568
0.087569
0.085927
0.0839621
0.0817003
0.0791648
0.0763779
0.0733619
0.0701394
0.0667332
0.0631668
0.0594641
0.0556489
0.0517451
0.047776
0.0437643
0.0397315
0.0356981
0.0316824
0.0277021
0.0237719
0.0199062
0.0161151
0.012411
0.00879823
0.00528906
0.00187697
-0.00142083
0.0913563
0.0909031
0.0900332
0.0887819
0.0871834
0.0852664
0.083054
0.0805672
0.0778258
0.0748503
0.0716612
0.0682803
0.0647297
0.0610326
0.0572125
0.0532931
0.0492978
0.04525
0.0411718
0.0370844
0.0330072
0.028959
0.0249552
0.0210117
0.0171393
0.0133517
0.00965344
0.00605853
0.00255972
-0.000823402
0.0925342
0.0920966
0.0912555
0.0900437
0.0884927
0.0866281
0.0844702
0.0820373
0.079347
0.0764173
0.0732671
0.0699163
0.0663859
0.0626982
0.058876
0.054943
0.0509228
0.0468391
0.0427146
0.0385715
0.0344302
0.0303104
0.026229
0.0222027
0.0182436
0.0143665
0.0105766
0.00688942
0.00329721
-0.000177933
0.0937483
0.0933274
0.0925173
0.0913482
0.0898485
0.0880408
0.0859425
0.0835691
0.0809355
0.0780575
0.0749518
0.0716365
0.0681313
0.0644573
0.0606366
0.0566928
0.0526494
0.0485304
0.0443593
0.0401592
0.0359515
0.0317572
0.027594
0.0234803
0.0194291
0.0154567
0.0115688
0.00778289
0.00409052
0.000516523
0.0949925
0.0945895
0.0938125
0.0926891
0.0912447
0.0894985
0.087465
0.0851567
0.0825858
0.0797656
0.0767105
0.0734366
0.069962
0.0663066
0.0624917
0.0585403
0.0544759
0.0503231
0.0461057
0.0418478
0.0375718
0.0333
0.0290514
0.0248458
0.0206972
0.0166237
0.0126316
0.00874033
0.00494093
0.00126111
0.0962612
0.0958771
0.0951353
0.0940607
0.0926754
0.0909954
0.089032
0.0867945
0.0842925
0.0815365
0.0785384
0.0753123
0.0718742
0.0682428
0.0644384
0.0604834
0.0564012
0.0522164
0.0479535
0.0436375
0.0392918
0.0349401
0.0306026
0.0263007
0.0220498
0.0178693
0.0137668
0.00976339
0.00584997
0.00205719
0.0975489
0.0971847
0.0964802
0.0954574
0.0941351
0.0925259
0.0906377
0.088477
0.0860503
0.0833651
0.0804308
0.0772591
0.0738642
0.0702629
0.0664745
0.0625204
0.0584239
0.0542097
0.0499027
0.0455289
0.0411125
0.0366788
0.0322493
0.027847
0.0234887
0.0191957
0.0149763
0.010854
0.00681938
0.00290628
0.0988506
0.0985074
0.0978422
0.0968741
0.0956185
0.0940845
0.0922769
0.0901989
0.0878539
0.0852464
0.0823831
0.0792731
0.0759283
0.0723637
0.0685972
0.0646493
0.0605428
0.0563024
0.0519534
0.0475225
0.0430351
0.0385177
0.0339933
0.0294868
0.0250162
0.0206049
0.0162623
0.0120141
0.00785112
0.00381014
0.100162
0.0998403
0.0992163
0.0983057
0.0971204
0.0956662
0.0939444
0.0919551
0.0896984
0.0871757
0.0843907
0.0813499
0.0780626
0.0745419
0.070804
0.0668683
0.0627568
0.0584941
0.0541057
0.0496191
0.0450608
0.0404585
0.0358368
0.0312223
0.0266348
0.0220996
0.0176274
0.0132464
0.00894738
0.0047707
0.101477
0.101179
0.100598
0.0997476
0.0986362
0.0972661
0.0956353
0.0937406
0.0915788
0.0891481
0.0864491
0.0834853
0.0802635
0.0767944
0.0730923
0.0691754
0.0650646
0.0607842
0.0563599
0.0518196
0.0471909
0.042503
0.0377819
0.0330562
0.0283472
0.0236825
0.0190743
0.0145532
0.0101106
0.0057901
0.102794
0.102519
0.101983
0.101195
0.100161
0.0988795
0.0973448
0.0955506
0.0934903
0.091159
0.0885538
0.0856752
0.0825272
0.079118
0.0754596
0.0715686
0.0674649
0.0631722
0.058716
0.0541249
0.0494271
0.0446534
0.0398313
0.0349912
0.0301564
0.0253568
0.0206061
0.0159375
0.0113434
0.00687071
0.104108
0.103857
0.103367
0.102645
0.101691
0.100502
0.0990682
0.0973803
0.0954282
0.0932036
0.0907003
0.0879154
0.0848498
0.0815091
0.0779029
0.0740459
0.0699564
0.0656575
0.0611743
0.0565357
0.0517709
0.0469117
0.0419873
0.0370303
0.0320655
0.0271256
0.0222259
0.0174024
0.0126487
0.00801511
0.105415
0.105189
0.104747
0.104092
0.103222
0.102129
0.100801
0.0992252
0.0973879
0.0952774
0.092884
0.0902015
0.0872275
0.0839645
0.0804195
0.076605
0.0725377
0.0682393
0.0637348
0.059053
0.0542237
0.0492801
0.0442528
0.0391764
0.034078
0.0289924
0.0239373
0.0189513
0.0140297
0.00922613
0.106712
0.106512
0.10612
0.105534
0.10475
0.103757
0.10254
0.101081
0.0993649
0.0973758
0.0951005
0.0925292
0.0896561
0.0864804
0.0830063
0.0792435
0.0752069
0.0709169
0.0663975
0.0616776
0.0567873
0.0517609
0.0466306
0.0414331
0.0361973
0.0309611
0.025744
0.0205878
0.0154897
0.0105068
0.107996
0.107823
0.107481
0.106967
0.106272
0.105382
0.104279
0.102943
0.101355
0.0994944
0.0973454
0.0948943
0.0921317
0.0890533
0.08566
0.0819589
0.0779624
0.0736893
0.0691623
0.0644101
0.059463
0.0543563
0.0491236
0.0438035
0.0384274
0.0330355
0.0276502
0.0223159
0.0170326
0.0118605
0.109265
0.109119
0.108828
0.108387
0.107784
0.107001
0.106016
0.104808
0.103353
0.101629
0.0996142
0.0972924
0.09465
0.0916793
0.0883774
0.0847485
0.0808022
0.0765552
0.0720289
0.0672511
0.0622524
0.0570686
0.0517348
0.0462914
0.0407721
0.03522
0.02966
0.0241397
0.0186622
0.0132909
0.110516
0.110398
0.110159
0.109793
0.109283
0.108609
0.107747
0.106672
0.105356
0.103775
0.101902
0.0997189
0.0972068
0.0943543
0.0911549
0.0876092
0.083724
0.0795132
0.0749967
0.0702011
0.0651568
0.0599
0.0544671
0.0489003
0.0432356
0.0375188
0.0317781
0.0260638
0.0203829
0.0148018
0.111747
0.111656
0.111471
0.111181
0.110766
0.110204
0.109469
0.10853
0.10736
0.105927
0.104206
0.10217
0.0997977
0.0970742
0.0939888
0.090538
0.0867252
0.0825617
0.078065
0.0732603
0.0681774
0.0628527
0.0573235
0.0516339
0.0458222
0.0399368
0.0340094
0.028093
0.0221994
0.0163975
0.112957
0.112893
0.112762
0.112549
0.112231
0.111784
0.111177
0.11038
0.10936
0.108083
0.10652
0.10464
0.102418
0.0998349
0.096875
0.0935313
0.0898032
0.0856987
0.0812328
0.0764287
0.0713152
0.0659287
0.0603071
0.054496
0.0485363
0.0424788
0.0363588
0.0302324
0.0241166
0.0180825
0.114142
0.114107
0.11403
0.113895
0.113675
0.113344
0.11287
0.112218
0.111352
0.110238
0.10884
0.107125
0.105064
0.102632
0.0998096
0.0965855
0.0929549
0.0889221
0.0844988
0.079706
0.0745711
0.0691298
0.0634208
0.0574905
0.0513824
0.0451497
0.0388319
0.0324875
0.0261398
0.0198618
0.115302
0.115295
0.115274
0.115216
0.115096
0.114883
0.114544
0.11404
0.113334
0.112388
0.111162
0.109621
0.10773
0.10546
0.102788
0.0996966
0.096177
0.0922291
0.0878614
0.0830917
0.0779457
0.0724579
0.0666673
0.0606211
0.0543652
0.047955
0.0414343
0.034864
0.0282748
0.0217407
0.116436
0.116457
0.116491
0.116512
0.116493
0.116399
0.116196
0.115844
0.115302
0.114529
0.113483
0.112123
0.110412
0.108316
0.105806
0.102861
0.0994658
0.095617
0.0913186
0.0865849
0.0814392
0.0759144
0.0700493
0.0638916
0.0574894
0.0508999
0.0441719
0.037368
0.0305275
0.0237248
0.117542
0.117591
0.11768
0.117781
0.117862
0.117889
0.117824
0.117626
0.117252
0.116657
0.115797
0.114627
0.113106
0.111194
0.108859
0.106073
0.102817
0.0990825
0.094868
0.0901843
0.0850516
0.0795005
0.0735694
0.0673056
0.0607597
0.05399
0.0470508
0.0400059
0.0329046
0.0258205
0.118619
0.118697
0.118841
0.119021
0.119203
0.119351
0.119426
0.119384
0.119181
0.118769
0.118101
0.117128
0.115806
0.11409
0.111941
0.109329
0.106228
0.102622
0.0985071
0.0938882
0.0887824
0.0832171
0.0772297
0.0708667
0.0641808
0.0572311
0.0500775
0.0427846
0.0354129
0.0280341
0.119667
0.119773
0.119972
0.120231
0.120514
0.120784
0.120999
0.121116
0.121086
0.120861
0.120391
0.119623
0.118508
0.116997
0.115049
0.112624
0.109692
0.106232
0.102232
0.0976946
0.0926309
0.0870648
0.0810324
0.0745784
0.0677575
0.0606288
0.0532585
0.045711
0.0380597
0.0303728
0.120686
0.120819
0.121072
0.12141
0.121794
0.122186
0.122543
0.122819
0.122965
0.122931
0.122663
0.122106
0.121207
0.119913
0.118176
0.115952
0.113205
0.109907
0.106041
0.101601
0.0965957
0.0910437
0.0849791
0.0784438
0.0714943
0.064189
0.0566007
0.0487925
0.0408527
0.0328441
0.121674
0.121834
0.122142
0.122557
0.123042
0.123555
0.124054
0.124491
0.124815
0.124974
0.124913
0.124573
0.123899
0.122831
0.121318
0.119309
0.116762
0.113643
0.109928
0.105604
0.100675
0.0951535
0.089071
0.0824657
0.0753958
0.0679175
0.060111
0.0520369
0.0438001
0.035456
0.122631
0.122819
0.12318
0.123673
0.124257
0.124892
0.125532
0.12613
0.126634
0.126989
0.127138
0.127022
0.126578
0.125747
0.124469
0.122689
0.120358
0.117435
0.113889
0.109701
0.104867
0.0993935
0.093309
0.0866467
0.0794661
0.0718201
0.0637966
0.055452
0.0469104
0.038217
0.123557
0.123772
0.124186
0.124755
0.125439
0.126194
0.126975
0.127734
0.128418
0.128972
0.129336
0.129447
0.129242
0.128655
0.127624
0.126086
0.123987
0.121277
0.11792
0.113887
0.109168
0.103762
0.0976936
0.0909892
0.0837093
0.0759024
0.0676645
0.0590461
0.0501926
0.041136
0.124453
0.124693
0.12516
0.125805
0.126586
0.12746
0.128382
0.129302
0.130167
0.130921
0.131501
0.131845
0.131885
0.131551
0.130777
0.129494
0.127643
0.125164
0.122015
0.118158
0.113576
0.108258
0.102225
0.0954946
0.0881292
0.0801699
0.071722
0.0628275
0.053656
0.0442226
0.125318
0.125584
0.126102
0.126821
0.127699
0.128691
0.129753
0.130833
0.131879
0.132833
0.133633
0.134212
0.134502
0.13443
0.133923
0.132908
0.131319
0.12909
0.126169
0.122508
0.118085
0.112878
0.106901
0.100164
0.0927291
0.0846281
0.0759763
0.0668048
0.0573104
0.0474867
0.126152
0.126443
0.127012
0.127804
0.128777
0.129886
0.131085
0.132325
0.133551
0.134706
0.135727
0.136546
0.137091
0.137286
0.137057
0.136322
0.135011
0.133047
0.130375
0.126933
0.122693
0.117619
0.111722
0.104999
0.0975119
0.0892819
0.0804345
0.0709866
0.0611656
0.0509388
0.126955
0.127271
0.127889
0.128753
0.12982
0.131044
0.132379
0.133777
0.135183
0.136539
0.137782
0.138842
0.139647
0.140117
0.140173
0.13973
0.13871
0.137031
0.134626
0.131426
0.127392
0.122477
0.116685
0.109999
0.10248
0.0941359
0.0851036
0.0753816
0.0652319
0.0545896
0.127729
0.128069
0.128735
0.129669
0.130827
0.132164
0.133635
0.135189
0.136773
0.13833
0.139795
0.141098
0.142166
0.142916
0.143266
0.143125
0.142411
0.141032
0.138916
0.135981
0.132179
0.127448
0.121788
0.115163
0.107635
0.0991946
0.0899904
0.0799985
0.0695199
0.0584504
0.128473
0.128836
0.12955
0.130552
0.1318
0.133248
0.134851
0.136559
0.13832
0.140076
0.141764
0.143312
0.144645
0.14568
0.14633
0.146502
0.146107
0.145046
0.143238
0.140589
0.137045
0.132527
0.127026
0.12049
0.112979
0.104462
0.0951015
0.0848459
0.0740402
0.0625326
0.129187
0.129573
0.130333
0.131403
0.132738
0.134295
0.136028
0.137888
0.139824
0.141778
0.143687
0.14548
0.147081
0.148404
0.149362
0.149856
0.149792
0.149064
0.147583
0.145245
0.141984
0.137707
0.132396
0.125977
0.118512
0.10994
0.100443
0.0899323
0.0788034
0.0668477
0.129873
0.130281
0.131086
0.132221
0.133642
0.135305
0.137165
0.139174
0.141283
0.143433
0.145562
0.1476
0.14947
0.151085
0.152356
0.15318
0.153459
0.153079
0.151945
0.149939
0.146989
0.142981
0.137892
0.131622
0.124233
0.115633
0.106021
0.0952658
0.0838205
0.0714073
0.13053
0.13096
0.131808
0.133006
0.134511
0.136278
0.138262
0.140419
0.142697
0.14504
0.147389
0.14967
0.15181
0.153719
0.155307
0.156468
0.157101
0.157083
0.156315
0.154664
0.152051
0.148343
0.143508
0.137421
0.130142
0.121542
0.111841
0.100854
0.089102
0.0762229
0.13116
0.13161
0.132501
0.133761
0.135347
0.137214
0.139321
0.141621
0.144066
0.1466
0.149165
0.151689
0.154098
0.156303
0.158212
0.159717
0.160712
0.16107
0.160684
0.159411
0.157161
0.153784
0.149238
0.143369
0.136236
0.127668
0.117908
0.106706
0.0946587
0.0813056
0.131762
0.132233
0.133165
0.134484
0.136149
0.138115
0.14034
0.14278
0.145389
0.148111
0.150889
0.153654
0.156332
0.158833
0.161066
0.162919
0.164286
0.165033
0.165045
0.164171
0.162311
0.159295
0.155073
0.14946
0.142513
0.134012
0.124226
0.112827
0.100501
0.0866661
0.132339
0.132829
0.133801
0.135177
0.136919
0.13898
0.141321
0.143898
0.146666
0.149573
0.152562
0.155565
0.158509
0.161307
0.163865
0.166072
0.167817
0.168963
0.16939
0.168936
0.16749
0.164867
0.161005
0.155687
0.148969
0.140573
0.1308
0.119226
0.10664
0.0923137
0.132889
0.133399
0.134409
0.135841
0.137656
0.13981
0.142263
0.144974
0.147898
0.150986
0.154182
0.15742
0.160629
0.163721
0.166606
0.169169
0.171299
0.172854
0.17371
0.173694
0.172689
0.17049
0.167024
0.162042
0.155597
0.147351
0.137633
0.125907
0.113083
0.0982535
0.133415
0.133942
0.13499
0.136476
0.138362
0.140606
0.143168
0.146008
0.149085
0.152349
0.155748
0.159218
0.162689
0.166075
0.169285
0.172207
0.174727
0.1767
0.177997
0.178439
0.177897
0.176152
0.173119
0.168516
0.162392
0.154342
0.144728
0.13288
0.119843
0.10449
0.133916
0.134461
0.135544
0.137082
0.139038
0.141368
0.144036
0.147002
0.150227
0.153663
0.157261
0.160958
0.164688
0.168365
0.1719
0.175181
0.178095
0.180493
0.182244
0.183159
0.183105
0.181843
0.17928
0.175102
0.169348
0.161548
0.152093
0.140159
0.126949
0.111045
0.134394
0.134956
0.136073
0.137661
0.139683
0.142097
0.144867
0.147955
0.151324
0.154929
0.158721
0.162641
0.166625
0.17059
0.174449
0.17809
0.1814
0.184229
0.186444
0.18785
0.188304
0.187557
0.185501
0.181794
0.176464
0.168975
0.159741
0.147766
0.134437
0.117962
0.13485
0.135427
0.136578
0.138213
0.1403
0.142794
0.145663
0.14887
0.152378
0.156147
0.160129
0.164269
0.168503
0.172753
0.176933
0.180933
0.184641
0.187907
0.190594
0.192504
0.193487
0.193282
0.191766
0.188574
0.183717
0.176598
0.167643
0.155664
0.142255
0.125166
0.135283
0.135876
0.137058
0.13874
0.140888
0.143461
0.146425
0.149746
0.15339
0.157318
0.161486
0.165839
0.170319
0.174849
0.179346
0.183702
0.187807
0.19151
0.194673
0.197093
0.198615
0.198967
0.19801
0.195361
0.191006
0.184301
0.175656
0.163695
0.150143
0.132186
0.135694
0.136301
0.137514
0.139239
0.141446
0.144092
0.147147
0.150577
0.154351
0.158431
0.162776
0.167335
0.172051
0.176852
0.181657
0.186359
0.190851
0.194984
0.198618
0.201548
0.203612
0.20453
0.204149
0.20207
0.198249
0.192015
0.183741
0.171905
0.158213
0.1387
0.136085
0.136706
0.137946
0.139711
0.141971
0.144685
0.147822
0.151352
0.155245
0.159465
0.163975
0.168728
0.173669
0.178729
0.183833
0.188877
0.193759
0.19833
0.202456
0.205931
0.208593
0.210158
0.210467
0.209108
0.206028
0.200517
0.192972
0.181706
0.168721
0.14752
-0.00672137
-0.00769679
-0.00867519
-0.00965547
-0.0106385
-0.0116247
-0.012614
-0.0136063
-0.0146012
-0.0066641
-0.00763653
-0.00861186
-0.00958907
-0.0105692
-0.0115529
-0.01254
-0.0135304
-0.0145238
-0.00655981
-0.00753441
-0.00851188
-0.0094911
-0.0104735
-0.0114599
-0.0124502
-0.013444
-0.0144412
-0.00640595
-0.00738546
-0.00836779
-0.0093515
-0.0103385
-0.0113298
-0.0123252
-0.0133246
-0.0143276
-0.00620683
-0.00719488
-0.00818549
-0.00917683
-0.0101715
-0.0111708
-0.0121746
-0.0131826
-0.0141944
-0.00596307
-0.00696275
-0.00796462
-0.0089663
-0.0099712
-0.0109811
-0.0119959
-0.0130151
-0.0140384
-0.00567613
-0.00669059
-0.00770672
-0.00872151
-0.00973934
-0.0107625
-0.0117909
-0.012824
-0.0138614
-0.00534663
-0.00637889
-0.0074122
-0.00844274
-0.00947606
-0.0105151
-0.0115597
-0.0126092
-0.0136631
-0.0147214
-0.00497506
-0.00602812
-0.0070815
-0.00813042
-0.00918178
-0.0102392
-0.0113025
-0.012371
-0.013444
-0.0145215
-0.00456157
-0.0056384
-0.00671474
-0.00778465
-0.00885655
-0.00993486
-0.0110195
-0.0121093
-0.0132039
-0.0143032
-0.00410607
-0.00520966
-0.00631186
-0.00740538
-0.00850033
-0.00960207
-0.0107105
-0.0118243
-0.0129429
-0.0140663
-0.00360826
-0.0047416
-0.00587261
-0.00699237
-0.0081129
-0.00924061
-0.0103754
-0.0115157
-0.0126608
-0.0138108
-0.00306761
-0.00423376
-0.00539656
-0.00654524
-0.00769392
-0.00885017
-0.0100138
-0.0111832
-0.0123574
-0.0135365
-0.00248341
-0.00368546
-0.00488314
-0.00606347
-0.00724291
-0.00843033
-0.00962555
-0.0108265
-0.0120324
-0.0132432
-0.00185475
-0.00309589
-0.00433161
-0.00554642
-0.00675928
-0.00798055
-0.00921003
-0.0104453
-0.0116855
-0.0129305
-0.00118054
-0.00246404
-0.00374111
-0.00499328
-0.00624233
-0.00750021
-0.00876672
-0.0100391
-0.0113163
-0.0125982
-0.000459519
-0.00178877
-0.00311061
-0.00440315
-0.00569123
-0.00698859
-0.00829499
-0.0096073
-0.0109242
-0.0122459
0.000309761
-0.00106876
-0.00243896
-0.003775
-0.00510505
-0.00644486
-0.00779414
-0.00914931
-0.0105089
-0.0118731
0.00112892
-0.000302542
-0.00172486
-0.00310767
-0.00448277
-0.00586811
-0.00726337
-0.00866446
-0.0100698
-0.0114795
0.00199978
0.000511535
-0.000966864
-0.00239988
-0.00382322
-0.00525733
-0.00670181
-0.00815201
-0.00960618
-0.0110645
0.00292433
0.00137529
-0.00016338
-0.00165019
-0.00312515
-0.00461139
-0.00610849
-0.00761116
-0.00911745
-0.0106276
0.00390478
0.00229071
0.00068735
-0.000857049
-0.00238715
-0.00392907
-0.00548235
-0.00704101
-0.00860286
-0.0101683
0.00494353
0.00325999
0.00158725
-1.87439e-05
-0.00160769
-0.00320904
-0.00482225
-0.00644058
-0.00806161
-0.00968578
0.00604324
0.00428553
0.00253841
0.000866595
-0.000785107
-0.00244982
-0.00412691
-0.00580881
-0.00749281
-0.00917949
0.00720677
0.00536994
0.00354313
0.001801
8.24133e-05
-0.00164982
-0.00339498
-0.00514454
-0.00689553
-0.00864864
0.00843726
0.00651605
0.00460391
0.0027867
0.000996852
-0.0008073
-0.00262494
-0.00444651
-0.00626873
-0.00809242
0.00973811
0.00772697
0.00572345
0.0038261
0.00196036
7.96266e-05
-0.00181519
-0.00371336
-0.00561127
-0.00750992
0.011113
0.00900607
0.0069047
0.00492183
0.0029753
0.00101302
-0.000963941
-0.00294358
-0.00492193
-0.00690017
0.012566
0.010357
0.0081509
0.00607676
0.00404421
0.00199514
-6.92575e-05
-0.00213554
-0.00419936
-0.00626212
0.0141015
0.0117838
0.00946552
0.00729401
0.00516989
0.00302842
0.000870978
-0.00128744
-0.00344208
-0.00559456
0.0157241
0.0132907
0.0108524
0.00857697
0.00635538
0.00411557
0.00185908
-0.000397325
-0.00264845
-0.0048962
0.0174391
0.0148824
0.0123156
0.00992934
0.00760401
0.0052595
0.0028976
0.000536982
-0.00181667
-0.00416558
0.0192519
0.0165642
0.0138598
0.0113552
0.0089194
0.00646342
0.00398931
0.00151785
-0.000944751
-0.0034011
0.0211686
0.0183414
0.0154896
0.0128588
0.0103055
0.00773083
0.00513726
0.0025479
-3.05084e-05
-0.00260096
0.0231957
0.02022
0.0172106
0.014445
0.0117666
0.00906554
0.00634477
0.00362998
0.00092848
-0.00176318
0.0253402
0.0222066
0.0190283
0.016119
0.0133073
0.0104717
0.00761551
0.00476725
0.00193488
-0.000885576
0.0276094
0.0243081
0.020949
0.0178864
0.0149328
0.0119539
0.00895346
0.00596318
0.00299165
3.43127e-05
0.0300116
0.0265319
0.0229794
0.0197532
0.0166487
0.0135171
0.010363
0.00722156
0.00410204
0.000999202
0.0325553
0.0288862
0.0251267
0.021726
0.0184608
0.0151666
0.0118489
0.00854658
0.00526964
0.00201212
0.0352498
0.0313795
0.0273986
0.023812
0.0203757
0.0169083
0.0134163
0.0099428
0.00649842
0.00307641
-0.000327614
0.0381046
0.0340209
0.0298035
0.0260188
0.0224005
0.0187486
0.015071
0.0114152
0.00779274
0.00419579
0.000619642
0.0411303
0.0368202
0.0323502
0.0283545
0.0245426
0.0206943
0.016819
0.0129693
0.00915736
0.00537435
0.00161519
0.0443375
0.0397877
0.0350481
0.0308279
0.0268102
0.0227528
0.018667
0.0146111
0.0105975
0.00661663
0.00266285
0.0477378
0.0429343
0.0379072
0.0334485
0.029212
0.024932
0.0206222
0.0163469
0.012119
0.0079276
0.00376685
0.0513431
0.0462712
0.0409381
0.0362261
0.0317573
0.0272404
0.0226925
0.0181838
0.013728
0.00931275
0.00493189
0.0551656
0.0498103
0.0441519
0.0391712
0.0344558
0.0296872
0.024886
0.0201293
0.0154313
0.0107781
0.00616314
0.0592179
0.0535638
0.0475601
0.042295
0.0373181
0.032282
0.0272117
0.0221917
0.0172363
0.0123301
0.00746631
0.0635131
0.0575443
0.0511748
0.045609
0.0403551
0.035035
0.0296791
0.0243797
0.019151
0.0139759
0.00884767
0.0680637
0.0617642
0.0550082
0.0491252
0.0435783
0.037957
0.0322982
0.0267026
0.021184
0.0157234
0.0103141
0.0728823
0.0662357
0.0590725
0.0528561
0.0469997
0.0410591
0.0350796
0.0291704
0.0233444
0.0175808
0.011873
0.0779803
0.0709702
0.06338
0.0568144
0.0506315
0.044353
0.0380344
0.0317937
0.0256422
0.0195571
0.0135325
0.0833675
0.0759775
0.0679423
0.061013
0.0544864
0.0478505
0.041174
0.0345835
0.0280879
0.0216622
0.0153016
0.0890492
0.081264
0.0727699
0.065465
0.0585771
0.0515636
0.0445102
0.0375517
0.0306927
0.0239064
0.0171898
0.0950238
0.086829
0.0778697
0.0701823
0.0629156
0.0555038
0.0480553
0.0407108
0.0334686
0.0263009
0.0192074
0.101286
0.0926637
0.0832452
0.0751752
0.0675117
0.0596808
0.0518209
0.0440733
0.0364278
0.0288575
0.0213657
0.107835
0.0987638
0.0889073
0.0804574
0.0723745
0.0641041
0.0558193
0.047653
0.0395842
0.0315898
0.0236782
0.114636
0.105128
0.0948821
0.0860522
0.077515
0.0687816
0.06006
0.0514585
0.0429451
0.0345052
0.0261518
0.121483
0.111666
0.10117
0.0919798
0.0829445
0.0737243
0.0645525
0.0554945
0.0465132
0.0376064
0.0287897
0.127971
0.118138
0.107793
0.0983607
0.0888383
0.0791545
0.0695336
0.0599962
0.0505194
0.041117
0.0318055
0.133262
0.123545
0.113779
0.104168
0.0942472
0.0842035
0.0741844
0.0641924
0.0542367
0.0443442
0.0345341
)
;

boundaryField
{
    inlet
    {
        type            zeroGradient;
    }
    outlet
    {
        type            fixedValue;
        value           nonuniform 0();
    }
    cylinder
    {
        type            zeroGradient;
    }
    top
    {
        type            symmetryPlane;
    }
    bottom
    {
        type            symmetryPlane;
    }
    defaultFaces
    {
        type            empty;
    }
    procBoundary0to1
    {
        type            processor;
        value           nonuniform List<scalar> 
261
(
0.0357201
0.0357201
0.0387696
0.0387696
0.0421819
0.0421819
0.0461927
0.0461927
0.0501446
0.063095
0.063095
0.0677888
0.0677888
0.0724959
0.0871445
0.0871445
0.0926822
0.108272
0.108272
0.114669
0.114669
0.120999
0.138481
0.138481
0.145672
0.164115
0.182494
0.182494
0.191542
0.210781
0.210781
0.220723
0.240742
0.240742
0.251642
0.272322
0.292693
0.292693
0.305531
0.326305
0.34664
0.34664
0.361436
0.381834
0.401658
0.420867
0.420867
0.437915
0.456661
0.474653
0.491857
0.508236
0.508236
0.52631
0.541531
0.5558
0.569088
0.581367
0.592612
0.602799
0.611908
0.619921
0.619921
0.633769
0.639702
0.644463
0.648043
0.650434
0.65163
0.65163
0.650434
0.648043
0.644463
0.639702
0.633769
0.619921
0.619921
0.611909
0.6028
0.592612
0.581367
0.569088
0.5558
0.541531
0.526311
0.508236
0.508236
0.491857
0.474654
0.456661
0.437916
0.420868
0.420868
0.401658
0.381835
0.366498
0.366498
0.346641
0.326305
0.305532
0.292693
0.292693
0.272323
0.251642
0.240743
0.240743
0.220724
0.210781
0.210781
0.191543
0.182494
0.182494
0.164115
0.145672
0.138481
0.138481
0.131204
0.131204
0.114669
0.108272
0.108272
0.0926822
0.0871446
0.0871446
0.0724959
0.0677888
0.0677888
0.063095
0.063095
0.0584161
0.0584161
0.0461927
0.0421818
0.0421818
0.0387696
0.0387696
0.0357201
0.0357201
0.0248184
0.022593
0.0200714
0.0178946
0.0158593
0.0139619
0.0121963
0.0105497
0.00901179
0.00757301
0.00622468
0.00495887
0.00376836
0.00264658
0.0015876
0.000586021
-0.000363007
-0.00126385
-0.00212043
-0.00293624
-0.00371437
-0.0044576
-0.00516837
-0.00584886
-0.00650098
-0.00712642
-0.00772665
-0.00830298
-0.00885653
-0.00938833
-0.00989926
-0.00832677
-0.00832677
-0.00888116
-0.00941205
-0.00992024
-0.0104064
-0.0108713
-0.0113155
-0.0117396
-0.012144
-0.0125293
-0.0128958
-0.0132441
-0.0135743
-0.013887
-0.0141824
-0.0144608
-0.0147224
-0.0149675
-0.0151963
-0.0154089
-0.0156055
-0.015786
-0.0159505
-0.0160988
-0.0162314
-0.0163459
-0.0164472
-0.0165215
-0.0166008
-0.0155988
-0.0155203
-0.0154417
-0.0153341
-0.0152101
-0.0150657
-0.0149029
-0.0149029
-0.015784
-0.0156035
-0.015407
-0.0151943
-0.0149655
-0.0147204
-0.0144588
-0.0141804
-0.013885
-0.0135723
-0.0132421
-0.0128938
-0.0125273
-0.0121421
-0.0117377
-0.0113136
-0.0108695
-0.0104046
-0.00991846
-0.00941031
-0.00887947
-0.00832513
-0.0077464
-0.00714229
-0.00651169
-0.00585334
-0.00516587
-0.0044477
-0.00369711
-0.00291214
-0.00209059
-0.00123
-0.00123
-0.00371342
-0.00293536
-0.00211962
-0.00126311
-0.000362333
0.000586628
0.00158814
0.00264706
0.00376878
0.00495924
0.006225
0.00757328
0.009012
0.0105499
0.0121964
0.013962
0.0158594
0.0178946
0.0200714
0.0225929
0.0248183
)
;
    }
}


// ************************************************************************* //
