/*--------------------------------*- C++ -*----------------------------------*\
  =========                 |
  \\      /  F ield         | OpenFOAM: The Open Source CFD Toolbox
   \\    /   O peration     | Website:  https://openfoam.org
    \\  /    A nd           | Version:  7
     \\/     M anipulation  |
\*---------------------------------------------------------------------------*/
FoamFile
{
    version     2.0;
    format      ascii;
    class       volScalarField;
    location    "45";
    object      p;
}
// * * * * * * * * * * * * * * * * * * * * * * * * * * * * * * * * * * * * * //

dimensions      [0 2 -2 0 0 0 0];

internalField   nonuniform List<scalar> 
8500
(
-0.230315
-0.231403
-0.232063
-0.232627
-0.233118
-0.23354
-0.233912
-0.234245
-0.234549
-0.23483
-0.235094
-0.235342
-0.235577
-0.235799
-0.23601
-0.236211
-0.236405
-0.236596
-0.236784
-0.236973
-0.230369
-0.231453
-0.232111
-0.232672
-0.233162
-0.233582
-0.233952
-0.234283
-0.234586
-0.234866
-0.235128
-0.235375
-0.235608
-0.235828
-0.236038
-0.236238
-0.236431
-0.236621
-0.236808
-0.236995
-0.23047
-0.231548
-0.232202
-0.232759
-0.233245
-0.233662
-0.234029
-0.234357
-0.234656
-0.234933
-0.235192
-0.235435
-0.235665
-0.235882
-0.236088
-0.236285
-0.236475
-0.236663
-0.236848
-0.23703
-0.23062
-0.231687
-0.232335
-0.232887
-0.233368
-0.23378
-0.234141
-0.234464
-0.234759
-0.235031
-0.235284
-0.235523
-0.235748
-0.23596
-0.236161
-0.236352
-0.236537
-0.236722
-0.236901
-0.237076
-0.230816
-0.23187
-0.23251
-0.233055
-0.233528
-0.233934
-0.234289
-0.234606
-0.234893
-0.235159
-0.235406
-0.235638
-0.235855
-0.23606
-0.236254
-0.236438
-0.236617
-0.236795
-0.236968
-0.237131
-0.231058
-0.232097
-0.232726
-0.233262
-0.233727
-0.234125
-0.234471
-0.23478
-0.23506
-0.235317
-0.235555
-0.235778
-0.235987
-0.236183
-0.236367
-0.236542
-0.236711
-0.236882
-0.237047
-0.237195
-0.231345
-0.232365
-0.232983
-0.233509
-0.233964
-0.234351
-0.234688
-0.234987
-0.235256
-0.235503
-0.235732
-0.235944
-0.236142
-0.236326
-0.236499
-0.236662
-0.23682
-0.236982
-0.237136
-0.237265
-0.231676
-0.232675
-0.23328
-0.233793
-0.234236
-0.234612
-0.234938
-0.235225
-0.235483
-0.235718
-0.235934
-0.236134
-0.236318
-0.236489
-0.236648
-0.236797
-0.236941
-0.237091
-0.237232
-0.23734
-0.23205
-0.233026
-0.233616
-0.234115
-0.234545
-0.234907
-0.235219
-0.235493
-0.235738
-0.235959
-0.236161
-0.236346
-0.236515
-0.23667
-0.236812
-0.236945
-0.237072
-0.237208
-0.237334
-0.237416
-0.232465
-0.233415
-0.233989
-0.234473
-0.234887
-0.235235
-0.235532
-0.235791
-0.23602
-0.236225
-0.236411
-0.236579
-0.23673
-0.236867
-0.23699
-0.237103
-0.237211
-0.23733
-0.237438
-0.23749
-0.23292
-0.233842
-0.234399
-0.234866
-0.235264
-0.235595
-0.235875
-0.236117
-0.236328
-0.236516
-0.236683
-0.236831
-0.236962
-0.237078
-0.237179
-0.237269
-0.237355
-0.237455
-0.237543
-0.23756
-0.233413
-0.234307
-0.234844
-0.235292
-0.235672
-0.235985
-0.236247
-0.23647
-0.236662
-0.236829
-0.236975
-0.237102
-0.23721
-0.237301
-0.237377
-0.237441
-0.237501
-0.237579
-0.237644
-0.237621
-0.233944
-0.234806
-0.235323
-0.235752
-0.236112
-0.236405
-0.236647
-0.236849
-0.237019
-0.237164
-0.237286
-0.237389
-0.237471
-0.237535
-0.237583
-0.237617
-0.237648
-0.2377
-0.237739
-0.23767
-0.23451
-0.235341
-0.235836
-0.236244
-0.236582
-0.236853
-0.237073
-0.237252
-0.237398
-0.237518
-0.237615
-0.23769
-0.237745
-0.237778
-0.237794
-0.237795
-0.237791
-0.237814
-0.237823
-0.237701
-0.23511
-0.235908
-0.23638
-0.236766
-0.237081
-0.237329
-0.237524
-0.237678
-0.237799
-0.237892
-0.23796
-0.238006
-0.238028
-0.238028
-0.238008
-0.237972
-0.237929
-0.237919
-0.237895
-0.23771
-0.235743
-0.236507
-0.236955
-0.237317
-0.237608
-0.237831
-0.238
-0.238127
-0.238219
-0.238283
-0.23832
-0.238333
-0.238321
-0.238284
-0.238224
-0.238145
-0.238059
-0.23801
-0.237949
-0.237691
-0.236408
-0.237137
-0.237561
-0.237898
-0.238163
-0.238358
-0.238499
-0.238596
-0.238658
-0.23869
-0.238694
-0.238672
-0.238622
-0.238544
-0.23844
-0.238314
-0.238179
-0.238084
-0.237984
-0.237638
-0.237103
-0.237797
-0.238195
-0.238506
-0.238743
-0.23891
-0.23902
-0.239086
-0.239115
-0.239112
-0.239081
-0.23902
-0.238929
-0.238807
-0.238654
-0.238477
-0.238286
-0.23814
-0.237995
-0.237538
-0.237828
-0.238486
-0.238858
-0.239141
-0.239349
-0.239485
-0.239563
-0.239595
-0.239588
-0.239549
-0.239479
-0.239377
-0.239242
-0.239072
-0.238867
-0.238632
-0.238379
-0.238173
-0.237983
-0.237373
-0.238582
-0.239204
-0.239549
-0.239803
-0.23998
-0.240082
-0.240126
-0.240122
-0.240078
-0.239999
-0.239888
-0.239742
-0.23956
-0.239338
-0.239076
-0.238778
-0.238456
-0.238183
-0.23795
-0.237148
-0.239364
-0.23995
-0.240267
-0.240491
-0.240634
-0.240702
-0.240709
-0.240667
-0.240582
-0.240462
-0.240307
-0.240115
-0.239883
-0.239606
-0.239283
-0.238916
-0.238517
-0.238163
-0.237861
-0.236953
-0.240174
-0.240724
-0.241012
-0.241204
-0.241313
-0.241344
-0.241312
-0.241228
-0.241101
-0.240937
-0.240736
-0.240495
-0.240211
-0.239876
-0.239487
-0.239046
-0.238563
-0.238128
-0.237723
-0.236682
-0.241012
-0.241527
-0.241784
-0.241943
-0.242015
-0.242007
-0.241933
-0.241806
-0.241634
-0.241423
-0.241174
-0.240882
-0.240543
-0.240147
-0.239689
-0.239169
-0.238593
-0.238064
-0.237559
-0.236325
-0.241879
-0.242357
-0.242584
-0.242708
-0.242741
-0.242692
-0.242574
-0.2424
-0.242181
-0.241921
-0.241621
-0.241276
-0.240879
-0.24042
-0.239891
-0.239286
-0.23861
-0.237973
-0.237362
-0.235884
-0.242774
-0.243216
-0.243411
-0.243498
-0.243491
-0.243397
-0.243233
-0.243011
-0.242741
-0.24243
-0.242076
-0.241677
-0.241221
-0.240697
-0.240092
-0.239399
-0.238616
-0.23786
-0.237131
-0.235354
-0.2437
-0.244106
-0.244267
-0.244316
-0.244265
-0.244125
-0.24391
-0.243637
-0.243314
-0.242949
-0.242541
-0.242084
-0.241568
-0.240978
-0.240296
-0.239512
-0.238615
-0.237726
-0.236871
-0.23473
-0.244657
-0.245026
-0.245152
-0.245161
-0.245065
-0.244874
-0.244607
-0.244279
-0.243901
-0.243479
-0.243013
-0.242498
-0.241921
-0.241263
-0.240504
-0.239626
-0.238609
-0.237575
-0.236585
-0.234007
-0.245646
-0.245978
-0.246068
-0.246034
-0.24589
-0.245646
-0.245324
-0.244938
-0.244501
-0.24402
-0.243495
-0.24292
-0.242279
-0.241554
-0.240717
-0.239744
-0.238604
-0.237413
-0.23628
-0.233181
-0.24667
-0.246964
-0.247017
-0.246937
-0.246742
-0.246442
-0.24606
-0.245613
-0.245114
-0.244571
-0.243985
-0.243348
-0.242644
-0.24185
-0.240935
-0.239868
-0.238603
-0.237245
-0.235965
-0.232252
-0.247732
-0.247987
-0.248
-0.247873
-0.247622
-0.247263
-0.246818
-0.246306
-0.245742
-0.245134
-0.244483
-0.243783
-0.243014
-0.242152
-0.241161
-0.239999
-0.238609
-0.237075
-0.235648
-0.231223
-0.248834
-0.249049
-0.24902
-0.248842
-0.248533
-0.248111
-0.247599
-0.247018
-0.246385
-0.245708
-0.244991
-0.244224
-0.243391
-0.24246
-0.241393
-0.24014
-0.238626
-0.236908
-0.235339
-0.230101
-0.249979
-0.250153
-0.250079
-0.249847
-0.249476
-0.248987
-0.248404
-0.24775
-0.247044
-0.246296
-0.245508
-0.244673
-0.243773
-0.242774
-0.241631
-0.24029
-0.238655
-0.236748
-0.235042
-0.228899
-0.251172
-0.251302
-0.251181
-0.250891
-0.250454
-0.249893
-0.249234
-0.248504
-0.24772
-0.246896
-0.246036
-0.24513
-0.244161
-0.243093
-0.241876
-0.240448
-0.238697
-0.236601
-0.234761
-0.227635
-0.252416
-0.2525
-0.252329
-0.251977
-0.25147
-0.250832
-0.250094
-0.249281
-0.248416
-0.247513
-0.246575
-0.245596
-0.244555
-0.243417
-0.242127
-0.240617
-0.238753
-0.236471
-0.234492
-0.226335
-0.253716
-0.253751
-0.253526
-0.253109
-0.252527
-0.251808
-0.250984
-0.250085
-0.249134
-0.248147
-0.247128
-0.246072
-0.244958
-0.243749
-0.242386
-0.240795
-0.238826
-0.236369
-0.234234
-0.225052
-0.255078
-0.25506
-0.254777
-0.254289
-0.253628
-0.252822
-0.251909
-0.250919
-0.249877
-0.248801
-0.247698
-0.246561
-0.245371
-0.244089
-0.242655
-0.240988
-0.238918
-0.236311
-0.233983
-0.223871
-0.256506
-0.256432
-0.256086
-0.255524
-0.254777
-0.25388
-0.252872
-0.251785
-0.250648
-0.249479
-0.248287
-0.247066
-0.245797
-0.244442
-0.242937
-0.241202
-0.239038
-0.23632
-0.233705
-0.222824
-0.258008
-0.257871
-0.257459
-0.256816
-0.255979
-0.254986
-0.253877
-0.252689
-0.251452
-0.250186
-0.2489
-0.247592
-0.246242
-0.244812
-0.243241
-0.241446
-0.23921
-0.236451
-0.233308
-0.221698
-0.259588
-0.259384
-0.2589
-0.258172
-0.257238
-0.256143
-0.254928
-0.253634
-0.252292
-0.250925
-0.249543
-0.248144
-0.246709
-0.245205
-0.243572
-0.241737
-0.239478
-0.236838
-0.232926
-0.220776
-0.261255
-0.260977
-0.260415
-0.259595
-0.25856
-0.257357
-0.256032
-0.254627
-0.253176
-0.251703
-0.25022
-0.248727
-0.247206
-0.245626
-0.243936
-0.242083
-0.239871
-0.237609
-0.233441
-0.224455
-0.263016
-0.262655
-0.26201
-0.261092
-0.25995
-0.258633
-0.257192
-0.255671
-0.254107
-0.252525
-0.250938
-0.249347
-0.247738
-0.246081
-0.244335
-0.242474
-0.240342
-0.238554
-0.235273
-0.240838
-0.264876
-0.264426
-0.263691
-0.262669
-0.261412
-0.259977
-0.258415
-0.256774
-0.255093
-0.253398
-0.251704
-0.250012
-0.24831
-0.246573
-0.244767
-0.242892
-0.24082
-0.239417
-0.236449
-0.244619
-0.266845
-0.266296
-0.265463
-0.264331
-0.262954
-0.261395
-0.259707
-0.257942
-0.25614
-0.254329
-0.252524
-0.250728
-0.248929
-0.247106
-0.24523
-0.243321
-0.241261
-0.240035
-0.237009
-0.245042
-0.26893
-0.268271
-0.267335
-0.266085
-0.264582
-0.262892
-0.261074
-0.259181
-0.257254
-0.255324
-0.253406
-0.251501
-0.2496
-0.247682
-0.245723
-0.243753
-0.241652
-0.240427
-0.237269
-0.244538
-0.271138
-0.270359
-0.26931
-0.267936
-0.266301
-0.264476
-0.262524
-0.260498
-0.258444
-0.256391
-0.254355
-0.252338
-0.250327
-0.248304
-0.246243
-0.24418
-0.241985
-0.240625
-0.237276
-0.243337
-0.273476
-0.272566
-0.271398
-0.269892
-0.268118
-0.266153
-0.264061
-0.2619
-0.259715
-0.257536
-0.255379
-0.253243
-0.251115
-0.248972
-0.246789
-0.244595
-0.242254
-0.240648
-0.237055
-0.241678
-0.274899
-0.273603
-0.271958
-0.270039
-0.267929
-0.265694
-0.263394
-0.261075
-0.258767
-0.256483
-0.254221
-0.251964
-0.249686
-0.247356
-0.244995
-0.242457
-0.240519
-0.236644
-0.239774
-0.275932
-0.274141
-0.272071
-0.26981
-0.267429
-0.264987
-0.26253
-0.260088
-0.257673
-0.255276
-0.252877
-0.250445
-0.24794
-0.245373
-0.242592
-0.24026
-0.23608
-0.237758
-0.276448
-0.274221
-0.271805
-0.269272
-0.266684
-0.264087
-0.261507
-0.258952
-0.25641
-0.253854
-0.251245
-0.248537
-0.245726
-0.242659
-0.23989
-0.235389
-0.235714
-0.278884
-0.276494
-0.273918
-0.271231
-0.268494
-0.265751
-0.263027
-0.260324
-0.257624
-0.254892
-0.252082
-0.249139
-0.246048
-0.242658
-0.239425
-0.234592
-0.233688
-0.278896
-0.276156
-0.273311
-0.270421
-0.267528
-0.264653
-0.261791
-0.258917
-0.255988
-0.25295
-0.249741
-0.246335
-0.242588
-0.238876
-0.233705
-0.231703
-0.278526
-0.275518
-0.272471
-0.269423
-0.266387
-0.263353
-0.260288
-0.257138
-0.253842
-0.250334
-0.24658
-0.242449
-0.23825
-0.232737
-0.229767
-0.277859
-0.274649
-0.271438
-0.268232
-0.265011
-0.261732
-0.258335
-0.254751
-0.250911
-0.246777
-0.242239
-0.237553
-0.231695
-0.227878
-0.27696
-0.273577
-0.270187
-0.26676
-0.263244
-0.25957
-0.255665
-0.25146
-0.24692
-0.241955
-0.236786
-0.230582
-0.226026
-0.275841
-0.272252
-0.268598
-0.264817
-0.260835
-0.256575
-0.251973
-0.247001
-0.241594
-0.235948
-0.229399
-0.224197
-0.274422
-0.270517
-0.266442
-0.262117
-0.257468
-0.252439
-0.247014
-0.241152
-0.235038
-0.228145
-0.222375
-0.27251
-0.268107
-0.263404
-0.258332
-0.252848
-0.246949
-0.240624
-0.234051
-0.226817
-0.220545
-0.269799
-0.264682
-0.259154
-0.253187
-0.2468
-0.240007
-0.232985
-0.225413
-0.218691
-0.259919
-0.253447
-0.246558
-0.239295
-0.231833
-0.223928
-0.216799
-0.253616
-0.246217
-0.238483
-0.230592
-0.222358
-0.214857
-0.245768
-0.237566
-0.229256
-0.220699
-0.212851
-0.22782
-0.218945
-0.210771
-0.217091
-0.208608
-0.216946
-0.208448
-0.227693
-0.218801
-0.21061
-0.245675
-0.237457
-0.229132
-0.220556
-0.21269
-0.253542
-0.246128
-0.238378
-0.23047
-0.222217
-0.214697
-0.265888
-0.259862
-0.253377
-0.246474
-0.239194
-0.231714
-0.223789
-0.21664
-0.269764
-0.26464
-0.259102
-0.253123
-0.246721
-0.23991
-0.232869
-0.225276
-0.218533
-0.272485
-0.268077
-0.263367
-0.258286
-0.252789
-0.246875
-0.240532
-0.233939
-0.226683
-0.220388
-0.274405
-0.270498
-0.266418
-0.262086
-0.257428
-0.252386
-0.246945
-0.241064
-0.234929
-0.228013
-0.222219
-0.275828
-0.272239
-0.268583
-0.264799
-0.260809
-0.25654
-0.251926
-0.246938
-0.241512
-0.235844
-0.22927
-0.224043
-0.27695
-0.273568
-0.270178
-0.26675
-0.263231
-0.259551
-0.255637
-0.251419
-0.246863
-0.241878
-0.236686
-0.230457
-0.225874
-0.277849
-0.274642
-0.271432
-0.268227
-0.265005
-0.261723
-0.258321
-0.254728
-0.250875
-0.246726
-0.242168
-0.237458
-0.231573
-0.227729
-0.278517
-0.275511
-0.272467
-0.26942
-0.266386
-0.263352
-0.260284
-0.257129
-0.253826
-0.250305
-0.246534
-0.242384
-0.23816
-0.232619
-0.229621
-0.278887
-0.276149
-0.273306
-0.270419
-0.267529
-0.264656
-0.261794
-0.258918
-0.255985
-0.252939
-0.249718
-0.246295
-0.242529
-0.238791
-0.233591
-0.231559
-0.278874
-0.276486
-0.273912
-0.271228
-0.268495
-0.265755
-0.263033
-0.260331
-0.25763
-0.254894
-0.252076
-0.249122
-0.246015
-0.242604
-0.239346
-0.234483
-0.233547
-0.278382
-0.276439
-0.274214
-0.271801
-0.269272
-0.266688
-0.264094
-0.261517
-0.258963
-0.256421
-0.253861
-0.251245
-0.248526
-0.245699
-0.242611
-0.239816
-0.235285
-0.235576
-0.275923
-0.274134
-0.272066
-0.269808
-0.26743
-0.264992
-0.26254
-0.260101
-0.257688
-0.255291
-0.252889
-0.25045
-0.247935
-0.245352
-0.242549
-0.240191
-0.23598
-0.237624
-0.27489
-0.273594
-0.271951
-0.270034
-0.267927
-0.265697
-0.263401
-0.261087
-0.258783
-0.256502
-0.25424
-0.251981
-0.249697
-0.247356
-0.244979
-0.24242
-0.240455
-0.236549
-0.239643
-0.27347
-0.272557
-0.271389
-0.269885
-0.268113
-0.266152
-0.264065
-0.261909
-0.259729
-0.257555
-0.255401
-0.253266
-0.251136
-0.248987
-0.246793
-0.244585
-0.242222
-0.240589
-0.236964
-0.24155
-0.27113
-0.270349
-0.269301
-0.267929
-0.266296
-0.264476
-0.262528
-0.260508
-0.25846
-0.256412
-0.25438
-0.252364
-0.250352
-0.248323
-0.246253
-0.244174
-0.241958
-0.24057
-0.237189
-0.243212
-0.268921
-0.268261
-0.267324
-0.266076
-0.264577
-0.262892
-0.261079
-0.259192
-0.257271
-0.255346
-0.253432
-0.25153
-0.249628
-0.247705
-0.245736
-0.243751
-0.241629
-0.240376
-0.237185
-0.244415
-0.266835
-0.266284
-0.265452
-0.264322
-0.262949
-0.261394
-0.259712
-0.257953
-0.256158
-0.254352
-0.252553
-0.250759
-0.24896
-0.247132
-0.245247
-0.243323
-0.241242
-0.239987
-0.236928
-0.24492
-0.264864
-0.264412
-0.263678
-0.262658
-0.261405
-0.259975
-0.258419
-0.256785
-0.255111
-0.253422
-0.251734
-0.250045
-0.248342
-0.246601
-0.244786
-0.242896
-0.240803
-0.239372
-0.23637
-0.244497
-0.263
-0.262639
-0.261995
-0.261079
-0.259941
-0.25863
-0.257195
-0.255682
-0.254125
-0.252549
-0.250968
-0.24938
-0.247771
-0.24611
-0.244356
-0.24248
-0.240327
-0.238511
-0.235195
-0.240714
-0.261236
-0.260957
-0.260397
-0.25958
-0.258549
-0.257352
-0.256033
-0.254636
-0.253192
-0.251726
-0.25025
-0.24876
-0.247239
-0.245656
-0.243958
-0.24209
-0.239858
-0.237567
-0.233364
-0.224333
-0.259565
-0.259361
-0.258879
-0.258153
-0.257225
-0.256135
-0.254928
-0.253642
-0.252308
-0.250947
-0.249571
-0.248176
-0.246742
-0.245234
-0.243593
-0.241744
-0.239464
-0.236797
-0.232849
-0.220655
-0.257979
-0.257844
-0.257434
-0.256795
-0.255962
-0.254976
-0.253874
-0.252694
-0.251465
-0.250206
-0.248927
-0.247622
-0.246273
-0.24484
-0.243261
-0.241452
-0.239195
-0.236408
-0.233231
-0.221575
-0.256472
-0.2564
-0.256057
-0.255499
-0.254757
-0.253867
-0.252866
-0.251787
-0.250658
-0.249497
-0.248311
-0.247094
-0.245826
-0.244467
-0.242955
-0.241206
-0.239022
-0.236276
-0.233626
-0.222699
-0.255038
-0.255023
-0.254743
-0.25426
-0.253604
-0.252805
-0.2519
-0.250917
-0.249884
-0.248815
-0.247718
-0.246585
-0.245396
-0.244111
-0.242669
-0.240989
-0.238899
-0.236264
-0.233901
-0.223741
-0.253671
-0.253709
-0.253487
-0.253075
-0.252499
-0.251787
-0.250971
-0.25008
-0.249137
-0.248157
-0.247144
-0.246092
-0.244979
-0.243767
-0.242397
-0.240792
-0.238802
-0.236318
-0.234147
-0.224917
-0.252364
-0.252452
-0.252285
-0.251939
-0.251437
-0.250807
-0.250076
-0.249272
-0.248415
-0.247519
-0.246587
-0.245611
-0.244572
-0.243431
-0.242133
-0.240608
-0.238725
-0.236415
-0.234401
-0.226194
-0.251113
-0.251249
-0.251132
-0.250848
-0.250417
-0.249863
-0.249212
-0.248489
-0.247714
-0.246897
-0.246042
-0.24514
-0.244171
-0.2431
-0.241876
-0.240434
-0.238662
-0.236539
-0.234664
-0.227487
-0.249914
-0.250094
-0.250025
-0.249798
-0.249434
-0.248951
-0.248376
-0.247731
-0.247032
-0.246291
-0.245509
-0.244677
-0.243777
-0.242775
-0.241624
-0.240269
-0.238613
-0.23668
-0.234938
-0.228745
-0.248762
-0.248984
-0.24896
-0.248788
-0.248486
-0.248071
-0.247566
-0.246993
-0.246367
-0.245698
-0.244985
-0.244222
-0.243388
-0.242454
-0.241378
-0.240112
-0.238577
-0.236832
-0.235228
-0.22994
-0.247653
-0.247916
-0.247935
-0.247814
-0.24757
-0.247218
-0.246781
-0.246276
-0.245719
-0.245117
-0.244471
-0.243773
-0.243005
-0.242138
-0.241138
-0.239963
-0.238552
-0.236991
-0.23553
-0.231055
-0.246585
-0.246887
-0.246946
-0.246873
-0.246684
-0.246392
-0.246017
-0.245577
-0.245085
-0.244548
-0.243966
-0.243331
-0.242627
-0.241828
-0.240905
-0.239823
-0.238538
-0.237153
-0.235839
-0.232077
-0.245554
-0.245895
-0.245992
-0.245965
-0.245827
-0.245591
-0.245275
-0.244896
-0.244466
-0.24399
-0.243469
-0.242896
-0.242255
-0.241524
-0.240678
-0.239691
-0.238531
-0.237314
-0.236146
-0.232999
-0.244558
-0.244937
-0.245071
-0.245086
-0.244997
-0.244814
-0.244554
-0.244232
-0.24386
-0.243443
-0.242981
-0.242467
-0.241888
-0.241225
-0.240457
-0.239564
-0.238528
-0.237467
-0.236443
-0.233818
-0.243596
-0.244012
-0.244181
-0.244237
-0.244194
-0.24406
-0.243852
-0.243585
-0.243268
-0.242907
-0.242502
-0.242046
-0.241528
-0.240932
-0.240241
-0.239442
-0.238525
-0.23761
-0.236721
-0.234535
-0.242665
-0.243119
-0.243321
-0.243415
-0.243415
-0.243328
-0.24317
-0.242954
-0.242689
-0.242382
-0.242031
-0.241632
-0.241174
-0.240644
-0.24003
-0.239322
-0.238518
-0.237736
-0.236975
-0.235152
-0.241764
-0.242255
-0.24249
-0.242621
-0.242662
-0.242618
-0.242506
-0.242339
-0.242124
-0.241868
-0.241569
-0.241225
-0.240825
-0.24036
-0.23982
-0.239201
-0.238505
-0.237843
-0.237198
-0.235675
-0.240894
-0.241421
-0.241687
-0.241853
-0.241932
-0.24193
-0.241862
-0.24174
-0.241573
-0.241365
-0.241117
-0.240825
-0.240482
-0.24008
-0.239612
-0.239076
-0.238481
-0.237927
-0.237389
-0.23611
-0.240052
-0.240616
-0.240912
-0.241111
-0.241227
-0.241264
-0.241237
-0.241159
-0.241036
-0.240874
-0.240674
-0.240432
-0.240144
-0.239803
-0.239403
-0.238948
-0.238444
-0.237986
-0.237549
-0.236459
-0.239239
-0.239839
-0.240164
-0.240395
-0.240546
-0.24062
-0.240632
-0.240594
-0.240513
-0.240395
-0.240241
-0.240048
-0.239812
-0.239528
-0.239194
-0.238812
-0.238393
-0.238021
-0.237678
-0.23672
-0.238455
-0.239092
-0.239445
-0.239706
-0.239889
-0.239998
-0.240047
-0.240047
-0.240006
-0.239929
-0.239818
-0.239671
-0.239484
-0.239255
-0.238983
-0.23867
-0.238327
-0.238033
-0.237759
-0.236905
-0.2377
-0.238373
-0.238753
-0.239043
-0.239257
-0.239399
-0.239482
-0.239517
-0.239514
-0.239476
-0.239406
-0.239302
-0.239163
-0.238985
-0.238769
-0.238519
-0.238247
-0.238019
-0.237797
-0.237148
-0.236975
-0.237683
-0.23809
-0.238408
-0.238651
-0.238823
-0.238938
-0.239007
-0.239039
-0.239037
-0.239005
-0.238942
-0.238847
-0.238717
-0.238554
-0.238362
-0.238152
-0.237983
-0.237809
-0.237317
-0.236281
-0.237024
-0.237456
-0.2378
-0.238071
-0.238271
-0.238416
-0.238517
-0.238581
-0.238614
-0.238618
-0.238592
-0.238538
-0.238452
-0.238338
-0.238198
-0.238044
-0.237927
-0.237798
-0.237417
-0.235618
-0.236396
-0.236852
-0.237221
-0.237517
-0.237745
-0.237918
-0.238047
-0.238142
-0.238206
-0.238243
-0.238253
-0.238236
-0.238191
-0.238121
-0.238029
-0.237925
-0.237853
-0.237765
-0.237474
-0.234988
-0.235799
-0.236279
-0.236671
-0.236992
-0.237244
-0.237443
-0.2376
-0.237722
-0.237815
-0.237883
-0.237926
-0.237943
-0.237936
-0.237905
-0.237856
-0.237796
-0.237764
-0.237713
-0.237497
-0.234391
-0.235235
-0.235737
-0.236152
-0.236495
-0.236771
-0.236993
-0.237175
-0.237323
-0.237443
-0.237539
-0.237611
-0.23766
-0.237687
-0.237692
-0.237681
-0.23766
-0.237663
-0.237646
-0.237494
-0.23383
-0.234705
-0.235229
-0.235664
-0.236028
-0.236325
-0.23657
-0.236774
-0.236945
-0.23709
-0.237212
-0.237311
-0.237389
-0.237446
-0.237484
-0.237506
-0.23752
-0.237553
-0.237567
-0.23747
-0.233305
-0.23421
-0.234754
-0.235208
-0.235592
-0.235909
-0.236174
-0.236398
-0.236591
-0.236758
-0.236903
-0.237027
-0.23713
-0.237215
-0.237282
-0.237334
-0.237379
-0.237439
-0.23748
-0.23743
-0.232817
-0.233751
-0.234314
-0.234786
-0.235188
-0.235522
-0.235806
-0.236049
-0.236261
-0.236448
-0.236614
-0.236759
-0.236886
-0.236995
-0.237088
-0.237167
-0.237238
-0.237321
-0.237388
-0.237379
-0.232369
-0.23333
-0.23391
-0.234398
-0.234817
-0.235168
-0.235467
-0.235727
-0.235957
-0.236162
-0.236346
-0.236511
-0.236659
-0.236789
-0.236904
-0.237007
-0.237102
-0.237205
-0.237293
-0.237321
-0.231962
-0.232948
-0.233543
-0.234047
-0.23448
-0.234845
-0.235159
-0.235435
-0.23568
-0.2359
-0.236101
-0.236283
-0.236449
-0.236598
-0.236733
-0.236856
-0.236971
-0.237093
-0.2372
-0.23726
-0.231597
-0.232605
-0.233215
-0.233731
-0.234178
-0.234556
-0.234883
-0.235172
-0.23543
-0.235665
-0.23588
-0.236077
-0.236258
-0.236424
-0.236576
-0.236717
-0.23685
-0.236986
-0.237111
-0.237199
-0.231275
-0.232303
-0.232925
-0.233454
-0.233912
-0.234301
-0.23464
-0.234939
-0.23521
-0.235456
-0.235683
-0.235894
-0.236088
-0.236268
-0.236435
-0.236591
-0.236739
-0.236889
-0.237028
-0.237141
-0.230998
-0.232043
-0.232676
-0.233215
-0.233683
-0.234082
-0.23443
-0.234739
-0.235019
-0.235276
-0.235514
-0.235735
-0.235941
-0.236133
-0.236312
-0.23648
-0.236641
-0.236802
-0.236954
-0.237088
-0.230766
-0.231826
-0.232468
-0.233016
-0.233491
-0.233898
-0.234254
-0.234572
-0.23486
-0.235125
-0.235371
-0.235601
-0.235817
-0.236018
-0.236208
-0.236387
-0.236558
-0.236728
-0.236891
-0.237042
-0.230581
-0.231653
-0.232302
-0.232856
-0.233338
-0.233752
-0.234114
-0.234438
-0.234732
-0.235004
-0.235257
-0.235494
-0.235717
-0.235927
-0.236124
-0.236312
-0.236491
-0.236669
-0.236841
-0.237005
-0.230442
-0.231523
-0.232178
-0.232737
-0.233224
-0.233642
-0.234009
-0.234337
-0.234637
-0.234913
-0.235172
-0.235414
-0.235643
-0.235858
-0.236062
-0.236256
-0.236442
-0.236625
-0.236804
-0.236979
-0.230352
-0.231438
-0.232097
-0.232659
-0.233149
-0.23357
-0.23394
-0.234272
-0.234574
-0.234854
-0.235116
-0.235362
-0.235594
-0.235814
-0.236022
-0.23622
-0.236411
-0.236598
-0.236782
-0.236965
-0.230309
-0.231398
-0.232058
-0.232622
-0.233114
-0.233536
-0.233908
-0.234241
-0.234545
-0.234826
-0.23509
-0.235338
-0.235572
-0.235794
-0.236004
-0.236205
-0.236398
-0.236588
-0.236775
-0.236962
-0.23729
-0.237457
-0.23773
-0.237905
-0.238093
-0.238232
-0.238347
-0.238419
-0.238449
-0.238426
-0.238346
-0.238201
-0.237983
-0.237685
-0.237297
-0.237329
-0.237487
-0.237765
-0.237941
-0.238133
-0.238276
-0.238396
-0.238474
-0.23851
-0.238494
-0.238422
-0.238285
-0.238075
-0.237785
-0.237404
-0.237395
-0.237533
-0.237817
-0.237992
-0.238187
-0.238333
-0.238458
-0.238541
-0.238583
-0.238575
-0.23851
-0.238381
-0.238179
-0.237896
-0.237523
-0.237485
-0.237593
-0.237886
-0.238057
-0.238256
-0.238404
-0.238533
-0.23862
-0.238669
-0.238667
-0.238609
-0.238488
-0.238294
-0.238019
-0.237654
-0.237601
-0.237666
-0.237971
-0.238135
-0.238337
-0.238486
-0.238619
-0.238711
-0.238765
-0.238769
-0.238719
-0.238605
-0.238419
-0.238152
-0.237794
-0.237739
-0.237752
-0.238069
-0.238226
-0.23843
-0.23858
-0.238716
-0.238812
-0.238871
-0.238882
-0.238838
-0.238732
-0.238554
-0.238295
-0.237944
-0.237899
-0.237848
-0.238182
-0.238327
-0.238534
-0.238684
-0.238823
-0.238923
-0.238987
-0.239003
-0.238966
-0.238867
-0.238697
-0.238446
-0.238103
-0.237657
-0.23808
-0.237953
-0.238306
-0.238438
-0.238647
-0.238796
-0.238938
-0.239042
-0.23911
-0.239132
-0.239102
-0.23901
-0.238848
-0.238605
-0.23827
-0.23783
-0.238279
-0.238066
-0.23844
-0.238556
-0.238768
-0.238916
-0.239061
-0.239167
-0.239241
-0.239268
-0.239245
-0.23916
-0.239005
-0.23877
-0.238442
-0.23801
-0.238495
-0.238184
-0.238583
-0.238682
-0.238896
-0.239043
-0.23919
-0.239299
-0.239376
-0.23941
-0.239392
-0.239315
-0.239168
-0.23894
-0.23862
-0.238196
-0.238725
-0.238304
-0.238733
-0.238812
-0.239029
-0.239173
-0.239322
-0.239434
-0.239516
-0.239555
-0.239544
-0.239473
-0.239334
-0.239114
-0.238802
-0.238385
-0.23897
-0.238425
-0.238887
-0.238944
-0.239165
-0.239307
-0.239458
-0.239572
-0.239658
-0.239702
-0.239697
-0.239634
-0.239502
-0.23929
-0.238987
-0.238577
-0.239226
-0.238544
-0.239045
-0.239078
-0.239302
-0.239442
-0.239594
-0.239711
-0.239801
-0.23985
-0.239852
-0.239795
-0.239671
-0.239468
-0.239173
-0.238771
-0.239494
-0.238657
-0.239204
-0.239211
-0.239439
-0.239576
-0.23973
-0.23985
-0.239944
-0.239998
-0.240005
-0.239956
-0.239839
-0.239644
-0.239358
-0.238964
-0.239772
-0.238763
-0.239362
-0.239342
-0.239573
-0.239707
-0.239863
-0.239985
-0.240083
-0.240142
-0.240156
-0.240114
-0.240006
-0.239819
-0.239541
-0.239156
-0.240062
-0.238859
-0.239517
-0.239467
-0.239704
-0.239835
-0.239992
-0.240117
-0.240219
-0.240283
-0.240303
-0.240268
-0.240168
-0.23999
-0.239721
-0.239345
-0.240361
-0.238943
-0.239669
-0.239588
-0.239827
-0.239957
-0.240115
-0.240243
-0.240349
-0.240418
-0.240445
-0.240417
-0.240325
-0.240156
-0.239896
-0.239529
-0.240677
-0.239012
-0.239814
-0.2397
-0.239944
-0.240071
-0.240231
-0.240361
-0.240471
-0.240546
-0.240579
-0.240559
-0.240475
-0.240315
-0.240065
-0.239707
-0.241029
-0.239051
-0.239953
-0.239804
-0.24005
-0.240177
-0.240337
-0.240471
-0.240585
-0.240665
-0.240704
-0.240692
-0.240616
-0.240466
-0.240226
-0.239878
-0.24141
-0.239053
-0.240085
-0.239898
-0.240146
-0.240271
-0.240433
-0.240569
-0.240687
-0.240773
-0.240819
-0.240814
-0.240748
-0.240606
-0.240377
-0.240039
-0.241681
-0.239139
-0.240185
-0.239983
-0.240229
-0.240354
-0.240516
-0.240655
-0.240778
-0.240869
-0.240921
-0.240925
-0.240867
-0.240736
-0.240517
-0.240189
-0.241998
-0.239186
-0.240275
-0.240056
-0.240298
-0.240423
-0.240585
-0.240728
-0.240854
-0.240951
-0.241011
-0.241022
-0.240974
-0.240852
-0.240646
-0.240327
-0.242356
-0.239199
-0.240355
-0.240117
-0.240351
-0.240477
-0.240639
-0.240785
-0.240915
-0.241018
-0.241084
-0.241104
-0.241065
-0.240955
-0.240758
-0.240453
-0.242741
-0.239197
-0.24042
-0.240164
-0.240389
-0.240515
-0.240677
-0.240825
-0.240959
-0.241068
-0.241142
-0.24117
-0.241141
-0.241041
-0.240855
-0.240563
-0.240149
-0.243154
-0.239184
-0.24047
-0.240197
-0.24041
-0.240536
-0.240695
-0.240846
-0.240985
-0.241099
-0.241181
-0.241218
-0.241199
-0.24111
-0.240936
-0.240657
-0.240255
-0.243598
-0.239165
-0.240502
-0.240215
-0.240412
-0.240537
-0.240695
-0.240848
-0.240991
-0.241111
-0.241201
-0.241247
-0.241238
-0.241161
-0.240999
-0.240732
-0.240344
-0.244075
-0.239143
-0.240516
-0.240218
-0.240395
-0.240519
-0.240673
-0.240828
-0.240975
-0.241102
-0.241199
-0.241255
-0.241257
-0.241191
-0.241042
-0.240789
-0.240414
-0.244585
-0.239127
-0.240512
-0.240206
-0.240358
-0.240479
-0.240629
-0.240786
-0.240936
-0.24107
-0.241175
-0.241241
-0.241254
-0.2412
-0.241064
-0.240825
-0.240464
-0.245121
-0.239124
-0.24049
-0.240176
-0.240299
-0.240415
-0.240561
-0.240718
-0.240873
-0.241013
-0.241127
-0.241203
-0.241227
-0.241186
-0.241063
-0.240839
-0.240492
-0.245673
-0.239142
-0.24045
-0.240128
-0.240218
-0.240327
-0.240466
-0.240625
-0.240784
-0.240931
-0.241053
-0.24114
-0.241176
-0.241148
-0.241039
-0.240829
-0.240498
-0.246224
-0.239187
-0.240392
-0.24006
-0.240112
-0.240211
-0.240344
-0.240503
-0.240666
-0.24082
-0.240952
-0.24105
-0.241099
-0.241084
-0.240989
-0.240795
-0.240479
-0.246746
-0.239264
-0.240319
-0.239968
-0.239978
-0.240066
-0.240191
-0.24035
-0.240518
-0.24068
-0.240822
-0.240931
-0.240993
-0.240993
-0.240913
-0.240734
-0.240434
-0.247195
-0.239373
-0.240232
-0.239848
-0.239815
-0.239889
-0.240006
-0.240165
-0.240338
-0.240509
-0.240661
-0.240783
-0.240858
-0.240872
-0.240808
-0.240645
-0.240362
-0.239935
-0.247512
-0.239506
-0.240132
-0.239696
-0.239617
-0.239677
-0.239786
-0.239945
-0.240124
-0.240303
-0.240468
-0.240602
-0.240692
-0.240721
-0.240673
-0.240527
-0.240262
-0.239852
-0.247616
-0.239642
-0.240014
-0.239505
-0.239379
-0.239425
-0.239526
-0.239686
-0.239872
-0.240062
-0.240238
-0.240387
-0.240492
-0.240537
-0.240506
-0.240378
-0.24013
-0.23974
-0.247386
-0.239733
-0.239873
-0.239266
-0.239093
-0.239128
-0.239224
-0.239387
-0.23958
-0.239781
-0.239972
-0.240135
-0.240257
-0.240319
-0.240306
-0.240196
-0.239968
-0.239597
-0.246671
-0.239742
-0.239714
-0.238984
-0.238766
-0.238792
-0.238886
-0.239051
-0.239253
-0.239466
-0.239671
-0.239851
-0.239989
-0.240069
-0.240074
-0.239983
-0.239774
-0.239423
-0.245413
-0.239653
-0.239552
-0.238679
-0.238407
-0.238425
-0.238514
-0.23868
-0.23889
-0.239115
-0.239334
-0.239528
-0.239683
-0.239781
-0.239804
-0.239733
-0.239544
-0.239214
-0.243366
-0.239166
-0.239252
-0.238252
-0.237927
-0.237944
-0.238038
-0.23821
-0.238432
-0.238673
-0.23891
-0.239125
-0.239301
-0.239421
-0.239466
-0.239418
-0.239253
-0.238948
-0.238355
-0.237436
-0.238484
-0.237445
-0.237134
-0.237206
-0.237344
-0.237553
-0.237814
-0.238094
-0.238369
-0.238621
-0.238833
-0.238987
-0.239066
-0.23905
-0.238916
-0.23864
-0.225901
-0.234541
-0.237656
-0.236678
-0.236416
-0.236571
-0.236767
-0.23702
-0.237321
-0.237639
-0.237949
-0.238234
-0.238477
-0.238661
-0.238767
-0.238775
-0.238665
-0.238411
-0.220674
-0.232131
-0.236494
-0.235456
-0.235209
-0.235481
-0.235755
-0.236059
-0.236407
-0.236768
-0.237117
-0.237438
-0.237713
-0.237925
-0.238056
-0.238087
-0.237996
-0.237758
-0.218989
-0.230155
-0.235012
-0.233988
-0.233759
-0.234154
-0.234519
-0.234885
-0.235287
-0.235698
-0.236092
-0.236452
-0.236762
-0.237005
-0.237163
-0.237216
-0.237144
-0.236921
-0.218494
-0.228032
-0.233069
-0.232255
-0.232067
-0.232576
-0.233048
-0.23349
-0.233959
-0.234432
-0.234882
-0.235291
-0.235646
-0.235928
-0.23612
-0.236203
-0.236155
-0.235953
-0.218254
-0.225762
-0.230681
-0.230205
-0.230095
-0.230709
-0.231302
-0.231838
-0.232389
-0.232936
-0.233453
-0.233923
-0.234332
-0.234662
-0.234897
-0.235017
-0.235002
-0.234829
-0.217784
-0.223369
-0.227881
-0.227789
-0.227808
-0.228527
-0.229252
-0.229899
-0.230544
-0.231179
-0.231776
-0.232319
-0.232792
-0.233181
-0.233467
-0.233634
-0.233659
-0.233521
-0.216799
-0.220782
-0.224695
-0.224987
-0.225191
-0.226018
-0.226881
-0.227654
-0.228408
-0.229143
-0.229832
-0.230458
-0.231007
-0.231463
-0.231812
-0.232033
-0.232108
-0.232015
-0.215101
-0.217913
-0.221161
-0.221803
-0.222243
-0.223188
-0.224189
-0.2251
-0.225974
-0.22682
-0.227611
-0.22833
-0.228964
-0.229499
-0.229918
-0.230203
-0.230336
-0.230296
-0.212624
-0.214706
-0.217328
-0.218267
-0.218975
-0.220053
-0.221192
-0.222245
-0.223248
-0.224211
-0.225112
-0.225932
-0.22666
-0.227281
-0.227779
-0.228137
-0.228337
-0.228357
-0.20941
-0.211139
-0.213241
-0.214422
-0.215414
-0.216639
-0.217913
-0.219109
-0.220245
-0.22133
-0.222345
-0.223273
-0.2241
-0.224813
-0.225397
-0.225834
-0.226108
-0.226197
-0.205561
-0.207222
-0.208944
-0.21032
-0.21159
-0.212977
-0.214386
-0.215722
-0.216992
-0.2182
-0.219331
-0.220368
-0.221298
-0.222107
-0.222781
-0.223303
-0.223656
-0.223821
-0.201201
-0.202984
-0.204475
-0.206011
-0.207544
-0.209103
-0.210645
-0.212118
-0.21352
-0.214851
-0.216097
-0.217243
-0.218275
-0.219182
-0.219949
-0.220559
-0.220995
-0.221239
-0.196456
-0.198474
-0.199867
-0.201543
-0.203315
-0.20505
-0.206726
-0.208332
-0.209862
-0.211313
-0.212672
-0.213925
-0.21506
-0.216064
-0.216923
-0.217622
-0.218143
-0.218469
-0.191439
-0.193746
-0.195149
-0.196956
-0.198943
-0.200853
-0.202665
-0.204397
-0.206052
-0.207619
-0.209088
-0.210445
-0.21168
-0.212779
-0.21373
-0.214517
-0.215124
-0.215533
-0.186244
-0.188851
-0.190347
-0.192285
-0.194461
-0.196542
-0.19849
-0.200346
-0.20212
-0.2038
-0.205375
-0.206833
-0.208164
-0.209357
-0.210397
-0.211271
-0.211963
-0.212455
-0.180943
-0.183841
-0.185484
-0.187555
-0.189901
-0.192145
-0.194229
-0.196205
-0.198093
-0.199883
-0.20156
-0.203116
-0.204541
-0.205823
-0.206951
-0.207909
-0.208684
-0.209259
-0.175591
-0.178756
-0.180581
-0.182789
-0.185288
-0.187686
-0.189903
-0.191997
-0.193996
-0.195891
-0.197668
-0.199318
-0.200833
-0.202203
-0.203415
-0.204456
-0.205313
-0.205969
-0.170231
-0.173633
-0.175656
-0.178003
-0.180642
-0.183184
-0.185531
-0.18774
-0.189846
-0.191843
-0.193717
-0.195459
-0.197062
-0.198516
-0.199811
-0.200933
-0.201869
-0.202604
-0.164893
-0.168502
-0.170727
-0.173213
-0.17598
-0.178656
-0.181128
-0.18345
-0.18566
-0.187755
-0.189723
-0.191555
-0.193243
-0.19478
-0.196155
-0.197356
-0.19837
-0.199184
-0.1596
-0.163386
-0.165807
-0.168431
-0.171315
-0.174115
-0.176708
-0.179139
-0.18145
-0.183641
-0.1857
-0.187619
-0.189391
-0.191008
-0.192462
-0.193741
-0.194832
-0.195722
-0.154368
-0.158304
-0.160911
-0.163666
-0.16666
-0.169574
-0.172282
-0.174818
-0.177226
-0.17951
-0.181658
-0.183661
-0.185515
-0.187212
-0.188743
-0.190098
-0.191265
-0.192231
-0.14921
-0.15327
-0.156049
-0.158928
-0.162024
-0.165044
-0.167858
-0.170496
-0.172997
-0.17537
-0.177605
-0.179691
-0.181625
-0.1834
-0.185007
-0.186438
-0.187679
-0.18872
-0.144136
-0.148298
-0.151232
-0.154227
-0.157416
-0.160532
-0.163447
-0.16618
-0.168772
-0.171231
-0.173548
-0.175716
-0.177728
-0.179579
-0.181262
-0.182766
-0.184082
-0.185197
-0.139153
-0.143398
-0.14647
-0.149571
-0.152844
-0.156048
-0.159056
-0.161879
-0.164556
-0.167097
-0.169495
-0.171741
-0.17383
-0.175756
-0.177512
-0.179089
-0.180478
-0.181668
-0.134269
-0.138577
-0.141771
-0.144968
-0.148317
-0.1516
-0.154692
-0.157599
-0.160357
-0.162977
-0.165451
-0.167773
-0.169936
-0.171935
-0.173763
-0.175413
-0.176874
-0.178137
-0.129488
-0.133843
-0.137144
-0.140425
-0.143841
-0.147195
-0.150363
-0.153348
-0.156182
-0.158875
-0.161423
-0.163817
-0.166052
-0.168122
-0.170021
-0.171742
-0.173274
-0.174609
-0.124816
-0.129203
-0.132596
-0.135951
-0.139425
-0.14284
-0.146077
-0.149133
-0.152036
-0.154799
-0.157416
-0.159879
-0.162183
-0.164322
-0.16629
-0.16808
-0.169683
-0.171089
-0.120258
-0.124663
-0.128133
-0.131551
-0.135075
-0.138542
-0.14184
-0.14496
-0.147927
-0.150754
-0.153436
-0.155965
-0.158334
-0.16054
-0.162575
-0.164432
-0.166103
-0.16758
-0.115818
-0.120229
-0.123761
-0.127233
-0.130797
-0.134309
-0.137659
-0.140836
-0.143861
-0.146747
-0.149489
-0.152079
-0.154512
-0.15678
-0.15888
-0.160803
-0.162541
-0.164086
-0.1115
-0.115904
-0.119487
-0.123002
-0.126599
-0.130147
-0.133541
-0.136767
-0.139845
-0.142784
-0.145582
-0.148229
-0.15072
-0.15305
-0.155211
-0.157197
-0.159001
-0.160612
-0.107306
-0.111694
-0.115316
-0.118865
-0.122486
-0.126061
-0.129492
-0.132761
-0.135884
-0.138872
-0.141719
-0.14442
-0.146966
-0.149352
-0.151573
-0.15362
-0.155486
-0.157163
-0.103241
-0.107602
-0.111252
-0.114825
-0.118463
-0.122058
-0.125518
-0.128822
-0.131985
-0.135015
-0.137908
-0.140657
-0.143255
-0.145694
-0.147971
-0.150076
-0.152002
-0.153742
-0.0993048
-0.103631
-0.107299
-0.110889
-0.114536
-0.118144
-0.121625
-0.124958
-0.128154
-0.131221
-0.134154
-0.136947
-0.139592
-0.142081
-0.14441
-0.14657
-0.148555
-0.150355
-0.0955006
-0.0997845
-0.103461
-0.10706
-0.110709
-0.114322
-0.117818
-0.121173
-0.124397
-0.127495
-0.130464
-0.133295
-0.135982
-0.138518
-0.140896
-0.143108
-0.145148
-0.147006
-0.0918294
-0.0960643
-0.0997413
-0.103341
-0.106986
-0.110598
-0.114102
-0.117473
-0.120718
-0.123842
-0.126841
-0.129708
-0.132433
-0.135011
-0.137434
-0.139696
-0.141787
-0.143701
-0.0882918
-0.0924723
-0.0961417
-0.0997365
-0.103371
-0.106977
-0.110482
-0.113864
-0.117124
-0.120269
-0.123293
-0.126189
-0.128949
-0.131565
-0.13403
-0.136337
-0.138478
-0.140444
-0.0848885
-0.0890098
-0.0926649
-0.0962486
-0.0998675
-0.103462
-0.106963
-0.110349
-0.11362
-0.11678
-0.119825
-0.122746
-0.125536
-0.128186
-0.130689
-0.133039
-0.135225
-0.137241
-0.0816196
-0.085678
-0.0893127
-0.09288
-0.0964788
-0.100056
-0.103548
-0.106933
-0.11021
-0.113381
-0.116441
-0.119384
-0.122199
-0.124879
-0.127417
-0.129805
-0.132034
-0.134097
-0.0784851
-0.0824776
-0.0860868
-0.0896329
-0.0932074
-0.096763
-0.100242
-0.103621
-0.106898
-0.110075
-0.113148
-0.116107
-0.118944
-0.12165
-0.124219
-0.126642
-0.128911
-0.131017
-0.13295
-0.0754847
-0.0794091
-0.0829884
-0.0865093
-0.0900559
-0.0935862
-0.0970472
-0.100416
-0.10369
-0.106869
-0.109949
-0.11292
-0.115775
-0.118505
-0.121101
-0.123556
-0.12586
-0.128006
-0.129985
-0.0726182
-0.0764729
-0.0800185
-0.0835108
-0.0870263
-0.0905281
-0.0939675
-0.0973224
-0.100589
-0.103766
-0.106849
-0.10983
-0.112699
-0.115447
-0.118067
-0.12055
-0.122888
-0.125071
-0.127091
-0.069885
-0.0736692
-0.0771781
-0.0806389
-0.0841208
-0.0875913
-0.091006
-0.0943435
-0.0975992
-0.100771
-0.103854
-0.10684
-0.109719
-0.112483
-0.115124
-0.117632
-0.119999
-0.122217
-0.124275
-0.0672846
-0.070998
-0.074468
-0.077895
-0.0813411
-0.0847781
-0.0881655
-0.0914827
-0.0947244
-0.0978879
-0.100968
-0.103955
-0.106842
-0.109618
-0.112276
-0.114806
-0.1172
-0.119448
-0.121542
-0.0648166
-0.0684595
-0.0718888
-0.0752802
-0.0786892
-0.0820909
-0.0854488
-0.0887432
-0.0919682
-0.0951205
-0.0981942
-0.101181
-0.104072
-0.106857
-0.109529
-0.112078
-0.114496
-0.116772
-0.118897
-0.0624805
-0.0660538
-0.0694412
-0.0727958
-0.0761666
-0.0795318
-0.0828586
-0.0861282
-0.0893343
-0.0924729
-0.095538
-0.0985213
-0.101414
-0.104206
-0.106889
-0.109454
-0.111892
-0.114193
-0.116348
-0.060276
-0.063781
-0.067126
-0.0704431
-0.0737751
-0.0771031
-0.0803975
-0.0836408
-0.0868262
-0.0899492
-0.0930035
-0.0959809
-0.0988722
-0.101668
-0.10436
-0.106938
-0.109394
-0.111718
-0.113899
-0.0582029
-0.0616414
-0.0649439
-0.0682233
-0.0715164
-0.0748068
-0.0780682
-0.0812841
-0.0844475
-0.0875533
-0.0905951
-0.0935646
-0.0964528
-0.0992505
-0.101949
-0.104538
-0.107009
-0.109352
-0.111557
-0.0562612
-0.0596355
-0.062896
-0.0661378
-0.0693924
-0.0726454
-0.0758735
-0.0790614
-0.0822017
-0.0852892
-0.0883171
-0.0912772
-0.0941605
-0.0969578
-0.0996599
-0.102258
-0.104741
-0.107102
-0.109328
-0.0544513
-0.057764
-0.0609833
-0.0641882
-0.0674051
-0.0706213
-0.0738163
-0.076976
-0.0800928
-0.0831611
-0.086174
-0.0891234
-0.0920003
-0.0947956
-0.0975
-0.100104
-0.102599
-0.104974
-0.107219
-0.0527738
-0.0560279
-0.0592074
-0.0623765
-0.0655568
-0.0687372
-0.0718997
-0.0750314
-0.0781246
-0.0811733
-0.0841707
-0.0871085
-0.0899778
-0.0927696
-0.0954746
-0.0980835
-0.100587
-0.102974
-0.105236
-0.0512297
-0.0544287
-0.05757
-0.0607048
-0.06385
-0.066996
-0.0701272
-0.0732314
-0.0763013
-0.0793305
-0.082312
-0.0852376
-0.0880986
-0.0908859
-0.0935902
-0.0962021
-0.0987121
-0.10111
-0.103386
-0.0498205
-0.0529681
-0.0560734
-0.0591757
-0.0622878
-0.0654013
-0.0685024
-0.0715804
-0.0746277
-0.0776377
-0.0806034
-0.0835167
-0.0863688
-0.0891507
-0.0918532
-0.094467
-0.0969822
-0.0993891
-0.101677
-0.0485482
-0.0516486
-0.0547204
-0.0577925
-0.0608737
-0.0639568
-0.0670298
-0.0700829
-0.0731087
-0.0761003
-0.0790506
-0.0819517
-0.0847947
-0.0875708
-0.0902709
-0.0928853
-0.0954045
-0.0978185
-0.100117
-0.0474155
-0.0504731
-0.0535143
-0.0565587
-0.0596118
-0.062667
-0.0657141
-0.0687442
-0.0717499
-0.0747243
-0.0776601
-0.0805493
-0.0833835
-0.0861536
-0.0888506
-0.0914649
-0.093987
-0.0964068
-0.0987141
-0.0464258
-0.0494455
-0.0524593
-0.0554789
-0.0585069
-0.0615371
-0.064561
-0.0675703
-0.0705577
-0.0735163
-0.0764388
-0.0793171
-0.0821427
-0.084907
-0.0876007
-0.0902144
-0.0927384
-0.0951627
-0.097477
-0.0455829
-0.0485701
-0.0515602
-0.0545584
-0.0575645
-0.0605732
-0.0635768
-0.0665679
-0.0695393
-0.072484
-0.0753945
-0.0782629
-0.0810809
-0.0838397
-0.0865301
-0.0891428
-0.091668
-0.0940958
-0.0964159
-0.0448932
-0.0478531
-0.0508234
-0.0538038
-0.0567918
-0.0597824
-0.0627691
-0.0657449
-0.0687028
-0.0716357
-0.0745361
-0.0773962
-0.0802075
-0.0829615
-0.0856489
-0.0882604
-0.0907864
-0.0932167
-0.0955412
-0.0443604
-0.0473
-0.0502552
-0.0532218
-0.0561959
-0.0591726
-0.0621461
-0.06511
-0.0680573
-0.070981
-0.0738735
-0.0767269
-0.0795329
-0.0822829
-0.0849679
-0.0875784
-0.0901047
-0.0925368
-0.0948645
-0.0439978
-0.0469219
-0.0498664
-0.0528235
-0.0557878
-0.0587547
-0.061719
-0.0646745
-0.0676144
-0.0705315
-0.0734184
-0.076267
-0.0790693
-0.0818165
-0.0844995
-0.0871092
-0.0896356
-0.0920689
-0.0943987
-0.0438037
-0.0467231
-0.049663
-0.0526156
-0.0555754
-0.0585377
-0.0614975
-0.0644489
-0.0673852
-0.0702991
-0.0731831
-0.0760294
-0.0788297
-0.0815754
-0.0842576
-0.0868668
-0.0893933
-0.0918272
-0.0941581
-0.1981
-0.200436
-0.202658
-0.204768
-0.206769
-0.208664
-0.210457
-0.212153
-0.213758
-0.215285
-0.216744
-0.218153
-0.219531
-0.220902
-0.222293
-0.223734
-0.225257
-0.226903
-0.228722
-0.230792
-0.233248
-0.236359
-0.241086
-0.250452
-0.19174
-0.194216
-0.196592
-0.198869
-0.201052
-0.203146
-0.205156
-0.207092
-0.208962
-0.210781
-0.212564
-0.214334
-0.216114
-0.217936
-0.219836
-0.221855
-0.224044
-0.226465
-0.229194
-0.232328
-0.23599
-0.240284
-0.245198
-0.254074
-0.185573
-0.188204
-0.190751
-0.193218
-0.19561
-0.197934
-0.200198
-0.202409
-0.204578
-0.206717
-0.208841
-0.210966
-0.213112
-0.215301
-0.217556
-0.219907
-0.222381
-0.225011
-0.227827
-0.230854
-0.234111
-0.237657
-0.241159
-0.249155
-0.179498
-0.18225
-0.184928
-0.187536
-0.190079
-0.192563
-0.194993
-0.197378
-0.199723
-0.20204
-0.204337
-0.206626
-0.208921
-0.211236
-0.213588
-0.215994
-0.218476
-0.221054
-0.223755
-0.226618
-0.229685
-0.233149
-0.236465
-0.244252
-0.173476
-0.176317
-0.179091
-0.181802
-0.184455
-0.187053
-0.189601
-0.192106
-0.194574
-0.197011
-0.199427
-0.201832
-0.204237
-0.206656
-0.209104
-0.211601
-0.214169
-0.216837
-0.219636
-0.222612
-0.22578
-0.229338
-0.232488
-0.239615
-0.167533
-0.170442
-0.173291
-0.176084
-0.178824
-0.181516
-0.184163
-0.186771
-0.189346
-0.191895
-0.194424
-0.196945
-0.199466
-0.202002
-0.204565
-0.207173
-0.209845
-0.212601
-0.215461
-0.218453
-0.221556
-0.224983
-0.227893
-0.234337
-0.161688
-0.164648
-0.167554
-0.17041
-0.173219
-0.175985
-0.178711
-0.181403
-0.184065
-0.186703
-0.189324
-0.191935
-0.194544
-0.197162
-0.199799
-0.202466
-0.205176
-0.207944
-0.210783
-0.213721
-0.216733
-0.220052
-0.222879
-0.228714
-0.15595
-0.158943
-0.161889
-0.164789
-0.167647
-0.170466
-0.173249
-0.176
-0.178724
-0.181425
-0.184108
-0.186778
-0.189443
-0.19211
-0.194786
-0.197482
-0.200208
-0.202977
-0.205801
-0.208711
-0.211676
-0.214911
-0.217695
-0.222908
-0.153336
-0.156304
-0.159232
-0.162121
-0.164975
-0.167795
-0.170586
-0.173351
-0.176094
-0.178818
-0.181529
-0.184231
-0.186931
-0.189636
-0.192353
-0.195091
-0.197862
-0.200674
-0.20355
-0.206458
-0.209583
-0.212325
-0.216947
-0.147833
-0.150811
-0.153752
-0.156657
-0.15953
-0.162373
-0.165189
-0.167979
-0.170748
-0.173499
-0.176235
-0.178961
-0.181682
-0.184403
-0.187129
-0.189868
-0.192627
-0.195412
-0.198241
-0.201088
-0.204103
-0.206819
-0.210924
-0.142443
-0.145418
-0.14836
-0.151269
-0.154149
-0.157001
-0.159827
-0.162629
-0.165411
-0.168175
-0.170923
-0.173659
-0.176387
-0.179111
-0.181835
-0.184563
-0.187302
-0.190056
-0.192841
-0.195635
-0.198551
-0.201247
-0.204913
-0.137169
-0.140132
-0.143064
-0.145967
-0.148842
-0.151692
-0.154517
-0.15732
-0.160102
-0.162867
-0.165615
-0.168351
-0.171075
-0.173793
-0.176506
-0.179219
-0.181935
-0.184659
-0.187402
-0.190146
-0.192974
-0.195645
-0.198957
-0.132017
-0.134958
-0.137872
-0.140759
-0.14362
-0.146457
-0.149272
-0.152065
-0.154839
-0.157595
-0.160335
-0.16306
-0.165774
-0.168478
-0.171175
-0.173868
-0.176559
-0.179251
-0.181951
-0.18465
-0.1874
-0.190045
-0.193082
-0.126989
-0.129902
-0.132789
-0.135652
-0.138491
-0.141308
-0.144104
-0.146879
-0.149636
-0.152376
-0.155099
-0.157808
-0.160504
-0.163189
-0.165864
-0.168532
-0.171195
-0.173854
-0.176514
-0.17917
-0.181854
-0.184472
-0.187301
-0.122089
-0.124967
-0.127821
-0.130653
-0.133464
-0.136253
-0.139023
-0.141774
-0.144507
-0.147223
-0.149923
-0.152609
-0.155281
-0.157942
-0.160591
-0.163231
-0.165863
-0.168489
-0.171111
-0.173726
-0.176354
-0.17894
-0.181616
-0.11732
-0.120157
-0.122972
-0.125768
-0.128543
-0.131299
-0.134036
-0.136756
-0.13946
-0.142147
-0.144819
-0.147476
-0.15012
-0.152752
-0.155371
-0.157981
-0.16058
-0.163172
-0.165756
-0.168332
-0.17091
-0.173463
-0.176026
-0.112683
-0.115474
-0.118246
-0.120999
-0.123734
-0.126452
-0.129152
-0.131836
-0.134504
-0.137157
-0.139796
-0.14242
-0.145031
-0.14763
-0.150217
-0.152792
-0.155358
-0.157913
-0.16046
-0.162998
-0.16553
-0.168048
-0.170527
-0.108178
-0.11092
-0.113645
-0.116352
-0.119042
-0.121717
-0.124375
-0.127019
-0.129647
-0.132262
-0.134862
-0.13745
-0.140024
-0.142587
-0.145137
-0.147677
-0.150205
-0.152723
-0.155232
-0.157732
-0.160221
-0.162703
-0.165117
-0.103808
-0.106497
-0.109171
-0.111828
-0.114471
-0.117098
-0.119711
-0.12231
-0.124895
-0.127467
-0.130026
-0.132573
-0.135107
-0.13763
-0.140141
-0.142641
-0.145131
-0.14761
-0.15008
-0.152539
-0.154988
-0.157431
-0.159793
-0.0995721
-0.102206
-0.104825
-0.10743
-0.110021
-0.112599
-0.115163
-0.117714
-0.120253
-0.122779
-0.125293
-0.127796
-0.130287
-0.132766
-0.135235
-0.137694
-0.140142
-0.14258
-0.145008
-0.147427
-0.149834
-0.152238
-0.154554
-0.0954699
-0.0980463
-0.100609
-0.10316
-0.105697
-0.108222
-0.110735
-0.113235
-0.115724
-0.118202
-0.120668
-0.123124
-0.125568
-0.128002
-0.130426
-0.13284
-0.135244
-0.137639
-0.140024
-0.1424
-0.144765
-0.147126
-0.1494
-0.091501
-0.0940183
-0.0965234
-0.0990167
-0.101498
-0.103969
-0.106428
-0.108875
-0.111313
-0.113739
-0.116155
-0.118561
-0.120957
-0.123343
-0.125719
-0.128086
-0.130444
-0.132793
-0.135133
-0.137464
-0.139784
-0.142101
-0.144334
-0.0876644
-0.0901212
-0.0925671
-0.0950021
-0.0974265
-0.0998403
-0.102244
-0.104637
-0.10702
-0.109394
-0.111757
-0.114112
-0.116456
-0.118792
-0.121119
-0.123437
-0.125746
-0.128047
-0.130339
-0.132623
-0.134897
-0.137167
-0.139357
-0.0839586
-0.0863543
-0.0887399
-0.0911156
-0.0934815
-0.0958376
-0.0981842
-0.100521
-0.102849
-0.105168
-0.107478
-0.109779
-0.112071
-0.114354
-0.116629
-0.118896
-0.121155
-0.123405
-0.125648
-0.127883
-0.130108
-0.13233
-0.134474
-0.080382
-0.0827161
-0.085041
-0.0873566
-0.0896632
-0.0919609
-0.0942496
-0.0965297
-0.098801
-0.101064
-0.103318
-0.105564
-0.107802
-0.110032
-0.112254
-0.114468
-0.116674
-0.118873
-0.121064
-0.123248
-0.125422
-0.127594
-0.129691
-0.0769329
-0.0792052
-0.081469
-0.0837243
-0.0859712
-0.0882098
-0.0904401
-0.0926622
-0.0948763
-0.0970823
-0.0992804
-0.101471
-0.103653
-0.105828
-0.107996
-0.110156
-0.112308
-0.114454
-0.116592
-0.118723
-0.120846
-0.122965
-0.125013
-0.0736093
-0.0758199
-0.0780227
-0.0802175
-0.0824046
-0.0845838
-0.0867554
-0.0889192
-0.0910755
-0.0932242
-0.0953654
-0.0974993
-0.0996258
-0.101745
-0.103857
-0.105962
-0.10806
-0.110151
-0.112235
-0.114312
-0.116381
-0.118447
-0.120446
-0.0704089
-0.0725582
-0.0747002
-0.0768348
-0.0789621
-0.0810821
-0.0831949
-0.0853004
-0.0873987
-0.0894898
-0.0915739
-0.0936508
-0.0957208
-0.0977838
-0.09984
-0.101889
-0.103932
-0.105968
-0.107997
-0.11002
-0.112034
-0.114045
-0.115992
-0.0673294
-0.0694181
-0.0714998
-0.0735747
-0.0756426
-0.0777036
-0.0797578
-0.0818051
-0.0838455
-0.0858792
-0.087906
-0.089926
-0.0919393
-0.093946
-0.0959459
-0.0979393
-0.0999261
-0.101906
-0.10388
-0.105848
-0.107807
-0.109763
-0.111658
-0.0643686
-0.0663973
-0.0684195
-0.0704352
-0.0724444
-0.074447
-0.076443
-0.0784325
-0.0804155
-0.0823918
-0.0843617
-0.086325
-0.0882818
-0.0902321
-0.0921759
-0.0941133
-0.0960443
-0.0979689
-0.0998871
-0.101799
-0.103704
-0.105604
-0.107447
-0.0615239
-0.0634937
-0.0654572
-0.0674146
-0.0693658
-0.0713107
-0.0732493
-0.0751816
-0.0771076
-0.0790272
-0.0809405
-0.0828475
-0.0847482
-0.0866425
-0.0885305
-0.0904122
-0.0922875
-0.0941566
-0.0960195
-0.0978762
-0.0997255
-0.101571
-0.103361
-0.0587929
-0.0607048
-0.0626108
-0.0645108
-0.0664049
-0.068293
-0.070175
-0.072051
-0.0739208
-0.0757844
-0.0776419
-0.0794932
-0.0813383
-0.0831772
-0.0850099
-0.0868363
-0.0886566
-0.0904706
-0.0922784
-0.0940801
-0.0958745
-0.0976647
-0.0994026
-0.0561731
-0.0580283
-0.0598779
-0.0617218
-0.0635599
-0.0653922
-0.0672187
-0.0690392
-0.0708538
-0.0726624
-0.0744649
-0.0762613
-0.0780517
-0.079836
-0.0816141
-0.083386
-0.0851518
-0.0869114
-0.0886648
-0.0904121
-0.0921522
-0.0938879
-0.0955742
-0.0536619
-0.0554618
-0.0572563
-0.0590453
-0.0608287
-0.0626065
-0.0643785
-0.0661448
-0.0679052
-0.0696597
-0.0714083
-0.073151
-0.0748876
-0.0766181
-0.0783426
-0.0800609
-0.0817731
-0.0834791
-0.085179
-0.0868727
-0.0885593
-0.0902413
-0.0918767
-0.0512569
-0.0530029
-0.0547437
-0.0564792
-0.0582092
-0.0599337
-0.0616527
-0.0633659
-0.0650735
-0.0667752
-0.068471
-0.070161
-0.071845
-0.0735229
-0.0751948
-0.0768607
-0.0785203
-0.0801738
-0.0818211
-0.0834623
-0.0850963
-0.0867257
-0.0883112
-0.0489556
-0.0506493
-0.052338
-0.0540213
-0.0556994
-0.0573721
-0.0590393
-0.0607009
-0.0623569
-0.0640071
-0.0656516
-0.0672901
-0.0689228
-0.0705494
-0.07217
-0.0737845
-0.0753929
-0.0769951
-0.078591
-0.0801808
-0.0817635
-0.0833413
-0.084878
-0.0467557
-0.0483987
-0.0500367
-0.0516696
-0.0532972
-0.0549196
-0.0565366
-0.058148
-0.0597539
-0.0613541
-0.0629485
-0.0645371
-0.0661198
-0.0676965
-0.0692671
-0.0708317
-0.0723901
-0.0739423
-0.0754882
-0.0770279
-0.0785606
-0.0800882
-0.0815774
-0.0446548
-0.0462487
-0.0478377
-0.0494217
-0.0510006
-0.0525742
-0.0541425
-0.0557053
-0.0572626
-0.0588143
-0.0603602
-0.0619003
-0.0634346
-0.0649628
-0.0664851
-0.0680012
-0.0695111
-0.0710148
-0.0725122
-0.0740032
-0.0754874
-0.0769662
-0.0784092
-0.0426507
-0.0441972
-0.0457389
-0.0472757
-0.0488074
-0.050334
-0.0518552
-0.0533711
-0.0548814
-0.0563862
-0.0578852
-0.0593785
-0.0608658
-0.0623472
-0.0638226
-0.0652918
-0.0667548
-0.0682116
-0.069662
-0.0711061
-0.0725432
-0.0739748
-0.0753732
-0.0407413
-0.0422421
-0.0437383
-0.0452296
-0.0467158
-0.048197
-0.0496729
-0.0511435
-0.0526086
-0.0540681
-0.0555219
-0.05697
-0.0584122
-0.0598484
-0.0612785
-0.0627025
-0.0641203
-0.0655318
-0.0669369
-0.0683356
-0.0697274
-0.0711136
-0.0724689
-0.0389244
-0.0403815
-0.0418338
-0.0432814
-0.044724
-0.0461615
-0.0475939
-0.0490209
-0.0504425
-0.0518585
-0.0532688
-0.0546734
-0.0560721
-0.0574649
-0.0588516
-0.0602321
-0.0616064
-0.0629744
-0.0643359
-0.065691
-0.0670393
-0.0683817
-0.0696956
-0.0371983
-0.0386133
-0.0400237
-0.0414293
-0.0428301
-0.0442258
-0.0456163
-0.0470016
-0.0483814
-0.0497557
-0.0511244
-0.0524873
-0.0538444
-0.0551955
-0.0565405
-0.0578793
-0.0592119
-0.0605382
-0.061858
-0.0631714
-0.0644779
-0.0657785
-0.0670528
-0.0355611
-0.036936
-0.0383062
-0.0396717
-0.0410324
-0.0423882
-0.0437387
-0.0450841
-0.046424
-0.0477585
-0.0490873
-0.0504104
-0.0517276
-0.0530389
-0.0543441
-0.0556431
-0.0569359
-0.0582223
-0.0595024
-0.0607759
-0.0620425
-0.0633031
-0.0645396
-0.0340113
-0.0353478
-0.0366798
-0.0380071
-0.0393296
-0.0406472
-0.0419597
-0.043267
-0.0445689
-0.0458653
-0.0471562
-0.0484413
-0.0497206
-0.0509939
-0.0522612
-0.0535224
-0.0547773
-0.0560258
-0.0572679
-0.0585035
-0.0597323
-0.0609549
-0.0621555
-0.0325475
-0.0338475
-0.0351431
-0.0364341
-0.0377203
-0.0390016
-0.0402779
-0.041549
-0.0428148
-0.0440751
-0.0453299
-0.046579
-0.0478223
-0.0490596
-0.050291
-0.0515161
-0.0527351
-0.0539477
-0.0551539
-0.0563536
-0.0575466
-0.0587333
-0.0598997
-0.0311683
-0.0324338
-0.0336949
-0.0349514
-0.0362033
-0.0374502
-0.0386922
-0.0399291
-0.0411607
-0.0423868
-0.0436075
-0.0448225
-0.0460317
-0.0472351
-0.0484324
-0.0496237
-0.0508087
-0.0519874
-0.0531598
-0.0543256
-0.0554847
-0.0566375
-0.0577719
-0.0298728
-0.0311057
-0.0323342
-0.0335582
-0.0347776
-0.0359922
-0.0372018
-0.0384063
-0.0396057
-0.0407997
-0.0419882
-0.0431711
-0.0443482
-0.0455196
-0.0466849
-0.0478443
-0.0489974
-0.0501443
-0.0512848
-0.0524189
-0.0535463
-0.0546674
-0.0557717
-0.0286601
-0.0298623
-0.0310602
-0.0322537
-0.0334425
-0.0346267
-0.0358059
-0.0369801
-0.0381492
-0.039313
-0.0404713
-0.0416241
-0.0427713
-0.0439127
-0.0450481
-0.0461776
-0.0473009
-0.0484181
-0.0495289
-0.0506333
-0.0517311
-0.0528227
-0.053899
-0.0287031
-0.0298724
-0.0310373
-0.0321976
-0.0333533
-0.0345041
-0.03565
-0.0367908
-0.0379264
-0.0390567
-0.0401815
-0.0413007
-0.0424141
-0.0435218
-0.0446235
-0.0457191
-0.0468086
-0.0478919
-0.0489689
-0.0500393
-0.0511034
-0.0521538
-0.027628
-0.0287705
-0.0299088
-0.0310426
-0.0321718
-0.0332963
-0.034416
-0.0355306
-0.0366401
-0.0377443
-0.0388431
-0.0399364
-0.0410241
-0.042106
-0.0431821
-0.0442522
-0.0453163
-0.0463742
-0.0474259
-0.0484711
-0.0495101
-0.0505367
-0.0266367
-0.0277546
-0.0288683
-0.0299777
-0.0310825
-0.0321827
-0.0332781
-0.0343686
-0.035454
-0.0365343
-0.0376093
-0.0386788
-0.0397429
-0.0408013
-0.0418539
-0.0429007
-0.0439416
-0.0449764
-0.046005
-0.0470274
-0.0480435
-0.0490484
-0.0257299
-0.0268252
-0.0279164
-0.0290033
-0.0300858
-0.0311638
-0.0322371
-0.0333055
-0.0343691
-0.0354276
-0.0364809
-0.0375289
-0.0385715
-0.0396086
-0.04064
-0.0416657
-0.0426856
-0.0436995
-0.0447075
-0.0457092
-0.0467049
-0.0476904
-0.024908
-0.0259828
-0.0270536
-0.0281202
-0.0291825
-0.0302404
-0.0312938
-0.0323424
-0.0333863
-0.0344252
-0.035459
-0.0364877
-0.0375111
-0.0385292
-0.0395417
-0.0405486
-0.0415499
-0.0425453
-0.0435349
-0.0445184
-0.045496
-0.0464644
-0.0241727
-0.025229
-0.0262815
-0.02733
-0.0283743
-0.0294143
-0.0304498
-0.0314809
-0.0325072
-0.0335288
-0.0345454
-0.0355571
-0.0365636
-0.0375649
-0.0385608
-0.0395513
-0.0405363
-0.0415156
-0.0424893
-0.0434571
-0.044419
-0.0453728
-0.0235249
-0.0245651
-0.0256016
-0.0266341
-0.0276627
-0.0286871
-0.0297072
-0.030723
-0.0317342
-0.0327408
-0.0337426
-0.0347396
-0.0357317
-0.0367186
-0.0377005
-0.038677
-0.0396482
-0.040614
-0.0415742
-0.0425287
-0.0434776
-0.0444191
-0.0229675
-0.0239937
-0.0250163
-0.0260351
-0.0270501
-0.0280611
-0.029068
-0.0300707
-0.0310691
-0.032063
-0.0330524
-0.0340371
-0.035017
-0.0359921
-0.0369623
-0.0379274
-0.0388874
-0.0398421
-0.0407915
-0.0417356
-0.0426742
-0.0436061
-0.0225034
-0.0235182
-0.0245296
-0.0255374
-0.0265414
-0.0275417
-0.028538
-0.0295304
-0.0305185
-0.0315025
-0.032482
-0.0334572
-0.0344277
-0.0353936
-0.0363548
-0.0373111
-0.0382624
-0.0392088
-0.04015
-0.041086
-0.0420168
-0.0429415
-0.022133
-0.0231383
-0.0241403
-0.025139
-0.0261342
-0.0271258
-0.0281137
-0.0290978
-0.0300781
-0.0310543
-0.0320265
-0.0329945
-0.0339582
-0.0349176
-0.0358725
-0.0368229
-0.0377687
-0.0387098
-0.0396461
-0.0405776
-0.0415042
-0.0424254
-0.0218735
-0.0228728
-0.023869
-0.0248619
-0.0258516
-0.0268379
-0.0278206
-0.0287998
-0.0297752
-0.0307468
-0.0317145
-0.0326783
-0.033638
-0.0345935
-0.0355447
-0.0364916
-0.037434
-0.038372
-0.0393053
-0.040234
-0.041158
-0.0420769
-0.0216929
-0.0226872
-0.0236789
-0.0246676
-0.0256534
-0.0266362
-0.0276159
-0.0285924
-0.0295655
-0.0305354
-0.0315018
-0.0324646
-0.0334239
-0.0343795
-0.0353313
-0.0362793
-0.0372233
-0.0381635
-0.0390995
-0.0400314
-0.0409592
-0.0418826
-0.0216443
-0.0226398
-0.0236327
-0.0246227
-0.0256098
-0.0265939
-0.0275749
-0.0285528
-0.0295274
-0.0304987
-0.0314665
-0.0324309
-0.0333917
-0.0343489
-0.0353023
-0.0362519
-0.0371977
-0.0381395
-0.0390773
-0.040011
-0.0409405
-0.0418658
-0.0218243
-0.0228247
-0.0238221
-0.0248164
-0.0258073
-0.0267949
-0.027779
-0.0287595
-0.0297363
-0.0307094
-0.0316786
-0.0326439
-0.0336051
-0.0345621
-0.0355149
-0.0364635
-0.0374076
-0.0383472
-0.0392823
-0.0402127
-0.0411384
-0.0420592
-0.0220824
-0.0230889
-0.0240922
-0.0250921
-0.0260885
-0.0270814
-0.0280706
-0.0290561
-0.0300377
-0.0310154
-0.031989
-0.0329585
-0.0339237
-0.0348847
-0.0358412
-0.0367932
-0.0377406
-0.0386833
-0.0396213
-0.0405545
-0.0414829
-0.0424059
-0.0214317
-0.0224509
-0.0234669
-0.0244794
-0.0254884
-0.0264937
-0.0274952
-0.0284929
-0.0294865
-0.030476
-0.0314613
-0.0324423
-0.0334189
-0.0343909
-0.0353583
-0.036321
-0.0372789
-0.0382318
-0.0391798
-0.0401227
-0.0410604
-0.0419928
-0.0429193
-0.0218817
-0.0229125
-0.0239398
-0.0249635
-0.0259835
-0.0269997
-0.0280119
-0.0290201
-0.030024
-0.0310237
-0.032019
-0.0330097
-0.0339958
-0.0349772
-0.0359537
-0.0369254
-0.037892
-0.0388535
-0.0398098
-0.0407609
-0.0417065
-0.0426468
-0.0435804
-0.0224219
-0.0234668
-0.0245081
-0.0255456
-0.0265793
-0.027609
-0.0286346
-0.0296559
-0.0306728
-0.0316853
-0.0326932
-0.0336963
-0.0346947
-0.0356881
-0.0366765
-0.0376597
-0.0386377
-0.0396104
-0.0405776
-0.0415394
-0.0424955
-0.043446
-0.0443891
-0.0230499
-0.024111
-0.0251684
-0.0262219
-0.0272714
-0.0283167
-0.0293578
-0.0303945
-0.0314267
-0.0324542
-0.033477
-0.0344949
-0.0355078
-0.0365156
-0.0375182
-0.0385155
-0.0395074
-0.0404938
-0.0414746
-0.0424496
-0.0434189
-0.0443824
-0.0453377
-0.0237627
-0.0248422
-0.0259179
-0.0269897
-0.0280572
-0.0291206
-0.0301795
-0.0312339
-0.0322836
-0.0333286
-0.0343686
-0.0354036
-0.0364335
-0.0374581
-0.0384774
-0.0394912
-0.0404994
-0.0415019
-0.0424987
-0.0434896
-0.0444746
-0.0454536
-0.0464235
-0.0245594
-0.0256595
-0.0267557
-0.0278477
-0.0289355
-0.0300189
-0.0310978
-0.0321721
-0.0332415
-0.0343061
-0.0353656
-0.03642
-0.0374691
-0.0385128
-0.039551
-0.0405836
-0.0416105
-0.0426316
-0.0436467
-0.0446559
-0.045659
-0.046656
-0.0476428
-0.0254386
-0.0265613
-0.02768
-0.0287944
-0.0299045
-0.0310102
-0.0321112
-0.0332074
-0.0342988
-0.0353852
-0.0364664
-0.0375423
-0.0386128
-0.0396779
-0.0407373
-0.041791
-0.0428388
-0.0438808
-0.0449167
-0.0459464
-0.0469699
-0.0479873
-0.0489934
-0.0263998
-0.0275471
-0.0286903
-0.0298292
-0.0309637
-0.0320936
-0.0332188
-0.0343392
-0.0354546
-0.0365648
-0.0376698
-0.0387694
-0.0398636
-0.0409521
-0.0420349
-0.0431119
-0.044183
-0.045248
-0.0463069
-0.0473595
-0.0484058
-0.0494458
-0.0504734
-0.0274425
-0.0286164
-0.0297862
-0.0309516
-0.0321125
-0.0332687
-0.0344201
-0.0355666
-0.0367081
-0.0378443
-0.0389752
-0.0401007
-0.0412205
-0.0423347
-0.0434431
-0.0445455
-0.0456419
-0.0467322
-0.0478163
-0.0488941
-0.0499653
-0.0510303
-0.0520815
-0.0285668
-0.0297694
-0.0309677
-0.0321615
-0.0333508
-0.0345353
-0.035715
-0.0368897
-0.0380592
-0.0392235
-0.0403823
-0.0415356
-0.0426833
-0.0438252
-0.0449612
-0.0460912
-0.0472152
-0.0483329
-0.0494443
-0.0505494
-0.0516478
-0.05274
-0.053817
-0.0297731
-0.0310062
-0.0322349
-0.0334592
-0.0346788
-0.0358937
-0.0371036
-0.0383084
-0.039508
-0.0407023
-0.0418911
-0.0430743
-0.0442518
-0.0454235
-0.0465893
-0.047749
-0.0489025
-0.0500498
-0.0511907
-0.0523251
-0.053453
-0.0545745
-0.0556792
-0.0310619
-0.0323275
-0.0335886
-0.0348452
-0.0360971
-0.0373442
-0.0385863
-0.0398232
-0.0410549
-0.0422812
-0.043502
-0.0447171
-0.0459264
-0.0471299
-0.0483274
-0.0495188
-0.050704
-0.0518829
-0.0530554
-0.0542214
-0.0553807
-0.0565337
-0.0576682
-0.0324341
-0.0337341
-0.0350295
-0.0363204
-0.0376065
-0.0388877
-0.0401639
-0.0414349
-0.0427006
-0.0439608
-0.0452155
-0.0464645
-0.0477076
-0.0489449
-0.0501761
-0.0514012
-0.0526201
-0.0538326
-0.0550387
-0.0562383
-0.0574312
-0.0586178
-0.0597841
-0.0338908
-0.035227
-0.0365586
-0.0378857
-0.0392079
-0.0405251
-0.0418373
-0.0431442
-0.0444458
-0.0457419
-0.0470324
-0.0483172
-0.0495962
-0.0508692
-0.0521361
-0.0533969
-0.0546514
-0.0558996
-0.0571413
-0.0583765
-0.0596049
-0.0608271
-0.0620272
-0.0354332
-0.0368075
-0.0381773
-0.0395423
-0.0409025
-0.0422576
-0.0436077
-0.0449524
-0.0462918
-0.0476257
-0.0489539
-0.0502764
-0.051593
-0.0529037
-0.0542082
-0.0555066
-0.0567988
-0.0580845
-0.0593638
-0.0606366
-0.0619025
-0.0631624
-0.064398
-0.0370628
-0.0384771
-0.0398868
-0.0412917
-0.0426916
-0.0440866
-0.0454763
-0.0468608
-0.0482398
-0.0496133
-0.0509811
-0.0523431
-0.0536993
-0.0550494
-0.0563935
-0.0577314
-0.059063
-0.0603883
-0.0617071
-0.0630194
-0.0643248
-0.0656242
-0.0668973
-0.0387813
-0.0402374
-0.0416888
-0.0431353
-0.0445769
-0.0460135
-0.0474447
-0.0488707
-0.0502912
-0.0517061
-0.0531153
-0.0545187
-0.0559162
-0.0573077
-0.0586931
-0.0600724
-0.0614453
-0.0628119
-0.0641721
-0.0655257
-0.0668725
-0.0682134
-0.0695257
-0.0405904
-0.0420901
-0.043585
-0.045075
-0.0465601
-0.0480399
-0.0495145
-0.0509837
-0.0524474
-0.0539055
-0.0553579
-0.0568045
-0.0582451
-0.0596798
-0.0611083
-0.0625306
-0.0639467
-0.0653565
-0.0667598
-0.0681566
-0.0695465
-0.0709307
-0.072284
-0.042492
-0.0440371
-0.0455773
-0.0471126
-0.0486428
-0.0501678
-0.0516874
-0.0532016
-0.0547103
-0.0562133
-0.0577106
-0.059202
-0.0606875
-0.0621669
-0.0636403
-0.0651075
-0.0665684
-0.068023
-0.0694712
-0.070913
-0.0723478
-0.073777
-0.0751729
-0.0444883
-0.0460805
-0.0476678
-0.04925
-0.050827
-0.0523988
-0.0539652
-0.0555261
-0.0570813
-0.0586309
-0.0601748
-0.0617127
-0.0632447
-0.0647706
-0.0662905
-0.0678042
-0.0693116
-0.0708127
-0.0723074
-0.0737958
-0.0752771
-0.076753
-0.078193
-0.0465814
-0.0482224
-0.0498584
-0.0514893
-0.0531148
-0.054735
-0.0563497
-0.0579589
-0.0595624
-0.0611602
-0.0627521
-0.0643382
-0.0659182
-0.0674922
-0.0690601
-0.0706218
-0.0721773
-0.0737265
-0.0752693
-0.0768058
-0.0783352
-0.0798593
-0.081345
-0.0487736
-0.0504651
-0.0521514
-0.0538325
-0.0555082
-0.0571784
-0.058843
-0.060502
-0.0621553
-0.0638027
-0.0654443
-0.06708
-0.0687096
-0.0703331
-0.0719505
-0.0735617
-0.0751667
-0.0767654
-0.0783577
-0.0799438
-0.0815227
-0.0830965
-0.0846292
-0.0510673
-0.0528108
-0.0545491
-0.0562819
-0.0580092
-0.0597309
-0.0614469
-0.0631572
-0.0648617
-0.0665603
-0.0682529
-0.0699395
-0.0716201
-0.0732945
-0.0749628
-0.0766249
-0.0782807
-0.0799302
-0.0815734
-0.0832103
-0.08484
-0.0864648
-0.0880457
-0.0534649
-0.055262
-0.0570536
-0.0588396
-0.06062
-0.0623946
-0.0641635
-0.0659264
-0.0676834
-0.0694345
-0.0711794
-0.0729183
-0.0746511
-0.0763777
-0.078098
-0.0798122
-0.08152
-0.0832216
-0.0849168
-0.0866057
-0.0882874
-0.0899644
-0.0915946
-0.0559688
-0.0578209
-0.0596674
-0.061508
-0.0633428
-0.0651716
-0.0669945
-0.0688114
-0.0706222
-0.0724268
-0.0742253
-0.0760176
-0.0778037
-0.0795836
-0.0813571
-0.0831244
-0.0848853
-0.0866399
-0.0883882
-0.0901302
-0.0918648
-0.0935949
-0.0952754
-0.0585816
-0.0604901
-0.0623927
-0.0642891
-0.0661796
-0.0680638
-0.0699419
-0.0718138
-0.0736795
-0.0755389
-0.0773919
-0.0792387
-0.0810791
-0.0829131
-0.0847408
-0.086562
-0.088377
-0.0901855
-0.0919876
-0.0937834
-0.0955718
-0.0973557
-0.0990873
-0.0613059
-0.063272
-0.0652318
-0.0671853
-0.0691324
-0.0710732
-0.0730075
-0.0749354
-0.0768569
-0.0787719
-0.0806804
-0.0825824
-0.0844779
-0.0863669
-0.0882494
-0.0901254
-0.091995
-0.093858
-0.0957146
-0.0975649
-0.0994076
-0.101246
-0.103029
-0.0641442
-0.0661689
-0.0681871
-0.0701986
-0.0722034
-0.0742015
-0.076193
-0.0781777
-0.0801557
-0.082127
-0.0840916
-0.0860495
-0.0880008
-0.0899453
-0.0918832
-0.0938144
-0.0957391
-0.0976572
-0.0995686
-0.101474
-0.103371
-0.105264
-0.107099
-0.0670989
-0.0691833
-0.0712607
-0.0733311
-0.0753944
-0.0774506
-0.0794998
-0.081542
-0.0835771
-0.0856053
-0.0876265
-0.0896407
-0.091648
-0.0936485
-0.095642
-0.0976288
-0.0996087
-0.101582
-0.103548
-0.105508
-0.10746
-0.109408
-0.111295
-0.0701727
-0.0723175
-0.0744549
-0.0765847
-0.078707
-0.0808219
-0.0829294
-0.0850294
-0.0871221
-0.0892074
-0.0912854
-0.0933561
-0.0954197
-0.0974761
-0.0995253
-0.101568
-0.103603
-0.105631
-0.107652
-0.109667
-0.111673
-0.113676
-0.115614
-0.0733678
-0.0755737
-0.0777715
-0.0799613
-0.082143
-0.0843169
-0.0864828
-0.0886409
-0.0907911
-0.0929336
-0.0950685
-0.0971957
-0.0993153
-0.101427
-0.103532
-0.10563
-0.10772
-0.109803
-0.111878
-0.113947
-0.116007
-0.118064
-0.120053
-0.0766866
-0.0789539
-0.0812125
-0.0834624
-0.0857038
-0.0879366
-0.090161
-0.092377
-0.0945847
-0.0967842
-0.0989756
-0.101159
-0.103334
-0.105502
-0.107661
-0.109813
-0.111958
-0.114094
-0.116224
-0.118346
-0.120459
-0.122568
-0.124607
-0.0801314
-0.0824602
-0.0847796
-0.0870897
-0.0893904
-0.0916821
-0.0939646
-0.0962382
-0.0985029
-0.100759
-0.103006
-0.105245
-0.107475
-0.109697
-0.111911
-0.114116
-0.116314
-0.118504
-0.120685
-0.12286
-0.125024
-0.127185
-0.129273
-0.0837041
-0.0860943
-0.0884743
-0.0908441
-0.0932039
-0.0955538
-0.0978939
-0.100224
-0.102545
-0.104857
-0.107159
-0.109452
-0.111736
-0.114012
-0.116278
-0.118536
-0.120786
-0.123027
-0.12526
-0.127485
-0.129699
-0.13191
-0.134044
-0.0874066
-0.0898578
-0.0922977
-0.0947267
-0.0971447
-0.099552
-0.101949
-0.104335
-0.106711
-0.109077
-0.111433
-0.113779
-0.116116
-0.118443
-0.120761
-0.123069
-0.125369
-0.12766
-0.129942
-0.132216
-0.134479
-0.136738
-0.138916
-0.0912405
-0.0937518
-0.0962509
-0.0987379
-0.101213
-0.103677
-0.106128
-0.108569
-0.110999
-0.113418
-0.115826
-0.118223
-0.12061
-0.122988
-0.125355
-0.127712
-0.13006
-0.132399
-0.134728
-0.137049
-0.139358
-0.141663
-0.143884
-0.0952072
-0.0977775
-0.100334
-0.102878
-0.105409
-0.107927
-0.110432
-0.112926
-0.115407
-0.117876
-0.120335
-0.122781
-0.125217
-0.127642
-0.130057
-0.132461
-0.134855
-0.137239
-0.139614
-0.141979
-0.144332
-0.146681
-0.148944
-0.0993078
-0.101935
-0.104548
-0.107147
-0.109731
-0.112302
-0.114858
-0.117402
-0.119933
-0.122451
-0.124956
-0.12745
-0.129932
-0.132402
-0.134862
-0.13731
-0.139748
-0.142176
-0.144593
-0.147
-0.149396
-0.151787
-0.154092
-0.103543
-0.106226
-0.108893
-0.111543
-0.114179
-0.116799
-0.119405
-0.121996
-0.124573
-0.127137
-0.129687
-0.132225
-0.13475
-0.137263
-0.139765
-0.142255
-0.144734
-0.147202
-0.149661
-0.152109
-0.154545
-0.156977
-0.159327
-0.107913
-0.110648
-0.113366
-0.116066
-0.11875
-0.121417
-0.124068
-0.126704
-0.129324
-0.13193
-0.134522
-0.1371
-0.139666
-0.142218
-0.144759
-0.147288
-0.149806
-0.152314
-0.154811
-0.157299
-0.159777
-0.162246
-0.164649
-0.109612
-0.112417
-0.115202
-0.117968
-0.120714
-0.123442
-0.126152
-0.128845
-0.131521
-0.134181
-0.136825
-0.139455
-0.14207
-0.144672
-0.147261
-0.149838
-0.152404
-0.154958
-0.157503
-0.160039
-0.162565
-0.165085
-0.167591
-0.170059
-0.114203
-0.117056
-0.119886
-0.122695
-0.125483
-0.128251
-0.131
-0.13373
-0.136442
-0.139137
-0.141816
-0.144479
-0.147127
-0.149762
-0.152384
-0.154994
-0.157593
-0.160182
-0.162762
-0.165336
-0.167901
-0.170466
-0.173007
-0.175559
-0.118931
-0.121827
-0.124698
-0.127546
-0.130371
-0.133174
-0.135956
-0.138718
-0.141461
-0.144186
-0.146894
-0.149585
-0.152262
-0.154926
-0.157576
-0.160216
-0.162846
-0.165468
-0.168083
-0.170694
-0.173298
-0.175914
-0.178488
-0.181154
-0.123795
-0.126728
-0.129635
-0.132516
-0.135372
-0.138204
-0.141014
-0.143802
-0.14657
-0.149319
-0.15205
-0.154765
-0.157465
-0.160152
-0.162827
-0.165493
-0.168151
-0.170803
-0.173452
-0.176102
-0.178747
-0.18142
-0.184026
-0.186845
-0.128794
-0.131759
-0.134694
-0.137601
-0.140482
-0.143336
-0.146166
-0.148973
-0.151759
-0.154525
-0.157273
-0.160004
-0.162722
-0.165427
-0.168122
-0.170809
-0.173492
-0.176174
-0.178855
-0.181546
-0.184234
-0.186973
-0.189608
-0.192635
-0.133925
-0.136915
-0.139871
-0.142797
-0.145694
-0.148562
-0.151405
-0.154223
-0.157018
-0.159793
-0.16255
-0.165291
-0.168018
-0.170734
-0.173443
-0.176147
-0.178851
-0.181558
-0.184272
-0.187005
-0.18974
-0.192557
-0.195219
-0.198521
-0.139187
-0.142192
-0.145162
-0.148098
-0.151001
-0.153874
-0.156719
-0.159539
-0.162334
-0.165108
-0.167864
-0.170605
-0.173334
-0.176054
-0.178769
-0.181484
-0.184204
-0.186934
-0.18968
-0.192456
-0.19524
-0.198147
-0.200834
-0.204491
-0.144577
-0.147588
-0.15056
-0.153495
-0.156395
-0.159262
-0.162098
-0.164907
-0.167691
-0.170453
-0.173196
-0.175925
-0.178644
-0.181357
-0.18407
-0.186789
-0.18952
-0.192271
-0.195047
-0.197869
-0.200707
-0.203713
-0.206422
-0.210519
-0.150089
-0.153096
-0.156059
-0.158981
-0.161865
-0.164712
-0.167527
-0.170312
-0.173071
-0.175807
-0.178524
-0.181228
-0.183924
-0.186617
-0.189315
-0.192025
-0.194756
-0.197519
-0.200324
-0.203193
-0.206093
-0.209211
-0.211946
-0.216563
-0.155721
-0.15871
-0.16165
-0.164545
-0.167398
-0.170211
-0.172989
-0.175734
-0.178452
-0.181147
-0.183824
-0.186489
-0.189147
-0.191808
-0.194478
-0.197167
-0.199887
-0.202649
-0.205467
-0.208371
-0.21133
-0.214559
-0.217338
-0.222545
-0.161465
-0.164421
-0.167322
-0.170174
-0.172978
-0.175738
-0.17846
-0.181146
-0.183803
-0.186436
-0.189051
-0.191657
-0.194261
-0.196874
-0.199505
-0.202166
-0.204872
-0.207634
-0.210468
-0.213401
-0.216408
-0.219723
-0.222545
-0.228376
-0.167317
-0.170222
-0.173067
-0.175856
-0.178592
-0.181279
-0.183921
-0.186525
-0.189095
-0.191639
-0.194165
-0.19668
-0.199197
-0.201728
-0.204287
-0.206891
-0.209558
-0.21231
-0.215166
-0.218155
-0.221255
-0.224678
-0.227586
-0.234027
-0.173267
-0.176105
-0.178875
-0.181583
-0.184231
-0.186825
-0.18937
-0.191871
-0.194335
-0.196769
-0.199181
-0.201582
-0.203984
-0.206399
-0.208844
-0.211337
-0.213903
-0.216567
-0.219364
-0.222337
-0.225503
-0.229059
-0.232209
-0.239333
-0.179297
-0.182046
-0.184721
-0.187325
-0.189865
-0.192346
-0.194774
-0.197155
-0.199498
-0.201811
-0.204106
-0.206392
-0.208685
-0.210997
-0.213347
-0.215751
-0.218231
-0.220807
-0.223507
-0.226369
-0.229435
-0.232899
-0.236215
-0.244002
-0.18538
-0.188009
-0.190553
-0.193018
-0.195408
-0.197729
-0.19999
-0.202199
-0.204366
-0.206503
-0.208626
-0.210749
-0.212893
-0.215081
-0.217335
-0.219685
-0.222159
-0.224788
-0.227604
-0.230631
-0.233889
-0.237436
-0.24094
-0.248936
-0.191556
-0.19403
-0.196404
-0.198679
-0.200861
-0.202953
-0.204962
-0.206896
-0.208765
-0.210583
-0.212366
-0.214135
-0.215915
-0.217737
-0.219636
-0.221656
-0.223846
-0.226267
-0.228997
-0.232133
-0.235796
-0.240092
-0.245008
-0.253886
-0.197926
-0.20026
-0.202481
-0.204591
-0.206591
-0.208485
-0.210277
-0.211973
-0.213579
-0.215105
-0.216565
-0.217975
-0.219354
-0.220726
-0.222119
-0.223561
-0.225087
-0.226735
-0.228556
-0.230628
-0.233085
-0.236198
-0.240927
-0.250295
-0.0437909
-0.0467167
-0.0496636
-0.0526237
-0.0555915
-0.0585625
-0.0615317
-0.064493
-0.0674399
-0.070365
-0.0732609
-0.0761196
-0.0789329
-0.0816921
-0.084388
-0.0870111
-0.0895516
-0.0919992
-0.043984
-0.0469145
-0.049866
-0.0528306
-0.055803
-0.0587786
-0.0617523
-0.0647178
-0.0676684
-0.0705969
-0.0734957
-0.0763569
-0.0791723
-0.0819331
-0.0846302
-0.0872541
-0.0897948
-0.0922422
-0.0443447
-0.0472908
-0.0502529
-0.0532271
-0.0562093
-0.0591948
-0.0621778
-0.0651518
-0.06811
-0.0710451
-0.0739498
-0.0768161
-0.0796356
-0.0823996
-0.085099
-0.0877243
-0.0902654
-0.0927124
-0.0448748
-0.0478411
-0.0508184
-0.0538064
-0.0568026
-0.0598021
-0.0627983
-0.0657844
-0.0687534
-0.071698
-0.074611
-0.0774843
-0.0803096
-0.0830781
-0.0857807
-0.0884077
-0.0909494
-0.0933955
-0.0455609
-0.0485544
-0.0515515
-0.0545574
-0.0575718
-0.0605894
-0.0636028
-0.0666043
-0.069587
-0.0725438
-0.0754673
-0.0783495
-0.0811821
-0.0839561
-0.0866625
-0.0892917
-0.0918338
-0.0942786
-0.0463994
-0.0494253
-0.0524461
-0.0554735
-0.0585097
-0.0615491
-0.0645829
-0.0676028
-0.0706019
-0.073573
-0.0765089
-0.0794015
-0.0822425
-0.0850229
-0.0877336
-0.090365
-0.0929072
-0.0953501
-0.0473838
-0.0504476
-0.0534958
-0.0565479
-0.0596094
-0.0626738
-0.065731
-0.068772
-0.0717896
-0.0747769
-0.0777267
-0.080631
-0.0834813
-0.0862686
-0.0889838
-0.0916172
-0.0941591
-0.0965993
-0.0485105
-0.0516169
-0.0546956
-0.0577754
-0.0608651
-0.0639574
-0.0670407
-0.070105
-0.073143
-0.0761481
-0.079113
-0.0820298
-0.0848899
-0.0876843
-0.0904039
-0.093039
-0.0955798
-0.0980164
-0.0497759
-0.0529294
-0.0560415
-0.0591515
-0.0622721
-0.0653949
-0.0685063
-0.0715958
-0.0746557
-0.0776796
-0.0806605
-0.0835904
-0.0864605
-0.089262
-0.0919855
-0.0946216
-0.0971606
-0.0995923
-0.0511774
-0.054382
-0.0575301
-0.0606725
-0.0638261
-0.0669815
-0.0701231
-0.073239
-0.0763219
-0.0793654
-0.0823628
-0.0853058
-0.0881859
-0.090994
-0.0937209
-0.0963571
-0.098893
-0.101319
-0.0527129
-0.0559724
-0.0591585
-0.0623351
-0.0655237
-0.0687135
-0.0718865
-0.07503
-0.0781365
-0.0812
-0.0842139
-0.08717
-0.0900596
-0.0928736
-0.0956028
-0.098238
-0.100769
-0.103187
-0.0543811
-0.0576988
-0.0609244
-0.0641367
-0.0673618
-0.0705873
-0.0737928
-0.0769644
-0.0800948
-0.0831783
-0.0862084
-0.089177
-0.0920752
-0.0948941
-0.0976244
-0.100257
-0.102782
-0.105191
-0.0561808
-0.0595597
-0.0628262
-0.0660751
-0.0693377
-0.0725999
-0.0758384
-0.0790383
-0.0821924
-0.0852955
-0.0883411
-0.0913212
-0.0942269
-0.0970493
-0.0997793
-0.102408
-0.104925
-0.107322
-0.0581114
-0.0615541
-0.0648623
-0.0681484
-0.0714493
-0.0747486
-0.0780202
-0.0812482
-0.0844254
-0.0875471
-0.0906072
-0.0935975
-0.0965092
-0.0993334
-0.102061
-0.104683
-0.107191
-0.109574
-0.0601727
-0.0636812
-0.0670316
-0.070355
-0.0736943
-0.0770308
-0.0803352
-0.0835905
-0.0867897
-0.0899289
-0.0930019
-0.0960008
-0.0989167
-0.101741
-0.104464
-0.107078
-0.109573
-0.11194
-0.0623646
-0.0659408
-0.069333
-0.0726934
-0.076071
-0.0794443
-0.0827807
-0.0860619
-0.0892818
-0.0924367
-0.0955208
-0.0985262
-0.101444
-0.104265
-0.106982
-0.109585
-0.112065
-0.114414
-0.0646873
-0.0683323
-0.0717658
-0.0751624
-0.0785775
-0.0819867
-0.0853538
-0.0886594
-0.091898
-0.0950665
-0.0981594
-0.101169
-0.104086
-0.106902
-0.109609
-0.112199
-0.114662
-0.116989
-0.0671413
-0.0708558
-0.0743292
-0.0777607
-0.0812122
-0.0846559
-0.0880518
-0.0913797
-0.0946345
-0.0978141
-0.100913
-0.103924
-0.106838
-0.109646
-0.112341
-0.114914
-0.117356
-0.11966
-0.0697268
-0.0735112
-0.0770227
-0.0804871
-0.0839734
-0.0874497
-0.0908721
-0.0942196
-0.0974878
-0.100676
-0.103778
-0.106787
-0.109694
-0.112491
-0.11517
-0.117723
-0.120143
-0.122419
-0.0724446
-0.0762984
-0.0798455
-0.0833404
-0.0868592
-0.0903658
-0.0938119
-0.0971757
-0.100454
-0.103647
-0.106748
-0.109752
-0.112649
-0.115431
-0.118092
-0.120622
-0.123015
-0.125262
-0.0752951
-0.0792173
-0.0827969
-0.0863193
-0.0898679
-0.0934017
-0.0968681
-0.100245
-0.10353
-0.106723
-0.109821
-0.112815
-0.115698
-0.118463
-0.1211
-0.123605
-0.125968
-0.128182
-0.0782789
-0.0822678
-0.0858761
-0.0894223
-0.0929975
-0.0965551
-0.100038
-0.103423
-0.10671
-0.109901
-0.11299
-0.115972
-0.118837
-0.121579
-0.12419
-0.126665
-0.128995
-0.131173
-0.0813963
-0.0854497
-0.089082
-0.0926478
-0.0962457
-0.099823
-0.103318
-0.106707
-0.109992
-0.113175
-0.116252
-0.119215
-0.122059
-0.124774
-0.127356
-0.129797
-0.132091
-0.134229
-0.0846478
-0.0887624
-0.0924135
-0.095994
-0.0996102
-0.103203
-0.106705
-0.110093
-0.11337
-0.116541
-0.1196
-0.122542
-0.125359
-0.128044
-0.130592
-0.132996
-0.135249
-0.137345
-0.0880334
-0.0922054
-0.095869
-0.0994587
-0.103088
-0.106691
-0.110194
-0.113576
-0.116841
-0.119993
-0.123031
-0.125945
-0.128731
-0.131382
-0.133891
-0.136254
-0.138465
-0.140515
-0.0915531
-0.0957775
-0.0994468
-0.10304
-0.106677
-0.110284
-0.113783
-0.117152
-0.120399
-0.123528
-0.126538
-0.129421
-0.132171
-0.134782
-0.13725
-0.139568
-0.141731
-0.143733
-0.0952063
-0.0994776
-0.103145
-0.106734
-0.110373
-0.113978
-0.117466
-0.120817
-0.124039
-0.127139
-0.130116
-0.132962
-0.135672
-0.13824
-0.140661
-0.142931
-0.145044
-0.146993
-0.0989923
-0.103304
-0.10696
-0.110538
-0.114172
-0.117768
-0.121239
-0.124565
-0.127756
-0.130822
-0.13376
-0.136565
-0.139229
-0.141749
-0.14412
-0.146338
-0.148397
-0.150291
-0.10291
-0.107254
-0.11089
-0.114449
-0.118071
-0.121652
-0.125097
-0.12839
-0.131545
-0.13457
-0.137465
-0.140221
-0.142836
-0.145303
-0.14762
-0.149782
-0.151784
-0.153621
-0.106958
-0.111326
-0.114932
-0.118462
-0.122065
-0.125622
-0.129035
-0.132289
-0.1354
-0.138378
-0.141223
-0.143927
-0.146487
-0.148897
-0.151156
-0.153259
-0.155201
-0.156977
-0.111134
-0.115516
-0.11908
-0.122574
-0.126149
-0.129675
-0.133047
-0.136254
-0.139315
-0.14224
-0.14503
-0.147676
-0.150176
-0.152526
-0.154723
-0.156763
-0.158641
-0.160354
-0.115435
-0.119821
-0.123331
-0.126779
-0.130318
-0.133804
-0.137128
-0.14028
-0.143283
-0.14615
-0.148879
-0.151463
-0.153898
-0.156183
-0.158314
-0.160288
-0.162101
-0.163748
-0.119859
-0.124237
-0.127681
-0.131071
-0.134566
-0.138003
-0.14127
-0.14436
-0.1473
-0.150102
-0.152764
-0.155281
-0.157648
-0.159864
-0.161926
-0.163831
-0.165575
-0.167153
-0.124402
-0.128759
-0.132122
-0.135446
-0.138887
-0.142267
-0.145468
-0.148489
-0.151358
-0.15409
-0.156681
-0.159125
-0.161419
-0.163562
-0.165552
-0.167385
-0.169058
-0.170566
-0.129059
-0.133381
-0.13665
-0.139896
-0.143274
-0.146588
-0.149715
-0.152659
-0.155452
-0.158107
-0.160621
-0.162989
-0.165207
-0.167274
-0.169188
-0.170946
-0.172545
-0.17398
-0.133826
-0.138098
-0.141257
-0.144415
-0.147721
-0.150959
-0.154004
-0.156864
-0.159574
-0.162148
-0.164581
-0.166867
-0.169005
-0.170993
-0.172829
-0.17451
-0.176032
-0.177393
-0.138698
-0.142904
-0.145937
-0.148995
-0.152221
-0.155374
-0.158329
-0.161097
-0.163719
-0.166207
-0.168554
-0.170755
-0.172809
-0.174715
-0.176469
-0.178071
-0.179515
-0.1808
-0.143669
-0.147791
-0.150681
-0.153629
-0.156765
-0.159826
-0.162681
-0.165352
-0.167881
-0.170277
-0.172534
-0.174647
-0.176614
-0.178434
-0.180105
-0.181625
-0.182989
-0.184195
-0.148734
-0.15275
-0.155481
-0.158309
-0.161348
-0.164306
-0.167054
-0.169622
-0.172052
-0.174352
-0.176516
-0.178537
-0.180414
-0.182146
-0.183731
-0.185166
-0.186448
-0.187574
-0.153884
-0.157772
-0.160329
-0.163028
-0.16596
-0.168806
-0.17144
-0.173899
-0.176226
-0.178427
-0.180493
-0.182419
-0.184203
-0.185845
-0.187341
-0.188689
-0.189887
-0.19093
-0.15911
-0.162846
-0.165212
-0.167775
-0.170592
-0.173318
-0.17583
-0.178175
-0.180395
-0.182492
-0.184458
-0.186286
-0.187975
-0.189523
-0.190928
-0.192187
-0.193297
-0.194257
-0.164399
-0.167955
-0.170121
-0.172543
-0.175236
-0.177831
-0.180216
-0.182442
-0.184551
-0.186542
-0.188403
-0.190129
-0.19172
-0.193172
-0.194483
-0.195651
-0.196671
-0.197543
-0.169735
-0.173082
-0.175042
-0.17732
-0.17988
-0.182334
-0.184585
-0.18669
-0.188685
-0.190564
-0.192317
-0.19394
-0.195429
-0.196782
-0.197996
-0.199069
-0.199997
-0.200779
-0.175095
-0.178202
-0.179961
-0.182094
-0.18451
-0.186814
-0.188926
-0.190907
-0.192783
-0.194547
-0.19619
-0.197705
-0.199089
-0.20034
-0.201454
-0.202427
-0.20326
-0.20395
-0.180449
-0.183287
-0.18486
-0.186852
-0.18911
-0.191253
-0.193224
-0.195077
-0.196831
-0.198477
-0.200005
-0.201409
-0.202685
-0.203829
-0.204838
-0.205711
-0.206444
-0.207038
-0.185755
-0.1883
-0.189723
-0.191577
-0.193659
-0.195633
-0.19746
-0.199183
-0.20081
-0.202333
-0.203743
-0.205032
-0.206196
-0.20723
-0.208132
-0.208899
-0.209529
-0.210024
-0.190958
-0.1932
-0.194527
-0.196247
-0.198134
-0.19993
-0.201613
-0.203202
-0.204698
-0.206095
-0.207382
-0.208552
-0.2096
-0.21052
-0.211311
-0.211969
-0.212494
-0.212887
-0.195985
-0.197938
-0.199251
-0.200836
-0.202504
-0.204118
-0.205657
-0.207109
-0.208469
-0.209735
-0.210896
-0.211944
-0.212872
-0.213675
-0.214351
-0.214898
-0.215316
-0.215606
-0.200743
-0.20246
-0.203868
-0.20531
-0.206734
-0.208166
-0.209563
-0.210873
-0.212093
-0.213224
-0.214257
-0.215179
-0.215984
-0.216668
-0.217228
-0.217663
-0.217972
-0.218158
-0.205121
-0.206714
-0.20835
-0.209629
-0.210786
-0.212041
-0.213296
-0.21446
-0.215537
-0.216532
-0.217433
-0.218228
-0.218909
-0.219473
-0.219917
-0.22024
-0.220442
-0.220526
-0.20899
-0.210651
-0.212664
-0.213745
-0.21462
-0.215708
-0.216822
-0.217837
-0.218768
-0.219628
-0.220397
-0.221065
-0.221623
-0.222069
-0.222399
-0.222613
-0.222711
-0.222696
-0.212227
-0.21424
-0.216771
-0.217608
-0.218197
-0.219133
-0.220106
-0.220969
-0.221758
-0.222482
-0.223123
-0.223666
-0.224106
-0.224438
-0.224659
-0.224768
-0.224768
-0.22466
-0.214731
-0.217473
-0.22063
-0.221168
-0.221485
-0.222285
-0.223115
-0.223828
-0.224479
-0.225075
-0.225592
-0.226017
-0.226345
-0.22657
-0.226689
-0.226702
-0.226609
-0.226416
-0.216459
-0.220372
-0.224192
-0.224379
-0.22446
-0.225138
-0.225824
-0.226394
-0.226917
-0.227392
-0.227794
-0.228111
-0.228336
-0.228463
-0.228489
-0.228414
-0.228239
-0.227968
-0.217477
-0.22299
-0.227409
-0.227214
-0.227107
-0.227674
-0.228219
-0.228658
-0.229065
-0.229431
-0.22973
-0.22995
-0.230083
-0.230123
-0.230068
-0.229915
-0.229667
-0.229327
-0.217981
-0.225417
-0.230244
-0.229664
-0.229428
-0.229889
-0.2303
-0.230623
-0.230929
-0.2312
-0.231409
-0.231545
-0.231599
-0.231564
-0.231437
-0.231217
-0.230905
-0.230506
-0.218256
-0.227723
-0.232668
-0.231752
-0.231437
-0.231792
-0.23208
-0.232307
-0.232527
-0.232717
-0.23285
-0.232915
-0.232901
-0.232803
-0.232616
-0.232339
-0.231973
-0.231522
-0.218786
-0.229881
-0.234649
-0.233524
-0.233169
-0.23341
-0.233591
-0.233739
-0.233889
-0.234011
-0.234083
-0.234089
-0.23402
-0.233869
-0.233631
-0.233306
-0.232895
-0.232401
-0.220506
-0.231893
-0.236171
-0.235032
-0.23466
-0.234779
-0.234869
-0.234955
-0.235048
-0.235116
-0.235137
-0.235096
-0.234982
-0.234788
-0.234509
-0.234144
-0.233695
-0.233164
-0.225762
-0.234331
-0.237363
-0.236285
-0.235899
-0.235901
-0.235912
-0.235947
-0.235992
-0.236015
-0.235993
-0.235911
-0.235758
-0.235526
-0.235211
-0.234812
-0.234329
-0.233767
-0.238219
-0.237231
-0.238196
-0.237057
-0.236622
-0.236541
-0.236494
-0.236486
-0.236491
-0.236477
-0.236422
-0.236308
-0.236126
-0.235867
-0.235528
-0.235105
-0.234601
-0.234018
-0.243232
-0.238962
-0.238965
-0.237863
-0.237412
-0.237274
-0.23718
-0.237131
-0.237095
-0.237039
-0.236941
-0.236788
-0.236567
-0.236272
-0.235897
-0.235442
-0.234907
-0.234296
-0.245277
-0.239444
-0.239259
-0.238281
-0.237879
-0.237738
-0.237636
-0.237576
-0.237523
-0.237446
-0.237325
-0.237147
-0.236901
-0.236581
-0.236182
-0.235704
-0.235148
-0.234517
-0.246534
-0.239526
-0.239413
-0.238576
-0.238225
-0.238089
-0.237988
-0.237923
-0.237858
-0.237766
-0.237628
-0.237431
-0.237166
-0.236827
-0.236409
-0.235914
-0.235341
-0.234694
-0.247246
-0.239512
-0.239565
-0.238847
-0.238539
-0.238409
-0.238308
-0.238237
-0.23816
-0.238053
-0.237898
-0.237683
-0.2374
-0.237043
-0.236609
-0.236097
-0.235508
-0.234847
-0.247473
-0.239412
-0.239698
-0.239075
-0.238811
-0.23869
-0.238592
-0.238516
-0.238429
-0.238307
-0.238137
-0.237906
-0.237607
-0.237233
-0.236783
-0.236256
-0.235654
-0.234979
-0.247365
-0.239268
-0.239806
-0.239255
-0.239036
-0.238926
-0.238833
-0.238754
-0.238658
-0.238526
-0.238342
-0.238097
-0.237783
-0.237395
-0.236931
-0.236391
-0.235776
-0.23509
-0.247043
-0.239125
-0.239896
-0.239394
-0.239219
-0.239122
-0.239035
-0.238955
-0.238852
-0.23871
-0.238515
-0.238257
-0.237931
-0.237531
-0.237055
-0.236503
-0.235877
-0.235181
-0.246588
-0.239006
-0.239972
-0.239501
-0.239368
-0.239283
-0.239204
-0.239123
-0.239014
-0.238863
-0.238658
-0.238391
-0.238053
-0.237642
-0.237156
-0.236594
-0.235959
-0.24606
-0.238918
-0.240034
-0.23958
-0.239488
-0.239413
-0.23934
-0.239259
-0.239146
-0.238988
-0.238775
-0.238499
-0.238152
-0.237732
-0.237237
-0.236666
-0.236022
-0.2455
-0.238862
-0.24008
-0.239636
-0.239581
-0.239515
-0.239449
-0.239367
-0.239251
-0.239088
-0.238868
-0.238583
-0.238229
-0.237802
-0.237299
-0.236721
-0.23607
-0.244939
-0.238834
-0.240109
-0.239671
-0.239649
-0.239591
-0.239531
-0.239449
-0.239331
-0.239163
-0.238938
-0.238647
-0.238287
-0.237853
-0.237344
-0.23676
-0.236104
-0.244394
-0.238826
-0.24012
-0.239689
-0.239696
-0.239643
-0.239589
-0.239508
-0.239388
-0.239217
-0.238987
-0.238692
-0.238327
-0.237888
-0.237374
-0.236785
-0.236124
-0.243875
-0.238831
-0.240114
-0.239691
-0.239724
-0.239674
-0.239625
-0.239545
-0.239424
-0.23925
-0.239018
-0.238719
-0.23835
-0.237907
-0.23739
-0.236798
-0.236132
-0.243389
-0.238842
-0.24009
-0.239678
-0.239732
-0.239686
-0.239642
-0.239563
-0.239441
-0.239266
-0.239031
-0.238731
-0.238359
-0.237914
-0.237394
-0.236799
-0.23613
-0.242935
-0.238852
-0.24005
-0.239652
-0.239723
-0.239679
-0.23964
-0.239562
-0.239441
-0.239266
-0.23903
-0.238728
-0.238355
-0.237908
-0.237387
-0.23679
-0.23612
-0.242515
-0.238856
-0.239994
-0.239613
-0.239699
-0.239657
-0.239623
-0.239546
-0.239426
-0.239251
-0.239015
-0.238713
-0.23834
-0.237892
-0.23737
-0.236773
-0.236101
-0.242122
-0.238852
-0.239923
-0.239562
-0.239659
-0.23962
-0.23959
-0.239515
-0.239397
-0.239223
-0.238988
-0.238687
-0.238314
-0.237868
-0.237346
-0.236748
-0.241758
-0.238831
-0.239841
-0.239499
-0.239606
-0.239569
-0.239545
-0.239472
-0.239356
-0.239184
-0.238951
-0.238651
-0.23828
-0.237835
-0.237315
-0.236718
-0.241448
-0.23877
-0.23975
-0.239426
-0.239541
-0.239508
-0.239488
-0.239418
-0.239305
-0.239136
-0.238905
-0.238608
-0.238239
-0.237797
-0.237278
-0.236683
-0.241211
-0.23866
-0.239644
-0.239345
-0.239464
-0.239436
-0.239421
-0.239355
-0.239245
-0.239079
-0.238852
-0.238558
-0.238193
-0.237753
-0.237237
-0.236644
-0.240778
-0.238684
-0.239519
-0.239257
-0.239378
-0.239356
-0.239346
-0.239283
-0.239178
-0.239016
-0.238793
-0.238503
-0.238142
-0.237706
-0.237194
-0.236603
-0.240413
-0.238655
-0.239386
-0.239161
-0.239284
-0.239268
-0.239264
-0.239206
-0.239106
-0.238948
-0.23873
-0.238445
-0.238088
-0.237657
-0.237148
-0.236561
-0.240098
-0.238592
-0.239247
-0.23906
-0.239184
-0.239176
-0.239176
-0.239124
-0.239029
-0.238877
-0.238664
-0.238384
-0.238033
-0.237607
-0.237103
-0.236519
-0.239799
-0.238517
-0.239105
-0.238954
-0.239079
-0.239079
-0.239086
-0.239039
-0.23895
-0.238804
-0.238597
-0.238323
-0.237978
-0.237557
-0.237058
-0.236478
-0.239513
-0.238431
-0.23896
-0.238845
-0.238972
-0.238981
-0.238994
-0.238953
-0.23887
-0.238731
-0.23853
-0.238263
-0.237924
-0.237509
-0.237015
-0.23644
-0.23924
-0.238337
-0.238817
-0.238735
-0.238863
-0.238881
-0.238901
-0.238868
-0.238791
-0.238658
-0.238465
-0.238204
-0.237872
-0.237464
-0.236976
-0.236405
-0.23898
-0.238238
-0.238675
-0.238625
-0.238755
-0.238783
-0.23881
-0.238784
-0.238714
-0.238589
-0.238402
-0.238149
-0.237824
-0.237423
-0.236941
-0.236376
-0.238734
-0.238135
-0.238536
-0.238516
-0.238649
-0.238688
-0.238721
-0.238703
-0.238641
-0.238523
-0.238344
-0.238099
-0.237781
-0.237387
-0.236911
-0.236351
-0.238502
-0.238032
-0.238404
-0.238411
-0.238548
-0.238597
-0.238637
-0.238627
-0.238573
-0.238462
-0.238292
-0.238054
-0.237744
-0.237357
-0.236888
-0.236334
-0.238286
-0.237931
-0.238278
-0.238312
-0.238452
-0.238512
-0.23856
-0.238557
-0.238511
-0.238408
-0.238246
-0.238016
-0.237714
-0.237335
-0.236873
-0.236325
-0.238087
-0.237835
-0.238161
-0.238219
-0.238364
-0.238433
-0.238489
-0.238494
-0.238456
-0.238362
-0.238207
-0.237986
-0.237693
-0.237321
-0.236866
-0.236324
-0.237906
-0.237746
-0.238055
-0.238135
-0.238284
-0.238364
-0.238427
-0.23844
-0.23841
-0.238324
-0.238178
-0.237965
-0.23768
-0.237317
-0.236869
-0.236332
-0.237746
-0.237665
-0.237961
-0.23806
-0.238215
-0.238304
-0.238374
-0.238396
-0.238374
-0.238296
-0.238159
-0.237955
-0.237678
-0.237322
-0.236882
-0.236351
-0.237607
-0.237594
-0.23788
-0.237997
-0.238157
-0.238255
-0.238333
-0.238363
-0.238348
-0.238279
-0.23815
-0.237954
-0.237686
-0.237338
-0.236906
-0.237491
-0.237536
-0.237813
-0.237947
-0.238111
-0.238218
-0.238303
-0.23834
-0.238334
-0.238273
-0.238152
-0.237965
-0.237705
-0.237366
-0.236941
-0.237399
-0.23749
-0.237763
-0.237909
-0.238079
-0.238194
-0.238285
-0.23833
-0.238332
-0.238278
-0.238166
-0.237988
-0.237736
-0.237405
-0.236987
-0.237332
-0.237459
-0.237729
-0.237886
-0.23806
-0.238183
-0.238281
-0.238333
-0.238342
-0.238296
-0.238193
-0.238023
-0.23778
-0.237457
-0.237046
-0.237292
-0.237443
-0.237711
-0.237877
-0.238056
-0.238185
-0.238289
-0.238349
-0.238364
-0.238327
-0.238231
-0.23807
-0.237835
-0.23752
-0.237117
-0.237277
-0.237442
-0.237712
-0.237884
-0.238067
-0.238202
-0.238312
-0.238377
-0.2384
-0.23837
-0.238283
-0.238129
-0.237903
-0.237596
-0.237201
)
;

boundaryField
{
    inlet
    {
        type            zeroGradient;
    }
    outlet
    {
        type            fixedValue;
        value           nonuniform 0();
    }
    cylinder
    {
        type            zeroGradient;
    }
    top
    {
        type            symmetryPlane;
    }
    bottom
    {
        type            symmetryPlane;
    }
    defaultFaces
    {
        type            empty;
    }
    procBoundary2to1
    {
        type            processor;
        value           nonuniform List<scalar> 
200
(
-0.275953
-0.275953
-0.277365
-0.277365
-0.278392
-0.278392
-0.280988
-0.281455
-0.281455
-0.281434
-0.281434
-0.281033
-0.281033
-0.280337
-0.280337
-0.279406
-0.279406
-0.278229
-0.278229
-0.276694
-0.276694
-0.274565
-0.274565
-0.271504
-0.265935
-0.265935
-0.260614
-0.260614
-0.253685
-0.253685
-0.245205
-0.236538
-0.236538
-0.226278
-0.226278
-0.215132
-0.206353
-0.206353
-0.214987
-0.206193
-0.206193
-0.226149
-0.226149
-0.245108
-0.236427
-0.236427
-0.253605
-0.253605
-0.267096
-0.260552
-0.260552
-0.271464
-0.271464
-0.274535
-0.274535
-0.276673
-0.276673
-0.278213
-0.278213
-0.279392
-0.279392
-0.280325
-0.280325
-0.281021
-0.281021
-0.281423
-0.281423
-0.281444
-0.281444
-0.280978
-0.280978
-0.27996
-0.277356
-0.277356
-0.275947
-0.275947
-0.195649
-0.189158
-0.182853
-0.176668
-0.170565
-0.16456
-0.158672
-0.152906
-0.150324
-0.150324
-0.144816
-0.139432
-0.134174
-0.129046
-0.12405
-0.119188
-0.114461
-0.109871
-0.105418
-0.101103
-0.0969234
-0.0928801
-0.0889716
-0.0851963
-0.0815527
-0.0780386
-0.074652
-0.0713907
-0.0682521
-0.0652339
-0.0623334
-0.0595481
-0.0568752
-0.0543123
-0.0518566
-0.0495057
-0.0472569
-0.0451079
-0.0430562
-0.0410996
-0.0392358
-0.0374629
-0.0357789
-0.0341819
-0.0326705
-0.0312432
-0.0298986
-0.0286357
-0.0274538
-0.0275297
-0.0275297
-0.0264813
-0.0255147
-0.0246306
-0.0238294
-0.0231125
-0.022481
-0.0219377
-0.0214853
-0.0211246
-0.0208712
-0.0206958
-0.020646
-0.0208208
-0.0210729
-0.0210729
-0.0204092
-0.0208475
-0.0213735
-0.0219851
-0.0226794
-0.0234555
-0.024312
-0.0252485
-0.0262645
-0.0273602
-0.0285359
-0.0297921
-0.0311299
-0.0325503
-0.0340545
-0.0356441
-0.0373207
-0.0390861
-0.0409423
-0.0428913
-0.0449355
-0.0470771
-0.0493185
-0.0516623
-0.054111
-0.0566672
-0.0593336
-0.0621128
-0.0650075
-0.0680203
-0.0711538
-0.0744106
-0.0777931
-0.0813035
-0.0849441
-0.0887168
-0.0926233
-0.0966651
-0.100843
-0.105159
-0.105159
-0.106786
-0.111328
-0.11601
-0.120834
-0.125798
-0.130903
-0.136145
-0.141524
-0.147037
-0.152682
-0.158454
-0.164348
-0.17036
-0.176471
-0.182663
-0.188976
-0.195476
)
;
    }
    procBoundary2to3
    {
        type            processor;
        value           nonuniform List<scalar> 
207
(
-0.23681
-0.236924
-0.23705
-0.237187
-0.237334
-0.237491
-0.237491
-0.237094
-0.237274
-0.23746
-0.237651
-0.237848
-0.238047
-0.238248
-0.238449
-0.238649
-0.238846
-0.23904
-0.239227
-0.239407
-0.239579
-0.23974
-0.23989
-0.240027
-0.240027
-0.239587
-0.239706
-0.239808
-0.239891
-0.239956
-0.239999
-0.24002
-0.240017
-0.239989
-0.239989
-0.239335
-0.239271
-0.239177
-0.239054
-0.238902
-0.238714
-0.238473
-0.238195
-0.237985
-0.237345
-0.23652
-0.23557
-0.23447
-0.233195
-0.231728
-0.230058
-0.228176
-0.226081
-0.223775
-0.22127
-0.21858
-0.215726
-0.21273
-0.209616
-0.206407
-0.203122
-0.19978
-0.196397
-0.192982
-0.189548
-0.1861
-0.182646
-0.179189
-0.175735
-0.172288
-0.168851
-0.165428
-0.162023
-0.158641
-0.155286
-0.151962
-0.148674
-0.145428
-0.142227
-0.139077
-0.135983
-0.135983
-0.134703
-0.131786
-0.128938
-0.126164
-0.123471
-0.120863
-0.118347
-0.115929
-0.113615
-0.111412
-0.109325
-0.107362
-0.10553
-0.103837
-0.10229
-0.100899
-0.0996711
-0.0986178
-0.0977493
-0.0970773
-0.0966147
-0.0963756
-0.0943434
-0.0945856
-0.0950544
-0.0957354
-0.0966156
-0.0976832
-0.0989273
-0.100338
-0.101906
-0.103623
-0.105481
-0.107472
-0.109588
-0.111823
-0.11417
-0.116621
-0.119172
-0.121815
-0.124544
-0.127354
-0.130238
-0.13319
-0.136204
-0.139275
-0.142398
-0.145565
-0.148773
-0.152014
-0.155285
-0.158581
-0.161895
-0.165223
-0.168561
-0.171904
-0.175248
-0.178588
-0.18192
-0.18524
-0.188541
-0.191818
-0.195062
-0.198265
-0.201414
-0.204495
-0.207491
-0.210382
-0.213148
-0.215768
-0.218222
-0.220494
-0.222572
-0.224448
-0.226124
-0.227604
-0.228899
-0.230022
-0.230991
-0.231829
-0.232558
-0.233131
-0.233362
-0.233614
-0.233817
-0.233979
-0.234119
-0.234239
-0.234338
-0.234419
-0.235253
-0.235253
-0.235309
-0.23535
-0.235377
-0.235393
-0.235397
-0.235392
-0.235378
-0.235357
-0.236076
-0.236076
-0.236045
-0.236011
-0.235973
-0.235934
-0.235894
-0.235854
-0.235817
-0.235781
-0.23575
-0.235724
-0.235704
-0.23569
-0.235685
-0.235688
-0.235701
-0.235724
-0.236381
-0.236381
-0.236422
-0.236475
-0.236541
-0.236618
-0.236708
)
;
    }
}


// ************************************************************************* //
