/*--------------------------------*- C++ -*----------------------------------*\
  =========                 |
  \\      /  F ield         | OpenFOAM: The Open Source CFD Toolbox
   \\    /   O peration     | Website:  https://openfoam.org
    \\  /    A nd           | Version:  7
     \\/     M anipulation  |
\*---------------------------------------------------------------------------*/
FoamFile
{
    version     2.0;
    format      ascii;
    class       volScalarField;
    location    "70";
    object      p;
}
// * * * * * * * * * * * * * * * * * * * * * * * * * * * * * * * * * * * * * //

dimensions      [0 2 -2 0 0 0 0];

internalField   nonuniform List<scalar> 
8500
(
-0.116583
-0.116861
-0.117197
-0.117637
-0.118234
-0.119053
-0.12017
-0.121666
-0.123621
-0.126111
-0.129196
-0.132911
-0.137252
-0.142165
-0.147528
-0.153146
-0.158734
-0.163933
-0.168309
-0.171387
-0.172677
-0.171753
-0.168284
-0.16212
-0.153306
-0.142123
-0.129094
-0.114964
-0.100674
-0.0872708
-0.0757877
-0.0671152
-0.0618127
-0.060076
-0.0615521
-0.0655672
-0.0708842
-0.0762428
-0.0801371
-0.0808826
-0.0783105
-0.068764
-0.0585428
-0.0354713
-0.0266937
0.00805485
-0.118406
-0.118566
-0.118733
-0.118944
-0.119249
-0.11971
-0.1204
-0.121399
-0.122789
-0.124651
-0.127049
-0.130026
-0.133592
-0.137706
-0.142266
-0.147098
-0.151948
-0.156485
-0.160308
-0.162974
-0.164024
-0.163059
-0.159766
-0.154002
-0.145812
-0.135468
-0.123476
-0.11056
-0.0976253
-0.0856795
-0.0757044
-0.0685323
-0.0646581
-0.0642191
-0.0668019
-0.0716923
-0.077599
-0.0832555
-0.0871097
-0.0875218
-0.0842921
-0.0738412
-0.0625638
-0.0381715
-0.0284191
0.00847966
-0.120269
-0.12031
-0.120305
-0.120284
-0.120292
-0.120387
-0.120641
-0.121133
-0.121948
-0.123169
-0.124868
-0.127098
-0.129877
-0.133182
-0.13693
-0.140969
-0.145074
-0.148942
-0.152205
-0.154454
-0.15526
-0.15425
-0.151127
-0.14576
-0.138193
-0.12869
-0.11774
-0.106042
-0.0944704
-0.0839894
-0.0755288
-0.0698617
-0.0674187
-0.0682789
-0.0719693
-0.0777359
-0.0842338
-0.0901928
-0.0940136
-0.0941062
-0.0902337
-0.0789054
-0.0665876
-0.0409128
-0.0301723
0.00845316
-0.122172
-0.122095
-0.121916
-0.12166
-0.121366
-0.12109
-0.1209
-0.120876
-0.121106
-0.121676
-0.122667
-0.124138
-0.126123
-0.128611
-0.131539
-0.134779
-0.138131
-0.141325
-0.144023
-0.14585
-0.146405
-0.145344
-0.142387
-0.137413
-0.130465
-0.121802
-0.111895
-0.101419
-0.0912142
-0.0822024
-0.0752597
-0.0710997
-0.0700886
-0.0722479
-0.0770454
-0.0836888
-0.0907791
-0.0970458
-0.100841
-0.100629
-0.096129
-0.0839511
-0.0706094
-0.0436925
-0.0319576
0.00799691
-0.124113
-0.123919
-0.123567
-0.123075
-0.122477
-0.121824
-0.121184
-0.120637
-0.120272
-0.120183
-0.120456
-0.121161
-0.122343
-0.124008
-0.12611
-0.128546
-0.131141
-0.133655
-0.135784
-0.137183
-0.137481
-0.136362
-0.133564
-0.128977
-0.122645
-0.114818
-0.105953
-0.0966991
-0.0878623
-0.0803209
-0.0748964
-0.0722429
-0.072662
-0.0761187
-0.082022
-0.0895421
-0.0972262
-0.103806
-0.107583
-0.107083
-0.101972
-0.0889731
-0.0746248
-0.046507
-0.0337884
0.00751857
-0.126092
-0.125784
-0.12526
-0.124531
-0.123627
-0.122594
-0.121499
-0.120422
-0.119457
-0.118701
-0.118249
-0.118181
-0.118554
-0.11939
-0.120662
-0.122289
-0.124124
-0.125954
-0.127509
-0.128475
-0.128509
-0.127326
-0.12468
-0.120471
-0.114748
-0.107752
-0.0999249
-0.0918907
-0.0844204
-0.0783473
-0.0744384
-0.0732879
-0.0751337
-0.0798842
-0.0868909
-0.0952873
-0.103567
-0.110466
-0.114234
-0.113463
-0.107757
-0.0939662
-0.078629
-0.0493522
-0.0356682
0.00708618
-0.128107
-0.127688
-0.126994
-0.12603
-0.124819
-0.123405
-0.121851
-0.12024
-0.118668
-0.117239
-0.116056
-0.115209
-0.114769
-0.114773
-0.115212
-0.116028
-0.117099
-0.118244
-0.119219
-0.119748
-0.119512
-0.118256
-0.115752
-0.111915
-0.106791
-0.100619
-0.0938235
-0.0870032
-0.0808942
-0.0762843
-0.0738854
-0.074232
-0.0774986
-0.0835379
-0.0916446
-0.100916
-0.109792
-0.117017
-0.120786
-0.119761
-0.113479
-0.0989253
-0.0826174
-0.0522223
-0.037455
0.00653413
-0.130155
-0.12963
-0.128771
-0.127574
-0.126057
-0.12426
-0.122246
-0.120097
-0.117914
-0.115808
-0.11389
-0.112261
-0.111004
-0.110173
-0.109778
-0.109781
-0.110088
-0.110543
-0.110937
-0.111023
-0.110511
-0.109174
-0.106803
-0.103326
-0.0987917
-0.093434
-0.0876607
-0.0820456
-0.0772898
-0.0741347
-0.0732372
-0.0750725
-0.0797521
-0.0870736
-0.0962757
-0.106421
-0.115895
-0.123451
-0.127232
-0.125972
-0.119133
-0.103845
-0.0865855
-0.0551097
-0.0392771
0.00597655
-0.132233
-0.131608
-0.130587
-0.129161
-0.127341
-0.125163
-0.122688
-0.12
-0.117204
-0.114418
-0.111761
-0.109347
-0.107272
-0.105605
-0.104375
-0.103567
-0.103108
-0.102874
-0.102684
-0.102323
-0.101527
-0.1001
-0.0978524
-0.0947229
-0.0907667
-0.0862108
-0.0814485
-0.0770273
-0.0736133
-0.0719016
-0.072494
-0.075807
-0.0818899
-0.0904851
-0.100777
-0.111795
-0.121867
-0.129763
-0.133566
-0.13209
-0.124712
-0.108721
-0.0905295
-0.0580054
-0.0411336
0.00541219
-0.133617
-0.132442
-0.130793
-0.128674
-0.126117
-0.123182
-0.119955
-0.116546
-0.113078
-0.109681
-0.106481
-0.103588
-0.101086
-0.0990222
-0.0974027
-0.0961803
-0.0952561
-0.0944793
-0.0936678
-0.0925822
-0.0910559
-0.0889195
-0.0861254
-0.082733
-0.0789647
-0.0751992
-0.0719575
-0.0698708
-0.069588
-0.0716563
-0.0764336
-0.083908
-0.093767
-0.105143
-0.11703
-0.127703
-0.135945
-0.139781
-0.138108
-0.130213
-0.113548
-0.0944474
-0.0609101
-0.0429995
0.00482829
-0.135655
-0.134332
-0.132466
-0.130053
-0.127122
-0.123731
-0.119967
-0.115945
-0.111796
-0.10766
-0.103675
-0.0999643
-0.0966285
-0.0937339
-0.091306
-0.0893214
-0.0877082
-0.0863438
-0.0850782
-0.0836976
-0.0820611
-0.0800244
-0.0775515
-0.0747074
-0.0717102
-0.068925
-0.0668453
-0.0660687
-0.0671974
-0.0707245
-0.0769505
-0.0858028
-0.0969141
-0.109367
-0.12212
-0.133394
-0.141989
-0.145873
-0.144022
-0.135629
-0.118322
-0.098337
-0.0638309
-0.0448552
0.00422251
-0.137714
-0.136254
-0.134179
-0.13148
-0.128181
-0.124338
-0.120041
-0.115409
-0.110581
-0.105708
-0.100939
-0.096414
-0.0922481
-0.0885257
-0.0852932
-0.0825496
-0.0802491
-0.0782967
-0.0765738
-0.0749208
-0.0731357
-0.0711863
-0.0690192
-0.0667063
-0.0644617
-0.0626378
-0.0617001
-0.0622132
-0.0647331
-0.0696995
-0.0773563
-0.0875711
-0.0999216
-0.113444
-0.127059
-0.138936
-0.147891
-0.151834
-0.149826
-0.140958
-0.123034
-0.102187
-0.0667516
-0.0467168
0.00359551
-0.13979
-0.138201
-0.135927
-0.132951
-0.129292
-0.125005
-0.120181
-0.114944
-0.109441
-0.103834
-0.0982854
-0.0929493
-0.0879577
-0.0834124
-0.0793801
-0.0758816
-0.0728964
-0.0703563
-0.0681723
-0.0662284
-0.0642979
-0.0624236
-0.0605461
-0.0587458
-0.0572333
-0.0563494
-0.0565307
-0.0583104
-0.0621987
-0.0685823
-0.0776498
-0.0892102
-0.102785
-0.117367
-0.131841
-0.144321
-0.153643
-0.157659
-0.155515
-0.146194
-0.127677
-0.105995
-0.0696691
-0.0485801
0.00294793
-0.141874
-0.140168
-0.137706
-0.134463
-0.130454
-0.125731
-0.120388
-0.114552
-0.108381
-0.102046
-0.0957232
-0.0895818
-0.0837701
-0.0784079
-0.0735817
-0.0693333
-0.0656671
-0.0625403
-0.0598912
-0.0576291
-0.0555653
-0.0537541
-0.0521491
-0.0508414
-0.0500386
-0.0500711
-0.0513461
-0.0543667
-0.0595978
-0.0673744
-0.0778304
-0.0907176
-0.1055
-0.121133
-0.136461
-0.149545
-0.159241
-0.163344
-0.161082
-0.151335
-0.132274
-0.109734
-0.0725733
-0.0504395
0.00228023
-0.143958
-0.142146
-0.139508
-0.136011
-0.131663
-0.126516
-0.120663
-0.114239
-0.107407
-0.100351
-0.093262
-0.0863223
-0.0796976
-0.0735254
-0.0679122
-0.06292
-0.058577
-0.0548654
-0.0517481
-0.0491571
-0.0469561
-0.0451951
-0.0438446
-0.0430082
-0.0428908
-0.0438143
-0.0461551
-0.0503881
-0.0569342
-0.0660771
-0.0778974
-0.0920914
-0.108064
-0.124737
-0.140914
-0.154602
-0.164679
-0.168879
-0.166522
-0.156347
-0.136818
-0.113429
-0.0754609
-0.052291
0.00159304
-0.146032
-0.144128
-0.141328
-0.13759
-0.132917
-0.127358
-0.121008
-0.114006
-0.106524
-0.0987576
-0.0909101
-0.0831807
-0.0757514
-0.0687774
-0.062385
-0.0566558
-0.0516413
-0.0473473
-0.0437601
-0.0408363
-0.0384876
-0.0367628
-0.0356482
-0.0352605
-0.0358024
-0.0375898
-0.0409661
-0.0463809
-0.0542118
-0.0646923
-0.0778508
-0.0933301
-0.110472
-0.128176
-0.145195
-0.159487
-0.169955
-0.174257
-0.171828
-0.161257
-0.141279
-0.117072
-0.0783279
-0.054131
0.000887055
-0.148086
-0.146103
-0.143156
-0.139191
-0.134209
-0.128253
-0.12142
-0.113854
-0.105735
-0.0972696
-0.0886752
-0.0801663
-0.071942
-0.0641755
-0.0570126
-0.0505541
-0.0448739
-0.0400009
-0.0359438
-0.032684
-0.0301756
-0.0284725
-0.0275745
-0.0276121
-0.0287857
-0.031408
-0.0357874
-0.042351
-0.0514346
-0.0632219
-0.0776907
-0.0944324
-0.112722
-0.131446
-0.1493
-0.164195
-0.175054
-0.179485
-0.176997
-0.166055
-0.145655
-0.120657
-0.0811697
-0.0559558
0.000163117
-0.150109
-0.148061
-0.144982
-0.140808
-0.135532
-0.129196
-0.121897
-0.113783
-0.105042
-0.0958919
-0.0865636
-0.0772873
-0.0682792
-0.0597306
-0.0518067
-0.0446272
-0.038288
-0.0328399
-0.0283134
-0.0247161
-0.0220355
-0.0203386
-0.0196376
-0.0200758
-0.021852
-0.025279
-0.0306272
-0.0383045
-0.0486067
-0.0616681
-0.0774175
-0.0953979
-0.114813
-0.134544
-0.153221
-0.168722
-0.179988
-0.184545
-0.182025
-0.170731
-0.149942
-0.124182
-0.0839816
-0.0577616
-0.000577859
-0.152087
-0.14999
-0.146796
-0.142429
-0.136879
-0.130182
-0.122436
-0.113792
-0.104446
-0.0946277
-0.0845807
-0.074551
-0.0647718
-0.0554525
-0.0467782
-0.0388867
-0.0318955
-0.0258768
-0.020882
-0.0169459
-0.0140806
-0.0123747
-0.0118506
-0.012664
-0.0150123
-0.0192126
-0.0254935
-0.0342472
-0.0457323
-0.0600334
-0.0770319
-0.0962275
-0.116741
-0.137464
-0.156961
-0.173065
-0.184745
-0.189436
-0.186904
-0.175279
-0.154136
-0.12764
-0.086759
-0.0595447
-0.00133487
-0.15401
-0.151878
-0.148586
-0.144045
-0.13824
-0.131203
-0.12303
-0.113877
-0.103947
-0.093479
-0.082731
-0.0719637
-0.0614276
-0.0513503
-0.041937
-0.0333431
-0.0257075
-0.0191233
-0.0136618
-0.00938352
-0.00632352
-0.00459306
-0.00422547
-0.00538826
-0.00827679
-0.013218
-0.0203938
-0.030185
-0.0428159
-0.0583204
-0.0765349
-0.0969226
-0.118504
-0.14021
-0.160513
-0.17722
-0.189319
-0.194157
-0.191632
-0.179696
-0.158231
-0.131029
-0.0894973
-0.0613013
-0.00210684
-0.153713
-0.150341
-0.145643
-0.139606
-0.13225
-0.123673
-0.114034
-0.103542
-0.0924465
-0.0810174
-0.0695306
-0.0582535
-0.0474324
-0.0372922
-0.0280061
-0.0197343
-0.0125899
-0.00666376
-0.00204107
0.00122438
0.0029949
0.00322633
0.00174074
-0.00165496
-0.00730417
-0.0153357
-0.0261234
-0.0398618
-0.0565317
-0.075928
-0.0974492
-0.120138
-0.142774
-0.163874
-0.181183
-0.193704
-0.198703
-0.196204
-0.183977
-0.162224
-0.134343
-0.0921921
-0.0630275
-0.00289261
-0.155481
-0.152047
-0.147213
-0.140965
-0.133315
-0.124359
-0.114259
-0.10323
-0.0915299
-0.0794421
-0.0672559
-0.0552555
-0.0437058
-0.0328519
-0.0228845
-0.0139849
-0.00628605
0.000102414
0.00507172
0.00855286
0.0103789
0.0104945
0.00871295
0.00484431
-0.00147953
-0.0103267
-0.022068
-0.0368741
-0.0546707
-0.0752136
-0.0978452
-0.121606
-0.145155
-0.167044
-0.184952
-0.197898
-0.203071
-0.200615
-0.188128
-0.16611
-0.137579
-0.0948389
-0.0647198
-0.00369095
-0.157171
-0.153692
-0.148742
-0.142307
-0.134386
-0.125078
-0.114544
-0.103005
-0.0907274
-0.0780056
-0.0651425
-0.0524383
-0.0401769
-0.0286236
-0.0179863
-0.00846767
-0.000220363
0.00662817
0.0119472
0.0156527
0.0175498
0.0175695
0.0155191
0.0112129
0.00424785
-0.00537394
-0.0180234
-0.0338575
-0.0527419
-0.0743926
-0.0981079
-0.122906
-0.147354
-0.170022
-0.188524
-0.201899
-0.207257
-0.204862
-0.192203
-0.169883
-0.140732
-0.097433
-0.0663743
-0.00450057
-0.15877
-0.155263
-0.150216
-0.143618
-0.135454
-0.125822
-0.114883
-0.102864
-0.0900362
-0.0767076
-0.0631923
-0.0498057
-0.0368511
-0.0246136
-0.0133186
-0.00319002
0.00559958
0.0129057
0.0185771
0.0225156
0.0244994
0.0244428
0.0221505
0.0174433
0.00987023
-0.000484056
-0.0139941
-0.0308197
-0.0507451
-0.0734691
-0.0982354
-0.12404
-0.149372
-0.172806
-0.191899
-0.205704
-0.211257
-0.208939
-0.196094
-0.173539
-0.143798
-0.0999702
-0.0679873
-0.00532012
-0.160261
-0.156745
-0.151623
-0.144887
-0.136507
-0.12658
-0.115267
-0.102799
-0.0894526
-0.0755467
-0.0614061
-0.0473603
-0.0337326
-0.0208273
-0.00888741
0.00184149
0.0111671
0.018928
0.0249533
0.029134
0.0312205
0.0311066
0.0285995
0.0235287
0.0153809
0.0043395
-0.00998931
-0.0277631
-0.0486851
-0.0724456
-0.0982291
-0.12501
-0.151208
-0.175395
-0.195073
-0.20931
-0.215069
-0.212844
-0.199822
-0.177071
-0.146772
-0.102446
-0.0695553
-0.00614822
-0.161629
-0.158131
-0.152947
-0.146101
-0.137534
-0.127343
-0.115688
-0.102805
-0.0889718
-0.0745201
-0.0597835
-0.0451035
-0.0308246
-0.0172693
-0.00469823
0.00662111
0.0164762
0.0246892
0.0310696
0.0355013
0.0377071
0.0375541
0.0348585
0.0294625
0.0207757
0.00909128
-0.00603059
-0.0246758
-0.0465687
-0.0713244
-0.0980909
-0.125819
-0.152863
-0.177788
-0.198046
-0.212716
-0.21869
-0.216572
-0.203397
-0.180477
-0.149651
-0.104856
-0.0710747
-0.00698343
-0.162881
-0.159414
-0.154172
-0.14725
-0.138524
-0.1281
-0.116138
-0.102874
-0.0885885
-0.0736244
-0.0583232
-0.0430359
-0.0281293
-0.0139431
-0.000755469
0.0111439
0.0215219
0.0301843
0.0369212
0.0416114
0.0439541
0.0437791
0.0409207
0.0352414
0.0260498
0.0137513
-0.00209245
-0.0215838
-0.044399
-0.0701082
-0.0978232
-0.126467
-0.154337
-0.179986
-0.200818
-0.215919
-0.222118
-0.22012
-0.206816
-0.183751
-0.152431
-0.107196
-0.072542
-0.00782433
-0.163985
-0.160545
-0.155326
-0.148323
-0.139466
-0.128842
-0.116606
-0.102998
-0.0882963
-0.0728551
-0.0570228
-0.0411568
-0.0256479
-0.0108513
0.00293734
0.0154058
0.0262999
0.0354089
0.0425038
0.0474587
0.0499576
0.0497757
0.0467811
0.0408733
0.0311783
0.0183376
0.00179964
-0.0184905
-0.0421791
-0.0688008
-0.0974285
-0.126957
-0.155631
-0.181988
-0.203387
-0.218919
-0.22535
-0.223486
-0.210076
-0.186889
-0.155109
-0.109463
-0.0739541
-0.00866949
-0.16155
-0.156357
-0.149308
-0.14035
-0.129558
-0.117084
-0.103171
-0.0880893
-0.0722076
-0.0558794
-0.0394644
-0.0233803
-0.00799538
0.00637762
0.0194035
0.0308066
0.0403592
0.047814
0.0530379
0.0557138
0.0555401
0.05244
0.0463602
0.0361349
0.0228554
0.00563876
-0.0153971
-0.0399134
-0.0674058
-0.0969097
-0.127291
-0.156746
-0.183796
-0.205754
-0.221716
-0.228387
-0.226666
-0.213175
-0.189888
-0.15768
-0.111651
-0.0753079
-0.00951753
-0.162417
-0.157264
-0.150196
-0.141167
-0.13024
-0.117561
-0.103384
-0.0879616
-0.0716768
-0.0548908
-0.0379555
-0.0213252
-0.00537553
0.00956382
0.0231347
0.0350394
0.0450322
0.0528487
0.0583432
0.0612199
0.0610724
0.0578931
0.0515142
0.04111
0.0272686
0.0094287
-0.0123073
-0.0376064
-0.0659272
-0.09627
-0.127472
-0.157685
-0.18541
-0.20792
-0.224307
-0.231225
-0.22966
-0.21611
-0.192743
-0.160142
-0.113758
-0.0766004
-0.0103671
-0.163137
-0.158039
-0.150977
-0.141907
-0.130878
-0.118038
-0.103622
-0.0879054
-0.0712547
-0.0540541
-0.0366276
-0.0194812
-0.00299102
0.0124955
0.026598
0.0389963
0.0494256
0.0576057
0.063369
0.0664789
0.0663752
0.063115
0.0565377
0.0459026
0.0315744
0.0131672
-0.00922613
-0.0352626
-0.064369
-0.095513
-0.127502
-0.15845
-0.186833
-0.209884
-0.226694
-0.233866
-0.232466
-0.21888
-0.195451
-0.162492
-0.115779
-0.077829
-0.011217
-0.163703
-0.158676
-0.151646
-0.142561
-0.131466
-0.118499
-0.10389
-0.0879125
-0.0709285
-0.0533577
-0.0354823
-0.0178471
-0.000841552
0.0151727
0.0297931
0.0426762
0.0535373
0.0620837
0.0681207
0.0715096
0.0714211
0.0681045
0.0614124
0.0505196
0.0357754
0.0168481
-0.00615826
-0.0328866
-0.0627356
-0.0946425
-0.127386
-0.159043
-0.188065
-0.211648
-0.228877
-0.236309
-0.235081
-0.221483
-0.198011
-0.164728
-0.117712
-0.0789914
-0.012066
-0.164109
-0.159169
-0.152194
-0.143125
-0.131995
-0.118938
-0.104177
-0.0879828
-0.0707173
-0.05277
-0.0345168
-0.016417
0.00107099
0.017595
0.0327189
0.0460779
0.0573662
0.0662868
0.0725278
0.0763078
0.0761169
0.072952
0.0660927
0.0549822
0.0398686
0.020466
-0.00310819
-0.0304828
-0.0610312
-0.0936626
-0.127127
-0.159467
-0.189109
-0.213214
-0.230855
-0.238553
-0.237505
-0.223918
-0.200418
-0.166846
-0.119552
-0.0800857
-0.0129131
-0.164351
-0.159515
-0.152618
-0.143592
-0.132463
-0.119353
-0.104476
-0.0881075
-0.0705998
-0.0523427
-0.033703
-0.0151765
0.00275338
0.0197642
0.0353734
0.0492014
0.0609156
0.0702251
0.0764448
0.0806364
0.0807624
0.077564
0.07058
0.0592914
0.0438492
0.0240165
-8.03146e-05
-0.0280559
-0.0592605
-0.0925773
-0.126728
-0.159726
-0.189968
-0.214583
-0.232631
-0.2406
-0.239738
-0.226185
-0.202671
-0.168846
-0.121298
-0.0811097
-0.0137578
-0.159709
-0.152912
-0.143958
-0.132861
-0.119734
-0.104782
-0.0882762
-0.0705643
-0.052033
-0.0330655
-0.0141476
0.00425204
0.0216965
0.0377657
0.0520554
0.0641906
0.0739075
0.0804184
0.0847956
0.0851237
0.08194
0.0748787
0.0634427
0.0477135
0.0274951
0.00292071
-0.0256108
-0.0574284
-0.0913916
-0.126194
-0.159823
-0.190644
-0.215757
-0.234204
-0.24245
-0.241779
-0.228283
-0.204768
-0.170725
-0.122946
-0.0820604
-0.0145996
-0.159749
-0.15307
-0.144212
-0.133175
-0.120063
-0.105071
-0.0884646
-0.0705853
-0.0518148
-0.0325581
-0.0132837
0.00551921
0.0234119
0.0399383
0.0546578
0.067186
0.0772468
0.0842425
0.0886976
0.0892106
0.0860917
0.0789859
0.067432
0.0514569
0.0308963
0.0058887
-0.023154
-0.0555416
-0.0901121
-0.125532
-0.159764
-0.191142
-0.216742
-0.235579
-0.244105
-0.243629
-0.230212
-0.206706
-0.172478
-0.124491
-0.082935
-0.0154373
-0.159638
-0.153095
-0.144354
-0.133407
-0.120344
-0.105349
-0.0886805
-0.0706738
-0.0517052
-0.0321932
-0.0125981
0.00657688
0.0248792
0.0418316
0.0569766
0.0699144
0.0803267
0.0877184
0.0923143
0.0930379
0.0900109
0.082892
0.0712528
0.0550732
0.0342141
0.00881811
-0.0206911
-0.0536053
-0.0887434
-0.124745
-0.159552
-0.191463
-0.217535
-0.236754
-0.245563
-0.245286
-0.231969
-0.208484
-0.174109
-0.12593
-0.0837425
-0.0162662
-0.159394
-0.153026
-0.144453
-0.13365
-0.120696
-0.105759
-0.0890882
-0.0710105
-0.051896
-0.032169
-0.0122879
0.00723802
0.0259328
0.0433067
0.0588829
0.0722407
0.0830222
0.0907818
0.0955987
0.0965629
0.0936653
0.0865788
0.0748988
0.0585651
0.0374583
0.0117244
-0.018202
-0.051596
-0.087259
-0.123804
-0.159155
-0.191577
-0.218107
-0.237704
-0.246807
-0.246743
-0.233559
-0.210114
-0.175641
-0.127272
-0.084513
-0.0170845
-0.158998
-0.152869
-0.144531
-0.133947
-0.121176
-0.106369
-0.0897613
-0.0716692
-0.0524553
-0.0325464
-0.0124012
0.00746545
0.0265548
0.0443605
0.0603824
0.0741769
0.0853478
0.0934704
0.0985808
0.0998155
0.097085
0.0900742
0.078398
0.0619613
0.0406596
0.0146413
-0.0156502
-0.0494745
-0.0856183
-0.12267
-0.158538
-0.191452
-0.21844
-0.238422
-0.247845
-0.248016
-0.235007
-0.211623
-0.177094
-0.12855
-0.0852215
-0.0179258
-0.158268
-0.152255
-0.144029
-0.133541
-0.120838
-0.10606
-0.089434
-0.0712679
-0.051922
-0.0318234
-0.0114354
0.00872352
0.0281374
0.0462853
0.0626509
0.0767727
0.088231
0.0966056
0.101903
0.103278
0.100603
0.0935715
0.081814
0.0652086
0.0436635
0.0173294
-0.0133431
-0.0475999
-0.0842171
-0.121756
-0.158118
-0.191486
-0.218891
-0.239188
-0.248886
-0.249201
-0.23633
-0.212942
-0.178296
-0.129744
-0.0855799
-0.0188739
-0.150704
-0.142162
-0.131333
-0.118266
-0.103102
-0.0860677
-0.0674673
-0.047665
-0.0270828
-0.00619025
0.0144976
0.0344545
0.053148
0.0700521
0.0846808
0.0966022
0.105385
0.110743
0.112044
0.109157
0.101725
0.0894022
0.072031
0.0495537
0.0221502
-0.00968962
-0.0451487
-0.082959
-0.121594
-0.158944
-0.193066
-0.221063
-0.241602
-0.25152
-0.251701
-0.238863
-0.215181
-0.180069
-0.13193
-0.0854214
-0.0209954
-0.142269
-0.133497
-0.122534
-0.109416
-0.0942666
-0.0772949
-0.0587841
-0.0390818
-0.0185957
0.00221492
0.0228468
0.042768
0.0614344
0.0783059
0.0928669
0.104629
0.113038
0.118182
0.119252
0.115951
0.107986
0.0950512
0.076973
0.0537204
0.0254951
-0.00717935
-0.0434489
-0.0820018
-0.121283
-0.159136
-0.193625
-0.221823
-0.242444
-0.252427
-0.252561
-0.239911
-0.21614
-0.18098
-0.13327
-0.0850398
-0.0230681
-0.132552
-0.12366
-0.112708
-0.0997186
-0.0847952
-0.0681238
-0.0499643
-0.0306428
-0.0105465
0.00988317
0.0301597
0.0497613
0.0681467
0.084772
0.0991075
0.110683
0.119181
0.123579
0.124082
0.120219
0.111664
0.0981407
0.0794853
0.0556951
0.0269908
-0.00607828
-0.0426504
-0.0813842
-0.120756
-0.158568
-0.192982
-0.221016
-0.24152
-0.251468
-0.251573
-0.239138
-0.215412
-0.180379
-0.133342
-0.084144
-0.024418
-0.121704
-0.112892
-0.102153
-0.0895075
-0.0750454
-0.0589301
-0.0413953
-0.0227411
-0.00332869
0.0164259
0.0360616
0.0550792
0.0729472
0.0891291
0.103087
0.114317
0.12235
0.126515
0.126633
0.122352
0.113367
0.0994369
0.0804263
0.0563641
0.0274897
-0.00562353
-0.0421218
-0.0806432
-0.119721
-0.157133
-0.191156
-0.218798
-0.239001
-0.248834
-0.248835
-0.236588
-0.213012
-0.178238
-0.132138
-0.082618
-0.0251363
-0.10996
-0.101435
-0.0911129
-0.0790263
-0.0652557
-0.0499439
-0.0332969
-0.0155846
0.0028633
0.0216606
0.0403746
0.0585393
0.0756462
0.0911661
0.104551
0.115296
0.122882
0.12677
0.126612
0.12207
0.112856
0.0987596
0.0796732
0.055658
0.0269667
-0.00580885
-0.0418377
-0.0797487
-0.118146
-0.154808
-0.188117
-0.215132
-0.234832
-0.244433
-0.244255
-0.232183
-0.208863
-0.174515
-0.129617
-0.0804203
-0.0252952
-0.0979082
-0.0897737
-0.0800373
-0.0686895
-0.0557962
-0.0414826
-0.0259296
-0.00937662
0.00788135
0.0254939
0.0430605
0.0601415
0.07626
0.0909079
0.103573
0.113719
0.12083
0.124402
0.124024
0.119347
0.110086
0.0960512
0.0771583
0.0535001
0.0253383
-0.00672019
-0.0418808
-0.078777
-0.116095
-0.151644
-0.183905
-0.210041
-0.229028
-0.238266
-0.237838
-0.225916
-0.202958
-0.169226
-0.125802
-0.0775441
-0.0249764
-0.0860378
-0.0784126
-0.0693488
-0.0588433
-0.0469467
-0.0337599
-0.0194393
-0.00419508
0.0117102
0.0279655
0.0442161
0.0600491
0.0750176
0.0886428
0.100432
0.10987
0.11645
0.119677
0.119118
0.11441
0.105263
0.0915
0.073048
0.0500286
0.0227083
-0.00829292
-0.0422231
-0.0777358
-0.113604
-0.147701
-0.178595
-0.203604
-0.221669
-0.230395
-0.229644
-0.217823
-0.195333
-0.162431
-0.12076
-0.0740151
-0.0242632
-0.0746987
-0.0676432
-0.0593136
-0.0497067
-0.0388618
-0.0268637
-0.0138448
1.44373e-05
0.014486
0.0292962
0.0441231
0.058585
0.0722731
0.0847528
0.0955582
0.104201
0.110188
0.113041
0.112321
0.10766
0.098761
0.0854505
0.0676596
0.0455288
0.0193221
-0.0103315
-0.0427234
-0.0765421
-0.110641
-0.142994
-0.172238
-0.19588
-0.212819
-0.220865
-0.219707
-0.207961
-0.186061
-0.154232
-0.114602
-0.0698966
-0.0232363
-0.0641
-0.0576429
-0.0500673
-0.0413702
-0.0315835
-0.020778
-0.00906565
0.00339854
0.0164156
0.0297425
0.0430892
0.0561209
0.0684708
0.079737
0.0894875
0.0972674
0.102611
0.105061
0.104189
0.0996276
0.091077
0.0783658
0.06142
0.0403898
0.0155278
-0.0125373
-0.0431384
-0.0750133
-0.107084
-0.13745
-0.164803
-0.18686
-0.202488
-0.209705
-0.20808
-0.196427
-0.17527
-0.144793
-0.107491
-0.0652888
-0.0219711
-0.054325
-0.0484712
-0.0416417
-0.0338344
-0.0250766
-0.015428
-0.00498461
0.00611957
0.0177109
0.0295757
0.0414583
0.0530647
0.0640645
0.0740933
0.0827571
0.0896399
0.0943098
0.0963409
0.095322
0.0908994
0.0827738
0.0707767
0.0548251
0.0350698
0.0117454
-0.0145341
-0.0431394
-0.0728734
-0.102713
-0.130903
-0.156177
-0.176474
-0.190653
-0.196959
-0.194865
-0.183381
-0.163165
-0.134343
-0.0996425
-0.0603229
-0.0205372
-0.0453712
-0.0401101
-0.0340015
-0.0270451
-0.019265
-0.010713
-0.00147224
0.00834101
0.0185755
0.0290438
0.0395217
0.0497495
0.0594328
0.0682458
0.0758341
0.081822
0.0858164
0.0874275
0.0862724
0.0820191
0.0743772
0.0631833
0.048346
0.0300071
0.00838025
-0.0159516
-0.0423949
-0.0698338
-0.097293
-0.123169
-0.146247
-0.164671
-0.17734
-0.182707
-0.18025
-0.169091
-0.150051
-0.123182
-0.0913119
-0.0551518
-0.018997
-0.0371899
-0.0325018
-0.0270796
-0.020925
-0.0140602
-0.00653106
0.00158972
0.0102007
0.0191698
0.0283329
0.037493
0.0464216
0.0548581
0.0625138
0.0690727
0.0741999
0.0775427
0.0787511
0.0774767
0.0734167
0.0662989
0.055969
0.0423322
0.0255148
0.00570877
-0.0165496
-0.0407034
-0.0657323
-0.0907114
-0.114192
-0.135024
-0.151547
-0.162743
-0.167195
-0.164559
-0.153946
-0.136328
-0.111667
-0.0827789
-0.0499354
-0.0174049
-0.0297141
-0.0255738
-0.0207987
-0.0153925
-0.00937626
-0.0027912
0.00429866
0.0118043
0.01961
0.0275719
0.0355175
0.0432457
0.0505274
0.057108
0.0627081
0.067032
0.0697673
0.0706045
0.0692331
0.0653835
0.0588095
0.0493702
0.0369758
0.0217343
0.00381887
-0.0162926
-0.0380833
-0.0606392
-0.0830965
-0.104161
-0.122766
-0.137436
-0.147267
-0.150961
-0.148299
-0.138451
-0.122455
-0.10017
-0.0743157
-0.0448221
-0.0158082
-0.0228733
-0.0192523
-0.0150831
-0.0103711
-0.00513658
0.000583217
0.00673138
0.0132295
0.019976
0.0268449
0.0336849
0.0403201
0.0465492
0.052149
0.0568743
0.0604659
0.0626501
0.063156
0.0617121
0.0580824
0.0520519
0.0434956
0.032336
0.0186641
0.00263821
-0.0153255
-0.0347548
-0.054846
-0.07481
-0.0935037
-0.109963
-0.122883
-0.131484
-0.134589
-0.132065
-0.123148
-0.108884
-0.0890353
-0.066157
-0.0399334
-0.0142457
-0.0166007
-0.0134687
-0.00986382
-0.00579281
-0.00127504
0.00365544
0.0089479
0.0145331
0.0203218
0.0262036
0.0320463
0.0376958
0.0429766
0.0476933
0.0516325
0.0545678
0.0562619
0.0564794
0.0549866
0.0515794
0.046075
0.0383654
0.0283894
0.0162244
0.00201667
-0.0138755
-0.0310278
-0.0487428
-0.0663172
-0.0827516
-0.0971976
-0.108506
-0.116019
-0.118676
-0.11641
-0.108512
-0.0959927
-0.0785293
-0.0584769
-0.0353547
-0.0127478
-0.0108363
-0.00816196
-0.00508007
-0.00159841
0.00226449
0.00647755
0.0109954
0.0157569
0.0206836
0.0256789
0.0306274
0.0353946
0.0398277
0.0437568
0.0469966
0.049351
0.0506151
0.0505861
0.0490648
0.0458765
0.0408688
0.0339506
0.0250769
0.0143152
0.00180116
-0.0121577
-0.0271859
-0.0426829
-0.0580353
-0.0723763
-0.0849763
-0.0948294
-0.101386
-0.103699
-0.101755
-0.0948859
-0.0840366
-0.0688234
-0.0513822
-0.0311343
-0.0113362
-0.00552678
-0.00327832
-0.000678963
0.00226284
0.00552945
0.00909252
0.0129115
0.0169323
0.0210862
0.0252886
0.029439
0.0334204
0.0371004
0.0403315
0.0429538
0.044798
0.0456885
0.0454514
0.0439182
0.0409406
0.0363931
0.0302004
0.0223318
0.0128477
0.0018727
-0.0103283
-0.0234275
-0.0369094
-0.0502483
-0.062696
-0.073637
-0.0821924
-0.0879089
-0.0899488
-0.0883492
-0.0824594
-0.0731478
-0.0599969
-0.0449197
-0.0272898
-0.0100245
-0.000625754
0.00122881
0.0033851
0.00583432
0.00855984
0.0115359
0.0147262
0.0180831
0.0215462
0.0250419
0.0284827
0.0317673
0.034781
0.0373966
0.0394766
0.0408754
0.0414434
0.0410321
0.0394997
0.0367214
0.0325946
0.0270581
0.0200924
0.0117527
0.0021521
-0.00848033
-0.0198617
-0.0315498
-0.0430995
-0.0538675
-0.0633408
-0.0707549
-0.0757394
-0.0775532
-0.0762856
-0.0712883
-0.0633563
-0.0520585
-0.0390913
-0.0238166
-0.00881911
0.0039074
0.00539979
0.00715122
0.00915286
0.0113891
0.0138367
0.0164633
0.0192268
0.0220745
0.0249423
0.0277543
0.030423
0.0328496
0.0349246
0.0365303
0.0375421
0.0378329
0.0372767
0.0357546
0.0331621
0.0294159
0.0244671
0.0183041
0.0109784
0.0025908
-0.00665991
-0.0165317
-0.0266454
-0.0366272
-0.0459255
-0.0541163
-0.0605389
-0.0648919
-0.0665184
-0.0655432
-0.0613387
-0.0546252
-0.0449713
-0.0338707
-0.020697
-0.0077212
0.00810809
0.00926946
0.0106528
0.0122495
0.0140452
0.0160186
0.0181413
0.0203762
0.0226773
0.024989
0.0272457
0.0293719
0.0312828
0.0328847
0.034077
0.0347536
0.0348071
0.0341308
0.0326256
0.0302045
0.0267998
0.0223732
0.0169189
0.0104845
0.00315903
-0.00488496
-0.0134417
-0.0221865
-0.030807
-0.0388312
-0.0459113
-0.051479
-0.0552969
-0.0568371
-0.0560393
-0.0525271
-0.0468811
-0.0386745
-0.0292159
-0.0179062
-0.00672792
0.0120071
0.0128678
0.0139184
0.0151504
0.0165508
0.0181005
0.0197744
0.0215399
0.0233571
0.0251777
0.0269454
0.0285953
0.0300548
0.0312438
0.032077
0.0324643
0.0323151
0.0315398
0.0300557
0.027791
0.0246907
0.0207252
0.0158929
0.0102375
0.00383669
-0.00315973
-0.0105778
-0.0181398
-0.0255859
-0.0325129
-0.0386361
-0.0434685
-0.0468189
-0.0481995
-0.0476428
-0.0447477
-0.0400352
-0.0330975
-0.0250793
-0.0154169
-0.00583398
0.0156314
0.0162207
0.0169718
0.0178771
0.0189244
0.020097
0.0213725
0.0227227
0.0241128
0.0255014
0.0268399
0.0280728
0.0291383
0.0299683
0.0304904
0.0306287
0.0303068
0.0294498
0.0279892
0.0258657
0.023035
0.0194746
0.0151853
0.0102073
0.00460786
-0.00148346
-0.00792019
-0.0144651
-0.0209029
-0.0268898
-0.0321939
-0.0363971
-0.0393448
-0.0406057
-0.040251
-0.0378968
-0.033997
-0.0281692
-0.0214121
-0.0132022
-0.00503271
0.0190044
0.0193501
0.0198335
0.0204474
0.0211809
0.0220191
0.0229425
0.0239265
0.0249411
0.0259507
0.0269137
0.0277828
0.0285055
0.0290241
0.0292775
0.0292017
0.028733
0.0278089
0.0263725
0.0243755
0.021782
0.0185754
0.0147579
0.0103662
0.00545819
0.000145485
-0.00544897
-0.0111231
-0.0166989
-0.0218843
-0.0264899
-0.0301585
-0.0327675
-0.0339373
-0.0337517
-0.0318727
-0.0286805
-0.0238221
-0.0181678
-0.0112359
-0.00431686
0.0221463
0.0222751
0.0225205
0.0228759
0.0233317
0.0238749
0.0244883
0.0251506
0.0258363
0.0265146
0.0271502
0.0277028
0.0281281
0.0283774
0.0283992
0.02814
0.0275465
0.026567
0.0251546
0.0232697
0.0208837
0.0179842
0.0145747
0.0106881
0.00637397
0.00172823
-0.00314638
-0.00807804
-0.0129203
-0.0174249
-0.0214385
-0.0246563
-0.0269836
-0.0280859
-0.0280423
-0.0265846
-0.0240067
-0.0199937
-0.0153029
-0.00949375
-0.00367909
0.0250751
0.0250118
0.0250468
0.0251743
0.0253858
0.0256697
0.0260114
0.0263925
0.0267909
0.0271807
0.0275318
0.0278101
0.0279782
0.0279951
0.0278178
0.0274016
0.0267023
0.025677
0.0242871
0.0225007
0.0202948
0.0176605
0.014602
0.0111484
0.00734205
0.00326506
-0.000996979
-0.00529837
-0.00951898
-0.0134484
-0.0169631
-0.0198031
-0.0218971
-0.0229598
-0.0230991
-0.0219533
-0.0199033
-0.0166272
-0.0127774
-0.00795319
-0.00311226
0.0278063
0.0275742
0.0274246
0.0273522
0.0273497
0.0274071
0.0275117
0.0276478
0.0277966
0.027936
0.0280407
0.0280819
0.0280282
0.0278452
0.0274972
0.0269468
0.0261576
0.0250942
0.023725
0.0220243
0.0199736
0.0175669
0.0148084
0.0117242
0.00834988
0.00475561
0.00101242
-0.00275646
-0.00645279
-0.00989881
-0.012995
-0.0155206
-0.0174234
-0.0184557
-0.0187019
-0.0178838
-0.0163017
-0.0136704
-0.0105546
-0.00659335
-0.00260956
0.0303535
0.0299741
0.0296635
0.0294171
0.0292283
0.0290888
0.0289875
0.0289112
0.028844
0.0287671
0.0286592
0.0284961
0.0282517
0.0278973
0.0274031
0.0267382
0.0258726
0.0247772
0.0234264
0.0217993
0.0198814
0.0176687
0.0151655
0.0123944
0.00938575
0.00619909
0.00289315
-0.000428107
-0.00368461
-0.00672655
-0.0094743
-0.0117405
-0.0134883
-0.0145024
-0.0148532
-0.0143168
-0.0131449
-0.0110768
-0.00860101
-0.00539508
-0.0021646
0.0327288
0.0322219
0.0317719
0.0313748
0.031025
0.0307152
0.0304362
0.0301767
0.0299233
0.0296602
0.0293696
0.0290313
0.0286235
0.0281223
0.0275032
0.0267408
0.0258102
0.0246877
0.0233526
0.0217882
0.019983
0.0179345
0.0156468
0.0131398
0.0104389
0.00759448
0.004655
0.00170789
-0.00118177
-0.00388819
-0.00634802
-0.00840234
-0.0100262
-0.0110329
-0.0114862
-0.0111997
-0.010381
-0.00880415
-0.00688645
-0.00434086
-0.00177143
0.0349427
0.0343265
0.0337569
0.0332303
0.0327421
0.0322861
0.0318545
0.0314377
0.0310247
0.0306021
0.0301551
0.029667
0.0291196
0.0284933
0.0277678
0.0269222
0.0259362
0.0247906
0.0234685
0.0219568
0.0202463
0.0183357
0.0162289
0.013943
0.0114995
0.00894071
0.00630654
0.00367019
0.00108444
-0.00134531
-0.00356916
-0.00545232
-0.00697869
-0.00798914
-0.00854243
-0.00846932
-0.00795937
-0.00681364
-0.00538395
-0.00341493
-0.00142455
0.0370046
0.0362956
0.0356242
0.0349873
0.0343811
0.0338003
0.0332384
0.0326876
0.0321384
0.0315799
0.0309997
0.030384
0.0297179
0.0289851
0.028169
0.0272526
0.0262194
0.0250538
0.0237421
0.022274
0.0206424
0.0188466
0.0168905
0.0147886
0.0125588
0.0102368
0.00785525
0.00547528
0.00313942
0.000935945
-0.00109629
-0.00284348
-0.00429567
-0.00531854
-0.00596497
-0.0060831
-0.00584541
-0.00507237
-0.0040683
-0.00260278
-0.00111896
0.0389232
0.0381362
0.0373789
0.0366489
0.0359428
0.0352564
0.0345842
0.0339197
0.0332551
0.0325813
0.0318882
0.0311644
0.0303976
0.0295746
0.0286817
0.0277052
0.0266316
0.0254483
0.0241446
0.0227121
0.0211454
0.0194445
0.0176127
0.0156626
0.0136091
0.0114819
0.00930784
0.0071377
0.00500565
0.00298536
0.00110695
-0.000534022
-0.00193217
-0.00297351
-0.00370678
-0.00399929
-0.00399791
-0.00354859
-0.00291649
-0.00189135
-0.000850298
0.0407061
0.0398543
0.0390255
0.0382176
0.0374279
0.0366528
0.0358879
0.0351277
0.0343659
0.033595
0.0328067
0.0319917
0.03114
0.0302407
0.0292829
0.0282553
0.0271471
0.0259483
0.0246502
0.0232463
0.0217325
0.020109
0.018379
0.0165531
0.0146436
0.0126755
0.0106703
0.00867036
0.00670294
0.00482926
0.00307257
0.00151281
0.000151746
-0.000913536
-0.00172812
-0.002178
-0.00238633
-0.00222297
-0.00190842
-0.0012675
-0.000614267
0.0423602
0.0414556
0.040568
0.0396957
0.0388367
0.0379878
0.0371456
0.0363056
0.0354626
0.0346104
0.0337424
0.032851
0.0319279
0.0309646
0.029952
0.0288811
0.0277433
0.0265306
0.025236
0.0238546
0.0223832
0.0208224
0.0191748
0.0174495
0.0156567
0.013817
0.0119481
0.0100847
0.00824877
0.00649086
0.00482877
0.0033292
0.00199138
0.0008973
6.45471e-06
-0.000583832
-0.000979214
-0.00106316
-0.00102849
-0.000719484
-0.000406333
0.0438922
0.0429451
0.0420099
0.0410852
0.0401694
0.03926
0.0383541
0.0374481
0.0365377
0.0356182
0.0346839
0.0337287
0.0327461
0.0317291
0.0306706
0.0295631
0.0284
0.0271747
0.025882
0.0245178
0.0230799
0.021569
0.0199874
0.0183427
0.0166434
0.0149064
0.0131461
0.011391
0.00965861
0.00799057
0.0064004
0.00494347
0.00361737
0.00249091
0.00152811
0.000811971
0.000251848
-5.11544e-05
-0.000260425
-0.000244569
-0.000223503
0.045308
0.0443276
0.0433547
0.0423881
0.0414265
0.040468
0.0395102
0.0385502
0.0375847
0.0366097
0.0356207
0.0346129
0.033581
0.0325194
0.0314224
0.0302842
0.0290994
0.0278628
0.0265704
0.0252191
0.0238072
0.0223354
0.0208059
0.019225
0.0175996
0.0159437
0.0142688
0.0125984
0.0109461
0.00934636
0.00780922
0.00638046
0.00505661
0.00389522
0.0028646
0.00203507
0.0013293
0.000833737
0.000410976
0.000174262
-6.30874e-05
0.0466134
0.0456077
0.0446056
0.0436062
0.0426084
0.0416108
0.0406114
0.0396079
0.0385977
0.0375776
0.036544
0.0354931
0.0344207
0.0333223
0.0321934
0.0310294
0.029826
0.0285793
0.0272861
0.0259439
0.0245517
0.0231102
0.0216211
0.0200898
0.018522
0.0169291
0.0153203
0.0137148
0.0121234
0.010574
0.00907433
0.00766188
0.00633273
0.00513463
0.00404
0.00310792
0.00227277
0.00160807
0.000998491
0.000540138
7.75767e-05
0.0478137
0.0467897
0.0457658
0.0447415
0.0437158
0.0426877
0.0416556
0.0406177
0.0395718
0.0385155
0.037446
0.0363603
0.0352549
0.0341264
0.0329712
0.0317857
0.0305666
0.0293108
0.0280158
0.0266798
0.0253022
0.0238834
0.0224252
0.0209318
0.0194081
0.0178631
0.0163045
0.0147476
0.013201
0.0116874
0.0102124
0.00880674
0.0074663
0.00623041
0.00507533
0.00405026
0.0031
0.00228625
0.00151292
0.000860725
0.000201336
0.0489143
0.0478778
0.0468386
0.0457961
0.0447497
0.0436984
0.0426412
0.0415766
0.0405029
0.0394181
0.0383202
0.0372065
0.0360747
0.0349218
0.0337452
0.032542
0.0313096
0.0300457
0.0287483
0.0274162
0.0260488
0.0246468
0.0232115
0.0217465
0.0202557
0.0187465
0.0172249
0.0157032
0.0141884
0.0126986
0.0112381
0.00983156
0.00847521
0.00720105
0.00598895
0.00487942
0.00382643
0.00288109
0.00196407
0.00114212
0.000310325
0.0499201
0.0488762
0.0478271
0.0467722
0.0457111
0.0446431
0.0435673
0.0424826
0.0413877
0.040281
0.0391609
0.0380255
0.0368728
0.0357005
0.0345067
0.033289
0.0320455
0.0307745
0.0294744
0.0281442
0.0267838
0.0253935
0.0239748
0.0225304
0.0210634
0.0195799
0.0180846
0.0165875
0.0150939
0.0136183
0.012164
0.0107507
0.009375
0.00806264
0.00679682
0.00561043
0.0044655
0.00340376
0.00236036
0.00138948
0.000406436
0.050836
0.049789
0.0487345
0.0476722
0.0466016
0.0455222
0.0444333
0.0433341
0.0422237
0.0411007
0.0399639
0.0388119
0.037643
0.0364556
0.0352482
0.0340189
0.0327663
0.031489
0.030186
0.0288565
0.0275003
0.026118
0.0247107
0.0232805
0.0218302
0.0203643
0.0188869
0.0174055
0.0159248
0.0144558
0.0130013
0.0115767
0.0101791
0.00882907
0.0075127
0.00625625
0.00502889
0.00386393
0.00270911
0.00160733
0.000491318
0.0516668
0.0506204
0.0495643
0.0484986
0.0474228
0.0463365
0.0452393
0.0441304
0.0430091
0.0418746
0.0407257
0.0395614
0.0383805
0.0371817
0.0359637
0.0347253
0.0334653
0.0321827
0.0308768
0.0295469
0.0281931
0.0268157
0.0254157
0.0239948
0.0225553
0.0211007
0.0196343
0.018162
0.0166874
0.0152191
0.0137594
0.0123202
0.0108992
0.00951233
0.00814848
0.00682811
0.00552664
0.00426994
0.00301664
0.00179957
0.000566411
0.0524174
0.0513743
0.0503199
0.0492541
0.0481767
0.0470874
0.0459856
0.044871
0.043743
0.0426008
0.0414437
0.0402709
0.0390814
0.0378742
0.0366484
0.0354031
0.0341373
0.0328503
0.0315416
0.0302107
0.0288578
0.027483
0.0260872
0.0246718
0.0232386
0.0217903
0.0203296
0.018861
0.0173874
0.0159154
0.0144468
0.0129907
0.0115453
0.0101227
0.00871437
0.00733562
0.00596741
0.00462898
0.00328842
0.00196958
0.000632965
0.0530922
0.0520548
0.0510047
0.0499417
0.0488657
0.0477763
0.0466733
0.0455563
0.0444248
0.0432783
0.0421163
0.040938
0.0397428
0.0385299
0.0372986
0.0360482
0.0347781
0.0334876
0.0321764
0.0308442
0.029491
0.0281171
0.0267233
0.0253104
0.0238801
0.0224343
0.0209753
0.0195063
0.0180299
0.0165507
0.0150706
0.013596
0.012126
0.010669
0.00921909
0.00778701
0.00635858
0.00494721
0.00352914
0.00212024
0.00069206
0.053696
0.0526662
0.0516224
0.0505644
0.0494921
0.0484052
0.0473036
0.0461868
0.0450547
0.0439067
0.0427423
0.0415612
0.0403627
0.0391464
0.0379116
0.0366578
0.0353846
0.0340914
0.0327781
0.0314444
0.0300904
0.0287162
0.0273225
0.02591
0.02448
0.0230338
0.0215735
0.0201012
0.0186191
0.0171305
0.015637
0.0141431
0.0126485
0.0111589
0.00967011
0.00818931
0.00670647
0.00522987
0.0037428
0.00225404
0.000744621
0.0542332
0.0532125
0.0521766
0.0511253
0.0500586
0.0489763
0.0478781
0.0467638
0.0456332
0.0444859
0.0433215
0.0421397
0.04094
0.0397221
0.0384855
0.0372297
0.0359545
0.0346595
0.0333445
0.0320092
0.030654
0.0292787
0.027884
0.0264703
0.0250388
0.0235903
0.0221264
0.0206486
0.0191589
0.0176593
0.0161514
0.0146379
0.0131192
0.0115986
0.0100738
0.00854849
0.00701645
0.00548142
0.0039328
0.0023731
0.000791443
0.0547085
0.0536978
0.0526709
0.0516277
0.0505681
0.0494919
0.0483988
0.0472887
0.0461614
0.0450166
0.0438539
0.0426732
0.041474
0.040256
0.039019
0.0377625
0.0364863
0.0351901
0.0338739
0.0325374
0.0311807
0.0298039
0.0284075
0.0269916
0.0255572
0.0241049
0.0226361
0.0211514
0.0196528
0.0181412
0.0166184
0.0150854
0.0135435
0.0119937
0.0104354
0.00886958
0.00729305
0.00570564
0.00410203
0.00247919
0.0008332
0.0551261
0.0541262
0.0531093
0.0520751
0.0510236
0.0499546
0.0488679
0.0477634
0.0466407
0.0454998
0.0443403
0.043162
0.0419647
0.040748
0.0395116
0.0382554
0.0369792
0.0356826
0.0343656
0.033028
0.0316699
0.0302913
0.0288927
0.0274739
0.026036
0.024579
0.0231043
0.0216119
0.0201037
0.0185796
0.0170418
0.01549
0.0139259
0.0123488
0.0107597
0.00915685
0.00754009
0.00590571
0.00425292
0.00257383
0.000870468
0.0554906
0.0545019
0.0534954
0.0524709
0.0514282
0.0503673
0.0492879
0.0481898
0.0470729
0.045937
0.0447817
0.043607
0.0424125
0.0411981
0.0399634
0.0387084
0.0374328
0.0361363
0.034819
0.0334807
0.0321214
0.030741
0.02934
0.027918
0.0264761
0.0250139
0.0235328
0.0220323
0.0205142
0.0189778
0.0174252
0.0158552
0.0142702
0.0126677
0.0110503
0.00941387
0.00776077
0.00608428
0.0043875
0.00265829
0.000903728
0.0558063
0.0548289
0.053833
0.0528185
0.0517851
0.0507328
0.0496613
0.0485704
0.0474599
0.0463297
0.0451795
0.0440091
0.0428184
0.041607
0.0403748
0.0391216
0.0378473
0.0365515
0.0352344
0.0338956
0.0325352
0.0311532
0.0297497
0.0283245
0.0268785
0.025411
0.0239232
0.0224146
0.0208866
0.0193382
0.0177715
0.0161843
0.0145797
0.0129539
0.0113104
0.00964363
0.00795778
0.00624359
0.00450748
0.00273362
0.000933387
0.0560772
0.0551111
0.0541259
0.0531215
0.0520976
0.0510541
0.0499908
0.0489075
0.0478039
0.0466799
0.0455353
0.0443699
0.0431834
0.0419757
0.0407465
0.0394957
0.0382231
0.0369285
0.0356119
0.034273
0.0329119
0.0315283
0.0301226
0.0286942
0.0272441
0.0257713
0.0242772
0.0227605
0.0212231
0.0196631
0.018083
0.0164799
0.0148571
0.0132099
0.0115429
0.00984862
0.00813334
0.00638546
0.00461427
0.00280069
0.000959781
0.0563077
0.0553525
0.0543778
0.0533833
0.0523689
0.0513343
0.0502793
0.0492036
0.0481072
0.0469897
0.045851
0.0446908
0.043509
0.0423053
0.0410795
0.0398315
0.0385611
0.037268
0.0359523
0.0346135
0.0332519
0.031867
0.0304593
0.029028
0.0275739
0.0260962
0.0245959
0.0230717
0.0215253
0.0199545
0.018362
0.0167441
0.0151047
0.0134381
0.0117497
0.0100309
0.00828927
0.00651143
0.00470902
0.00286024
0.000983192
0.0565017
0.055557
0.0545923
0.0536075
0.0526022
0.0515762
0.0505294
0.0494614
0.0483721
0.0472612
0.0461285
0.0449737
0.0437967
0.0425972
0.0413751
0.0401301
0.0388621
0.0375708
0.0362562
0.0349179
0.0335561
0.0321702
0.0307606
0.0293267
0.0278691
0.0263867
0.0248807
0.0233495
0.0217948
0.0202141
0.0186102
0.0169789
0.0153244
0.0136404
0.0119329
0.0101921
0.00842709
0.00662272
0.00479268
0.00291284
0.00100385
0.0566629
0.0557281
0.0547729
0.0537972
0.0528006
0.051783
0.050744
0.0496834
0.048601
0.0474965
0.0463697
0.0452203
0.0440482
0.042853
0.0416346
0.0403928
0.0391273
0.037838
0.0365247
0.035187
0.0338252
0.0324386
0.0310275
0.0295912
0.0281304
0.0266438
0.0251327
0.0235951
0.0220329
0.0204433
0.018829
0.0171858
0.0155178
0.0138183
0.0120938
0.0103337
0.00854798
0.00672032
0.00486602
0.00295897
0.00102193
0.0567951
0.0558693
0.0549229
0.0539557
0.0529672
0.0519573
0.0509257
0.0498721
0.0487962
0.0476978
0.0465766
0.0454324
0.044265
0.043074
0.0418593
0.0406206
0.0393577
0.0380704
0.0367585
0.0354217
0.03406
0.0326729
0.0312606
0.0298224
0.0283587
0.0268685
0.0253527
0.0238095
0.0222406
0.0206431
0.0190197
0.0173659
0.015686
0.0139729
0.0122335
0.0104566
0.00865289
0.00680501
0.00492961
0.002999
0.0010376
0.0569016
0.055984
0.0550455
0.0540858
0.0531047
0.0521019
0.051077
0.0500297
0.0489598
0.0478671
0.0467511
0.0456117
0.0444487
0.0432616
0.0420504
0.0408147
0.0395543
0.038269
0.0369586
0.0356227
0.0342613
0.0328739
0.0314606
0.0300208
0.0285548
0.0270614
0.0255417
0.0239935
0.0224189
0.0208144
0.0191832
0.0175201
0.0158301
0.0141052
0.0123531
0.0105616
0.00874252
0.00687736
0.00498391
0.00303319
0.00105095
0.0569855
0.056075
0.0551434
0.0541904
0.0532157
0.0522191
0.0512001
0.0501584
0.0490939
0.0480061
0.0468948
0.0457597
0.0446006
0.0434171
0.0422091
0.0409761
0.0397181
0.0384346
0.0371256
0.0357906
0.0344296
0.033042
0.0316281
0.0301869
0.028719
0.027223
0.0256999
0.0241477
0.0225681
0.0209578
0.0193199
0.0176492
0.0159505
0.0142158
0.0124529
0.0106494
0.00881734
0.00693776
0.00502921
0.00306173
0.00106206
0.0570494
0.0561448
0.055219
0.0542716
0.0533023
0.0523108
0.0512968
0.0502599
0.0491999
0.0481163
0.047009
0.0458776
0.0447219
0.0435415
0.0423361
0.0411056
0.0398495
0.0385677
0.03726
0.0359258
0.0345652
0.0331776
0.0317632
0.030321
0.0288515
0.0273534
0.0258277
0.0242721
0.0226886
0.0210736
0.0194303
0.0177533
0.0160476
0.014305
0.0125334
0.0107201
0.00887762
0.00698643
0.00506568
0.00308473
0.00107098
0.0570958
0.0561958
0.0552744
0.0543314
0.0533664
0.052379
0.0513688
0.0503357
0.0492792
0.048199
0.0470948
0.0459663
0.0448133
0.0436353
0.0424321
0.0412035
0.0399491
0.0386686
0.0373619
0.0360284
0.0346682
0.0332807
0.0318659
0.030423
0.0289524
0.0274527
0.0259249
0.0243668
0.0227803
0.0211617
0.0195142
0.0178325
0.0161214
0.0143727
0.0125945
0.0107738
0.00892338
0.00702339
0.00509334
0.00310218
0.00107772
0.0571258
0.056229
0.0553108
0.0543709
0.0534088
0.0524242
0.0514168
0.0503862
0.0493322
0.0482544
0.0471524
0.046026
0.0448748
0.0436985
0.0424969
0.0412696
0.0400164
0.0387369
0.0374309
0.036098
0.0347381
0.0333506
0.0319356
0.0304922
0.0290209
0.0275201
0.025991
0.0244312
0.0228425
0.0212215
0.0195713
0.0178863
0.0161716
0.0144188
0.012636
0.0108103
0.00895443
0.00704849
0.00511204
0.00311402
0.00108218
0.0571411
0.0562459
0.0553293
0.0543909
0.0534303
0.0524472
0.0514412
0.050412
0.0493593
0.0482827
0.0471818
0.0460565
0.0449063
0.0437309
0.0425301
0.0413035
0.0400509
0.0387719
0.0374663
0.0361337
0.034774
0.0333865
0.0319714
0.0305278
0.029056
0.0275547
0.0260249
0.0244642
0.0228745
0.0212523
0.0196005
0.0179139
0.0161973
0.0144425
0.0126573
0.0108291
0.00897024
0.00706149
0.00512142
0.00312021
0.00108411
0.0531607
0.0523233
0.0514681
0.0505948
0.0497034
0.0487936
0.0478654
0.0469185
0.0459529
0.0449684
0.0439648
0.042942
0.0418999
0.0408384
0.0397571
0.038656
0.0375348
0.0363933
0.0352313
0.0340483
0.032844
0.0316182
0.03037
0.0290993
0.0278049
0.0264869
0.0251432
0.0237746
0.0223778
0.0209546
0.0194997
0.0180171
0.0164982
0.0149504
0.0133601
0.0117406
0.0100704
0.00837158
0.0066107
0.0048228
0.00295471
0.00105585
0.0531204
0.0522812
0.0514242
0.0505493
0.0496562
0.048745
0.0478154
0.0468673
0.0459006
0.0449151
0.0439108
0.0428874
0.0418449
0.040783
0.0397017
0.0386007
0.0374799
0.036339
0.0351776
0.0339957
0.0327926
0.0315682
0.0303216
0.0290527
0.0277603
0.0264444
0.0251031
0.023737
0.0223428
0.0209224
0.0194703
0.0179905
0.0164744
0.0149296
0.013342
0.0117254
0.0100576
0.00836178
0.0066029
0.00481806
0.0029515
0.00105581
0.0530416
0.0521987
0.0513383
0.05046
0.049564
0.0486498
0.0477176
0.0467671
0.0457983
0.044811
0.0438052
0.0427806
0.0417372
0.0406749
0.0395935
0.0384928
0.0373727
0.0362329
0.0350731
0.0338932
0.0326924
0.0314708
0.0302274
0.0289622
0.0276737
0.0263622
0.0250254
0.0236643
0.0222752
0.0208601
0.0194134
0.0179393
0.0164287
0.0148895
0.0133073
0.0116962
0.0100335
0.00834285
0.00658853
0.00480857
0.00294596
0.00105478
0.0529235
0.0520754
0.0512099
0.050327
0.0494265
0.0485082
0.0475722
0.0466184
0.0456465
0.0446567
0.0436487
0.0426225
0.0415781
0.0405152
0.0394338
0.0383337
0.0372147
0.0360767
0.0349194
0.0337424
0.0325454
0.031328
0.0300894
0.0288296
0.0275471
0.0262421
0.0249123
0.0235584
0.022177
0.0207698
0.0193312
0.0178654
0.0163629
0.014832
0.0132577
0.0116546
0.0099992
0.00831602
0.00656832
0.00479517
0.00293828
0.00105318
0.0527655
0.0519106
0.0510386
0.0501496
0.0492433
0.0483198
0.047379
0.0464208
0.0454451
0.0444521
0.0434415
0.0424134
0.0413676
0.0403042
0.039223
0.0381239
0.0370067
0.0358713
0.0347173
0.0335446
0.0323526
0.031141
0.0299091
0.0286567
0.0273822
0.0260859
0.0247654
0.0234214
0.0220502
0.0206536
0.0192257
0.0177708
0.0162791
0.014759
0.0131951
0.0116022
0.00995634
0.00828264
0.00654332
0.00477871
0.00292893
0.00105129
0.0525652
0.051702
0.0508222
0.0499257
0.0490126
0.0480827
0.0471361
0.0461728
0.0451927
0.0441959
0.0431824
0.0421521
0.0411051
0.0400413
0.0389607
0.0378631
0.0367485
0.0356166
0.0344672
0.0333
0.0321146
0.0309107
0.0296874
0.0284444
0.0271804
0.0258952
0.0245866
0.023255
0.0218967
0.0205134
0.019099
0.0176576
0.0161794
0.0146725
0.0131213
0.011541
0.0099066
0.0082442
0.00651479
0.00476012
0.00291852
0.00104933
0.0523197
0.0514469
0.050558
0.049653
0.0487318
0.0477946
0.0468414
0.0458723
0.0448872
0.0438863
0.0428696
0.0418372
0.0407891
0.0397253
0.0386457
0.0375505
0.0364393
0.0353121
0.0341687
0.0330087
0.0318318
0.0306375
0.0294249
0.0281938
0.0269427
0.0256713
0.0243773
0.023061
0.0217185
0.0203514
0.0189533
0.0175283
0.016066
0.014575
0.0130388
0.0114731
0.00985197
0.00820247
0.00648419
0.00474054
0.00290775
0.00104757
0.0520256
0.0511419
0.0502426
0.0493279
0.0483978
0.0474524
0.0464919
0.0455163
0.0445259
0.0435206
0.0425007
0.0414663
0.0404174
0.0393541
0.0382764
0.0371844
0.0360779
0.0349569
0.0338211
0.0326702
0.0315038
0.0303214
0.0291221
0.0279056
0.0266701
0.0254155
0.0241391
0.0228412
0.0215176
0.0201698
0.0187909
0.0173852
0.0159417
0.0144691
0.0129501
0.011401
0.00979474
0.0081595
0.00645321
0.00472125
0.00289744
0.00104632
0.0516787
0.0507828
0.049872
0.0489466
0.0480066
0.0470523
0.0460839
0.0451015
0.0441054
0.0430957
0.0420727
0.0410365
0.0399873
0.0389253
0.0378505
0.036763
0.0356627
0.0345496
0.0334233
0.0322837
0.0311302
0.0299624
0.0287792
0.0275802
0.0263636
0.025129
0.0238736
0.0225976
0.0212962
0.019971
0.0186147
0.0172314
0.0158095
0.0143578
0.0128582
0.0113276
0.00973756
0.00811764
0.00642383
0.00470378
0.00288856
0.00104595
0.0512744
0.0503651
0.0494417
0.0485046
0.047554
0.0465901
0.0456132
0.0446237
0.0436217
0.0426077
0.0415819
0.0405445
0.0394959
0.0384361
0.0373654
0.0362839
0.0351915
0.0340883
0.0329739
0.0318481
0.0307103
0.0295601
0.0283962
0.0272182
0.0260241
0.0248133
0.0235826
0.0223322
0.0210569
0.019758
0.0184277
0.01707
0.0156726
0.0142445
0.0127665
0.0112561
0.00968351
0.00807964
0.00639833
0.0046899
0.00288225
0.00104688
0.0508076
0.0498837
0.0489467
0.0479971
0.047035
0.0460609
0.0450753
0.0440784
0.0430706
0.0420525
0.0410243
0.0399865
0.0389393
0.0378831
0.036818
0.0357443
0.034662
0.033571
0.0324712
0.0313622
0.0302433
0.0291141
0.0279733
0.0268202
0.0256525
0.0244697
0.023268
0.0220474
0.0208023
0.0195338
0.0182333
0.0169048
0.015535
0.0141333
0.0126789
0.0111905
0.00963611
0.00804866
0.00637938
0.00468166
0.00287979
0.00104963
0.0502728
0.0493331
0.0483816
0.0474185
0.0464443
0.0454596
0.0444649
0.0434605
0.0424472
0.0414253
0.0403955
0.0393581
0.0383136
0.0372624
0.0362049
0.0351411
0.0340713
0.0329954
0.0319132
0.0308243
0.0297282
0.028624
0.0275105
0.0263867
0.0252501
0.0240999
0.022932
0.021746
0.0205357
0.019302
0.0180355
0.0167401
0.0154012
0.0140286
0.0126001
0.011135
0.00959946
0.00802838
0.00637005
0.00468144
0.00288271
0.00105477
0.0496639
0.0487075
0.0477404
0.0467631
0.0457763
0.0447805
0.0437765
0.0427648
0.0417461
0.0407211
0.0396905
0.0386547
0.0376144
0.0365701
0.0355221
0.0344708
0.0334164
0.0323588
0.0312977
0.030233
0.0291637
0.0280891
0.0270077
0.0259182
0.0248179
0.0237057
0.0225769
0.0214309
0.0202606
0.0190667
0.0178388
0.0165806
0.0152763
0.0139358
0.0125351
0.0110947
0.00957826
0.00802301
0.00637389
0.00469199
0.00289276
0.00106297
0.0489748
0.0480005
0.0470168
0.0460246
0.0450246
0.0440175
0.0430041
0.0419852
0.0409617
0.0399343
0.0389039
0.0378712
0.0368368
0.0358015
0.0347656
0.0337297
0.0326938
0.0316582
0.0306224
0.0295862
0.0285486
0.0275088
0.0264649
0.0254155
0.0243574
0.0232891
0.0222056
0.0211055
0.0199811
0.0188326
0.0176483
0.0164319
0.015166
0.0138607
0.0124899
0.0110754
0.00957791
0.00803743
0.00639497
0.00471645
0.00291195
0.001075
0.0481988
0.0472054
0.0462044
0.0451965
0.0441828
0.0431641
0.0421413
0.0411156
0.0400878
0.039059
0.0380301
0.037002
0.0359756
0.0349516
0.0339307
0.0329134
0.0319
0.0308904
0.0298846
0.028882
0.0278816
0.0268823
0.0258821
0.0248792
0.02387
0.0228526
0.0218211
0.0207737
0.0197017
0.0186047
0.0174699
0.0163003
0.0150769
0.0138101
0.0124713
0.0110837
0.00960457
0.00807715
0.00643795
0.00475845
0.00294259
0.00109175
0.0473288
0.0463153
0.045296
0.0442718
0.0432439
0.0422134
0.0411814
0.0401491
0.0391178
0.0380886
0.0370627
0.0360411
0.035025
0.0340152
0.0330125
0.0320176
0.0310307
0.030052
0.0290812
0.0281179
0.0271608
0.0262088
0.0252592
0.0243102
0.0233575
0.0223985
0.0214268
0.0204397
0.0194275
0.0183891
0.0173099
0.0161929
0.0150166
0.0137918
0.012487
0.011127
0.00966523
0.0081485
0.00650814
0.0048221
0.0029873
0.00111423
0.0463576
0.0453229
0.0442843
0.0432431
0.0422006
0.0411581
0.040117
0.0390788
0.0380448
0.0370164
0.0359952
0.0349823
0.033979
0.0329864
0.0320055
0.0310371
0.0300815
0.0291389
0.0282091
0.0272915
0.0263847
0.0254872
0.0245963
0.0237093
0.0228216
0.0219298
0.0210265
0.0201084
0.0191642
0.0181922
0.0171758
0.0161175
0.0149933
0.0138144
0.0125457
0.0112139
0.0097678
0.0082586
0.00661155
0.00491209
0.00304907
0.00114358
0.0452776
0.0442205
0.0431617
0.0421028
0.0410452
0.0399906
0.0389406
0.037897
0.0368612
0.0358351
0.0348203
0.0338184
0.0328309
0.031859
0.0309039
0.0299665
0.0290475
0.0281469
0.0272646
0.0263999
0.0255511
0.0247166
0.023893
0.0230774
0.0222642
0.0214495
0.0206244
0.019785
0.0189182
0.0180214
0.0170757
0.0160831
0.0150165
0.0138875
0.0126569
0.0113537
0.00992118
0.0084155
0.00675496
0.00503369
0.00313128
0.00118111
0.0440809
0.0430001
0.0419201
0.0408427
0.0397697
0.0387029
0.0376442
0.0365957
0.0355593
0.0345369
0.0335306
0.0325422
0.0315735
0.030626
0.0297011
0.0288
0.0279233
0.0270713
0.0262437
0.0254397
0.0246577
0.0238954
0.0231491
0.0224153
0.0216874
0.0209607
0.020225
0.0194752
0.0186963
0.0178846
0.0170185
0.0160994
0.0150965
0.0140219
0.0128316
0.011557
0.0101353
0.00862819
0.00694596
0.00519281
0.0032377
0.00122828
0.0427594
0.0416536
0.0405513
0.0394546
0.0383656
0.0372864
0.0362193
0.0351666
0.0341305
0.0331136
0.0321179
0.0311457
0.0301992
0.0292802
0.0283903
0.0275309
0.0267028
0.0259065
0.0251417
0.0244074
0.0237017
0.0230221
0.0223642
0.0217238
0.0210933
0.020467
0.0198331
0.0191852
0.018506
0.0177906
0.0170141
0.0161772
0.0152449
0.0142295
0.0130818
0.0118356
0.0104212
0.0089067
0.00719304
0.00539608
0.00337257
0.00128672
0.0413047
0.0401725
0.0390468
0.0379299
0.0368243
0.0357325
0.0346571
0.0336008
0.0325663
0.0315562
0.0305734
0.0296204
0.0286996
0.0278134
0.0269637
0.026152
0.0253796
0.0246468
0.0239534
0.0232986
0.0226798
0.0220944
0.0215373
0.0210034
0.0204839
0.0199719
0.0194538
0.0189217
0.0183555
0.0177489
0.0170733
0.0163284
0.0154742
0.0145235
0.0134206
0.0122026
0.0107912
0.00926212
0.00750556
0.00565084
0.00354059
0.00135826
0.0397085
0.0385483
0.0373978
0.0362597
0.0351368
0.0340321
0.0329485
0.0318891
0.0308571
0.0298557
0.028888
0.027957
0.0270658
0.026217
0.0254129
0.0246554
0.023946
0.0232853
0.0226731
0.0221084
0.0215884
0.02111
0.0206673
0.0202544
0.019861
0.019479
0.0190924
0.0186917
0.0182535
0.0177699
0.0172078
0.0165659
0.0157982
0.0149182
0.0138625
0.012672
0.0112586
0.00970665
0.00789387
0.00596518
0.00374695
0.00144492
0.0379621
0.0367721
0.0355954
0.0344349
0.0332939
0.0321757
0.0310838
0.0300218
0.0289933
0.028002
0.0270517
0.0261459
0.0252881
0.0244814
0.0237287
0.0230323
0.022394
0.0218146
0.021294
0.020831
0.0204228
0.0200656
0.0197525
0.0194768
0.0192265
0.0189919
0.0187544
0.0185025
0.0182093
0.0178645
0.0174302
0.0169035
0.0162318
0.0154292
0.0144234
0.0132595
0.0118381
0.0102536
0.00836927
0.00634797
0.00399733
0.00154893
0.036057
0.0348354
0.0336307
0.0324464
0.0312862
0.0301538
0.0290533
0.0279889
0.0269646
0.0259849
0.0250541
0.0241764
0.0233558
0.0225962
0.021901
0.021273
0.0207143
0.0202261
0.0198084
0.01946
0.0191777
0.0189572
0.0187906
0.01867
0.0185817
0.0185139
0.0184453
0.0183619
0.0182325
0.0180444
0.0177538
0.0173562
0.0167911
0.0160733
0.0151202
0.0139818
0.0125456
0.0109175
0.008944
0.00680885
0.00429792
0.0016727
0.0339846
0.0327292
0.0314946
0.0302849
0.0291041
0.0279565
0.0268469
0.0257798
0.0247603
0.0237934
0.022884
0.0220372
0.0212578
0.0205502
0.0199186
0.0193665
0.0188964
0.01851
0.0182074
0.0179875
0.0178467
0.0177799
0.0177785
0.017833
0.0179276
0.0180484
0.0181707
0.0182777
0.0183333
0.018322
0.018193
0.01794
0.0174934
0.0168686
0.0159713
0.014857
0.0133981
0.0117138
0.00963127
0.0073582
0.00465538
0.00181887
0.0317366
0.030445
0.0291784
0.0279411
0.0267379
0.0255738
0.024454
0.0233839
0.0223693
0.0214159
0.0205296
0.0197163
0.0189816
0.018331
0.0177693
0.0173008
0.0169288
0.0166554
0.016481
0.0164045
0.016422
0.0165279
0.0167121
0.0169637
0.0172645
0.0175982
0.017936
0.0182581
0.0185224
0.0187102
0.0187629
0.0186718
0.0183569
0.0178343
0.0169962
0.0159044
0.0144138
0.0126592
0.0104451
0.0080071
0.00507681
0.00199026
0.029305
0.0279745
0.0266731
0.025406
0.0241783
0.0229957
0.0218642
0.0207902
0.01978
0.0188404
0.0179784
0.0172007
0.0165141
0.015925
0.0154395
0.0150626
0.0147985
0.0146499
0.0146176
0.0147006
0.0148948
0.0151937
0.0155861
0.0160592
0.016592
0.0171655
0.0177463
0.0183108
0.0188104
0.0192225
0.0194792
0.0195693
0.0194009
0.0189907
0.0182154
0.0171443
0.015612
0.0137712
0.0114004
0.00876726
0.0055697
0.00218986
0.0266823
0.0253097
0.0239706
0.0226706
0.0214157
0.0202122
0.019067
0.0179872
0.0169803
0.0160542
0.0152169
0.0144764
0.0138408
0.0133177
0.0129143
0.0126369
0.0124907
0.0124791
0.0126038
0.0128636
0.0132543
0.0137687
0.014394
0.0151154
0.015909
0.0167521
0.0176064
0.0184439
0.0192084
0.0198726
0.0203584
0.0206513
0.0206457
0.0203592
0.0196508
0.018598
0.0170127
0.015068
0.0125125
0.00965083
0.00614182
0.0024208
0.0238614
0.0224432
0.0210629
0.0197266
0.0184411
0.0172135
0.0160516
0.0149636
0.0139581
0.0130442
0.0122313
0.0115288
0.0109462
0.0104928
0.0101772
0.010007
0.00998887
0.0101272
0.0104243
0.0108794
0.0114881
0.0122423
0.0131275
0.0141269
0.0152127
0.0163588
0.0175205
0.018665
0.0197272
0.0206746
0.0214173
0.0219368
0.0221122
0.0219619
0.0213246
0.0202878
0.0186368
0.0165686
0.0137974
0.0106703
0.0068011
0.00268628
0.0208363
0.0193686
0.017943
0.0165663
0.015246
0.0139902
0.0128078
0.0117079
0.0107008
0.0097967
0.00900671
0.00834193
0.00781365
0.00743284
0.00721001
0.00715457
0.00727455
0.00757585
0.0080616
0.00873171
0.00958135
0.0106018
0.0117767
0.0130866
0.0144996
0.0159852
0.017492
0.0189812
0.0203777
0.0216428
0.0226731
0.0234458
0.0238222
0.0238217
0.0232602
0.0222363
0.0205055
0.0182922
0.0152709
0.0118383
0.00755543
0.00298951
0.0176019
0.0160802
0.0146045
0.0131824
0.0118223
0.0105333
0.00932519
0.00820879
0.00719554
0.00629758
0.00552771
0.00489904
0.00442498
0.00411865
0.00399277
0.00405884
0.00432687
0.00480439
0.00549579
0.00640161
0.00751702
0.00883236
0.0103293
0.0119853
0.0137641
0.0156298
0.0175234
0.019399
0.0211705
0.0227914
0.0241434
0.0251982
0.0257978
0.0259617
0.0254812
0.0244665
0.0226403
0.0202578
0.0169491
0.0131669
0.00841239
0.0033336
0.0141546
0.0125737
0.0110425
0.00956917
0.00816308
0.00683439
0.00559429
0.00445497
0.00342963
0.00253234
0.00177805
0.00118221
0.00076072
0.000529316
0.000503367
0.000696939
0.00112245
0.00178947
0.00270401
0.0038675
0.00527517
0.00691641
0.00877064
0.0108121
0.012999
0.0152896
0.0176161
0.0199242
0.0221154
0.0241342
0.0258456
0.0272144
0.0280613
0.0284056
0.0280113
0.0270013
0.0250625
0.0224841
0.018847
0.0146678
0.00937895
0.00372136
0.0104921
0.00884641
0.00725327
0.00572185
0.00426237
0.00288622
0.00160602
0.000435645
-0.000609743
-0.00151384
-0.00225918
-0.00282756
-0.0032001
-0.00335794
-0.00328251
-0.00295664
-0.00236493
-0.00149529
-0.000339673
0.00110452
0.00283276
0.00483339
0.0070834
0.00955306
0.0121948
0.0149597
0.0177699
0.0205616
0.023222
0.0256848
0.027797
0.0295143
0.0306352
0.0311766
0.0308741
0.0298633
0.0277927
0.0249888
0.0209789
0.0163512
0.010461
0.00415513
0.00661437
0.00489734
0.00323503
0.00163739
0.000115671
-0.00131745
-0.00264774
-0.00385946
-0.00493517
-0.00585601
-0.00660156
-0.00715038
-0.00748003
-0.00756794
-0.00739166
-0.00693025
-0.00616466
-0.0050797
-0.00366475
-0.00191574
0.000163239
0.00255939
0.00524702
0.00819187
0.0113398
0.0146333
0.0179834
0.0213145
0.0244985
0.0274559
0.0300143
0.0321178
0.0335415
0.0342976
0.0340931
0.0330738
0.0308509
0.0277879
0.0233574
0.0182253
0.011663
0.00463632
0.00252335
0.000727803
-0.00101201
-0.00268532
-0.00427979
-0.00578134
-0.00717399
-0.00843983
-0.00955891
-0.0105093
-0.0112673
-0.0118075
-0.0121033
-0.0121277
-0.0118536
-0.0112554
-0.0103096
-0.0089973
-0.00730464
-0.00522564
-0.00276382
6.67688e-05
0.00323742
0.0067087
0.0104192
0.0143011
0.0182528
0.0221848
0.0259522
0.0294594
0.0325137
0.0350438
0.0368018
0.0377905
0.0376907
0.036653
0.0342555
0.0308947
0.025993
0.0202953
0.012987
0.00516484
-0.00177624
-0.00365835
-0.00548516
-0.00724512
-0.00892473
-0.0105084
-0.0119783
-0.013314
-0.0144926
-0.015489
-0.0162751
-0.0168213
-0.0170959
-0.0170666
-0.0167006
-0.0159669
-0.0148366
-0.013286
-0.0112972
-0.008862
-0.00598314
-0.00267617
0.0010267
0.00508011
0.00941542
0.0139515
0.0185723
0.0231726
0.0275887
0.0317059
0.03531
0.0383102
0.0404367
0.041676
0.0416883
0.0406189
0.0380233
0.0343198
0.0288935
0.0225619
0.0144323
0.00573806
-0.00825429
-0.0101789
-0.0120382
-0.0138174
-0.0154995
-0.0170644
-0.018489
-0.0197473
-0.0208098
-0.0216442
-0.0222154
-0.0224857
-0.0224166
-0.0219685
-0.0211037
-0.0197868
-0.0179882
-0.0156854
-0.0128669
-0.00953434
-0.00570567
-0.0014176
0.00327782
0.00830776
0.0135699
0.0189338
0.0242758
0.0294119
0.0342042
0.0384168
0.0419334
0.0444652
0.0459733
0.0461055
0.0449872
0.0421688
0.0380691
0.0320635
0.0250201
0.0159944
0.00634923
-0.0130498
-0.0150844
-0.0170575
-0.0189533
-0.0207529
-0.022434
-0.0239706
-0.0253328
-0.0264866
-0.0273942
-0.0280143
-0.0283024
-0.0282123
-0.0276964
-0.0267088
-0.0252061
-0.0231515
-0.020517
-0.0172876
-0.0134626
-0.00906255
-0.0041317
0.00126521
0.00707159
0.0131388
0.0193262
0.02549
0.0314234
0.0369614
0.0418456
0.0459281
0.0489045
0.0506994
0.0509597
0.0497707
0.0467035
0.0421444
0.0355032
0.0276574
0.017664
0.00698536
-0.0180309
-0.0201891
-0.0222926
-0.0243244
-0.026264
-0.0280864
-0.0297624
-0.0312577
-0.0325332
-0.0335448
-0.034244
-0.0345779
-0.0344914
-0.0339273
-0.0328299
-0.0311459
-0.0288295
-0.0258457
-0.0221761
-0.0178174
-0.0127899
-0.00714015
-0.000934163
0.00568596
0.0126364
0.0197347
0.0268078
0.033622
0.039982
0.0456051
0.0503068
0.053769
0.0558692
0.0562652
0.0549795
0.0516348
0.0465424
0.0392069
0.0304527
0.0194252
0.00762499
-0.0231794
-0.0254764
-0.027729
-0.0299193
-0.0320248
-0.0340179
-0.0358657
-0.0375291
-0.038963
-0.0401161
-0.0409312
-0.041346
-0.0412945
-0.0407085
-0.03952
-0.0376641
-0.0350818
-0.0317322
-0.0275883
-0.0226578
-0.0169563
-0.010533
-0.00347086
0.00409597
0.0120329
0.0201404
0.0282182
0.0360035
0.043268
0.0497014
0.0550792
0.0590694
0.0614949
0.0620321
0.0606213
0.056965
0.0512556
0.0431614
0.0333761
0.0212535
0.0082367
-0.0284721
-0.0309248
-0.0333477
-0.035722
-0.0380233
-0.0402214
-0.0422791
-0.044152
-0.0457883
-0.047128
-0.0481041
-0.0486429
-0.0486659
-0.0480916
-0.0468381
-0.0448254
-0.0419737
-0.0382399
-0.0336063
-0.0280598
-0.0216178
-0.0143418
-0.00632797
0.00227472
0.0113006
0.020521
0.0297071
0.03856
0.0468175
0.0541363
0.0602515
0.0648124
0.0675852
0.0682655
0.0667004
0.0626897
0.0562729
0.0473445
0.0363902
0.0231136
0.00878027
-0.0338812
-0.036508
-0.0391249
-0.041712
-0.0442435
-0.046686
-0.0489981
-0.0511293
-0.0530199
-0.0546003
-0.0557917
-0.056507
-0.056653
-0.0561329
-0.0548506
-0.0527089
-0.0495803
-0.045462
-0.0403058
-0.0340901
-0.0268384
-0.0186259
-0.00956279
0.000178721
0.010405
0.0208513
0.0312564
0.0412799
0.0506247
0.0589074
0.0658249
0.0709993
0.0741442
0.0749643
0.0732167
0.0687971
0.0615795
0.0517239
0.0394542
0.0249621
0.0092123
-0.039373
-0.0421941
-0.045031
-0.0478636
-0.0506643
-0.0533967
-0.0560147
-0.0584612
-0.0606675
-0.0625528
-0.0640247
-0.0649799
-0.0653064
-0.0648896
-0.0636193
-0.061425
-0.0579908
-0.0534775
-0.0477658
-0.0408286
-0.0326959
-0.0234568
-0.013239
-0.00224351
0.00930506
0.0210996
0.0328429
0.0441467
0.0546781
0.0640068
0.0717947
0.0776249
0.0811686
0.0821199
0.0801631
0.0752661
0.0671552
0.0562592
0.0425294
0.0267548
0.00949736
-0.0449082
-0.0479451
-0.0510309
-0.0541453
-0.0572592
-0.0603333
-0.0633166
-0.0661445
-0.0687385
-0.0710048
-0.0728349
-0.0741066
-0.0746852
-0.0744266
-0.0731734
-0.070749
-0.0672617
-0.0623788
-0.0560823
-0.0483705
-0.0392797
-0.028915
-0.0174263
-0.00504988
0.00795374
0.0212287
0.0344374
0.0471375
0.0589597
0.0694194
0.0781474
0.0846755
0.0886448
0.0897135
0.0875204
0.0820645
0.0729701
0.0609035
0.0455839
0.0284619
0.00962161
-0.0504411
-0.053717
-0.0570829
-0.0605191
-0.0639956
-0.0674702
-0.0708866
-0.0741724
-0.0772378
-0.0799742
-0.0822549
-0.0839349
-0.0848552
-0.0848451
-0.0837245
-0.0813331
-0.0775837
-0.0722887
-0.0653718
-0.056825
-0.0466896
-0.0350895
-0.0222023
-0.00830545
0.00629718
0.021195
0.0360038
0.0502225
0.0634419
0.0751201
0.084858
0.0921258
0.0965443
0.0977125
0.095252
0.0891456
0.0789796
0.0656067
0.048594
0.0300763
0.00960138
-0.0559194
-0.0594584
-0.0631379
-0.0669397
-0.0708333
-0.0747742
-0.0787006
-0.0825317
-0.086165
-0.0894756
-0.0923153
-0.0945136
-0.0958816
-0.0962152
-0.0953143
-0.0929755
-0.0890327
-0.0833232
-0.0757542
-0.066309
-0.0550346
-0.0420783
-0.0276525
-0.0120833
0.00427385
0.0209469
0.0374974
0.053362
0.0680865
0.0810708
0.0918851
0.099934
0.104819
0.106065
0.103297
0.0964431
0.0851194
0.0703141
0.0515402
0.0316074
0.00947578
-0.0612828
-0.0651093
-0.0691376
-0.0733518
-0.0777221
-0.0822018
-0.086724
-0.0911988
-0.0955102
-0.0995143
-0.103039
-0.105883
-0.107824
-0.108618
-0.108021
-0.1058
-0.101719
-0.095608
-0.0873584
-0.0769471
-0.064431
-0.0499869
-0.0338705
-0.0164643
0.00181377
0.0204234
0.0388627
0.0565036
0.0728404
0.0872151
0.0991661
0.108035
0.113395
0.114691
0.111566
0.103865
0.0913017
0.0749606
0.0543966
0.033057
0.00928062
-0.0664611
-0.0705983
-0.0750107
-0.0796859
-0.0845958
-0.0896924
-0.094904
-0.100131
-0.105244
-0.110076
-0.114428
-0.118066
-0.120725
-0.122118
-0.121947
-0.119919
-0.115758
-0.109265
-0.10031
-0.088863
-0.0749971
-0.0589248
-0.0409548
-0.0215364
-0.00116168
0.0195524
0.0400305
0.059578
0.0776312
0.0934765
0.106625
0.116332
0.122162
0.123475
0.119927
0.111289
0.0974103
0.0794603
0.0571159
0.0343969
0.00902396
-0.0713692
-0.0758372
-0.0806667
-0.0858506
-0.0913635
-0.0971573
-0.103156
-0.109252
-0.115297
-0.121105
-0.126443
-0.131039
-0.13458
-0.136732
-0.137128
-0.135401
-0.131232
-0.124388
-0.114711
-0.102164
-0.0868395
-0.0689944
-0.0490021
-0.02739
-0.00473839
0.0182499
0.0409157
0.0624951
0.0823606
0.0997464
0.114116
0.124686
0.130973
0.132259
0.128211
0.118552
0.103297
0.0836972
0.0596188
0.035563
0.00868354
-0.0759012
-0.0807131
-0.0859862
-0.0917201
-0.0978943
-0.104462
-0.111344
-0.118423
-0.125537
-0.132473
-0.138966
-0.144697
-0.1493
-0.152387
-0.153514
-0.152226
-0.148149
-0.141008
-0.13061
-0.116912
-0.10003
-0.0802744
-0.058095
-0.0341108
-0.0090054
0.0164214
0.0414155
0.0651408
0.0869009
0.105883
0.121488
0.132922
0.139632
0.140835
0.136202
0.125457
0.108781
0.0875247
0.0617959
0.0364723
0.00822562
-0.079923
-0.0850795
-0.0908094
-0.0971213
-0.104001
-0.111406
-0.119254
-0.127421
-0.13573
-0.143941
-0.151754
-0.158803
-0.164661
-0.168873
-0.170909
-0.170226
-0.16638
-0.159031
-0.147948
-0.13308
-0.114572
-0.0927925
-0.0682822
-0.0417658
-0.0140467
0.0139657
0.041411
0.0673767
0.0910939
0.111706
0.128551
0.140822
0.147893
0.148948
0.143649
0.131772
0.113656
0.0907782
0.0635233
0.0370484
0.00762777
-0.0832693
-0.0887521
-0.0949311
-0.101826
-0.109431
-0.117708
-0.126578
-0.135909
-0.145512
-0.155123
-0.164408
-0.172948
-0.180251
-0.185782
-0.188922
-0.189045
-0.185607
-0.178188
-0.166509
-0.150508
-0.130358
-0.106493
-0.0795536
-0.0503855
-0.0199284
0.0107837
0.0407727
0.0690436
0.094751
0.117001
0.135073
0.148123
0.155471
0.156307
0.150278
0.137249
0.117712
0.093295
0.0646837
0.037242
0.00689085
-0.0857544
-0.0915212
-0.0981138
-0.105564
-0.113878
-0.123024
-0.132928
-0.143456
-0.154408
-0.165502
-0.17637
-0.186546
-0.195466
-0.202503
-0.206955
-0.208107
-0.205298
-0.198004
-0.185886
-0.168865
-0.147139
-0.121206
-0.0918139
-0.059942
-0.026682
0.00679167
0.0393708
0.0699706
0.0976657
0.121526
0.140775
0.154529
0.162074
0.162611
0.155812
0.141646
0.12075
0.0949332
0.0651844
0.0370367
0.00603883
-0.0872092
-0.0931932
-0.100135
-0.108079
-0.117044
-0.12701
-0.137909
-0.14961
-0.161909
-0.174511
-0.187018
-0.198924
-0.209596
-0.218306
-0.224274
-0.226686
-0.224752
-0.217825
-0.205495
-0.187655
-0.164516
-0.136635
-0.104867
-0.0703326
-0.034288
0.0019365
0.0370903
0.0699892
0.0996249
0.12503
0.145377
0.159753
0.167417
0.167559
0.159992
0.144743
0.122603
0.0955843
0.0649671
0.0364454
0.00511171
-0.0875502
-0.0936685
-0.100872
-0.10922
-0.118745
-0.129441
-0.141249
-0.154047
-0.167633
-0.181704
-0.195842
-0.209506
-0.222007
-0.232524
-0.240177
-0.244049
-0.243227
-0.236928
-0.224657
-0.206268
-0.181973
-0.152371
-0.118418
-0.0813729
-0.0426639
-0.00378904
0.0338477
0.0689518
0.10043
0.127275
0.148609
0.1635
0.171178
0.170884
0.1626
0.146365
0.12315
0.0951786
0.064011
0.035499
0.00415419
-0.0868642
-0.0930323
-0.100404
-0.109053
-0.119028
-0.130337
-0.142936
-0.156715
-0.171477
-0.186922
-0.202619
-0.217998
-0.232327
-0.24471
-0.254155
-0.259622
-0.260097
-0.254656
-0.242716
-0.224082
-0.198948
-0.167943
-0.132099
-0.0928076
-0.0516629
-0.0103368
0.0296054
0.0667503
0.0999173
0.128052
0.15023
0.165511
0.173142
0.172575
0.163475
0.146384
0.122313
0.0936861
0.0623293
0.0342349
0.00320119
-0.0854466
-0.09159
-0.0990405
-0.107888
-0.118196
-0.129989
-0.143241
-0.157857
-0.173653
-0.190332
-0.207459
-0.224443
-0.240512
-0.254713
-0.265966
-0.273065
-0.274951
-0.270521
-0.259131
-0.24054
-0.21491
-0.182872
-0.145515
-0.104336
-0.0610843
-0.0176028
0.0243811
0.0633303
0.0979739
0.127205
0.150054
0.165597
0.173117
0.172128
0.162486
0.144728
0.120066
0.0911179
0.0599663
0.0326852
0.00225375
-0.0836831
-0.0897336
-0.0971776
-0.10612
-0.116642
-0.128787
-0.142549
-0.157849
-0.174521
-0.192278
-0.210684
-0.229131
-0.246808
-0.262692
-0.275609
-0.284256
-0.287633
-0.284267
-0.27355
-0.255218
-0.2294
-0.196712
-0.158266
-0.115633
-0.0706916
-0.0254368
0.0182468
0.0586971
0.0945497
0.12464
0.147974
0.163656
0.171023
0.169671
0.159608
0.141397
0.116448
0.0875313
0.0569956
0.0308769
0.00125124
-0.0818239
-0.0877191
-0.0950799
-0.104028
-0.114661
-0.127043
-0.141189
-0.157042
-0.174452
-0.193146
-0.212694
-0.232474
-0.251646
-0.269117
-0.283592
-0.293447
-0.29834
-0.296014
-0.285991
-0.268013
-0.242204
-0.209167
-0.170019
-0.126374
-0.0802025
-0.0336242
0.0113441
0.0529271
0.0896691
0.120354
0.143981
0.159694
0.166887
0.165249
0.154903
0.136475
0.11155
0.0830123
0.053499
0.0288673
0.000274143
-0.0804467
-0.0861896
-0.0934544
-0.102375
-0.113065
-0.125604
-0.14002
-0.156275
-0.17423
-0.193625
-0.214037
-0.234855
-0.255241
-0.274107
-0.290156
-0.302186
-0.30731
-0.305727
-0.296366
-0.278829
-0.253239
-0.220179
-0.180739
-0.136538
-0.0895964
-0.042129
0.00373081
0.0460932
0.0834077
0.114415
0.138132
0.153746
0.160716
0.158837
0.148353
0.129953
0.105347
0.0775783
0.0494807
0.0267247
0.000286748
-0.0772535
-0.0815863
-0.0872838
-0.0944922
-0.103346
-0.113961
-0.126417
-0.140749
-0.15692
-0.174799
-0.194129
-0.214498
-0.2353
-0.255706
-0.27464
-0.290776
-0.30277
-0.308616
-0.307569
-0.298741
-0.281756
-0.256724
-0.224205
-0.185244
-0.141414
-0.0947084
-0.047351
-0.00151207
0.0408579
0.0781482
0.109059
0.132601
0.147966
0.154668
0.152597
0.142134
0.124003
0.100071
0.0732587
0.0463954
0.0252386
0.00122336
-0.077906
-0.0823149
-0.0880988
-0.0954038
-0.104365
-0.115096
-0.127677
-0.14214
-0.158443
-0.176451
-0.195899
-0.216366
-0.237236
-0.257669
-0.276577
-0.292616
-0.30442
-0.310112
-0.308864
-0.299806
-0.282606
-0.257407
-0.224787
-0.185798
-0.142006
-0.0953988
-0.0481905
-0.00254514
0.0395876
0.0765957
0.107185
0.130391
0.14543
0.151849
0.149584
0.139061
0.121007
0.0973674
0.0710082
0.0448299
0.0244066
0.00160131
-0.0786709
-0.083226
-0.0891668
-0.0966386
-0.105775
-0.116688
-0.129456
-0.144106
-0.160592
-0.17877
-0.198367
-0.21895
-0.23989
-0.260332
-0.279173
-0.295051
-0.306519
-0.311933
-0.310262
-0.30073
-0.283062
-0.257447
-0.224503
-0.185309
-0.141452
-0.0949229
-0.0479254
-0.0026029
0.0391193
0.0756527
0.105731
0.128428
0.143001
0.149026
0.146496
0.13587
0.117873
0.0945306
0.0686379
0.043221
0.0234922
0.00190282
-0.0794619
-0.0841458
-0.0902231
-0.0978384
-0.107124
-0.118191
-0.131114
-0.145918
-0.16255
-0.180861
-0.200569
-0.221232
-0.242208
-0.262632
-0.281389
-0.297104
-0.308262
-0.313465
-0.311448
-0.301541
-0.283512
-0.257588
-0.224415
-0.185096
-0.141229
-0.0948079
-0.048028
-0.00301824
0.0383146
0.0744014
0.104
0.126219
0.140354
0.146011
0.143238
0.132534
0.114625
0.0916183
0.0662193
0.0416005
0.0225533
0.00219001
-0.0803044
-0.0851021
-0.091299
-0.0990392
-0.108454
-0.119652
-0.132708
-0.147639
-0.164392
-0.182808
-0.202597
-0.223308
-0.244288
-0.264663
-0.283308
-0.298839
-0.309697
-0.314698
-0.31238
-0.30216
-0.28385
-0.257703
-0.224392
-0.185032
-0.141227
-0.0949661
-0.0484365
-0.00375354
0.0371903
0.0728415
0.101977
0.123739
0.137458
0.142766
0.139776
0.129023
0.111214
0.0886147
0.0637365
0.0399596
0.0215901
0.00246732
-0.0812043
-0.086109
-0.0924171
-0.100272
-0.109804
-0.121121
-0.134293
-0.149337
-0.166191
-0.184691
-0.204539
-0.225273
-0.246232
-0.26653
-0.285037
-0.300362
-0.310884
-0.315697
-0.313082
-0.302567
-0.284001
-0.257666
-0.224257
-0.184903
-0.141208
-0.0951576
-0.0489246
-0.0046096
0.035911
0.0711003
0.0997519
0.121047
0.134345
0.139306
0.136114
0.125335
0.107608
0.0855142
0.0611809
0.0382935
0.0205982
0.00272484
-0.0784089
-0.0821546
-0.0871591
-0.0935696
-0.101529
-0.111167
-0.122588
-0.135862
-0.151001
-0.167937
-0.1865
-0.206385
-0.227118
-0.24803
-0.268227
-0.286573
-0.301673
-0.311828
-0.316469
-0.313559
-0.302762
-0.283961
-0.257466
-0.223991
-0.184678
-0.141135
-0.0953385
-0.0494472
-0.00554384
0.0345141
0.0692088
0.0973498
0.118161
0.13103
0.135641
0.132257
0.121476
0.103957
0.0822855
0.0585871
0.0366029
0.0195783
0.00295718
-0.0793138
-0.0831491
-0.0882449
-0.0947477
-0.1028
-0.11253
-0.124042
-0.137401
-0.152615
-0.169614
-0.188219
-0.208115
-0.228824
-0.249663
-0.269733
-0.287896
-0.302762
-0.312622
-0.317
-0.313801
-0.302741
-0.283735
-0.257114
-0.22361
-0.18438
-0.141031
-0.0955324
-0.0500256
-0.00657378
0.0329864
0.0671579
0.0947643
0.115076
0.12751
0.13177
0.128208
0.117449
0.100167
0.0789673
0.0559255
0.0348889
0.0185321
0.00316223
-0.0802658
-0.0841831
-0.0893609
-0.0959453
-0.104078
-0.113886
-0.125472
-0.138899
-0.15417
-0.17121
-0.189833
-0.209718
-0.230375
-0.251116
-0.271035
-0.288992
-0.303621
-0.313611
-0.31728
-0.313799
-0.302499
-0.283319
-0.256608
-0.223119
-0.184014
-0.140905
-0.0957498
-0.0506702
-0.0077084
0.031321
0.0649431
0.0919918
0.111792
0.123784
0.127694
0.123968
0.11325
0.0962369
0.0755585
0.0531999
0.0331519
0.0174609
0.00333892
-0.0812605
-0.0852517
-0.0905018
-0.0971567
-0.105357
-0.115229
-0.126873
-0.140349
-0.155658
-0.172716
-0.191335
-0.211183
-0.231763
-0.252379
-0.272121
-0.289853
-0.304225
-0.314023
-0.317293
-0.313544
-0.302029
-0.282707
-0.255945
-0.222511
-0.183579
-0.140756
-0.0959881
-0.0513785
-0.00894535
0.0295205
0.0625667
0.0890337
0.10831
0.119857
0.123415
0.119536
0.108885
0.0921712
0.0720584
0.0504146
0.031392
0.0163658
0.00348678
-0.0822933
-0.08635
-0.0916623
-0.098376
-0.106631
-0.116552
-0.128237
-0.141743
-0.157068
-0.174123
-0.192711
-0.212496
-0.232973
-0.253439
-0.27298
-0.290464
-0.304561
-0.31403
-0.317031
-0.313031
-0.301325
-0.281893
-0.255119
-0.221784
-0.183068
-0.140577
-0.0962432
-0.0521464
-0.0102802
0.027589
0.0600328
0.0858926
0.104633
0.115732
0.118929
0.114916
0.104361
0.0879704
0.0684699
0.0475717
0.0296094
0.0152477
0.0036061
-0.0833598
-0.0874729
-0.0928371
-0.0995975
-0.107893
-0.117847
-0.129555
-0.143072
-0.158391
-0.175418
-0.193951
-0.213647
-0.233994
-0.254283
-0.2736
-0.290816
-0.304621
-0.313756
-0.316491
-0.312254
-0.300382
-0.280875
-0.254127
-0.220934
-0.18248
-0.140368
-0.0965118
-0.0529701
-0.011709
0.0255307
0.0573452
0.0825709
0.100765
0.111413
0.114232
0.110119
0.099677
0.0836393
0.0647956
0.0446728
0.0278044
0.0141076
0.00369784
-0.0813959
-0.0844555
-0.0886159
-0.0940209
-0.100815
-0.109137
-0.119107
-0.13082
-0.144327
-0.159617
-0.176592
-0.195044
-0.214624
-0.234814
-0.2549
-0.273968
-0.290896
-0.304394
-0.313193
-0.315665
-0.311208
-0.299197
-0.279647
-0.252965
-0.219958
-0.181812
-0.140123
-0.0967907
-0.0538462
-0.013228
0.0233494
0.0545082
0.0790718
0.0967103
0.106841
0.109397
0.105142
0.0948358
0.079182
0.0610378
0.0417199
0.0259773
0.0129463
0.0037636
-0.0824724
-0.0855763
-0.0897742
-0.0952087
-0.102024
-0.110357
-0.120326
-0.132024
-0.145499
-0.160736
-0.177634
-0.195978
-0.215414
-0.235419
-0.255277
-0.274073
-0.290695
-0.303871
-0.312335
-0.31455
-0.309888
-0.297764
-0.278206
-0.251631
-0.218852
-0.181059
-0.139841
-0.0970762
-0.0547705
-0.0148325
0.0210498
0.0515266
0.0754007
0.0924683
0.102089
0.104362
0.0999871
0.0898426
0.074603
0.0571988
0.0387145
0.0241281
0.0117646
0.00380553
-0.0835785
-0.0867182
-0.0909435
-0.0963958
-0.103218
-0.111546
-0.121497
-0.13316
-0.146581
-0.161741
-0.178534
-0.196742
-0.216006
-0.235799
-0.255402
-0.273904
-0.290202
-0.303045
-0.311173
-0.313139
-0.308289
-0.29608
-0.276549
-0.25012
-0.217614
-0.18022
-0.139518
-0.0973641
-0.0557382
-0.0165174
0.0186369
0.0484061
0.071563
0.088039
0.097158
0.0991351
0.0946605
0.0847016
0.069907
0.0532809
0.0356583
0.0222572
0.0105633
0.00382621
-0.0847106
-0.0878774
-0.0921196
-0.0975775
-0.104393
-0.1127
-0.122613
-0.13422
-0.147563
-0.16262
-0.179282
-0.197326
-0.216389
-0.235943
-0.255265
-0.27345
-0.289407
-0.301908
-0.309704
-0.311427
-0.306409
-0.29414
-0.274671
-0.248429
-0.21624
-0.17929
-0.139148
-0.0976494
-0.0567438
-0.0182773
0.0161162
0.0451553
0.0675631
0.0834314
0.0920419
0.0937263
0.0891672
0.0794169
0.0650977
0.0492863
0.0325527
0.0203646
0.00934317
0.00382867
-0.0858656
-0.0890503
-0.0932986
-0.0987493
-0.105543
-0.113811
-0.123667
-0.135196
-0.148437
-0.163366
-0.179868
-0.197719
-0.216553
-0.235839
-0.254856
-0.272703
-0.288304
-0.300453
-0.307921
-0.309409
-0.304242
-0.291943
-0.272571
-0.246556
-0.214726
-0.178265
-0.138729
-0.0979271
-0.0577818
-0.0201062
0.0134939
0.041782
0.0634065
0.0786473
0.0867476
0.0881421
0.0835127
0.0739934
0.060179
0.0452172
0.029399
0.0184506
0.00810494
0.00381624
-0.0870404
-0.0902336
-0.0944767
-0.0999071
-0.106664
-0.114876
-0.124654
-0.136083
-0.149197
-0.163969
-0.180284
-0.197913
-0.216489
-0.235479
-0.254164
-0.271653
-0.286883
-0.298675
-0.305819
-0.307083
-0.301788
-0.289485
-0.270244
-0.244497
-0.21307
-0.177141
-0.138254
-0.0981914
-0.0588458
-0.0219979
0.0107765
0.038219
0.0591676
0.0736926
0.081283
0.0823887
0.0777027
0.0684361
0.0551545
0.0410757
0.0261984
0.0165152
0.00684928
0.00379259
-0.0882321
-0.0914243
-0.0956507
-0.101047
-0.10775
-0.115888
-0.125569
-0.136873
-0.149835
-0.164424
-0.180521
-0.197898
-0.216186
-0.234854
-0.253184
-0.270294
-0.285139
-0.296569
-0.303395
-0.304446
-0.299042
-0.286764
-0.267689
-0.24225
-0.211266
-0.175914
-0.137719
-0.0984363
-0.0599293
-0.0239452
0.00797029
0.0345509
0.0547691
0.0685799
0.0756549
0.0764729
0.0717435
0.0627502
0.0500283
0.0368639
0.0229518
0.0145583
0.00557686
0.00376159
-0.0871382
-0.0894379
-0.0926196
-0.0968172
-0.102165
-0.108799
-0.116843
-0.126405
-0.137561
-0.150344
-0.164722
-0.180573
-0.197668
-0.215639
-0.233957
-0.251906
-0.268619
-0.283067
-0.29413
-0.300646
-0.301494
-0.296003
-0.283778
-0.264902
-0.239811
-0.209313
-0.174579
-0.137118
-0.0986555
-0.0610255
-0.0259409
0.00507425
0.0307855
0.0502217
0.0633177
0.0698703
0.0704019
0.0656418
0.0569414
0.0448048
0.0325838
0.0196602
0.01258
0.00428826
0.00372732
-0.0883634
-0.090656
-0.0938173
-0.0979734
-0.103259
-0.109806
-0.117738
-0.127157
-0.138142
-0.150719
-0.164856
-0.180432
-0.197215
-0.214839
-0.232782
-0.250325
-0.266622
-0.280662
-0.291356
-0.297568
-0.298226
-0.29267
-0.280525
-0.261882
-0.237178
-0.207205
-0.173132
-0.136446
-0.0988426
-0.0621269
-0.0279799
0.00210642
0.0269127
0.0455409
0.0579124
0.0639368
0.0641835
0.0594048
0.0510155
0.0394881
0.0282373
0.0163243
0.01058
0.00298404
0.00369402
-0.0896088
-0.0918869
-0.0950158
-0.099117
-0.104326
-0.110768
-0.118567
-0.127823
-0.13861
-0.150955
-0.164823
-0.180092
-0.196533
-0.213783
-0.231323
-0.248438
-0.264302
-0.277921
-0.288245
-0.29416
-0.294642
-0.289041
-0.277004
-0.258627
-0.234348
-0.204939
-0.171568
-0.135697
-0.0989904
-0.0632268
-0.030053
-0.000930187
0.0229404
0.0407356
0.0523717
0.0578626
0.0578259
0.0530398
0.0449787
0.0340825
0.0238265
0.0129448
0.00855794
0.00166467
0.003666
-0.0908657
-0.0931297
-0.0962135
-0.100247
-0.105362
-0.111683
-0.119329
-0.128397
-0.138962
-0.151047
-0.164617
-0.17955
-0.195619
-0.212465
-0.229578
-0.246241
-0.261654
-0.274842
-0.284796
-0.290422
-0.290741
-0.285117
-0.273214
-0.255134
-0.231321
-0.202512
-0.169881
-0.134864
-0.0990919
-0.0643221
-0.0321487
-0.0040309
0.0188777
0.0358141
0.046704
0.0516563
0.0513376
0.0465549
0.0388374
0.0285926
0.0193534
0.0095222
0.00651335
0.000330518
0.00364761
-0.0921483
-0.0943756
-0.0974038
-0.101361
-0.106368
-0.112547
-0.12002
-0.128878
-0.139195
-0.150992
-0.164236
-0.178802
-0.194469
-0.210882
-0.227544
-0.243731
-0.258678
-0.271425
-0.281009
-0.286356
-0.286524
-0.280898
-0.269155
-0.251402
-0.228095
-0.199919
-0.168068
-0.133943
-0.0991458
-0.065396
-0.0342665
-0.00718648
0.0147323
0.0307852
0.040918
0.045327
0.0447278
0.0399581
0.0325982
0.0230231
0.0148199
0.00605695
0.00444561
-0.00101816
0.00364319
-0.0934456
-0.0956321
-0.0985943
-0.102455
-0.107337
-0.113358
-0.12064
-0.129263
-0.139308
-0.150787
-0.163675
-0.177846
-0.193081
-0.209035
-0.225221
-0.24091
-0.255376
-0.267671
-0.276887
-0.281961
-0.281994
-0.276386
-0.26483
-0.247431
-0.224665
-0.197157
-0.166123
-0.132924
-0.0991421
-0.0664483
-0.0363992
-0.0103887
0.0105119
0.0256579
0.035023
0.0388842
0.0380058
0.0332581
0.0262683
0.0173788
0.0102282
0.00254949
0.00235389
-0.00238123
0.00365698
-0.0947576
-0.0968954
-0.0997795
-0.103533
-0.108273
-0.114118
-0.121182
-0.12955
-0.1393
-0.15043
-0.162936
-0.176682
-0.191457
-0.206925
-0.222618
-0.237781
-0.251747
-0.263576
-0.27243
-0.277242
-0.277152
-0.271583
-0.260238
-0.243224
-0.221029
-0.194221
-0.164041
-0.131807
-0.0990724
-0.0674726
-0.0385389
-0.0136302
0.00622457
0.0204417
0.0290287
0.0323378
0.0311814
0.0264639
0.0198547
0.0116649
0.00558055
-0.000999769
0.000237217
-0.00375873
0.00369309
-0.0960857
-0.0981642
-0.100959
-0.104591
-0.109174
-0.114824
-0.121651
-0.129739
-0.139161
-0.149927
-0.162017
-0.17531
-0.189598
-0.204557
-0.219749
-0.23435
-0.247795
-0.259138
-0.267639
-0.272198
-0.272
-0.266488
-0.255382
-0.238785
-0.217174
-0.191118
-0.161819
-0.130583
-0.0989313
-0.0684616
-0.0406785
-0.0169036
0.00187869
0.0151464
0.0229451
0.0256981
0.0242646
0.0195845
0.013365
0.00588664
0.000879158
-0.0045904
-0.00190555
-0.00515086
0.00375535
-0.0974301
-0.099439
-0.102133
-0.105631
-0.11004
-0.115477
-0.122044
-0.12983
-0.1389
-0.149271
-0.160919
-0.173727
-0.187495
-0.201905
-0.216513
-0.230593
-0.243531
-0.254442
-0.26255
-0.26685
-0.266552
-0.261114
-0.250267
-0.234114
-0.213103
-0.187835
-0.159451
-0.129249
-0.0987136
-0.0694092
-0.0428111
-0.0202014
-0.00251711
0.00978171
0.0167823
0.0189756
0.0172658
0.0126294
0.00680692
4.95624e-05
-0.00387346
-0.0082219
-0.00407571
-0.00655804
0.00384726
-0.0987908
-0.100721
-0.103303
-0.106651
-0.110872
-0.116076
-0.122364
-0.129824
-0.138519
-0.148467
-0.159644
-0.17194
-0.185161
-0.198998
-0.213012
-0.22654
-0.238953
-0.249415
-0.257138
-0.261188
-0.260803
-0.255456
-0.244891
-0.229206
-0.208821
-0.18437
-0.156935
-0.127798
-0.0984138
-0.0703094
-0.0449302
-0.0235159
-0.00695401
0.00435788
0.0105511
0.0121811
0.0101955
0.00560843
0.000188443
-0.00584057
-0.00867464
-0.0118937
-0.00627472
-0.00798085
0.00397189
-0.100168
-0.10201
-0.104469
-0.107654
-0.11167
-0.116623
-0.122612
-0.129723
-0.138017
-0.147516
-0.158196
-0.169953
-0.182602
-0.195841
-0.209246
-0.222199
-0.234072
-0.24407
-0.251413
-0.255221
-0.25476
-0.249519
-0.239255
-0.224061
-0.204331
-0.180723
-0.154268
-0.126229
-0.0980275
-0.0711569
-0.0470292
-0.0268394
-0.011423
-0.00111485
0.00426206
0.00532572
0.00306468
-0.00146864
-0.00648229
-0.0117778
-0.0135215
-0.0156049
-0.00850411
-0.00942012
0.00413172
-0.100313
-0.101564
-0.103307
-0.105632
-0.108641
-0.112435
-0.11712
-0.12279
-0.129529
-0.137399
-0.146424
-0.15658
-0.167772
-0.179821
-0.192441
-0.205219
-0.217578
-0.228898
-0.238423
-0.245387
-0.248959
-0.24843
-0.243311
-0.233365
-0.218681
-0.199637
-0.176896
-0.151449
-0.124537
-0.0975502
-0.0719463
-0.0491019
-0.0301642
-0.015915
-0.00662608
-0.00207375
-0.00157947
-0.00411587
-0.00859175
-0.0131969
-0.0177559
-0.0184108
-0.0193547
-0.0107655
-0.0108769
0.00432857
-0.101799
-0.102979
-0.104615
-0.106794
-0.109614
-0.113172
-0.117569
-0.1229
-0.129246
-0.136669
-0.145194
-0.154801
-0.165403
-0.176829
-0.188805
-0.200938
-0.212685
-0.223441
-0.232484
-0.239071
-0.242409
-0.241823
-0.236837
-0.227226
-0.213071
-0.194738
-0.172886
-0.148476
-0.12272
-0.0969785
-0.072673
-0.0511421
-0.0334825
-0.0204208
-0.0121653
-0.00844528
-0.0085231
-0.0113351
-0.0157508
-0.0199471
-0.0237685
-0.0233393
-0.0231418
-0.0130607
-0.0123523
0.00456341
-0.103313
-0.104414
-0.105935
-0.107957
-0.110574
-0.113881
-0.117974
-0.122946
-0.128878
-0.135831
-0.143832
-0.152867
-0.162854
-0.173633
-0.184945
-0.196415
-0.207532
-0.217712
-0.226267
-0.232474
-0.235584
-0.234948
-0.230107
-0.220844
-0.207236
-0.189636
-0.168696
-0.145348
-0.120776
-0.0963094
-0.0733327
-0.0531438
-0.0367867
-0.0249311
-0.017722
-0.0148414
-0.0154938
-0.0185818
-0.0229355
-0.0267241
-0.0298089
-0.0283032
-0.0269647
-0.0153912
-0.0138478
0.00483629
-0.104855
-0.105872
-0.107269
-0.109124
-0.111526
-0.114566
-0.118339
-0.122934
-0.128431
-0.134892
-0.142347
-0.150785
-0.160133
-0.170243
-0.180871
-0.19166
-0.202132
-0.211726
-0.219783
-0.225611
-0.228494
-0.227814
-0.223127
-0.214226
-0.20118
-0.184334
-0.164327
-0.142065
-0.118704
-0.0955402
-0.0739212
-0.0551012
-0.0400691
-0.0294367
-0.0232855
-0.0212509
-0.0224801
-0.0258451
-0.0301357
-0.0335193
-0.0358705
-0.0332986
-0.0308216
-0.0177587
-0.0153648
0.00514616
-0.106428
-0.107354
-0.108618
-0.110296
-0.112472
-0.115231
-0.118667
-0.122867
-0.127909
-0.133857
-0.140744
-0.148564
-0.157252
-0.166672
-0.176595
-0.186688
-0.1965
-0.205495
-0.213048
-0.218494
-0.221153
-0.220433
-0.215909
-0.20738
-0.194911
-0.178837
-0.159782
-0.138629
-0.116503
-0.0946693
-0.074435
-0.0570087
-0.0433221
-0.0339283
-0.0288455
-0.0276626
-0.0294708
-0.0331138
-0.0373413
-0.0403242
-0.0419464
-0.0383213
-0.0347102
-0.0201648
-0.0169048
0.00549089
-0.108033
-0.108861
-0.109986
-0.111478
-0.113415
-0.115881
-0.118964
-0.122751
-0.12732
-0.132735
-0.139033
-0.146213
-0.15422
-0.162931
-0.172132
-0.181513
-0.19065
-0.199037
-0.206078
-0.211139
-0.213573
-0.212818
-0.208464
-0.200316
-0.188436
-0.173149
-0.155065
-0.135041
-0.114174
-0.0936953
-0.0748708
-0.0588608
-0.0465383
-0.0383966
-0.0343913
-0.0340654
-0.0364544
-0.0403771
-0.0445422
-0.0471302
-0.0480295
-0.0433667
-0.0386281
-0.0226108
-0.0184692
0.00586709
-0.109671
-0.110397
-0.111376
-0.112671
-0.114359
-0.116518
-0.119234
-0.122592
-0.12667
-0.131533
-0.137223
-0.143744
-0.151051
-0.159033
-0.167495
-0.176149
-0.184599
-0.192366
-0.198888
-0.203561
-0.205772
-0.204983
-0.200802
-0.193043
-0.181763
-0.167278
-0.15018
-0.131305
-0.111718
-0.0926176
-0.0752256
-0.0606524
-0.0497102
-0.0428326
-0.0399127
-0.0404483
-0.0434199
-0.0476242
-0.0517284
-0.0539286
-0.0541129
-0.0484302
-0.0425724
-0.0250979
-0.0200595
0.00626975
-0.111343
-0.111963
-0.112788
-0.113881
-0.115309
-0.117149
-0.119484
-0.122397
-0.125967
-0.130261
-0.135323
-0.141167
-0.147756
-0.154992
-0.1627
-0.170612
-0.178364
-0.185502
-0.191498
-0.195779
-0.197763
-0.196943
-0.192939
-0.185574
-0.174903
-0.16123
-0.145133
-0.127424
-0.109137
-0.0914358
-0.0754969
-0.0623784
-0.0528305
-0.0472272
-0.0453994
-0.0468005
-0.0503562
-0.0548444
-0.0588904
-0.0607112
-0.0601896
-0.0535068
-0.0465397
-0.0276271
-0.0216767
0.00669133
-0.113052
-0.113561
-0.114228
-0.115109
-0.116268
-0.117778
-0.119719
-0.122173
-0.125219
-0.128926
-0.133345
-0.138494
-0.144348
-0.150824
-0.157763
-0.164921
-0.171962
-0.178462
-0.183925
-0.187809
-0.189566
-0.188713
-0.184888
-0.177921
-0.167865
-0.155015
-0.139931
-0.123403
-0.106434
-0.0901502
-0.0756823
-0.0640339
-0.0558923
-0.0515717
-0.0508413
-0.0531113
-0.0572527
-0.0620276
-0.0660186
-0.0674697
-0.0662526
-0.0585914
-0.0505265
-0.0301989
-0.0233216
0.00712432
-0.114798
-0.115193
-0.115697
-0.11636
-0.117241
-0.118411
-0.119946
-0.121927
-0.124434
-0.12754
-0.131299
-0.135738
-0.140842
-0.146543
-0.1527
-0.159093
-0.165412
-0.171266
-0.176188
-0.179672
-0.181197
-0.18031
-0.176664
-0.170098
-0.160662
-0.148643
-0.134582
-0.119248
-0.103612
-0.0887615
-0.0757798
-0.0656143
-0.0588886
-0.0558574
-0.0562288
-0.0593703
-0.0640987
-0.0691637
-0.0731038
-0.0741961
-0.0722952
-0.0636789
-0.0545289
-0.0328136
-0.0249943
0.00757348
)
;

boundaryField
{
    inlet
    {
        type            zeroGradient;
    }
    outlet
    {
        type            fixedValue;
        value           uniform 0;
    }
    cylinder
    {
        type            zeroGradient;
    }
    top
    {
        type            symmetryPlane;
    }
    bottom
    {
        type            symmetryPlane;
    }
    defaultFaces
    {
        type            empty;
    }
    procBoundary3to2
    {
        type            processor;
        value           nonuniform List<scalar> 
211
(
-0.116331
-0.118227
-0.120161
-0.122134
-0.124143
-0.126186
-0.128261
-0.130364
-0.13249
-0.134336
-0.134336
-0.136458
-0.138595
-0.140737
-0.142877
-0.145005
-0.147111
-0.149184
-0.151213
-0.153185
-0.155088
-0.155864
-0.155864
-0.157636
-0.159312
-0.160878
-0.162326
-0.163656
-0.164831
-0.165862
-0.164941
-0.164941
-0.165743
-0.166385
-0.166861
-0.167166
-0.167297
-0.164427
-0.164427
-0.164338
-0.164087
-0.163672
-0.163054
-0.162218
-0.157007
-0.157007
-0.14889
-0.139423
-0.128621
-0.116767
-0.104477
-0.0922644
-0.080517
-0.0694709
-0.0592298
-0.0498057
-0.0411595
-0.0332307
-0.0259531
-0.0192636
-0.0131041
-0.00742355
-0.0021764
0.00267722
0.00717248
0.0113404
0.0152083
0.0188004
0.0221382
0.0252405
0.0281243
0.0308047
0.033295
0.0356075
0.037753
0.0397415
0.041582
0.0432829
0.044852
0.0462965
0.0476231
0.0488383
0.0499482
0.0509587
0.0518754
0.0527038
0.0534493
0.0541169
0.0547118
0.0552389
0.0557031
0.0561091
0.0564617
0.0567653
0.0570245
0.0572436
0.0574266
0.0575777
0.0577005
0.0577986
0.0578753
0.0579331
0.0579748
0.0580015
0.0580151
0.0539805
0.0539421
0.053867
0.0537544
0.0536035
0.0534117
0.0531764
0.0528938
0.0525597
0.0521696
0.0517182
0.0512001
0.0506092
0.0499392
0.0491837
0.0483354
0.0473873
0.0463318
0.045161
0.0438669
0.0424413
0.040876
0.0391624
0.0372922
0.0352571
0.033049
0.0306602
0.0280833
0.0253117
0.0223398
0.0191628
0.0157776
0.0121823
0.00837737
0.00436528
0.00015127
-0.00627669
-0.00627669
-0.0109669
-0.0158318
-0.0208522
-0.0260042
-0.0312589
-0.0365818
-0.0419329
-0.0472663
-0.0525296
-0.0576634
-0.0625991
-0.0672559
-0.0715351
-0.0753143
-0.0784451
-0.0807624
-0.0821171
-0.0824369
-0.0818051
-0.0805025
-0.078905
-0.0772593
-0.0760796
-0.0760796
-0.0741346
-0.0747211
-0.0753517
-0.0760224
-0.0767575
-0.0775553
-0.0775553
-0.0757739
-0.0765912
-0.0774617
-0.0783816
-0.0793466
-0.0803527
-0.0803527
-0.0792937
-0.0803193
-0.0813815
-0.0824771
-0.083603
-0.0847567
-0.0859357
-0.0859357
-0.0855951
-0.086809
-0.0880533
-0.0893158
-0.090608
-0.0919242
-0.0932627
-0.0946244
-0.0960096
-0.097419
-0.0988531
-0.0988531
-0.0994644
-0.100992
-0.102552
-0.104146
-0.105774
-0.107439
-0.109141
-0.11088
-0.112658
-0.114475
)
;
    }
}


// ************************************************************************* //
