/*--------------------------------*- C++ -*----------------------------------*\
  =========                 |
  \\      /  F ield         | OpenFOAM: The Open Source CFD Toolbox
   \\    /   O peration     | Website:  https://openfoam.org
    \\  /    A nd           | Version:  7
     \\/     M anipulation  |
\*---------------------------------------------------------------------------*/
FoamFile
{
    version     2.0;
    format      ascii;
    class       volVectorField;
    location    "35";
    object      U;
}
// * * * * * * * * * * * * * * * * * * * * * * * * * * * * * * * * * * * * * //

dimensions      [0 1 -1 0 0 0 0];

internalField   nonuniform List<vector> 
3025
(
(1.01357 0.458351 4.47912e-20)
(0.974228 0.480015 3.36383e-20)
(0.991481 0.455166 -2.45048e-19)
(0.929827 0.502822 3.41441e-20)
(0.949736 0.476424 -4.04568e-20)
(0.968716 0.450446 2.20853e-19)
(0.904266 0.499081 -4.86737e-20)
(0.924523 0.471539 -2.08969e-20)
(0.945113 0.444077 -3.57746e-19)
(0.855265 0.519185 1.71349e-19)
(0.878532 0.494079 8.22531e-20)
(0.898883 0.465616 4.13314e-19)
(0.920261 0.436394 1.29504e-19)
(0.800715 0.534165 3.4376e-20)
(0.829288 0.513331 -1.06612e-20)
(0.853046 0.487789 -4.15392e-19)
(0.873677 0.458947 -1.83461e-20)
(0.893483 0.42781 1.76198e-19)
(0.774187 0.527306 9.683e-20)
(0.803496 0.50579 -1.50036e-20)
(0.828187 0.479871 3.40789e-19)
(0.850058 0.450949 -3.14366e-19)
(0.870851 0.41976 -1.31479e-19)
(0.711973 0.534107 7.39501e-20)
(0.747718 0.518637 -1.05528e-19)
(0.777898 0.49657 6.2799e-20)
(0.803678 0.470337 -4.82019e-20)
(0.826773 0.441336 2.62801e-19)
(0.848371 0.410361 -2.70397e-20)
(0.64215 0.531454 3.98938e-20)
(0.685013 0.524343 1.63915e-20)
(0.721413 0.508191 7.44853e-20)
(0.752549 0.485732 -2.69395e-19)
(0.779474 0.45934 6.95954e-20)
(0.80375 0.43041 6.19171e-20)
(0.826211 0.399874 1.11556e-19)
(0.615069 0.520646 1.14083e-20)
(0.65825 0.512679 -1.14934e-19)
(0.695388 0.496008 1.69172e-19)
(0.727545 0.473333 4.9334e-20)
(0.755657 0.446973 -1.53517e-19)
(0.781132 0.418326 -2.2485e-20)
(0.804574 0.388429 1.2242e-20)
(0.588239 0.507831 -2.54296e-20)
(0.631824 0.499155 -6.3279e-20)
(0.669769 0.482133 -1.64349e-19)
(0.702997 0.459423 -1.14968e-19)
(0.732329 0.433284 -1.28197e-20)
(0.759029 0.40512 1.69632e-19)
(0.783534 0.37602 -2.19525e-19)
(0.511673 0.491397 2.2403e-19)
(0.561811 0.493052 3.21398e-20)
(0.605876 0.483814 -1.1022e-19)
(0.644683 0.46661 -3.04667e-20)
(0.679021 0.444044 1.39388e-19)
(0.709598 0.418306 -4.83491e-20)
(0.737542 0.390798 -1.57991e-19)
(0.763166 0.362627 -1.73885e-19)
(0.485774 0.475564 -7.19844e-21)
(0.535936 0.476356 2.81549e-20)
(0.580543 0.466707 6.27508e-20)
(0.620256 0.449489 -6.84403e-20)
(0.65573 0.427238 2.49302e-20)
(0.687568 0.402071 1.95654e-19)
(0.716767 0.375372 -1.74015e-19)
(0.743545 0.348241 4.34197e-20)
(0.404794 0.444711 8.3612e-20)
(0.460506 0.457758 -2.27533e-19)
(0.510761 0.457801 -4.02269e-19)
(0.555961 0.447887 2.57875e-19)
(0.59661 0.430818 4.28134e-20)
(0.633234 0.409048 -1.45219e-19)
(0.666338 0.384611 4.16207e-20)
(0.696794 0.35886 2.3992e-19)
(0.724742 0.332867 -2.02088e-19)
(0.380801 0.42622 2.42927e-19)
(0.436019 0.438043 -3.36032e-20)
(0.486428 0.437452 3.05542e-19)
(0.532257 0.427417 1.8906e-19)
(0.573861 0.410654 3.31164e-19)
(0.611639 0.389522 1.25191e-20)
(0.645999 0.365962 -2.62463e-19)
(0.6777 0.341287 6.73948e-21)
(0.70682 0.316521 6.98888e-19)
(0.35766 0.405833 -3.05799e-19)
(0.412459 0.416494 1.0663e-19)
(0.463071 0.41538 -2.6257e-19)
(0.509556 0.405366 2.6065e-20)
(0.552119 0.389059 1.08482e-19)
(0.59104 0.368712 -1.86154e-19)
(0.626638 0.346167 4.10314e-20)
(0.659559 0.322685 -6.67453e-20)
(0.689836 0.29923 -2.43354e-19)
(0.27781 0.36007 -1.89915e-19)
(0.335516 0.383632 3.43817e-20)
(0.389965 0.393194 -5.83956e-20)
(0.44082 0.391667 4.63719e-20)
(0.487973 0.381807 -4.54317e-19)
(0.531488 0.3661 -1.70933e-19)
(0.57153 0.346678 3.97729e-20)
(0.608332 0.325276 -2.10946e-19)
(0.642438 0.303094 2.5341e-19)
(0.673844 0.281028 6.36714e-20)
(0.257833 0.338043 1.18766e-19)
(0.314509 0.359709 -3.12841e-20)
(0.36867 0.368235 -9.34723e-21)
(0.419796 0.366401 -1.54387e-19)
(0.467617 0.356823 1.77753e-19)
(0.512064 0.341849 2.37744e-19)
(0.553192 0.323483 -1.38491e-20)
(0.591155 0.303343 -9.01388e-20)
(0.626397 0.282561 -9.2546e-20)
(0.658892 0.261959 1.65107e-19)
(0.239026 0.314398 -2.5197e-19)
(0.29477 0.334166 1.73858e-19)
(0.348697 0.341717 7.48304e-20)
(0.400111 0.339675 4.08123e-20)
(0.448591 0.3305 5.77049e-20)
(0.493938 0.316387 -1.64011e-19)
(0.536106 0.299198 -1.70166e-19)
(0.575172 0.28043 4.66422e-19)
(0.611493 0.261139 -3.12296e-19)
(0.645025 0.242072 -1.49863e-20)
(0.221515 0.289244 1.79557e-19)
(0.276421 0.307113 9.14527e-20)
(0.330161 0.313747 4.92852e-20)
(0.381872 0.311593 5.6153e-20)
(0.430989 0.302934 1.01243e-20)
(0.477191 0.289798 -1.80187e-19)
(0.520342 0.273898 5.78229e-19)
(0.560446 0.256604 -2.33148e-19)
(0.597777 0.238889 3.86409e-19)
(0.632284 0.221422 -1.37586e-19)
(0.152053 0.234204 1.21085e-19)
(0.205413 0.262695 -1.7068e-19)
(0.259575 0.278668 3.07901e-19)
(0.313168 0.284441 -2.42424e-19)
(0.365175 0.282263 -3.2674e-20)
(0.414896 0.274224 2.26214e-19)
(0.461901 0.262172 -9.2238e-20)
(0.505965 0.247663 -1.52977e-19)
(0.547032 0.231936 -5.70496e-20)
(0.585296 0.215874 -3.23364e-19)
(0.620707 0.20007 9.85933e-20)
(0.138824 0.20958 -9.94269e-20)
(0.190826 0.234878 9.04915e-20)
(0.244334 0.248957 -2.86191e-19)
(0.297815 0.25392 1.71567e-19)
(0.350107 0.251799 -7.18008e-20)
(0.400392 0.244475 -5.39043e-20)
(0.448135 0.233605 2.49252e-19)
(0.493036 0.220581 -7.41221e-20)
(0.53498 0.206503 1.84895e-19)
(0.574093 0.192164 1.10412e-20)
(0.610328 0.178079 1.67647e-19)
(0.127042 0.183878 4.81365e-20)
(0.17785 0.205923 8.80855e-20)
(0.230791 0.218113 2.34963e-19)
(0.284187 0.222313 -2.01044e-19)
(0.336749 0.220322 1.61596e-20)
(0.387545 0.213797 -8.28424e-20)
(0.435955 0.204197 -1.7151e-19)
(0.481607 0.192739 -1.94717e-19)
(0.524335 0.180386 4.85406e-20)
(0.564206 0.167831 3.95023e-20)
(0.601178 0.155516 -2.52259e-19)
(0.116788 0.157228 2.14686e-20)
(0.166567 0.175968 -1.2786e-19)
(0.219028 0.186273 -3.19811e-19)
(0.272363 0.189753 1.33836e-20)
(0.325168 0.187956 8.94345e-20)
(0.376419 0.182306 -7.58776e-20)
(0.425414 0.174052 -2.04652e-19)
(0.471723 0.164232 4.27492e-20)
(0.515137 0.153668 -1.3271e-20)
(0.555668 0.142952 3.78403e-20)
(0.593283 0.132452 2.03094e-19)
(0.108133 0.129766 -1.27528e-19)
(0.157053 0.145158 8.11781e-20)
(0.209116 0.153582 1.49097e-19)
(0.262407 0.156378 1.07394e-19)
(0.315425 0.154831 -9.45464e-20)
(0.367065 0.150119 1.79577e-19)
(0.416558 0.143276 -1.25137e-20)
(0.463425 0.135157 1.86657e-20)
(0.50742 0.126437 1.88396e-19)
(0.548508 0.117606 -1.33401e-19)
(0.586668 0.108961 5.7593e-21)
(0.101137 0.101633 6.40767e-20)
(0.149367 0.113641 4.258e-20)
(0.201115 0.120189 -8.28694e-20)
(0.254375 0.122331 -1.05005e-19)
(0.30757 0.121079 9.32093e-20)
(0.359528 0.117359 -4.51371e-20)
(0.409427 0.11198 1.12729e-19)
(0.456747 0.105613 6.00256e-20)
(0.501211 0.0987831 -7.87598e-20)
(0.542751 0.0918749 8.06136e-21)
(0.581352 0.0851164 -1.14979e-19)
(0.0958475 0.0729737 2.48079e-21)
(0.143558 0.0815708 -6.85685e-20)
(0.195071 0.0862449 8.80642e-20)
(0.248312 0.0877576 -3.7701e-20)
(0.301643 0.0868374 8.19371e-20)
(0.353844 0.0841505 -2.72623e-20)
(0.404052 0.0802781 -4.30271e-20)
(0.451715 0.0757013 -2.55494e-20)
(0.496535 0.0707975 3.5157e-21)
(0.538416 0.0658417 8.9328e-20)
(0.577351 0.0609958 6.86356e-20)
(0.092301 0.0439362 -1.3108e-20)
(0.139666 0.0491023 -3.23294e-20)
(0.191022 0.0519056 -2.21062e-21)
(0.244251 0.0528062 3.35296e-20)
(0.297676 0.0522437 -1.14083e-20)
(0.35004 0.0506196 -1.70212e-20)
(0.400455 0.048284 4.99297e-20)
(0.448349 0.0455265 -3.00543e-20)
(0.493408 0.042574 -2.81682e-21)
(0.535517 0.039592 -1.02636e-19)
(0.574677 0.036677 -1.85017e-20)
(0.0905216 0.0146708 4.48852e-21)
(0.137713 0.0163941 -5.97415e-21)
(0.188992 0.0173284 1.90394e-20)
(0.242215 0.0176274 2.14446e-21)
(0.295686 0.0174381 7.94927e-21)
(0.348133 0.0168948 1.72116e-21)
(0.398653 0.0161142 -7.91957e-21)
(0.446662 0.0151931 1.2291e-20)
(0.491841 0.0142073 3.37191e-21)
(0.534066 0.0132118 2.41714e-20)
(0.573338 0.0122389 -1.72812e-20)
(0.0905216 -0.0146708 7.07797e-21)
(0.137713 -0.0163941 -1.21075e-20)
(0.188992 -0.0173284 1.44547e-20)
(0.242215 -0.0176274 4.96368e-21)
(0.295686 -0.0174381 1.04862e-20)
(0.348133 -0.0168948 -8.78026e-21)
(0.398653 -0.0161142 6.07448e-21)
(0.446662 -0.0151931 1.21875e-20)
(0.491841 -0.0142073 3.32276e-21)
(0.534066 -0.0132118 2.48816e-20)
(0.573338 -0.0122389 -1.14643e-20)
(0.092301 -0.0439362 -1.01165e-20)
(0.139666 -0.0491023 -2.15861e-20)
(0.191022 -0.0519056 2.89419e-20)
(0.244251 -0.0528062 3.10055e-20)
(0.297676 -0.0522436 -2.17508e-20)
(0.35004 -0.0506196 -1.34766e-20)
(0.400455 -0.048284 9.5513e-21)
(0.448349 -0.0455265 1.91264e-21)
(0.493408 -0.042574 -5.13494e-20)
(0.535517 -0.039592 -6.52926e-20)
(0.574677 -0.036677 -2.20984e-20)
(0.0958475 -0.0729737 -2.83554e-20)
(0.143558 -0.0815708 -3.07027e-21)
(0.195071 -0.0862449 7.0047e-22)
(0.248312 -0.0877576 1.28439e-20)
(0.301643 -0.0868373 8.12131e-20)
(0.353844 -0.0841505 1.42635e-21)
(0.404052 -0.0802781 -6.86122e-20)
(0.451715 -0.0757013 3.82096e-20)
(0.496535 -0.0707975 -1.21912e-19)
(0.538416 -0.0658417 9.76167e-20)
(0.577351 -0.0609958 1.24234e-19)
(0.101137 -0.101633 6.13888e-20)
(0.149367 -0.113641 9.92297e-20)
(0.201115 -0.120189 -1.58301e-19)
(0.254375 -0.122331 -4.5964e-20)
(0.30757 -0.121079 -7.26712e-21)
(0.359528 -0.117359 -6.41639e-20)
(0.409427 -0.11198 8.26685e-20)
(0.456747 -0.105613 1.25986e-19)
(0.501211 -0.0987831 -6.50757e-20)
(0.542751 -0.0918749 3.26915e-20)
(0.581352 -0.0851164 -9.653e-20)
(0.108133 -0.129766 -1.95738e-19)
(0.157053 -0.145158 1.07008e-19)
(0.209116 -0.153582 1.93322e-19)
(0.262407 -0.156378 4.48863e-20)
(0.315425 -0.154831 -4.86854e-20)
(0.367065 -0.150119 1.6125e-19)
(0.416558 -0.143276 -9.71415e-21)
(0.463425 -0.135157 -2.37606e-20)
(0.50742 -0.126437 1.70615e-19)
(0.548508 -0.117606 -5.25901e-20)
(0.586668 -0.108961 -9.45722e-20)
(0.116788 -0.157228 1.29735e-19)
(0.166567 -0.175968 -1.84546e-19)
(0.219028 -0.186273 -1.8482e-19)
(0.272363 -0.189753 -4.00885e-20)
(0.325168 -0.187956 4.50209e-20)
(0.376419 -0.182306 -9.08921e-20)
(0.425414 -0.174052 -1.13231e-19)
(0.471723 -0.164232 4.30796e-20)
(0.515137 -0.153668 -5.38059e-20)
(0.555668 -0.142952 3.11952e-20)
(0.593283 -0.132452 2.06267e-19)
(0.127042 -0.183878 1.06488e-19)
(0.17785 -0.205923 -2.75012e-20)
(0.230791 -0.218113 2.80965e-19)
(0.284187 -0.222313 -1.94037e-19)
(0.336749 -0.220322 4.32337e-21)
(0.387545 -0.213797 -2.18163e-19)
(0.435955 -0.204197 4.11494e-20)
(0.481607 -0.192739 -2.86356e-19)
(0.524335 -0.180386 -1.04955e-21)
(0.564206 -0.167831 -1.28316e-20)
(0.601178 -0.155516 -6.06547e-20)
(0.138824 -0.20958 -2.00075e-20)
(0.190826 -0.234878 5.21177e-20)
(0.244334 -0.248957 -3.26149e-19)
(0.297815 -0.25392 2.96437e-19)
(0.350107 -0.251799 -1.65152e-19)
(0.400392 -0.244475 -1.08211e-19)
(0.448135 -0.233605 1.88631e-19)
(0.493036 -0.220581 6.8617e-20)
(0.53498 -0.206503 1.45202e-19)
(0.574093 -0.192164 9.97389e-20)
(0.610328 -0.178079 -1.86346e-19)
(0.152053 -0.234204 -4.98106e-20)
(0.205413 -0.262695 -1.59221e-19)
(0.259575 -0.278668 1.15256e-19)
(0.313168 -0.284441 -2.66394e-20)
(0.365175 -0.282263 4.18927e-20)
(0.414896 -0.274224 1.24163e-19)
(0.461901 -0.262172 -3.85909e-20)
(0.505965 -0.247663 -1.0383e-19)
(0.547032 -0.231936 -7.22242e-20)
(0.585296 -0.215874 -2.76842e-19)
(0.620707 -0.20007 -1.98878e-20)
(0.221515 -0.289244 2.82367e-19)
(0.276421 -0.307113 -1.05498e-19)
(0.330161 -0.313747 1.06264e-19)
(0.381872 -0.311593 -3.94564e-20)
(0.430989 -0.302934 -7.7827e-20)
(0.477191 -0.289798 7.36457e-20)
(0.520342 -0.273898 4.35656e-19)
(0.560446 -0.256604 -1.69485e-19)
(0.597777 -0.238889 3.32934e-19)
(0.632284 -0.221422 -8.3921e-20)
(0.239026 -0.314398 -3.80412e-19)
(0.29477 -0.334166 -3.122e-20)
(0.348697 -0.341717 2.4648e-19)
(0.400111 -0.339675 4.93395e-20)
(0.448591 -0.3305 1.10193e-19)
(0.493938 -0.316387 -2.39214e-19)
(0.536106 -0.299198 -2.31781e-19)
(0.575172 -0.28043 6.54881e-19)
(0.611493 -0.261139 -4.94972e-19)
(0.645025 -0.242072 3.01235e-19)
(0.257833 -0.338043 2.76491e-19)
(0.314509 -0.359709 -1.19029e-19)
(0.36867 -0.368235 -1.4185e-19)
(0.419795 -0.366401 -3.75058e-20)
(0.467617 -0.356823 2.17259e-19)
(0.512064 -0.341849 4.43807e-19)
(0.553192 -0.323483 -2.65232e-19)
(0.591155 -0.303343 -1.54374e-19)
(0.626397 -0.282561 4.05086e-20)
(0.658892 -0.261959 -2.15409e-20)
(0.27781 -0.36007 1.86607e-19)
(0.335516 -0.383632 1.98473e-20)
(0.389965 -0.393194 -2.01604e-19)
(0.44082 -0.391667 1.03638e-19)
(0.487973 -0.381807 -4.64202e-19)
(0.531488 -0.3661 -3.02511e-19)
(0.57153 -0.346678 4.93096e-20)
(0.608332 -0.325276 -1.86775e-19)
(0.642438 -0.303094 4.25616e-19)
(0.673844 -0.281028 -1.34321e-19)
(0.35766 -0.405833 -3.40098e-20)
(0.412459 -0.416494 -1.8998e-20)
(0.463071 -0.41538 -2.72612e-19)
(0.509556 -0.405366 2.72637e-19)
(0.552119 -0.389059 -3.98653e-19)
(0.59104 -0.368712 2.15059e-19)
(0.626638 -0.346167 -1.06585e-19)
(0.659559 -0.322685 -2.76935e-19)
(0.689836 -0.29923 -2.34423e-19)
(0.380801 -0.42622 1.04926e-19)
(0.436019 -0.438043 -3.94271e-20)
(0.486428 -0.437452 5.02389e-19)
(0.532257 -0.427417 -3.24272e-20)
(0.573861 -0.410654 5.06054e-19)
(0.611639 -0.389522 -1.48714e-19)
(0.645999 -0.365962 -1.26452e-19)
(0.6777 -0.341287 7.98377e-20)
(0.70682 -0.316521 4.29959e-19)
(0.404794 -0.444711 -1.86286e-19)
(0.460506 -0.457758 -1.25304e-19)
(0.510761 -0.457801 -3.5413e-19)
(0.555961 -0.447887 1.9417e-20)
(0.59661 -0.430818 1.58046e-20)
(0.633234 -0.409048 1.20456e-19)
(0.666338 -0.38461 7.93617e-20)
(0.696794 -0.35886 1.50786e-19)
(0.724742 -0.332867 -1.5344e-19)
(0.485774 -0.475564 -4.17101e-20)
(0.535936 -0.476356 2.35488e-19)
(0.580543 -0.466707 1.34975e-19)
(0.620256 -0.449488 -3.8943e-19)
(0.65573 -0.427238 1.09351e-19)
(0.687568 -0.402071 2.79574e-19)
(0.716767 -0.375372 -4.75876e-20)
(0.743545 -0.348241 -1.33594e-19)
(0.511673 -0.491397 2.73484e-19)
(0.561811 -0.493052 9.72357e-20)
(0.605876 -0.483814 -1.46301e-19)
(0.644683 -0.46661 2.76258e-21)
(0.679021 -0.444044 1.13992e-19)
(0.709598 -0.418306 -1.70568e-19)
(0.737542 -0.390798 -9.90742e-20)
(0.763166 -0.362627 -1.62023e-19)
(0.588239 -0.507831 -1.38084e-19)
(0.631824 -0.499155 2.63263e-20)
(0.669769 -0.482133 -5.04418e-20)
(0.702997 -0.459423 -1.53125e-19)
(0.732329 -0.433284 -1.11963e-19)
(0.759029 -0.40512 1.57505e-19)
(0.783534 -0.37602 -2.09855e-19)
(0.615069 -0.520646 2.46062e-19)
(0.65825 -0.512679 -2.08819e-19)
(0.695388 -0.496008 2.08299e-19)
(0.727545 -0.473333 -8.9499e-21)
(0.755657 -0.446973 -4.74834e-20)
(0.781132 -0.418326 -6.45864e-20)
(0.804574 -0.388429 -5.20927e-21)
(0.685013 -0.524342 8.66316e-20)
(0.721413 -0.508191 -8.16088e-20)
(0.752549 -0.485732 -6.57927e-20)
(0.779474 -0.45934 -1.29561e-19)
(0.80375 -0.43041 1.62892e-19)
(0.826211 -0.399874 1.77785e-19)
(0.711973 -0.534107 1.02171e-19)
(0.747718 -0.518637 -1.19645e-19)
(0.777898 -0.49657 6.53845e-20)
(0.803678 -0.470337 1.2325e-19)
(0.826773 -0.441336 5.35763e-20)
(0.848371 -0.410361 2.33955e-19)
(0.774187 -0.527306 1.55427e-19)
(0.803496 -0.50579 -1.77617e-19)
(0.828187 -0.479871 2.32743e-19)
(0.850058 -0.450949 -2.06864e-19)
(0.870851 -0.41976 -6.68948e-20)
(0.800715 -0.534165 -2.55226e-20)
(0.829288 -0.513331 8.24999e-20)
(0.853046 -0.487789 -3.53737e-19)
(0.873677 -0.458947 -1.15518e-19)
(0.893483 -0.42781 2.16402e-20)
(0.855265 -0.519185 1.40336e-21)
(0.878532 -0.494079 1.38422e-19)
(0.898883 -0.465616 2.07525e-19)
(0.920261 -0.436394 2.20987e-19)
(0.904266 -0.499081 6.79139e-20)
(0.924523 -0.471539 -4.62108e-20)
(0.945113 -0.444077 -3.13523e-19)
(0.929827 -0.502822 3.63125e-20)
(0.949736 -0.476424 -1.6291e-19)
(0.968716 -0.450446 3.69688e-19)
(0.974228 -0.480015 -2.12225e-20)
(0.991481 -0.455166 -2.15592e-19)
(1.01357 -0.458351 1.03961e-19)
(0.949443 0.415232 6.15209e-20)
(0.970481 0.42052 7.75969e-20)
(0.990567 0.425424 8.03166e-20)
(1.01022 0.429338 3.68761e-20)
(1.02984 0.432155 -2.06076e-20)
(1.04924 0.433881 1.51833e-20)
(0.970886 0.399211 -1.0654e-19)
(0.990608 0.402807 -2.83573e-21)
(1.00914 0.406061 -4.4061e-20)
(1.0268 0.408708 -8.93072e-20)
(1.04443 0.410603 -4.67367e-20)
(1.06197 0.411708 -1.92371e-20)
(0.990924 0.383971 -8.10265e-20)
(1.00868 0.386804 -1.09943e-19)
(1.02548 0.389009 1.91293e-20)
(1.04139 0.390633 5.10817e-21)
(1.05728 0.39164 7.40229e-20)
(1.07314 0.392019 7.5496e-21)
(1.00934 0.368806 1.38422e-19)
(1.02541 0.370693 -5.33264e-21)
(1.04061 0.371983 -4.88779e-20)
(1.05501 0.372776 2.87256e-20)
(1.06935 0.373071 -2.67815e-20)
(1.08366 0.372864 -1.83182e-20)
(1.0258 0.353466 -1.04893e-19)
(1.04035 0.354556 1.0684e-19)
(1.05412 0.355135 -9.1345e-21)
(1.06717 0.355297 2.47765e-20)
(1.08014 0.355052 3.36944e-21)
(1.09307 0.354397 1.16847e-20)
(1.0404 0.337867 -4.01506e-20)
(1.05357 0.338359 -2.85908e-20)
(1.06603 0.338416 2.09411e-20)
(1.07785 0.338122 2.27835e-20)
(1.0896 0.337489 1.89553e-21)
(1.10129 0.336516 1.02609e-20)
(1.05328 0.322149 7.24819e-20)
(1.06519 0.322184 -1.95145e-20)
(1.07643 0.321853 4.01648e-20)
(1.08715 0.321227 -2.8519e-20)
(1.09778 0.320321 -1.14686e-20)
(1.10837 0.319134 9.13374e-21)
(1.06456 0.30645 -4.18287e-20)
(1.07531 0.306134 2.90599e-21)
(1.08546 0.305516 -3.17455e-20)
(1.09516 0.304654 1.27035e-20)
(1.10478 0.303562 2.69701e-20)
(1.11437 0.302241 -1.53288e-20)
(1.07439 0.290878 3.61432e-20)
(1.08409 0.290299 -1.53671e-20)
(1.09323 0.289475 7.75953e-21)
(1.102 0.288452 2.11823e-21)
(1.11072 0.287242 -2.09314e-21)
(1.1194 0.285846 -3.37637e-21)
(1.0829 0.275523 -3.86173e-20)
(1.09164 0.274757 3.55401e-21)
(1.09987 0.273791 2.47853e-21)
(1.1078 0.272667 3.5665e-21)
(1.11569 0.271391 -1.51405e-20)
(1.12355 0.269964 1.96515e-22)
(1.09022 0.260462 -1.50097e-21)
(1.09808 0.259567 3.00979e-21)
(1.1055 0.258514 7.97866e-21)
(1.11267 0.257333 2.10322e-20)
(1.11981 0.256029 2.17694e-20)
(1.12693 0.254605 1.15366e-20)
(1.09645 0.245749 -4.66941e-22)
(1.10353 0.244775 1.58304e-20)
(1.11021 0.243674 -1.56854e-20)
(1.11669 0.242471 -9.39683e-21)
(1.12316 0.24117 -2.17772e-20)
(1.12961 0.239772 -7.60546e-22)
(1.1017 0.231421 9.44451e-21)
(1.10807 0.230406 -8.29743e-21)
(1.11409 0.229289 2.62914e-20)
(1.11995 0.228091 -1.96939e-20)
(1.12581 0.226815 5.36474e-21)
(1.10605 0.217502 1.36928e-20)
(1.11178 0.216474 1.48732e-20)
(1.11721 0.215366 -4.6335e-21)
(1.12251 0.214193 3.7811e-21)
(1.12782 0.212957 2.00899e-21)
(1.10956 0.203999 -1.16003e-20)
(1.11473 0.202982 -1.13858e-20)
(1.11963 0.2019 8.13213e-21)
(1.12444 0.200767 3.79546e-21)
(1.12925 0.199584 4.53448e-21)
(1.11232 0.190916 2.58391e-20)
(1.11698 0.189924 1.06362e-21)
(1.12141 0.188882 -1.30997e-20)
(1.12577 0.187799 -4.04101e-21)
(1.13015 0.186677 -9.49386e-21)
(1.11438 0.178244 -1.1077e-20)
(1.11859 0.177291 1.13206e-21)
(1.12261 0.176299 2.95408e-21)
(1.12657 0.175273 5.21255e-22)
(1.13056 0.174216 9.26383e-21)
(1.1158 0.165973 1.18398e-20)
(1.11962 0.165068 1.30347e-21)
(1.12326 0.164131 -3.60053e-21)
(1.12687 0.163168 6.9885e-21)
(1.13051 0.16218 6.9918e-22)
(1.11664 0.15409 -1.85126e-20)
(1.1201 0.153238 -2.62235e-22)
(1.12342 0.152361 -4.61904e-21)
(1.12673 0.151463 7.49009e-21)
(1.13006 0.150545 -4.17817e-21)
(1.11695 0.142576 2.52931e-21)
(1.12011 0.141782 -6.81317e-21)
(1.12315 0.140967 4.93629e-21)
(1.12617 0.140136 -6.57637e-21)
(1.12923 0.139288 3.82414e-21)
(1.1168 0.131413 9.06436e-21)
(1.11969 0.130678 1.90912e-22)
(1.12247 0.129927 -3.76913e-21)
(1.12526 0.129163 2.00876e-21)
(1.12808 0.128385 -1.2423e-20)
(1.11623 0.120579 -1.69201e-20)
(1.11888 0.119905 4.08433e-21)
(1.12146 0.119218 6.89105e-21)
(1.12403 0.118521 1.28525e-21)
(1.12664 0.117812 8.44895e-21)
(1.11531 0.110053 1.11504e-20)
(1.11776 0.10944 -5.9674e-21)
(1.12015 0.108816 -3.36752e-21)
(1.12254 0.108183 -1.26328e-21)
(1.12497 0.107542 -5.58518e-21)
(1.11409 0.099809 -8.82503e-21)
(1.11637 0.0992561 3.51661e-21)
(1.1186 0.0986943 -6.35986e-21)
(1.12084 0.0981253 9.40219e-21)
(1.12311 0.0975489 5.63272e-21)
(1.11265 0.0898204 6.8717e-21)
(1.11478 0.0893264 7.23086e-22)
(1.11687 0.0888251 2.08441e-21)
(1.11898 0.0883179 -5.68283e-21)
(1.12111 0.0878045 -5.08836e-21)
(1.11104 0.0800573 -6.45742e-22)
(1.11305 0.0796207 -4.84142e-22)
(1.11503 0.079178 6.58009e-21)
(1.11702 0.0787305 -7.45309e-22)
(1.11904 0.0782778 1.29187e-22)
(1.10932 0.0704864 5.99108e-21)
(1.11123 0.0701054 -1.78977e-21)
(1.11311 0.0697195 -6.46569e-21)
(1.11501 0.0693294 2.28813e-21)
(1.11693 0.0689352 -3.81389e-23)
(1.10757 0.0610702 -2.06264e-21)
(1.1094 0.0607431 -3.75599e-21)
(1.1112 0.0604119 7.02564e-21)
(1.11302 0.0600773 3.94279e-21)
(1.11486 0.0597392 1.6089e-21)
(1.10586 0.0517663 -5.23314e-21)
(1.10762 0.0514915 3.58146e-21)
(1.10936 0.0512132 -4.28676e-21)
(1.11112 0.0509322 -4.85864e-21)
(1.11289 0.0506483 -4.00249e-21)
(1.10425 0.0425258 4.5584e-21)
(1.10596 0.0423015 6.79039e-23)
(1.10765 0.0420745 2.78003e-21)
(1.10936 0.0418453 -8.54281e-22)
(1.11108 0.0416138 3.96137e-21)
(1.10282 0.0332925 -1.61617e-22)
(1.10449 0.0331178 -3.41855e-21)
(1.10615 0.032941 -6.65899e-22)
(1.10782 0.0327625 -3.15461e-23)
(1.1095 0.0325823 -1.80553e-22)
(1.10165 0.0239981 -6.80051e-22)
(1.10329 0.0238717 -3.97535e-23)
(1.10493 0.0237439 1.43537e-21)
(1.10657 0.023615 -1.18792e-21)
(1.10823 0.0234849 4.7714e-21)
(1.10079 0.0145672 -1.29771e-21)
(1.10242 0.0144898 -1.89533e-22)
(1.10405 0.0144118 4.3287e-21)
(1.10568 0.0143333 -1.77759e-21)
(1.10732 0.0142543 -9.5886e-22)
(1.10034 0.00489824 -3.94798e-22)
(1.10197 0.00486887 -2.00952e-22)
(1.1036 0.00483931 -1.13739e-21)
(1.10523 0.00480971 2.08054e-21)
(1.10687 0.0047802 8.82227e-23)
(0.999921 0.00308213 0)
(0.998007 0.00912307 0)
(0.994331 0.0155128 0)
(0.989308 0.0225134 0)
(0.982988 0.0305421 0)
(0.975547 0.0398863 0)
(0.967095 0.0508989 0)
(0.957805 0.0639194 0)
(0.947887 0.0793211 0)
(0.937633 0.0974858 0)
(0.927421 0.118796 0)
(0.917757 0.143609 0)
(0.909249 0.172209 0)
(0.902687 0.204756 0)
(0.898868 0.241186 0)
(0.898877 0.281049 0)
(0.902956 0.323377 0)
(0.913569 0.366012 0)
(0.921468 0.406638 0)
(0.999926 0.00322813 0)
(0.99809 0.00954754 0)
(0.994557 0.0162111 0)
(0.989744 0.0234921 0)
(0.983713 0.0318094 0)
(0.976656 0.0414498 0)
(0.968704 0.0527565 0)
(0.960058 0.066053 0)
(0.950959 0.081685 0)
(0.941735 0.0999944 0)
(0.932802 0.121307 0)
(0.924695 0.145906 0)
(0.918046 0.173983 0)
(0.91364 0.20559 0)
(0.912243 0.240551 0)
(0.914889 0.278361 0)
(0.9217 0.318027 0)
(0.935585 0.357504 0)
(0.944948 0.392443 0)
(0.999931 0.00337378 0)
(0.998181 0.00997396 0)
(0.994813 0.0169139 0)
(0.990235 0.0244781 0)
(0.984528 0.0330844 0)
(0.977893 0.0430181 0)
(0.970485 0.0546092 0)
(0.962529 0.0681618 0)
(0.954294 0.0839892 0)
(0.946136 0.102388 0)
(0.938496 0.123621 0)
(0.931928 0.147892 0)
(0.927065 0.175295 0)
(0.924667 0.205774 0)
(0.925445 0.239046 0)
(0.930349 0.274545 0)
(0.93934 0.311255 0)
(0.955285 0.347375 0)
(0.967114 0.377869 0)
(0.999936 0.00351942 0)
(0.998281 0.010402 0)
(0.995096 0.0176185 0)
(0.99078 0.0254645 0)
(0.985429 0.0343555 0)
(0.979256 0.0445738 0)
(0.972436 0.0564353 0)
(0.965215 0.070223 0)
(0.957886 0.0862163 0)
(0.950827 0.104665 0)
(0.944495 0.125772 0)
(0.939445 0.149662 0)
(0.936298 0.17634 0)
(0.935767 0.205656 0)
(0.938489 0.237236 0)
(0.945298 0.270467 0)
(0.956035 0.304321 0)
(0.973249 0.337354 0)
(0.987202 0.36444 0)
(0.999941 0.0036624 0)
(0.99839 0.0108233 0)
(0.995405 0.0183102 0)
(0.991376 0.0264281 0)
(0.986412 0.0355882 0)
(0.980737 0.0460682 0)
(0.974545 0.0581668 0)
(0.968099 0.0721432 0)
(0.961713 0.0882404 0)
(0.955777 0.10666 0)
(0.950756 0.127542 0)
(0.947194 0.150937 0)
(0.945681 0.176768 0)
(0.94687 0.204802 0)
(0.95131 0.234594 0)
(0.959696 0.265509 0)
(0.971796 0.296532 0)
(0.9897 0.326524 0)
(1.00513 0.350654 0)
(0.999946 0.00380107 0)
(0.998507 0.0112329 0)
(0.995738 0.0189801 0)
(0.992019 0.0273562 0)
(0.987471 0.0367653 0)
(0.982326 0.0474779 0)
(0.976797 0.0597729 0)
(0.971161 0.0738828 0)
(0.965744 0.0900114 0)
(0.960944 0.10831 0)
(0.957221 0.128857 0)
(0.955099 0.151633 0)
(0.955123 0.176485 0)
(0.957874 0.203113 0)
(0.963803 0.23102 0)
(0.97346 0.259568 0)
(0.986568 0.287792 0)
(1.00473 0.314777 0)
(1.02111 0.336237 0)
(0.99995 0.00393424 0)
(0.998631 0.011627 0)
(0.996094 0.0196219 0)
(0.992705 0.0282397 0)
(0.988599 0.0378745 0)
(0.984014 0.0487873 0)
(0.979177 0.061235 0)
(0.974375 0.0754207 0)
(0.969944 0.0915077 0)
(0.96628 0.109597 0)
(0.96383 0.129706 0)
(0.963084 0.151752 0)
(0.964535 0.175516 0)
(0.96868 0.200647 0)
(0.975875 0.226618 0)
(0.986521 0.252805 0)
(1.00032 0.278321 0)
(1.01842 0.302418 0)
(1.03532 0.321445 0)
(0.999955 0.00406063 0)
(0.998761 0.0120017 0)
(0.99647 0.0202287 0)
(0.993431 0.0290683 0)
(0.98979 0.038902 0)
(0.98579 0.0499794 0)
(0.981668 0.0625326 0)
(0.977719 0.076734 0)
(0.97428 0.0927053 0)
(0.971739 0.110498 0)
(0.970521 0.130074 0)
(0.971074 0.151293 0)
(0.973831 0.173885 0)
(0.9792 0.19746 0)
(0.987446 0.221485 0)
(0.998829 0.245362 0)
(1.01304 0.2683 0)
(1.03086 0.289682 0)
(1.0479 0.306477 0)
(0.99996 0.0041788 0)
(0.998897 0.0123524 0)
(0.996864 0.0207929 0)
(0.994192 0.0298309 0)
(0.991036 0.0398332 0)
(0.987641 0.0510354 0)
(0.984252 0.0636436 0)
(0.981165 0.077798 0)
(0.978714 0.0935791 0)
(0.977271 0.110991 0)
(0.977231 0.129946 0)
(0.978995 0.150254 0)
(0.982929 0.171607 0)
(0.989354 0.193595 0)
(0.998445 0.215692 0)
(1.01034 0.23734 0)
(1.02474 0.257853 0)
(1.04209 0.27672 0)
(1.05898 0.291468 0)
(0.999965 0.00428722 0)
(0.99904 0.0126744 0)
(0.997275 0.0213063 0)
(0.994985 0.030516 0)
(0.99233 0.0406528 0)
(0.989555 0.0519367 0)
(0.986909 0.0645464 0)
(0.984685 0.0785893 0)
(0.983207 0.0941062 0)
(0.982825 0.111057 0)
(0.983898 0.129311 0)
(0.986774 0.148639 0)
(0.991751 0.168706 0)
(0.999065 0.189097 0)
(1.00881 0.209309 0)
(1.02103 0.228834 0)
(1.03541 0.247088 0)
(1.05218 0.263652 0)
(1.0687 0.276533 0)
(0.999971 0.00438427 0)
(0.999187 0.0129628 0)
(0.997701 0.0217607 0)
(0.995804 0.0311117 0)
(0.993663 0.0413457 0)
(0.991518 0.0526651 0)
(0.989618 0.0652204 0)
(0.988249 0.0790869 0)
(0.987718 0.0942674 0)
(0.988349 0.110683 0)
(0.99046 0.128166 0)
(0.994342 0.146457 0)
(1.00023 0.165211 0)
(1.00827 0.184018 0)
(1.0185 0.202409 0)
(1.03087 0.219931 0)
(1.04508 0.236101 0)
(1.06118 0.250579 0)
(1.07716 0.261773 0)
(0.999977 0.00446827 0)
(0.999339 0.0132124 0)
(0.998139 0.0221476 0)
(0.996646 0.0316062 0)
(0.995026 0.0418968 0)
(0.993516 0.053203 0)
(0.992358 0.0656469 0)
(0.991826 0.0792723 0)
(0.992208 0.0940474 0)
(0.993794 0.109859 0)
(0.996857 0.126511 0)
(1.00163 0.143727 0)
(1.00829 0.161158 0)
(1.01691 0.178411 0)
(1.02747 0.195062 0)
(1.03985 0.210715 0)
(1.05376 0.224978 0)
(1.06914 0.237583 0)
(1.08448 0.247265 0)
(0.999983 0.00453745 0)
(0.999494 0.0134179 0)
(0.998587 0.0224585 0)
(0.997503 0.0319878 0)
(0.99641 0.0422917 0)
(0.995532 0.0535338 0)
(0.995105 0.0658085 0)
(0.995385 0.0791298 0)
(0.996635 0.0934349 0)
(0.99911 0.108583 0)
(1.00304 0.124357 0)
(1.00859 0.140471 0)
(1.01589 0.156585 0)
(1.02495 0.172332 0)
(1.03569 0.187336 0)
(1.04796 0.201259 0)
(1.06148 0.213791 0)
(1.07611 0.224728 0)
(1.09073 0.233065 0)
(0.99999 0.00459004 0)
(0.999653 0.0135741 0)
(0.999041 0.0226848 0)
(0.998371 0.0322447 0)
(0.997803 0.0425163 0)
(0.997551 0.0536423 0)
(0.997836 0.0656902 0)
(0.998895 0.0786468 0)
(1.00096 0.0924229 0)
(1.00425 0.106856 0)
(1.00894 0.121716 0)
(1.01517 0.136717 0)
(1.02298 0.151536 0)
(1.03234 0.165838 0)
(1.04315 0.179296 0)
(1.05522 0.191629 0)
(1.06827 0.202602 0)
(1.08213 0.212061 0)
(1.09601 0.219213 0)
(0.999997 0.00462425 0)
(0.999813 0.0136755 0)
(0.9995 0.0228179 0)
(0.999242 0.0323658 0)
(0.999195 0.0425573 0)
(0.999555 0.0535144 0)
(1.00053 0.0652793 0)
(1.00232 0.0778143 0)
(1.00515 0.0910087 0)
(1.00917 0.104685 0)
(1.01454 0.118606 0)
(1.02132 0.132497 0)
(1.02952 0.146055 0)
(1.03907 0.158982 0)
(1.04984 0.171001 0)
(1.06163 0.181885 0)
(1.07417 0.191459 0)
(1.08727 0.199618 0)
(1.10039 0.205731 0)
(1 0.0046383 0)
(0.999973 0.0137169 0)
(0.999958 0.0228495 0)
(1.00011 0.0323403 0)
(1.00057 0.0424029 0)
(1.00153 0.0531383 0)
(1.00316 0.0645658 0)
(1.00564 0.0766268 0)
(1.00916 0.0891939 0)
(1.01384 0.10208 0)
(1.01978 0.115052 0)
(1.027 0.127845 0)
(1.03549 0.140188 0)
(1.04513 0.151818 0)
(1.05577 0.162507 0)
(1.06722 0.172077 0)
(1.07921 0.180404 0)
(1.09156 0.187423 0)
(1.10393 0.19263 0)
(1.00001 0.00463047 0)
(1.00013 0.013693 0)
(1.00041 0.0227718 0)
(1.00097 0.0321583 0)
(1.00193 0.042042 0)
(1.00345 0.0525039 0)
(1.0057 0.0635425 0)
(1.00883 0.0750822 0)
(1.01297 0.0869842 0)
(1.01822 0.0990583 0)
(1.02463 0.111078 0)
(1.03221 0.1228 0)
(1.04087 0.13398 0)
(1.05051 0.144396 0)
(1.06096 0.153864 0)
(1.07201 0.162249 0)
(1.08345 0.16947 0)
(1.09507 0.175492 0)
(1.10671 0.179914 0)
(1.00002 0.00459909 0)
(1.00029 0.0135991 0)
(1.00086 0.0225774 0)
(1.00181 0.0318109 0)
(1.00325 0.0414657 0)
(1.00531 0.0516035 0)
(1.00814 0.0622053 0)
(1.01185 0.0731822 0)
(1.01654 0.084389 0)
(1.02228 0.0956378 0)
(1.02908 0.106715 0)
(1.03691 0.117398 0)
(1.04567 0.127476 0)
(1.05523 0.136764 0)
(1.06542 0.145117 0)
(1.07605 0.152439 0)
(1.08692 0.158681 0)
(1.09784 0.163835 0)
(1.10877 0.167579 0)
(1.00003 0.00454265 0)
(1.00045 0.0134306 0)
(1.00129 0.0222596 0)
(1.00262 0.0312903 0)
(1.00452 0.0406663 0)
(1.00709 0.0504316 0)
(1.01045 0.0605527 0)
(1.01468 0.0709317 0)
(1.01986 0.0814212 0)
(1.026 0.0918403 0)
(1.0331 0.101991 0)
(1.0411 0.111677 0)
(1.04987 0.120717 0)
(1.05929 0.128963 0)
(1.06919 0.136304 0)
(1.07938 0.142675 0)
(1.08969 0.148056 0)
(1.09994 0.152456 0)
(1.11019 0.155615 0)
(1.00003 0.00445974 0)
(1.0006 0.0131834 0)
(1.00171 0.0218126 0)
(1.00341 0.03059 0)
(1.00573 0.0396382 0)
(1.00877 0.0489854 0)
(1.01261 0.0585866 0)
(1.01731 0.0683386 0)
(1.0229 0.0780964 0)
(1.02937 0.0876897 0)
(1.03669 0.0969394 0)
(1.04478 0.105674 0)
(1.05351 0.113744 0)
(1.06273 0.121032 0)
(1.0723 0.127458 0)
(1.08204 0.132984 0)
(1.0918 0.137608 0)
(1.10142 0.141354 0)
(1.11102 0.14401 0)
(1.00004 0.00434917 0)
(1.00074 0.0128541 0)
(1.00212 0.0212315 0)
(1.00415 0.029705 0)
(1.00687 0.0383778 0)
(1.01035 0.0472642 0)
(1.01462 0.056311 0)
(1.01972 0.0654135 0)
(1.02565 0.0744325 0)
(1.03238 0.0832109 0)
(1.03985 0.0915903 0)
(1.04796 0.0994247 0)
(1.05658 0.106593 0)
(1.06558 0.113004 0)
(1.0748 0.118607 0)
(1.08408 0.123382 0)
(1.09331 0.127343 0)
(1.10234 0.130523 0)
(1.11132 0.132748 0)
(1.00005 0.00420991 0)
(1.00088 0.0124397 0)
(1.00249 0.0205126 0)
(1.00485 0.0286319 0)
(1.00794 0.0368833 0)
(1.0118 0.0452699 0)
(1.01645 0.0537329 0)
(1.02189 0.0621694 0)
(1.0281 0.0704487 0)
(1.03502 0.0784294 0)
(1.04258 0.0859739 0)
(1.05066 0.0929607 0)
(1.05913 0.0992941 0)
(1.06787 0.104909 0)
(1.07672 0.109772 0)
(1.08557 0.113883 0)
(1.09428 0.117264 0)
(1.10276 0.119955 0)
(1.11116 0.121812 0)
(1.00005 0.00404119 0)
(1.001 0.0119382 0)
(1.00285 0.0196531 0)
(1.00549 0.0273686 0)
(1.00892 0.0351552 0)
(1.01313 0.0430063 0)
(1.01811 0.0508611 0)
(1.02383 0.0586206 0)
(1.03026 0.0661653 0)
(1.03731 0.0733702 0)
(1.04489 0.0801185 0)
(1.0529 0.0863115 0)
(1.06119 0.0918762 0)
(1.06965 0.0967678 0)
(1.07814 0.10097 0)
(1.08655 0.104494 0)
(1.09478 0.107369 0)
(1.10274 0.109637 0)
(1.1106 0.11118 0)
(1.00006 0.00384244 0)
(1.00112 0.011348 0)
(1.00317 0.0186515 0)
(1.00609 0.025915 0)
(1.00981 0.0331954 0)
(1.01432 0.0404794 0)
(1.01958 0.0477058 0)
(1.02553 0.0547825 0)
(1.03212 0.0616023 0)
(1.03925 0.0680571 0)
(1.04681 0.0740497 0)
(1.0547 0.0795024 0)
(1.06279 0.0843613 0)
(1.07096 0.0885985 0)
(1.07909 0.0922109 0)
(1.08709 0.0952165 0)
(1.09486 0.0976505 0)
(1.10234 0.0995545 0)
(1.1097 0.10083 0)
(1.00007 0.00361336 0)
(1.00123 0.0106685 0)
(1.00347 0.0175075 0)
(1.00662 0.0242721 0)
(1.01061 0.0310077 0)
(1.01537 0.0376963 0)
(1.02086 0.0442787 0)
(1.027 0.050671 0)
(1.03369 0.0567792 0)
(1.04085 0.0625118 0)
(1.04837 0.06779 0)
(1.05612 0.072554 0)
(1.06399 0.0767665 0)
(1.07186 0.0804127 0)
(1.07965 0.0834987 0)
(1.08725 0.086048 0)
(1.0946 0.0880972 0)
(1.10164 0.0896872 0)
(1.10853 0.0907351 0)
(1.00007 0.00335389 0)
(1.00133 0.00989966 0)
(1.00373 0.0162217 0)
(1.00709 0.0224423 0)
(1.01131 0.0285972 0)
(1.01629 0.0346654 0)
(1.02196 0.0405917 0)
(1.02823 0.0463014 0)
(1.035 0.0517138 0)
(1.04216 0.0567533 0)
(1.04959 0.0613576 0)
(1.05718 0.0654823 0)
(1.06482 0.0691032 0)
(1.07241 0.0722157 0)
(1.07986 0.0748323 0)
(1.08709 0.0769793 0)
(1.09405 0.0786931 0)
(1.10069 0.0800123 0)
(1.10716 0.0808674 0)
(1.00008 0.00306419 0)
(1.00142 0.00904216 0)
(1.00396 0.0147961 0)
(1.00751 0.0204293 0)
(1.01191 0.0259698 0)
(1.01708 0.0313956 0)
(1.02289 0.0366565 0)
(1.02926 0.0416877 0)
(1.03606 0.0464216 0)
(1.04318 0.0507971 0)
(1.05051 0.0547661 0)
(1.05793 0.0582974 0)
(1.06534 0.0613769 0)
(1.07266 0.0640071 0)
(1.07979 0.0662044 0)
(1.08669 0.0679961 0)
(1.09329 0.0694168 0)
(1.09957 0.0705021 0)
(1.10565 0.0711938 0)
(1.00008 0.00274463 0)
(1.00149 0.00809733 0)
(1.00416 0.013233 0)
(1.00786 0.0182374 0)
(1.01243 0.0231322 0)
(1.01773 0.0278959 0)
(1.02366 0.0324842 0)
(1.03008 0.0368423 0)
(1.03689 0.040915 0)
(1.04396 0.0446542 0)
(1.05117 0.0480241 0)
(1.05842 0.0510035 0)
(1.06561 0.0535861 0)
(1.07267 0.0557792 0)
(1.07951 0.057601 0)
(1.0861 0.0590779 0)
(1.09238 0.0602417 0)
(1.09834 0.0611243 0)
(1.10407 0.0616776 0)
(1.00008 0.00239579 0)
(1.00156 0.00706701 0)
(1.00432 0.0115358 0)
(1.00815 0.0158717 0)
(1.01285 0.0200912 0)
(1.01827 0.0241746 0)
(1.02427 0.0280841 0)
(1.03073 0.0317747 0)
(1.03752 0.0352024 0)
(1.04452 0.0383307 0)
(1.05161 0.0411336 0)
(1.0587 0.0435979 0)
(1.06568 0.0457227 0)
(1.0725 0.0475176 0)
(1.07909 0.049001 0)
(1.0854 0.0501973 0)
(1.0914 0.0511347 0)
(1.09707 0.0518408 0)
(1.1025 0.0522762 0)
(1.00009 0.0020184 0)
(1.00161 0.00595349 0)
(1.00446 0.00970829 0)
(1.00839 0.0133373 0)
(1.01319 0.0168532 0)
(1.01869 0.0202389 0)
(1.02475 0.0234633 0)
(1.03122 0.0264907 0)
(1.03798 0.0292875 0)
(1.04491 0.0318266 0)
(1.05188 0.0340901 0)
(1.05881 0.0360706 0)
(1.06562 0.0377702 0)
(1.07222 0.0391995 0)
(1.07858 0.0403754 0)
(1.08465 0.0413194 0)
(1.09041 0.0420553 0)
(1.09584 0.0426063 0)
(1.10101 0.0429409 0)
(1.00009 0.00161333 0)
(1.00165 0.00475945 0)
(1.00457 0.0077545 0)
(1.00858 0.0106395 0)
(1.01345 0.0134241 0)
(1.01901 0.0160945 0)
(1.02511 0.0186262 0)
(1.03158 0.0209924 0)
(1.03831 0.0231685 0)
(1.04516 0.0251354 0)
(1.05203 0.0268814 0)
(1.05882 0.0284029 0)
(1.06546 0.0297035 0)
(1.07189 0.0307931 0)
(1.07806 0.0316862 0)
(1.08393 0.0324004 0)
(1.08949 0.0329547 0)
(1.09472 0.0333676 0)
(1.09967 0.0336149 0)
(1.00009 0.00118148 0)
(1.00169 0.00348781 0)
(1.00465 0.0056788 0)
(1.00872 0.00778324 0)
(1.01365 0.00980866 0)
(1.01925 0.0117446 0)
(1.02536 0.0135735 0)
(1.03183 0.0152765 0)
(1.03852 0.0168372 0)
(1.04531 0.0182429 0)
(1.05209 0.0194865 0)
(1.05877 0.0205668 0)
(1.06528 0.0214874 0)
(1.07157 0.0222564 0)
(1.07758 0.0228848 0)
(1.0833 0.0233857 0)
(1.0887 0.0237732 0)
(1.09378 0.0240604 0)
(1.09857 0.0242302 0)
(1.0001 0.000724047 0)
(1.00171 0.0021417 0)
(1.00471 0.00348559 0)
(1.00881 0.00477336 0)
(1.01378 0.00601049 0)
(1.0194 0.00719035 0)
(1.02552 0.0083021 0)
(1.03198 0.00933467 0)
(1.03864 0.0102784 0)
(1.04539 0.0111264 0)
(1.0521 0.0118749 0)
(1.0587 0.0125235 0)
(1.06512 0.0130751 0)
(1.07131 0.0135349 0)
(1.07722 0.0139098 0)
(1.08282 0.0142082 0)
(1.08812 0.0144385 0)
(1.09309 0.0146089 0)
(1.09775 0.0147089 0)
(1.0001 0.000244542 0)
(1.00172 0.000725219 0)
(1.00473 0.0011801 0)
(1.00886 0.00161531 0)
(1.01384 0.00203307 0)
(1.01948 0.00243106 0)
(1.0256 0.00280555 0)
(1.03206 0.00315287 0)
(1.0387 0.00346988 0)
(1.04542 0.00375432 0)
(1.0521 0.00400506 0)
(1.05866 0.00422209 0)
(1.06503 0.00440644 0)
(1.07116 0.00455993 0)
(1.07701 0.004685 0)
(1.08256 0.00478444 0)
(1.0878 0.00486125 0)
(1.09271 0.00491822 0)
(1.09732 0.00495155 0)
(0.999928 6.2539e-05 1.67319e-21)
(0.997703 0.000188686 -6.53784e-22)
(0.993301 0.000323536 6.95203e-22)
(0.987156 0.000472133 5.55234e-22)
(0.979196 0.000642448 1.06746e-21)
(0.969494 0.000840777 2.40554e-21)
(0.957962 0.00107465 1.35261e-21)
(0.944529 0.00135209 1.61211e-21)
(0.929065 0.00168272 -5.17663e-22)
(0.911424 0.00207763 -8.46552e-22)
(0.891423 0.00255025 2.44082e-21)
(0.868853 0.00311611 -3.21954e-21)
(0.843476 0.00379418 6.3372e-21)
(0.815024 0.00460576 -3.10828e-21)
(0.7832 0.00557548 1.64537e-22)
(0.747697 0.00672711 7.43572e-22)
(0.708209 0.00807291 -2.50679e-21)
(0.664625 0.00958732 9.46165e-21)
(0.616968 0.0111398 -3.17658e-21)
(0.999927 0.000187628 -2.94562e-21)
(0.997704 0.000566045 -4.91628e-21)
(0.993303 0.000970559 -2.51519e-21)
(0.987161 0.00141629 -2.3783e-21)
(0.979204 0.0019272 -4.35031e-21)
(0.969508 0.00252212 -6.28914e-21)
(0.957984 0.00322367 -3.60194e-21)
(0.944562 0.00405589 3.5532e-22)
(0.929114 0.00504765 -3.63611e-23)
(0.911494 0.00623217 6.35976e-21)
(0.891521 0.0076497 -8.26579e-21)
(0.868991 0.00934674 5.03801e-21)
(0.843668 0.01138 -4.32043e-21)
(0.815289 0.0138134 -2.50849e-21)
(0.783563 0.0167203 -1.28653e-21)
(0.74819 0.0201718 7.80438e-21)
(0.708873 0.0242039 -1.35288e-20)
(0.665502 0.0287396 1.67674e-20)
(0.618104 0.033387 -2.89007e-21)
(0.999927 0.00031275 1.57865e-21)
(0.997704 0.000943363 1.1426e-20)
(0.993307 0.00161744 -3.00853e-21)
(0.98717 0.00236011 -1.77237e-21)
(0.979221 0.0032115 9.61826e-21)
(0.969536 0.00420282 5.26947e-21)
(0.958028 0.00537183 8.50967e-22)
(0.944629 0.00675856 -1.89976e-21)
(0.929211 0.00841106 -3.22022e-22)
(0.911633 0.0103846 -4.20566e-21)
(0.891718 0.012746 1.34434e-21)
(0.869268 0.0155725 2.22756e-21)
(0.844052 0.0189584 -9.83461e-22)
(0.815819 0.0230092 7.23971e-21)
(0.784289 0.0278468 3.4827e-21)
(0.749177 0.0335877 -9.8599e-21)
(0.710201 0.0402904 -8.16973e-21)
(0.667256 0.0478247 -5.82448e-21)
(0.620373 0.0555369 1.75857e-20)
(0.999927 0.000437926 7.16979e-21)
(0.997705 0.00132061 -5.74055e-22)
(0.993313 0.00226407 -6.24253e-21)
(0.987183 0.00330341 6.91065e-22)
(0.979246 0.00449505 -2.60999e-21)
(0.969579 0.00588245 9.44432e-22)
(0.958095 0.00751857 6.2507e-21)
(0.944729 0.00945933 -9.09565e-21)
(0.929357 0.0117719 2.52777e-21)
(0.911843 0.0145334 -3.77042e-21)
(0.892015 0.017837 -6.79461e-21)
(0.869683 0.0217903 1.05862e-20)
(0.844629 0.0265244 -7.05588e-21)
(0.816614 0.0321856 1.64577e-20)
(0.785379 0.0389428 -2.14644e-20)
(0.750656 0.0469558 -3.62272e-21)
(0.712191 0.0563028 7.72925e-21)
(0.669884 0.0667982 -5.55462e-21)
(0.623771 0.077525 1.70337e-20)
(0.999926 0.000563175 -8.56045e-21)
(0.997707 0.00169776 -9.51606e-21)
(0.99332 0.00291035 4.91884e-21)
(0.987201 0.00424619 -1.45425e-20)
(0.97928 0.00577754 -6.30426e-21)
(0.969636 0.00756057 -9.08882e-21)
(0.958184 0.00966328 -9.46568e-21)
(0.944863 0.0121574 7.43244e-21)
(0.929553 0.0151291 5.38863e-21)
(0.912123 0.0186771 -6.98713e-21)
(0.892411 0.0229206 -5.01678e-21)
(0.870238 0.0279969 1.42099e-20)
(0.845399 0.0340729 1.91485e-20)
(0.817676 0.0413345 -2.25793e-20)
(0.786833 0.0499958 -1.93512e-20)
(0.752629 0.060257 5.83876e-20)
(0.714842 0.0722117 -1.72015e-20)
(0.673381 0.0856156 -2.32057e-20)
(0.62829 0.0992875 7.54978e-22)
(0.999925 0.000688515 -7.66802e-21)
(0.997709 0.00207477 -3.52982e-21)
(0.99333 0.00355616 1.27968e-20)
(0.987223 0.00518826 3.06318e-20)
(0.979322 0.00705867 -4.66451e-21)
(0.969708 0.00923672 3.00236e-21)
(0.958296 0.0118054 1.6859e-20)
(0.945032 0.0148521 -4.53359e-21)
(0.929799 0.0184817 3.01681e-21)
(0.912475 0.0228143 2.64476e-20)
(0.892908 0.0279947 -2.89429e-20)
(0.870933 0.0341889 8.19979e-21)
(0.846364 0.041599 -9.87172e-21)
(0.819006 0.0504481 2.94079e-20)
(0.788651 0.0609938 -1.25315e-20)
(0.755095 0.073472 -5.24386e-21)
(0.718154 0.0879875 -5.90298e-21)
(0.677744 0.104233 2.58317e-20)
(0.63392 0.120761 -2.31639e-20)
(0.999924 0.000813961 2.42877e-20)
(0.997711 0.0024516 -9.23037e-21)
(0.993341 0.00420133 -3.39788e-21)
(0.987251 0.00612699 -2.03862e-20)
(0.979374 0.00833805 1.30856e-21)
(0.969795 0.0109104 -6.19833e-21)
(0.958432 0.0139442 -2.62702e-21)
(0.945235 0.0175425 -1.5804e-20)
(0.930095 0.0218286 -4.65243e-21)
(0.9129 0.0269436 2.38625e-20)
(0.893507 0.033057 -2.77536e-20)
(0.871771 0.0403632 2.7573e-20)
(0.847526 0.0490975 -4.09361e-20)
(0.820605 0.0595185 2.12301e-20)
(0.790837 0.0719244 -2.18603e-20)
(0.758055 0.0865817 -7.74941e-21)
(0.722124 0.103601 3.47807e-21)
(0.682965 0.122607 4.45344e-21)
(0.640648 0.141885 2.61253e-20)
(0.999923 0.000939524 -2.28333e-20)
(0.997714 0.00282823 1.10214e-21)
(0.993355 0.00484576 1.32528e-20)
(0.987284 0.00705699 -1.32166e-20)
(0.979436 0.00961516 1.54443e-20)
(0.969897 0.0125812 -4.96062e-21)
(0.958593 0.0160792 -2.64755e-20)
(0.945475 0.0202277 2.45489e-20)
(0.930444 0.0251685 -2.29737e-21)
(0.913398 0.0310633 -1.38583e-21)
(0.89421 0.0381055 -8.28351e-21)
(0.872752 0.0465165 -9.82742e-21)
(0.848885 0.0565635 2.44818e-20)
(0.822475 0.0685379 1.36248e-20)
(0.79339 0.0827752 -3.14015e-20)
(0.761509 0.0995669 3.74255e-20)
(0.726751 0.119024 -2.8786e-20)
(0.689039 0.140695 1.09159e-19)
(0.648459 0.162597 -1.6913e-19)
(0.999921 0.00106521 2.80583e-21)
(0.997717 0.0032046 -3.37463e-21)
(0.99337 0.00548939 -3.17326e-20)
(0.987322 0.0079943 9.18398e-21)
(0.979509 0.0108899 1.29061e-22)
(0.970016 0.0142486 1.48054e-20)
(0.958778 0.0182096 -4.07072e-21)
(0.945752 0.022907 2.14149e-20)
(0.930847 0.0285005 -1.25171e-20)
(0.913972 0.0351719 -1.51729e-20)
(0.895018 0.0431378 2.6496e-21)
(0.87388 0.0526454 9.66605e-21)
(0.850445 0.0639917 -1.18007e-20)
(0.824619 0.0774981 -3.27397e-20)
(0.796312 0.093534 2.48424e-20)
(0.765459 0.112409 6.39185e-21)
(0.732032 0.134226 -7.63891e-20)
(0.695956 0.158454 4.23997e-21)
(0.657337 0.182839 2.21182e-20)
(0.99992 0.00119103 3.04104e-21)
(0.997721 0.00358065 -3.70107e-22)
(0.993389 0.00613194 -4.33577e-21)
(0.987365 0.00893887 1.01431e-20)
(0.979591 0.012162 -5.12342e-21)
(0.970152 0.0159119 -4.24982e-21)
(0.95899 0.0203347 1.83665e-20)
(0.946068 0.0255794 -6.93615e-21)
(0.931305 0.0318233 5.23302e-21)
(0.914625 0.0392678 3.01136e-20)
(0.895935 0.0481517 -1.06511e-20)
(0.875157 0.0587465 1.70221e-20)
(0.852209 0.0713771 -4.92068e-20)
(0.827039 0.0863913 2.00408e-20)
(0.799608 0.104188 7.17157e-21)
(0.769905 0.125087 5.68035e-20)
(0.737964 0.14918 -3.43569e-20)
(0.703709 0.175842 1.2321e-20)
(0.667262 0.202555 -7.26366e-21)
(0.999919 0.00131696 9.35877e-21)
(0.997725 0.0039563 2.94921e-20)
(0.993411 0.00677328 -4.11684e-21)
(0.987415 0.00987421 -5.10337e-21)
(0.979684 0.0134305 -8.82529e-21)
(0.970306 0.0175706 -9.28305e-21)
(0.959229 0.0224537 -1.55896e-20)
(0.946423 0.0282439 9.63794e-21)
(0.93182 0.0351357 1.84601e-20)
(0.915357 0.0433493 -7.0852e-21)
(0.896963 0.0531449 -7.27135e-22)
(0.876587 0.0648165 -1.0578e-20)
(0.85418 0.0787143 -8.13783e-21)
(0.82974 0.0952092 1.08978e-20)
(0.803278 0.114725 4.75592e-20)
(0.774849 0.137584 -4.49119e-20)
(0.744546 0.163858 9.2083e-21)
(0.712288 0.19282 -3.37427e-20)
(0.678213 0.22169 1.28e-19)
(0.999917 0.00144302 -2.87697e-20)
(0.997731 0.00433144 -2.36156e-20)
(0.993435 0.0074132 2.5232e-20)
(0.987472 0.0108047 -1.10375e-20)
(0.979788 0.0146952 1.13741e-20)
(0.970479 0.0192241 2.96701e-20)
(0.959496 0.0245659 -1.12609e-20)
(0.946821 0.0308996 2.53534e-20)
(0.932394 0.0384363 1.85317e-20)
(0.916172 0.0474147 -4.36239e-21)
(0.898105 0.0581149 -4.28239e-23)
(0.878172 0.0708518 -3.0977e-20)
(0.856363 0.0859981 4.36561e-20)
(0.832725 0.103944 -2.73445e-20)
(0.807327 0.125133 -1.17095e-20)
(0.780293 0.149879 -3.5565e-20)
(0.751774 0.178232 9.75844e-20)
(0.721682 0.209348 -6.61828e-20)
(0.690167 0.240194 -3.25402e-20)
(0.999916 0.00156917 5.82629e-21)
(0.997737 0.00470595 -4.84043e-21)
(0.993464 0.00805138 1.9927e-20)
(0.987535 0.0117325 4.13859e-20)
(0.979906 0.0159554 1.32916e-20)
(0.970672 0.0208716 -1.04638e-20)
(0.959794 0.0266703 -4.71176e-21)
(0.947262 0.0335452 -2.29717e-20)
(0.933031 0.0417238 -2.52996e-21)
(0.917074 0.0514622 -4.60572e-20)
(0.899366 0.0630592 1.80456e-20)
(0.879919 0.0768489 -3.19085e-20)
(0.858763 0.0932232 -2.1612e-20)
(0.836001 0.112587 1.07326e-19)
(0.81176 0.135398 -5.07303e-20)
(0.78624 0.161955 5.37749e-20)
(0.759647 0.192275 -4.98565e-20)
(0.731882 0.225388 4.60385e-21)
(0.703098 0.258019 -4.51773e-20)
(0.999915 0.00169538 9.06848e-22)
(0.997744 0.00507969 2.00647e-20)
(0.993495 0.00868717 -2.05795e-20)
(0.987607 0.012657 -4.33598e-20)
(0.980037 0.0172107 -2.69455e-20)
(0.970887 0.0225125 -9.85483e-21)
(0.960125 0.0287661 -1.01067e-20)
(0.94775 0.0361797 -1.61448e-20)
(0.933733 0.0449967 2.63535e-20)
(0.918066 0.0554899 1.77695e-20)
(0.90075 0.0679753 5.38034e-21)
(0.881832 0.0828041 7.02612e-21)
(0.861386 0.100384 -5.0681e-20)
(0.839572 0.12113 2.39975e-20)
(0.816581 0.145509 -3.85163e-21)
(0.792692 0.173791 3.17789e-20)
(0.768161 0.205961 -5.3044e-20)
(0.742875 0.240902 -2.1281e-20)
(0.716979 0.275123 -5.56166e-22)
(0.999913 0.00182163 2.58272e-20)
(0.997753 0.00545254 5.39515e-21)
(0.993531 0.00932019 3.16626e-20)
(0.987687 0.0135776 -1.41389e-20)
(0.980182 0.0184604 2.14987e-20)
(0.971125 0.0241458 3.02192e-21)
(0.960489 0.0308521 7.85542e-21)
(0.948287 0.0388017 -1.15173e-20)
(0.934504 0.0482533 1.61789e-20)
(0.919153 0.0594957 -2.9159e-20)
(0.902263 0.0728604 1.67219e-21)
(0.883919 0.0887136 5.52054e-20)
(0.864239 0.107475 1.32118e-21)
(0.843447 0.129566 -3.20957e-20)
(0.821796 0.155452 -7.18495e-21)
(0.799653 0.18537 8.0439e-21)
(0.777313 0.219265 -1.35735e-20)
(0.754653 0.255857 -4.08682e-21)
(0.73178 0.29147 -2.86318e-20)
(0.999912 0.00194787 -6.98814e-21)
(0.997763 0.00582446 1.59073e-20)
(0.993572 0.00995198 -8.73038e-21)
(0.987776 0.0144938 3.80651e-20)
(0.980344 0.0197038 -2.7721e-20)
(0.971388 0.0257707 3.07864e-20)
(0.960891 0.0329273 7.00149e-21)
(0.948878 0.0414098 9.00905e-21)
(0.935349 0.051492 6.39167e-21)
(0.920342 0.0634773 -2.99166e-20)
(0.903913 0.0777115 1.04767e-20)
(0.886187 0.0945734 -2.72963e-20)
(0.86733 0.114491 6.25458e-21)
(0.847633 0.137885 -1.00303e-20)
(0.827413 0.165216 7.95326e-20)
(0.807127 0.196672 -1.0344e-19)
(0.787099 0.232162 3.74394e-20)
(0.767202 0.270218 2.21987e-20)
(0.747469 0.307028 6.01258e-21)
(0.999911 0.00207402 9.15597e-22)
(0.997774 0.00619526 -1.56685e-20)
(0.993618 0.0105818 -2.37183e-20)
(0.987876 0.0154052 -2.1219e-20)
(0.980524 0.0209403 4.30891e-21)
(0.971678 0.0273862 -2.54417e-21)
(0.961334 0.0349904 -1.07291e-20)
(0.949525 0.0440026 1.76605e-20)
(0.936273 0.0547108 2.03422e-21)
(0.921637 0.0674326 -2.52303e-20)
(0.905707 0.0825259 1.51227e-20)
(0.888645 0.10038 9.63159e-21)
(0.870671 0.121425 1.55792e-20)
(0.85214 0.14608 -3.18371e-20)
(0.833439 0.174786 9.79382e-21)
(0.815118 0.207682 3.65467e-20)
(0.797516 0.244629 -3.87993e-23)
(0.780512 0.283956 -6.95833e-20)
(0.764011 0.321776 4.56125e-20)
(0.99991 0.00219998 -5.13449e-21)
(0.997788 0.00656354 5.23381e-21)
(0.99367 0.0112075 -5.0815e-21)
(0.987987 0.0163112 9.48707e-21)
(0.980723 0.022169 -1.08009e-20)
(0.971999 0.0289914 3.06656e-21)
(0.961819 0.0370404 1.95789e-20)
(0.950234 0.0465787 -1.22898e-21)
(0.937282 0.0579082 -3.02762e-20)
(0.923048 0.0713594 -1.99407e-20)
(0.907653 0.0873009 -7.00239e-21)
(0.891305 0.106129 2.00695e-20)
(0.874273 0.128274 -5.30785e-21)
(0.856981 0.154144 3.67162e-20)
(0.839884 0.184154 -4.82865e-20)
(0.823629 0.218384 6.02553e-20)
(0.808557 0.256644 -5.11963e-20)
(0.79457 0.297045 6.76377e-20)
(0.781367 0.335701 -6.41605e-20)
(0.99991 0.00232567 2.22417e-21)
(0.997805 0.00692675 -1.27047e-20)
(0.993729 0.011829 1.40899e-20)
(0.988112 0.0172108 -3.84131e-21)
(0.980943 0.0233888 1.12676e-20)
(0.972351 0.030585 -6.68279e-21)
(0.962352 0.0390754 7.00522e-21)
(0.95101 0.0491359 -4.58134e-20)
(0.938383 0.0610816 1.81932e-20)
(0.924582 0.0752547 -2.12562e-20)
(0.909764 0.092033 3.70581e-20)
(0.894178 0.111817 2.00837e-20)
(0.878149 0.135032 -3.33056e-20)
(0.862167 0.162069 4.54546e-20)
(0.846758 0.193309 -2.04977e-20)
(0.832663 0.228763 3.39274e-20)
(0.820216 0.268188 -2.7964e-20)
(0.809363 0.309467 4.17133e-20)
(0.799492 0.348806 -5.14243e-20)
(0.999909 0.00245094 -8.73146e-21)
(0.997824 0.00729172 2.98159e-20)
(0.993796 0.0124457 -8.74564e-22)
(0.988251 0.018103 5.90153e-21)
(0.981187 0.024598 7.30246e-21)
(0.97274 0.0321642 -4.14037e-21)
(0.962937 0.041092 3.68304e-21)
(0.951859 0.0516695 -1.21163e-20)
(0.939584 0.0642246 -1.63403e-20)
(0.926251 0.0791105 2.25774e-20)
(0.912052 0.0967119 -4.87431e-20)
(0.897281 0.117431 1.94531e-20)
(0.882316 0.141682 -4.79976e-21)
(0.867715 0.169837 -1.34365e-20)
(0.854073 0.202226 3.07337e-20)
(0.842221 0.238793 2.04934e-20)
(0.83248 0.279228 -3.871e-20)
(0.824875 0.32119 -5.82262e-20)
(0.818336 0.361093 8.02186e-20)
(0.999909 0.00257559 3.90719e-21)
(0.997847 0.00765806 -3.41001e-20)
(0.993871 0.0130574 4.50516e-21)
(0.988406 0.0189869 -5.60478e-22)
(0.981458 0.0257953 -7.69158e-21)
(0.973169 0.0337272 1.74082e-20)
(0.96358 0.0430872 1.14977e-20)
(0.952787 0.0541754 -1.42293e-20)
(0.940893 0.0673316 -1.56611e-20)
(0.928065 0.0829187 1.49936e-20)
(0.914531 0.101327 1.37105e-20)
(0.900629 0.122956 2.53735e-20)
(0.886792 0.148207 1.94181e-21)
(0.873641 0.177422 3.14251e-21)
(0.861838 0.210876 -1.7183e-20)
(0.852301 0.248436 1.58174e-20)
(0.845332 0.289717 -1.77282e-20)
(0.841089 0.332178 7.08695e-20)
(0.837845 0.372556 -4.43308e-20)
(0.99991 0.00269983 -4.14072e-21)
(0.997874 0.00801953 9.3042e-21)
(0.993957 0.0136661 9.96617e-22)
(0.98858 0.0198663 -5.20869e-21)
(0.981758 0.0269868 -1.67618e-20)
(0.973641 0.0352835 8.65314e-21)
(0.964285 0.0450746 -2.88505e-20)
(0.953803 0.0566725 2.46325e-20)
(0.942322 0.0704282 -5.95629e-21)
(0.930038 0.0867133 7.09979e-21)
(0.917218 0.105921 -3.23471e-20)
(0.904242 0.128449 -7.81541e-21)
(0.891598 0.154676 6.21664e-21)
(0.879964 0.184909 2.20644e-20)
(0.870066 0.219353 -7.13548e-22)
(0.862896 0.257798 -7.92057e-20)
(0.858744 0.299757 1.8305e-19)
(0.857978 0.342552 7.15195e-21)
(0.857957 0.383318 -7.15799e-20)
(0.999912 0.00282394 -1.31647e-23)
(0.997907 0.00837999 -7.63704e-22)
(0.994055 0.0142755 2.04298e-21)
(0.988775 0.0207487 7.55382e-21)
(0.982091 0.0281853 -6.30377e-21)
(0.974163 0.036853 1.63039e-20)
(0.96506 0.0470848 2.3749e-20)
(0.954917 0.0592052 -2.65427e-20)
(0.943883 0.0735772 3.2712e-21)
(0.932188 0.090581 3.59499e-22)
(0.920134 0.110613 -4.12811e-21)
(0.908147 0.134062 2.58517e-20)
(0.896763 0.161284 -6.7742e-21)
(0.886711 0.192541 -1.3227e-20)
(0.878771 0.22795 1.02043e-20)
(0.873994 0.267204 -2.49424e-20)
(0.872669 0.309679 -3.62951e-20)
(0.875501 0.352671 1.31375e-19)
(0.878527 0.393808 -6.08685e-20)
(0.999915 0.00294506 2.26471e-21)
(0.997947 0.00873081 -2.644e-21)
(0.994168 0.0148665 -4.90004e-21)
(0.988995 0.0216027 1.67359e-21)
(0.982464 0.0293437 9.2055e-21)
(0.974742 0.038369 -2.83054e-20)
(0.965918 0.0490255 2.05522e-21)
(0.956144 0.0616493 3.71332e-20)
(0.945599 0.0766141 -6.75535e-21)
(0.934542 0.0943069 9.01254e-21)
(0.923315 0.115124 -1.19934e-20)
(0.912385 0.139444 -4.48852e-21)
(0.902332 0.167593 -2.33047e-20)
(0.893927 0.199782 3.64749e-21)
(0.887981 0.236029 6.02407e-20)
(0.885583 0.27592 2.38999e-20)
(0.887026 0.318635 -1.74047e-19)
(0.89361 0.361606 1.13917e-19)
(0.899262 0.40311 -6.98216e-20)
(0.999915 -0.00294506 4.24662e-21)
(0.997947 -0.00873081 2.77157e-22)
(0.994168 -0.0148665 -1.48756e-21)
(0.988995 -0.0216027 -5.11863e-21)
(0.982464 -0.0293437 -9.24828e-21)
(0.974742 -0.038369 2.53957e-20)
(0.965918 -0.0490255 1.11878e-21)
(0.956144 -0.0616493 -3.71643e-20)
(0.945599 -0.0766141 9.51571e-21)
(0.934542 -0.0943069 -1.36468e-20)
(0.923315 -0.115124 1.40074e-20)
(0.912385 -0.139444 6.5183e-21)
(0.902332 -0.167593 2.08732e-20)
(0.893927 -0.199782 -4.57526e-21)
(0.887981 -0.236029 -5.82808e-20)
(0.885583 -0.27592 -1.83739e-20)
(0.887026 -0.318635 1.68465e-19)
(0.89361 -0.361606 -1.13821e-19)
(0.899262 -0.40311 6.68397e-20)
(0.999912 -0.00282394 3.72681e-21)
(0.997907 -0.00837999 1.18983e-21)
(0.994055 -0.0142755 2.58979e-21)
(0.988775 -0.0207487 2.56763e-21)
(0.982091 -0.0281853 1.52205e-20)
(0.974163 -0.036853 2.6557e-21)
(0.96506 -0.0470848 -2.61243e-20)
(0.954917 -0.0592052 3.01726e-20)
(0.943883 -0.0735772 -9.03503e-21)
(0.932188 -0.090581 8.07289e-22)
(0.920134 -0.110613 7.35765e-21)
(0.908147 -0.134062 -2.35054e-20)
(0.896763 -0.161284 5.86254e-21)
(0.886711 -0.192541 3.81824e-21)
(0.878771 -0.22795 -1.99145e-20)
(0.873994 -0.267204 -9.49458e-20)
(0.872669 -0.309679 1.66925e-19)
(0.875501 -0.352671 -1.23466e-19)
(0.878527 -0.393808 5.92949e-20)
(0.99991 -0.00269983 -5.96325e-21)
(0.997874 -0.00801953 1.47799e-20)
(0.993957 -0.0136661 -1.26186e-20)
(0.98858 -0.0198663 -2.42228e-21)
(0.981758 -0.0269868 1.92733e-22)
(0.973641 -0.0352835 -2.04602e-20)
(0.964285 -0.0450746 7.15098e-21)
(0.953803 -0.0566725 -2.63783e-20)
(0.942322 -0.0704282 1.6324e-20)
(0.930038 -0.0867133 -1.48924e-20)
(0.917218 -0.105921 2.56556e-20)
(0.904242 -0.128449 -3.22733e-21)
(0.891598 -0.154676 -3.53559e-21)
(0.879964 -0.184909 -1.72898e-20)
(0.870066 -0.219353 -3.60165e-21)
(0.862896 -0.257798 8.9117e-20)
(0.858744 -0.299757 -6.3219e-20)
(0.857978 -0.342552 -1.30599e-19)
(0.857957 -0.383318 8.04517e-20)
(0.999909 -0.00257559 2.47607e-21)
(0.997847 -0.00765806 -3.54214e-20)
(0.993871 -0.0130574 1.11656e-21)
(0.988406 -0.0189869 1.17615e-21)
(0.981458 -0.0257953 -2.10597e-21)
(0.973169 -0.0337272 4.19806e-21)
(0.96358 -0.0430872 1.24845e-20)
(0.952787 -0.0541754 2.33304e-21)
(0.940893 -0.0673316 2.62079e-20)
(0.928065 -0.0829187 -3.26429e-20)
(0.914531 -0.101327 4.53487e-20)
(0.900629 -0.122956 -1.30637e-20)
(0.886792 -0.148207 -7.55172e-21)
(0.873641 -0.177422 9.1392e-21)
(0.861838 -0.210876 1.1952e-20)
(0.852301 -0.248436 -1.60708e-20)
(0.845332 -0.289716 1.34825e-20)
(0.841089 -0.332178 -8.70168e-20)
(0.837845 -0.372556 3.66954e-20)
(0.999909 -0.00245094 -8.15084e-21)
(0.997824 -0.00729172 2.69687e-20)
(0.993796 -0.0124457 -3.82026e-21)
(0.988251 -0.018103 1.67748e-20)
(0.981187 -0.024598 9.25192e-21)
(0.97274 -0.0321642 -3.62441e-20)
(0.962937 -0.041092 3.11086e-20)
(0.951859 -0.0516695 8.11961e-21)
(0.939584 -0.0642246 -4.02403e-21)
(0.926251 -0.0791105 -7.1082e-21)
(0.912052 -0.0967119 7.43798e-21)
(0.897281 -0.117431 -2.70319e-20)
(0.882316 -0.141682 -3.50507e-21)
(0.867715 -0.169837 -4.69956e-21)
(0.854073 -0.202226 -7.49856e-21)
(0.842221 -0.238793 -1.02917e-20)
(0.83248 -0.279228 4.03652e-20)
(0.824875 -0.32119 6.17325e-20)
(0.818336 -0.361093 -9.47799e-20)
(0.99991 -0.00232567 2.12626e-21)
(0.997805 -0.00692675 -1.2028e-20)
(0.993729 -0.011829 1.47998e-20)
(0.988112 -0.0172108 -1.2398e-20)
(0.980943 -0.0233888 1.30511e-20)
(0.972351 -0.030585 1.38095e-20)
(0.962352 -0.0390754 -4.90381e-20)
(0.95101 -0.0491359 4.48678e-20)
(0.938383 -0.0610816 4.1994e-21)
(0.924582 -0.0752547 -1.49453e-20)
(0.909764 -0.092033 -1.1038e-20)
(0.894178 -0.111817 -6.78885e-21)
(0.878149 -0.135032 5.97705e-20)
(0.862167 -0.162069 -2.69183e-20)
(0.846758 -0.193309 -2.2494e-21)
(0.832663 -0.228763 -6.38497e-20)
(0.820216 -0.268188 3.79639e-20)
(0.809363 -0.309467 -3.82011e-20)
(0.799492 -0.348806 6.88595e-20)
(0.99991 -0.00219998 -6.59903e-21)
(0.997788 -0.00656354 1.24862e-21)
(0.99367 -0.0112075 -1.59881e-21)
(0.987987 -0.0163112 1.67202e-20)
(0.980723 -0.022169 -1.88412e-20)
(0.971999 -0.0289914 1.04282e-20)
(0.961819 -0.0370404 -9.96709e-21)
(0.950234 -0.0465787 -1.48324e-20)
(0.937282 -0.0579082 -9.18112e-21)
(0.923048 -0.0713594 2.9398e-20)
(0.907653 -0.0873009 2.50656e-20)
(0.891305 -0.106129 -3.68566e-20)
(0.874273 -0.128274 2.77764e-20)
(0.856981 -0.154144 -5.58589e-20)
(0.839884 -0.184154 5.1664e-20)
(0.823629 -0.218384 -4.98943e-20)
(0.808557 -0.256644 3.95745e-20)
(0.79457 -0.297045 -8.81334e-21)
(0.781367 -0.335701 -1.49147e-20)
(0.999911 -0.00207402 1.80853e-21)
(0.997774 -0.00619526 -1.69909e-20)
(0.993618 -0.0105818 -1.9675e-20)
(0.987876 -0.0154052 -2.66213e-20)
(0.980524 -0.0209403 9.85974e-21)
(0.971678 -0.0273862 -2.33103e-20)
(0.961334 -0.0349904 -1.47759e-20)
(0.949525 -0.0440026 2.37556e-20)
(0.936273 -0.0547108 -9.87349e-21)
(0.921637 -0.0674326 6.24774e-20)
(0.905707 -0.0825259 -2.50646e-20)
(0.888645 -0.10038 -4.97038e-20)
(0.870671 -0.121425 -4.60193e-21)
(0.85214 -0.14608 6.32359e-20)
(0.833439 -0.174786 -1.90138e-21)
(0.815118 -0.207682 -4.41033e-20)
(0.797516 -0.244629 5.06953e-21)
(0.780512 -0.283956 6.35118e-20)
(0.764011 -0.321776 -3.33291e-20)
(0.999912 -0.00194787 -4.42817e-21)
(0.997763 -0.00582446 1.2309e-20)
(0.993572 -0.00995198 -3.48684e-21)
(0.987776 -0.0144938 2.5539e-20)
(0.980344 -0.0197038 -1.01542e-20)
(0.971388 -0.0257706 1.9807e-20)
(0.960891 -0.0329273 2.41004e-20)
(0.948878 -0.0414098 -1.24646e-20)
(0.935349 -0.051492 9.7266e-21)
(0.920342 -0.0634773 -1.77765e-20)
(0.903913 -0.0777115 6.02113e-21)
(0.886187 -0.0945734 3.36376e-20)
(0.86733 -0.114491 -2.32968e-20)
(0.847633 -0.137885 -1.55024e-20)
(0.827413 -0.165216 -7.92572e-20)
(0.807127 -0.196672 1.24695e-19)
(0.787099 -0.232162 -5.35211e-20)
(0.767202 -0.270218 -2.1199e-20)
(0.747469 -0.307028 -1.96073e-20)
(0.999913 -0.00182163 2.64836e-20)
(0.997753 -0.00545254 5.14056e-21)
(0.993531 -0.00932019 3.28518e-20)
(0.987687 -0.0135776 -2.23448e-20)
(0.980182 -0.0184604 1.8341e-20)
(0.971125 -0.0241458 9.09186e-21)
(0.960489 -0.0308521 -6.86365e-21)
(0.948287 -0.0388017 2.98245e-20)
(0.934504 -0.0482533 -1.29613e-20)
(0.919153 -0.0594957 -9.10617e-21)
(0.902263 -0.0728603 7.13156e-21)
(0.883919 -0.0887136 -3.06763e-20)
(0.864239 -0.107475 9.94307e-21)
(0.843447 -0.129566 4.68275e-20)
(0.821796 -0.155452 1.24593e-20)
(0.799653 -0.18537 -2.94511e-20)
(0.777313 -0.219265 4.55141e-20)
(0.754653 -0.255857 -8.37536e-21)
(0.73178 -0.29147 2.77369e-20)
(0.999915 -0.00169538 1.3864e-22)
(0.997744 -0.00507969 2.67928e-20)
(0.993495 -0.00868717 -2.74126e-20)
(0.987607 -0.012657 -4.82542e-20)
(0.980037 -0.0172107 -8.94284e-21)
(0.970887 -0.0225125 -3.48003e-20)
(0.960125 -0.0287661 1.43749e-20)
(0.94775 -0.0361797 -5.42987e-21)
(0.933733 -0.0449967 -1.49218e-20)
(0.918066 -0.0554899 3.52691e-20)
(0.90075 -0.0679753 8.23959e-21)
(0.881832 -0.0828041 1.74929e-21)
(0.861386 -0.100384 2.34827e-20)
(0.839572 -0.12113 -5.13576e-20)
(0.816581 -0.145509 -5.40869e-21)
(0.792692 -0.173791 -2.10154e-20)
(0.768161 -0.205961 3.32428e-20)
(0.742875 -0.240902 6.42023e-20)
(0.716979 -0.275123 -3.62384e-22)
(0.999916 -0.00156917 6.81624e-21)
(0.997737 -0.00470594 -5.11322e-21)
(0.993464 -0.00805138 2.1789e-20)
(0.987535 -0.0117325 3.93655e-20)
(0.979906 -0.0159554 1.40169e-22)
(0.970672 -0.0208716 4.58047e-21)
(0.959794 -0.0266703 -1.62803e-20)
(0.947262 -0.0335452 -2.37032e-20)
(0.933031 -0.0417238 -2.46549e-20)
(0.917074 -0.0514622 1.79016e-20)
(0.899366 -0.0630592 -2.28957e-20)
(0.879919 -0.0768489 -1.31573e-20)
(0.858763 -0.0932232 5.09929e-20)
(0.836001 -0.112587 -7.21516e-20)
(0.81176 -0.135398 4.60865e-20)
(0.78624 -0.161955 -4.50648e-20)
(0.759647 -0.192275 4.78023e-20)
(0.731882 -0.225388 -2.26661e-20)
(0.703098 -0.258019 5.39134e-20)
(0.999917 -0.00144302 -3.12507e-20)
(0.997731 -0.00433144 -2.16851e-20)
(0.993435 -0.0074132 2.30305e-20)
(0.987472 -0.0108047 -2.70157e-21)
(0.979788 -0.0146951 1.40378e-21)
(0.970479 -0.0192241 1.42379e-20)
(0.959496 -0.0245659 2.22078e-20)
(0.946821 -0.0308996 3.37734e-21)
(0.932394 -0.0384363 7.96102e-21)
(0.916172 -0.0474147 -2.87152e-21)
(0.898105 -0.0581149 -2.01675e-20)
(0.878172 -0.0708518 3.4129e-20)
(0.856363 -0.0859981 -4.40743e-20)
(0.832725 -0.103944 1.44592e-20)
(0.807327 -0.125133 3.32144e-20)
(0.780293 -0.149879 1.1538e-20)
(0.751774 -0.178232 -1.0705e-19)
(0.721682 -0.209348 7.71626e-20)
(0.690167 -0.240194 3.72004e-20)
(0.999919 -0.00131696 1.12083e-20)
(0.997725 -0.0039563 2.76369e-20)
(0.993411 -0.00677328 -1.46894e-21)
(0.987415 -0.00987421 -1.58795e-21)
(0.979684 -0.0134305 -2.54631e-20)
(0.970306 -0.0175706 6.51322e-22)
(0.959229 -0.0224537 4.38805e-21)
(0.946423 -0.0282439 -1.31104e-20)
(0.93182 -0.0351357 -6.60684e-21)
(0.915357 -0.0433493 -1.4006e-21)
(0.896963 -0.0531449 1.35578e-20)
(0.876587 -0.0648165 2.77253e-20)
(0.85418 -0.0787143 -1.83427e-21)
(0.82974 -0.0952092 -8.45485e-21)
(0.803278 -0.114725 -6.43145e-20)
(0.774849 -0.137584 4.04754e-20)
(0.744546 -0.163858 2.34636e-20)
(0.712288 -0.19282 3.41542e-20)
(0.678213 -0.22169 -1.28849e-19)
(0.99992 -0.00119103 3.61579e-21)
(0.997721 -0.00358065 -3.43516e-21)
(0.993389 -0.00613194 -6.89501e-22)
(0.987365 -0.00893887 8.55012e-21)
(0.979591 -0.012162 -5.73266e-21)
(0.970152 -0.0159119 -1.89523e-20)
(0.95899 -0.0203347 2.46143e-20)
(0.946068 -0.0255794 1.53238e-20)
(0.931305 -0.0318233 -1.65054e-20)
(0.914625 -0.0392678 9.09242e-21)
(0.895935 -0.0481517 1.20656e-20)
(0.875157 -0.0587465 -6.1115e-21)
(0.852209 -0.0713771 7.75097e-20)
(0.827039 -0.0863913 -1.45611e-21)
(0.799608 -0.104188 2.67585e-21)
(0.769905 -0.125087 -5.52982e-20)
(0.737964 -0.14918 2.84286e-20)
(0.703709 -0.175842 -3.18645e-20)
(0.667262 -0.202555 -7.28644e-22)
(0.999921 -0.00106521 1.66365e-21)
(0.997717 -0.0032046 -3.0034e-21)
(0.99337 -0.00548939 -3.05708e-20)
(0.987322 -0.0079943 4.03252e-21)
(0.979509 -0.0108899 1.05328e-20)
(0.970016 -0.0142486 2.38082e-20)
(0.958778 -0.0182096 1.18711e-21)
(0.945752 -0.022907 -2.38809e-20)
(0.930847 -0.0285005 -9.63257e-21)
(0.913972 -0.0351719 1.43879e-20)
(0.895018 -0.0431378 -2.43383e-22)
(0.87388 -0.0526454 -2.41625e-20)
(0.850445 -0.0639917 -3.67877e-21)
(0.824619 -0.0774981 -1.37675e-20)
(0.796312 -0.093534 -1.43494e-20)
(0.765459 -0.112408 -1.50588e-20)
(0.732032 -0.134226 7.30869e-20)
(0.695956 -0.158454 -1.09751e-20)
(0.657337 -0.182839 -1.8541e-20)
(0.999923 -0.000939524 -2.36475e-20)
(0.997714 -0.00282823 1.48282e-21)
(0.993355 -0.00484576 6.47129e-21)
(0.987284 -0.00705699 -5.53332e-21)
(0.979436 -0.00961516 1.81272e-20)
(0.969897 -0.0125812 -7.87983e-21)
(0.958593 -0.0160792 -5.10629e-21)
(0.945475 -0.0202277 7.05432e-21)
(0.930444 -0.0251685 4.04033e-21)
(0.913398 -0.0310633 -2.77036e-20)
(0.89421 -0.0381055 -5.27184e-21)
(0.872752 -0.0465165 1.23811e-20)
(0.848885 -0.0565634 -2.10417e-21)
(0.822475 -0.0685379 2.29224e-20)
(0.79339 -0.0827752 1.21421e-20)
(0.761509 -0.0995669 -1.11709e-20)
(0.726751 -0.119024 2.13787e-20)
(0.689039 -0.140695 -8.77533e-20)
(0.648459 -0.162597 1.71046e-19)
(0.999924 -0.000813961 2.41413e-20)
(0.997711 -0.0024516 -8.13529e-21)
(0.993341 -0.00420133 -5.40213e-21)
(0.987251 -0.00612699 -2.5187e-20)
(0.979374 -0.00833805 1.22228e-20)
(0.969795 -0.0109104 -8.30295e-21)
(0.958432 -0.0139442 -5.84634e-21)
(0.945235 -0.0175425 -6.32642e-22)
(0.930095 -0.0218285 -2.87133e-22)
(0.9129 -0.0269436 -1.12329e-20)
(0.893507 -0.033057 2.11932e-20)
(0.871771 -0.0403632 -3.36948e-20)
(0.847526 -0.0490975 1.12652e-20)
(0.820605 -0.0595185 -5.71881e-20)
(0.790837 -0.0719244 2.72745e-20)
(0.758055 -0.0865817 1.24181e-21)
(0.722124 -0.103601 5.1016e-22)
(0.682965 -0.122607 -1.50103e-20)
(0.640648 -0.141885 -3.75219e-20)
(0.999925 -0.000688515 -6.96206e-21)
(0.997709 -0.00207477 -1.88603e-21)
(0.99333 -0.00355616 8.39938e-21)
(0.987223 -0.00518826 3.10155e-20)
(0.979322 -0.00705867 -8.65524e-21)
(0.969708 -0.00923672 1.39949e-20)
(0.958296 -0.0118054 5.93727e-21)
(0.945032 -0.0148521 -5.05296e-21)
(0.929799 -0.0184817 1.72586e-20)
(0.912475 -0.0228143 -9.5003e-21)
(0.892908 -0.0279947 2.8724e-20)
(0.870933 -0.0341889 -2.22684e-20)
(0.846364 -0.041599 6.12128e-21)
(0.819006 -0.0504481 -1.73673e-21)
(0.788651 -0.0609938 1.61468e-21)
(0.755095 -0.073472 5.92962e-21)
(0.718154 -0.0879875 -2.85341e-21)
(0.677744 -0.104233 -4.2128e-20)
(0.63392 -0.120761 2.94025e-20)
(0.999926 -0.000563175 -7.82981e-21)
(0.997707 -0.00169776 -9.6447e-21)
(0.99332 -0.00291035 1.78166e-21)
(0.987201 -0.00424619 -8.90098e-21)
(0.97928 -0.00577754 -9.82881e-21)
(0.969636 -0.00756057 -5.86141e-21)
(0.958184 -0.00966328 -1.30639e-20)
(0.944863 -0.0121574 7.44252e-21)
(0.929553 -0.0151291 -1.35563e-21)
(0.912123 -0.0186771 4.65202e-21)
(0.892411 -0.0229206 -6.24243e-21)
(0.870238 -0.0279969 -9.36496e-21)
(0.845399 -0.0340729 -2.06287e-22)
(0.817676 -0.0413345 4.39695e-21)
(0.786833 -0.0499958 3.51908e-20)
(0.752629 -0.060257 -4.39317e-20)
(0.714842 -0.0722117 2.59215e-20)
(0.673381 -0.0856156 4.30105e-20)
(0.62829 -0.0992875 2.84431e-21)
(0.999927 -0.000437926 6.85869e-21)
(0.997705 -0.00132061 5.40742e-22)
(0.993313 -0.00226407 -6.87498e-21)
(0.987183 -0.00330341 2.45289e-21)
(0.979246 -0.00449505 -4.71067e-21)
(0.969579 -0.00588245 -3.25906e-21)
(0.958095 -0.00751856 4.42307e-22)
(0.944729 -0.00945933 7.69249e-21)
(0.929357 -0.0117719 -9.63116e-21)
(0.911843 -0.0145334 -1.84665e-21)
(0.892015 -0.017837 1.09267e-20)
(0.869683 -0.0217903 -1.2887e-20)
(0.844629 -0.0265244 1.36162e-21)
(0.816614 -0.0321856 -7.30964e-21)
(0.785379 -0.0389427 1.82223e-20)
(0.750656 -0.0469558 -3.13401e-21)
(0.712191 -0.0563028 -3.78403e-21)
(0.669884 -0.0667982 1.02983e-20)
(0.623771 -0.077525 -2.72283e-20)
(0.999927 -0.00031275 1.72176e-21)
(0.997704 -0.000943363 1.07362e-20)
(0.993307 -0.00161744 -2.6384e-21)
(0.98717 -0.00236011 -3.33275e-21)
(0.979221 -0.0032115 1.2984e-20)
(0.969536 -0.00420282 4.15119e-21)
(0.958028 -0.00537183 4.47366e-21)
(0.944629 -0.00675856 -1.1089e-20)
(0.929211 -0.00841105 1.90862e-21)
(0.911633 -0.0103846 4.92094e-21)
(0.891718 -0.012746 -2.30025e-21)
(0.869268 -0.0155725 6.73094e-21)
(0.844052 -0.0189584 -2.77058e-21)
(0.815819 -0.0230092 -1.88584e-21)
(0.784289 -0.0278468 -1.62776e-21)
(0.749177 -0.0335877 1.321e-20)
(0.710201 -0.0402904 -3.73395e-21)
(0.667256 -0.0478247 -4.43194e-21)
(0.620373 -0.0555369 -1.18511e-20)
(0.999927 -0.000187628 -2.90138e-21)
(0.997704 -0.000566045 -5.58291e-21)
(0.993303 -0.000970559 -1.34589e-21)
(0.987161 -0.00141629 -1.96762e-21)
(0.979204 -0.00192719 -5.7359e-21)
(0.969508 -0.00252212 -4.01805e-21)
(0.957984 -0.00322367 -4.80441e-21)
(0.944562 -0.00405589 1.80483e-21)
(0.929114 -0.00504765 4.57591e-21)
(0.911494 -0.00623217 -6.0106e-21)
(0.891521 -0.00764969 3.91785e-21)
(0.868991 -0.00934673 1.35373e-21)
(0.843668 -0.01138 -2.26944e-21)
(0.815289 -0.0138134 2.48735e-22)
(0.783563 -0.0167203 -1.42906e-21)
(0.74819 -0.0201718 -1.33187e-20)
(0.708873 -0.0242039 1.73468e-20)
(0.665502 -0.0287396 -1.07505e-20)
(0.618104 -0.033387 6.19509e-21)
(0.999928 -6.25388e-05 1.70282e-21)
(0.997703 -0.000188686 -7.28795e-22)
(0.993301 -0.000323536 7.18708e-22)
(0.987156 -0.000472132 8.59351e-22)
(0.979196 -0.000642447 9.52034e-22)
(0.969494 -0.000840776 2.8221e-21)
(0.957962 -0.00107465 2.73946e-22)
(0.944529 -0.00135209 1.21182e-21)
(0.929065 -0.00168272 -5.23499e-23)
(0.911424 -0.00207763 -1.86635e-22)
(0.891423 -0.00255025 2.32845e-21)
(0.868853 -0.00311611 -2.92745e-21)
(0.843476 -0.00379417 6.58486e-21)
(0.815024 -0.00460575 -2.78728e-21)
(0.7832 -0.00557548 -5.53274e-21)
(0.747697 -0.0067271 7.39858e-21)
(0.708209 -0.0080729 -7.29651e-21)
(0.664625 -0.00958731 1.33288e-20)
(0.616968 -0.0111398 -1.0428e-20)
(1.0001 -0.000244542 0)
(1.00172 -0.000725219 0)
(1.00473 -0.0011801 0)
(1.00886 -0.00161531 0)
(1.01384 -0.00203307 0)
(1.01948 -0.00243106 0)
(1.0256 -0.00280555 0)
(1.03206 -0.00315287 0)
(1.0387 -0.00346988 0)
(1.04542 -0.00375432 0)
(1.0521 -0.00400506 0)
(1.05866 -0.00422209 0)
(1.06503 -0.00440644 0)
(1.07116 -0.00455993 0)
(1.07701 -0.004685 0)
(1.08256 -0.00478444 0)
(1.0878 -0.00486125 0)
(1.09271 -0.00491822 0)
(1.09732 -0.00495155 0)
(1.0001 -0.000724047 0)
(1.00171 -0.0021417 0)
(1.00471 -0.00348559 0)
(1.00881 -0.00477336 0)
(1.01378 -0.00601048 0)
(1.0194 -0.00719035 0)
(1.02552 -0.0083021 0)
(1.03198 -0.00933467 0)
(1.03864 -0.0102784 0)
(1.04539 -0.0111264 0)
(1.0521 -0.0118749 0)
(1.0587 -0.0125235 0)
(1.06512 -0.0130751 0)
(1.07131 -0.0135349 0)
(1.07722 -0.0139098 0)
(1.08282 -0.0142082 0)
(1.08812 -0.0144385 0)
(1.09309 -0.0146089 0)
(1.09775 -0.0147089 0)
(1.00009 -0.00118148 0)
(1.00169 -0.00348781 0)
(1.00465 -0.0056788 0)
(1.00872 -0.00778324 0)
(1.01365 -0.00980866 0)
(1.01925 -0.0117446 0)
(1.02536 -0.0135735 0)
(1.03183 -0.0152765 0)
(1.03852 -0.0168372 0)
(1.04531 -0.0182429 0)
(1.05209 -0.0194865 0)
(1.05877 -0.0205668 0)
(1.06528 -0.0214874 0)
(1.07157 -0.0222564 0)
(1.07758 -0.0228848 0)
(1.0833 -0.0233857 0)
(1.0887 -0.0237732 0)
(1.09378 -0.0240604 0)
(1.09857 -0.0242302 0)
(1.00009 -0.00161333 0)
(1.00165 -0.00475945 0)
(1.00457 -0.0077545 0)
(1.00858 -0.0106395 0)
(1.01345 -0.0134241 0)
(1.01901 -0.0160945 0)
(1.02511 -0.0186262 0)
(1.03158 -0.0209924 0)
(1.03831 -0.0231685 0)
(1.04516 -0.0251354 0)
(1.05203 -0.0268814 0)
(1.05882 -0.0284029 0)
(1.06546 -0.0297035 0)
(1.07189 -0.0307931 0)
(1.07806 -0.0316862 0)
(1.08393 -0.0324004 0)
(1.08949 -0.0329547 0)
(1.09472 -0.0333676 0)
(1.09967 -0.0336149 0)
(1.00009 -0.0020184 0)
(1.00161 -0.00595349 0)
(1.00446 -0.00970829 0)
(1.00839 -0.0133373 0)
(1.01319 -0.0168532 0)
(1.01869 -0.0202389 0)
(1.02475 -0.0234633 0)
(1.03122 -0.0264907 0)
(1.03798 -0.0292875 0)
(1.04491 -0.0318266 0)
(1.05188 -0.0340901 0)
(1.05881 -0.0360706 0)
(1.06562 -0.0377702 0)
(1.07222 -0.0391995 0)
(1.07858 -0.0403754 0)
(1.08465 -0.0413194 0)
(1.09041 -0.0420553 0)
(1.09584 -0.0426063 0)
(1.10101 -0.0429409 0)
(1.00008 -0.00239579 0)
(1.00156 -0.00706701 0)
(1.00432 -0.0115358 0)
(1.00815 -0.0158717 0)
(1.01285 -0.0200912 0)
(1.01827 -0.0241746 0)
(1.02427 -0.0280841 0)
(1.03073 -0.0317747 0)
(1.03752 -0.0352024 0)
(1.04452 -0.0383307 0)
(1.05161 -0.0411336 0)
(1.0587 -0.0435979 0)
(1.06568 -0.0457227 0)
(1.0725 -0.0475176 0)
(1.07909 -0.049001 0)
(1.0854 -0.0501973 0)
(1.0914 -0.0511347 0)
(1.09707 -0.0518408 0)
(1.1025 -0.0522762 0)
(1.00008 -0.00274463 0)
(1.00149 -0.00809733 0)
(1.00416 -0.013233 0)
(1.00786 -0.0182374 0)
(1.01243 -0.0231322 0)
(1.01773 -0.0278959 0)
(1.02366 -0.0324842 0)
(1.03008 -0.0368423 0)
(1.03689 -0.040915 0)
(1.04396 -0.0446542 0)
(1.05117 -0.0480241 0)
(1.05842 -0.0510035 0)
(1.06561 -0.0535861 0)
(1.07267 -0.0557792 0)
(1.07951 -0.057601 0)
(1.0861 -0.0590779 0)
(1.09238 -0.0602417 0)
(1.09834 -0.0611243 0)
(1.10407 -0.0616776 0)
(1.00008 -0.00306419 0)
(1.00142 -0.00904216 0)
(1.00396 -0.0147961 0)
(1.00751 -0.0204293 0)
(1.01191 -0.0259698 0)
(1.01708 -0.0313956 0)
(1.02289 -0.0366565 0)
(1.02926 -0.0416877 0)
(1.03606 -0.0464216 0)
(1.04318 -0.0507971 0)
(1.05051 -0.0547661 0)
(1.05793 -0.0582974 0)
(1.06534 -0.0613769 0)
(1.07266 -0.0640071 0)
(1.07979 -0.0662044 0)
(1.08669 -0.0679961 0)
(1.09329 -0.0694168 0)
(1.09957 -0.0705021 0)
(1.10565 -0.0711938 0)
(1.00007 -0.00335389 0)
(1.00133 -0.00989966 0)
(1.00373 -0.0162217 0)
(1.00709 -0.0224423 0)
(1.01131 -0.0285972 0)
(1.01629 -0.0346654 0)
(1.02196 -0.0405917 0)
(1.02823 -0.0463014 0)
(1.035 -0.0517138 0)
(1.04216 -0.0567533 0)
(1.04959 -0.0613576 0)
(1.05718 -0.0654823 0)
(1.06482 -0.0691032 0)
(1.07241 -0.0722157 0)
(1.07986 -0.0748323 0)
(1.08709 -0.0769793 0)
(1.09405 -0.0786931 0)
(1.10069 -0.0800123 0)
(1.10716 -0.0808674 0)
(1.00007 -0.00361336 0)
(1.00123 -0.0106685 0)
(1.00347 -0.0175075 0)
(1.00662 -0.0242721 0)
(1.01061 -0.0310077 0)
(1.01537 -0.0376963 0)
(1.02086 -0.0442787 0)
(1.027 -0.050671 0)
(1.03369 -0.0567792 0)
(1.04085 -0.0625118 0)
(1.04837 -0.06779 0)
(1.05612 -0.072554 0)
(1.06399 -0.0767665 0)
(1.07186 -0.0804127 0)
(1.07965 -0.0834987 0)
(1.08725 -0.086048 0)
(1.0946 -0.0880972 0)
(1.10164 -0.0896872 0)
(1.10853 -0.0907351 0)
(1.00006 -0.00384244 0)
(1.00112 -0.011348 0)
(1.00317 -0.0186515 0)
(1.00609 -0.025915 0)
(1.00981 -0.0331954 0)
(1.01432 -0.0404794 0)
(1.01958 -0.0477058 0)
(1.02553 -0.0547825 0)
(1.03212 -0.0616023 0)
(1.03925 -0.0680571 0)
(1.04681 -0.0740497 0)
(1.0547 -0.0795024 0)
(1.06279 -0.0843613 0)
(1.07096 -0.0885985 0)
(1.07909 -0.0922109 0)
(1.08709 -0.0952165 0)
(1.09486 -0.0976505 0)
(1.10234 -0.0995545 0)
(1.1097 -0.10083 0)
(1.00005 -0.00404119 0)
(1.001 -0.0119382 0)
(1.00285 -0.0196531 0)
(1.00549 -0.0273686 0)
(1.00892 -0.0351552 0)
(1.01313 -0.0430063 0)
(1.01811 -0.0508611 0)
(1.02383 -0.0586206 0)
(1.03026 -0.0661653 0)
(1.03731 -0.0733702 0)
(1.04489 -0.0801185 0)
(1.0529 -0.0863115 0)
(1.06119 -0.0918762 0)
(1.06965 -0.0967678 0)
(1.07814 -0.10097 0)
(1.08655 -0.104494 0)
(1.09478 -0.107369 0)
(1.10274 -0.109637 0)
(1.1106 -0.11118 0)
(1.00005 -0.00420991 0)
(1.00088 -0.0124397 0)
(1.00249 -0.0205126 0)
(1.00485 -0.0286319 0)
(1.00794 -0.0368833 0)
(1.0118 -0.0452699 0)
(1.01645 -0.0537329 0)
(1.02189 -0.0621694 0)
(1.0281 -0.0704487 0)
(1.03502 -0.0784294 0)
(1.04258 -0.0859739 0)
(1.05066 -0.0929607 0)
(1.05913 -0.0992941 0)
(1.06787 -0.104909 0)
(1.07672 -0.109772 0)
(1.08557 -0.113883 0)
(1.09428 -0.117264 0)
(1.10276 -0.119955 0)
(1.11116 -0.121812 0)
(1.00004 -0.00434917 0)
(1.00074 -0.0128541 0)
(1.00212 -0.0212315 0)
(1.00415 -0.029705 0)
(1.00687 -0.0383778 0)
(1.01035 -0.0472642 0)
(1.01462 -0.056311 0)
(1.01972 -0.0654135 0)
(1.02565 -0.0744325 0)
(1.03238 -0.0832109 0)
(1.03985 -0.0915903 0)
(1.04796 -0.0994247 0)
(1.05658 -0.106593 0)
(1.06558 -0.113004 0)
(1.0748 -0.118607 0)
(1.08408 -0.123382 0)
(1.09331 -0.127343 0)
(1.10234 -0.130523 0)
(1.11132 -0.132748 0)
(1.00003 -0.00445974 0)
(1.0006 -0.0131834 0)
(1.00171 -0.0218126 0)
(1.00341 -0.03059 0)
(1.00573 -0.0396382 0)
(1.00877 -0.0489854 0)
(1.01261 -0.0585866 0)
(1.01731 -0.0683386 0)
(1.0229 -0.0780964 0)
(1.02937 -0.0876897 0)
(1.03669 -0.0969394 0)
(1.04478 -0.105674 0)
(1.05351 -0.113744 0)
(1.06273 -0.121032 0)
(1.0723 -0.127458 0)
(1.08204 -0.132984 0)
(1.0918 -0.137608 0)
(1.10142 -0.141354 0)
(1.11102 -0.14401 0)
(1.00003 -0.00454265 0)
(1.00045 -0.0134306 0)
(1.00129 -0.0222596 0)
(1.00262 -0.0312903 0)
(1.00452 -0.0406663 0)
(1.00709 -0.0504316 0)
(1.01045 -0.0605527 0)
(1.01468 -0.0709317 0)
(1.01986 -0.0814212 0)
(1.026 -0.0918403 0)
(1.0331 -0.101991 0)
(1.0411 -0.111677 0)
(1.04987 -0.120717 0)
(1.05929 -0.128963 0)
(1.06919 -0.136304 0)
(1.07938 -0.142675 0)
(1.08969 -0.148056 0)
(1.09994 -0.152456 0)
(1.11019 -0.155615 0)
(1.00002 -0.00459909 0)
(1.00029 -0.0135991 0)
(1.00086 -0.0225774 0)
(1.00181 -0.0318109 0)
(1.00325 -0.0414657 0)
(1.00531 -0.0516035 0)
(1.00814 -0.0622053 0)
(1.01185 -0.0731822 0)
(1.01654 -0.084389 0)
(1.02228 -0.0956378 0)
(1.02908 -0.106715 0)
(1.03691 -0.117398 0)
(1.04567 -0.127476 0)
(1.05523 -0.136764 0)
(1.06542 -0.145117 0)
(1.07605 -0.152439 0)
(1.08692 -0.158681 0)
(1.09784 -0.163835 0)
(1.10877 -0.167579 0)
(1.00001 -0.00463047 0)
(1.00013 -0.013693 0)
(1.00041 -0.0227718 0)
(1.00097 -0.0321583 0)
(1.00193 -0.042042 0)
(1.00345 -0.0525039 0)
(1.0057 -0.0635425 0)
(1.00883 -0.0750822 0)
(1.01297 -0.0869842 0)
(1.01822 -0.0990583 0)
(1.02463 -0.111078 0)
(1.03221 -0.1228 0)
(1.04087 -0.13398 0)
(1.05051 -0.144396 0)
(1.06096 -0.153864 0)
(1.07201 -0.162249 0)
(1.08345 -0.16947 0)
(1.09507 -0.175492 0)
(1.10671 -0.179914 0)
(1 -0.0046383 0)
(0.999973 -0.0137169 0)
(0.999958 -0.0228495 0)
(1.00011 -0.0323403 0)
(1.00057 -0.0424029 0)
(1.00153 -0.0531383 0)
(1.00316 -0.0645658 0)
(1.00564 -0.0766268 0)
(1.00916 -0.0891939 0)
(1.01384 -0.10208 0)
(1.01978 -0.115052 0)
(1.027 -0.127845 0)
(1.03549 -0.140188 0)
(1.04513 -0.151818 0)
(1.05577 -0.162507 0)
(1.06722 -0.172077 0)
(1.07921 -0.180404 0)
(1.09156 -0.187423 0)
(1.10393 -0.19263 0)
(0.999997 -0.00462425 0)
(0.999813 -0.0136755 0)
(0.9995 -0.0228179 0)
(0.999242 -0.0323658 0)
(0.999195 -0.0425573 0)
(0.999555 -0.0535144 0)
(1.00053 -0.0652793 0)
(1.00232 -0.0778143 0)
(1.00515 -0.0910087 0)
(1.00917 -0.104685 0)
(1.01454 -0.118606 0)
(1.02132 -0.132497 0)
(1.02952 -0.146055 0)
(1.03907 -0.158982 0)
(1.04984 -0.171001 0)
(1.06163 -0.181885 0)
(1.07417 -0.191459 0)
(1.08727 -0.199618 0)
(1.10039 -0.205731 0)
(0.99999 -0.00459004 0)
(0.999653 -0.0135741 0)
(0.999041 -0.0226848 0)
(0.998371 -0.0322447 0)
(0.997803 -0.0425163 0)
(0.997551 -0.0536423 0)
(0.997836 -0.0656902 0)
(0.998895 -0.0786468 0)
(1.00096 -0.0924229 0)
(1.00425 -0.106856 0)
(1.00894 -0.121716 0)
(1.01517 -0.136717 0)
(1.02298 -0.151536 0)
(1.03234 -0.165838 0)
(1.04315 -0.179296 0)
(1.05522 -0.191629 0)
(1.06827 -0.202602 0)
(1.08213 -0.212061 0)
(1.09601 -0.219213 0)
(0.999983 -0.00453745 0)
(0.999494 -0.0134179 0)
(0.998587 -0.0224585 0)
(0.997503 -0.0319878 0)
(0.99641 -0.0422917 0)
(0.995532 -0.0535338 0)
(0.995105 -0.0658085 0)
(0.995385 -0.0791297 0)
(0.996635 -0.0934349 0)
(0.99911 -0.108583 0)
(1.00304 -0.124357 0)
(1.00859 -0.140471 0)
(1.01589 -0.156585 0)
(1.02495 -0.172332 0)
(1.03569 -0.187336 0)
(1.04796 -0.201259 0)
(1.06148 -0.213791 0)
(1.07611 -0.224728 0)
(1.09073 -0.233065 0)
(0.999977 -0.00446827 0)
(0.999339 -0.0132124 0)
(0.998139 -0.0221476 0)
(0.996646 -0.0316062 0)
(0.995026 -0.0418968 0)
(0.993516 -0.053203 0)
(0.992358 -0.0656469 0)
(0.991826 -0.0792723 0)
(0.992208 -0.0940474 0)
(0.993794 -0.109859 0)
(0.996857 -0.126511 0)
(1.00163 -0.143727 0)
(1.00829 -0.161158 0)
(1.01691 -0.178411 0)
(1.02747 -0.195062 0)
(1.03985 -0.210715 0)
(1.05376 -0.224978 0)
(1.06914 -0.237583 0)
(1.08448 -0.247265 0)
(0.999971 -0.00438427 0)
(0.999187 -0.0129628 0)
(0.997701 -0.0217607 0)
(0.995804 -0.0311117 0)
(0.993663 -0.0413457 0)
(0.991518 -0.0526651 0)
(0.989618 -0.0652204 0)
(0.988249 -0.0790869 0)
(0.987718 -0.0942674 0)
(0.988349 -0.110683 0)
(0.99046 -0.128166 0)
(0.994342 -0.146457 0)
(1.00023 -0.165211 0)
(1.00827 -0.184018 0)
(1.0185 -0.202409 0)
(1.03087 -0.219931 0)
(1.04508 -0.236101 0)
(1.06118 -0.250579 0)
(1.07716 -0.261773 0)
(0.999965 -0.00428722 0)
(0.99904 -0.0126744 0)
(0.997275 -0.0213063 0)
(0.994985 -0.030516 0)
(0.99233 -0.0406528 0)
(0.989555 -0.0519367 0)
(0.986909 -0.0645464 0)
(0.984685 -0.0785893 0)
(0.983207 -0.0941062 0)
(0.982825 -0.111057 0)
(0.983898 -0.129311 0)
(0.986774 -0.148639 0)
(0.991751 -0.168706 0)
(0.999065 -0.189097 0)
(1.00881 -0.209309 0)
(1.02103 -0.228834 0)
(1.03541 -0.247088 0)
(1.05218 -0.263652 0)
(1.0687 -0.276533 0)
(0.99996 -0.0041788 0)
(0.998897 -0.0123524 0)
(0.996864 -0.0207929 0)
(0.994192 -0.0298309 0)
(0.991036 -0.0398332 0)
(0.987641 -0.0510354 0)
(0.984252 -0.0636436 0)
(0.981165 -0.077798 0)
(0.978714 -0.0935791 0)
(0.977271 -0.110991 0)
(0.977231 -0.129946 0)
(0.978995 -0.150254 0)
(0.982929 -0.171607 0)
(0.989354 -0.193595 0)
(0.998445 -0.215692 0)
(1.01034 -0.23734 0)
(1.02474 -0.257853 0)
(1.04209 -0.27672 0)
(1.05898 -0.291468 0)
(0.999955 -0.00406063 0)
(0.998761 -0.0120017 0)
(0.99647 -0.0202287 0)
(0.993431 -0.0290683 0)
(0.98979 -0.038902 0)
(0.98579 -0.0499794 0)
(0.981668 -0.0625326 0)
(0.977719 -0.076734 0)
(0.97428 -0.0927053 0)
(0.971739 -0.110498 0)
(0.970521 -0.130074 0)
(0.971074 -0.151293 0)
(0.973831 -0.173885 0)
(0.9792 -0.19746 0)
(0.987446 -0.221485 0)
(0.998829 -0.245362 0)
(1.01304 -0.2683 0)
(1.03086 -0.289682 0)
(1.0479 -0.306477 0)
(0.99995 -0.00393424 0)
(0.998631 -0.011627 0)
(0.996094 -0.0196219 0)
(0.992705 -0.0282396 0)
(0.988599 -0.0378745 0)
(0.984014 -0.0487873 0)
(0.979177 -0.061235 0)
(0.974375 -0.0754207 0)
(0.969944 -0.0915077 0)
(0.96628 -0.109597 0)
(0.96383 -0.129706 0)
(0.963084 -0.151752 0)
(0.964535 -0.175516 0)
(0.96868 -0.200647 0)
(0.975875 -0.226618 0)
(0.986521 -0.252805 0)
(1.00032 -0.278321 0)
(1.01842 -0.302418 0)
(1.03532 -0.321445 0)
(0.999946 -0.00380107 0)
(0.998507 -0.0112329 0)
(0.995738 -0.0189801 0)
(0.992019 -0.0273562 0)
(0.987471 -0.0367653 0)
(0.982326 -0.0474779 0)
(0.976797 -0.0597729 0)
(0.971161 -0.0738828 0)
(0.965744 -0.0900114 0)
(0.960944 -0.10831 0)
(0.957221 -0.128857 0)
(0.955099 -0.151633 0)
(0.955123 -0.176485 0)
(0.957874 -0.203113 0)
(0.963803 -0.23102 0)
(0.97346 -0.259568 0)
(0.986568 -0.287792 0)
(1.00473 -0.314777 0)
(1.02111 -0.336237 0)
(0.999941 -0.0036624 0)
(0.99839 -0.0108233 0)
(0.995405 -0.0183102 0)
(0.991376 -0.0264281 0)
(0.986412 -0.0355882 0)
(0.980737 -0.0460682 0)
(0.974545 -0.0581668 0)
(0.968099 -0.0721432 0)
(0.961713 -0.0882404 0)
(0.955777 -0.10666 0)
(0.950756 -0.127542 0)
(0.947194 -0.150937 0)
(0.945681 -0.176768 0)
(0.94687 -0.204802 0)
(0.95131 -0.234594 0)
(0.959696 -0.265509 0)
(0.971796 -0.296532 0)
(0.9897 -0.326524 0)
(1.00513 -0.350654 0)
(0.999936 -0.00351942 0)
(0.998281 -0.010402 0)
(0.995096 -0.0176185 0)
(0.99078 -0.0254645 0)
(0.985429 -0.0343555 0)
(0.979256 -0.0445738 0)
(0.972436 -0.0564353 0)
(0.965215 -0.070223 0)
(0.957886 -0.0862163 0)
(0.950827 -0.104665 0)
(0.944495 -0.125772 0)
(0.939445 -0.149662 0)
(0.936298 -0.17634 0)
(0.935767 -0.205656 0)
(0.938489 -0.237236 0)
(0.945298 -0.270467 0)
(0.956035 -0.304321 0)
(0.973249 -0.337354 0)
(0.987202 -0.36444 0)
(0.999931 -0.00337378 0)
(0.998181 -0.00997396 0)
(0.994813 -0.0169139 0)
(0.990235 -0.0244781 0)
(0.984528 -0.0330844 0)
(0.977893 -0.0430181 0)
(0.970485 -0.0546092 0)
(0.962529 -0.0681618 0)
(0.954294 -0.0839892 0)
(0.946136 -0.102388 0)
(0.938496 -0.123621 0)
(0.931928 -0.147892 0)
(0.927065 -0.175295 0)
(0.924667 -0.205774 0)
(0.925445 -0.239046 0)
(0.930349 -0.274545 0)
(0.93934 -0.311255 0)
(0.955285 -0.347375 0)
(0.967114 -0.377869 0)
(0.999926 -0.00322813 0)
(0.99809 -0.00954754 0)
(0.994557 -0.0162111 0)
(0.989744 -0.0234921 0)
(0.983713 -0.0318094 0)
(0.976656 -0.0414498 0)
(0.968704 -0.0527565 0)
(0.960058 -0.066053 0)
(0.950959 -0.081685 0)
(0.941735 -0.0999944 0)
(0.932802 -0.121307 0)
(0.924695 -0.145906 0)
(0.918046 -0.173983 0)
(0.91364 -0.20559 0)
(0.912243 -0.240551 0)
(0.914889 -0.278361 0)
(0.9217 -0.318027 0)
(0.935585 -0.357504 0)
(0.944948 -0.392443 0)
(0.999921 -0.00308213 0)
(0.998007 -0.00912307 0)
(0.994331 -0.0155128 0)
(0.989308 -0.0225134 0)
(0.982988 -0.0305421 0)
(0.975547 -0.0398863 0)
(0.967095 -0.0508988 0)
(0.957805 -0.0639193 0)
(0.947887 -0.0793211 0)
(0.937633 -0.0974858 0)
(0.927421 -0.118796 0)
(0.917757 -0.143609 0)
(0.909249 -0.172209 0)
(0.902687 -0.204756 0)
(0.898868 -0.241186 0)
(0.898877 -0.281049 0)
(0.902956 -0.323377 0)
(0.913569 -0.366012 0)
(0.921468 -0.406638 0)
(1.10034 -0.00489824 6.59875e-22)
(1.10197 -0.00486887 -3.42035e-22)
(1.1036 -0.00483931 -2.48181e-22)
(1.10523 -0.00480971 -2.52521e-21)
(1.10687 -0.0047802 -5.81898e-22)
(1.10079 -0.0145672 -1.45533e-21)
(1.10242 -0.0144898 2.45415e-21)
(1.10405 -0.0144118 -2.27477e-21)
(1.10568 -0.0143333 9.65654e-22)
(1.10732 -0.0142543 1.8417e-21)
(1.10165 -0.0239981 -2.58093e-22)
(1.10329 -0.0238717 8.47989e-22)
(1.10493 -0.0237439 -2.36145e-21)
(1.10657 -0.023615 5.37575e-21)
(1.10823 -0.0234849 -4.70484e-21)
(1.10282 -0.0332925 -1.66106e-21)
(1.10449 -0.0331178 -1.31431e-21)
(1.10615 -0.032941 5.16254e-22)
(1.10782 -0.0327625 -2.81875e-21)
(1.1095 -0.0325823 -1.71297e-21)
(1.10425 -0.0425257 4.59308e-21)
(1.10596 -0.0423015 1.25709e-21)
(1.10765 -0.0420745 5.5849e-22)
(1.10936 -0.0418453 3.11773e-21)
(1.11108 -0.0416138 6.7592e-22)
(1.10586 -0.0517663 -3.29396e-21)
(1.10762 -0.0514915 1.19077e-21)
(1.10936 -0.0512132 -5.26123e-21)
(1.11112 -0.0509322 -2.81556e-21)
(1.11289 -0.0506483 7.7862e-22)
(1.10757 -0.0610702 -1.53463e-21)
(1.1094 -0.0607431 -1.95508e-21)
(1.1112 -0.0604119 6.447e-21)
(1.11302 -0.0600773 1.48009e-24)
(1.11486 -0.0597392 -1.71564e-21)
(1.10932 -0.0704864 3.92689e-21)
(1.11123 -0.0701054 -7.82391e-22)
(1.11311 -0.0697195 -4.34818e-21)
(1.11501 -0.0693294 1.72149e-21)
(1.11693 -0.0689352 2.98458e-21)
(1.11104 -0.0800573 -4.21241e-22)
(1.11305 -0.0796207 1.02538e-21)
(1.11503 -0.079178 4.01826e-21)
(1.11702 -0.0787304 2.91153e-21)
(1.11904 -0.0782778 -6.46768e-21)
(1.11265 -0.0898204 6.97052e-21)
(1.11478 -0.0893264 1.3051e-21)
(1.11687 -0.0888251 4.76469e-21)
(1.11898 -0.0883179 -1.18309e-20)
(1.12111 -0.0878045 -2.45442e-21)
(1.11409 -0.099809 -7.98597e-21)
(1.11637 -0.0992561 2.71089e-21)
(1.1186 -0.0986943 -3.91774e-21)
(1.12084 -0.0981253 5.80844e-21)
(1.12311 -0.0975489 5.48187e-21)
(1.11531 -0.110053 1.17322e-20)
(1.11776 -0.10944 -5.76451e-21)
(1.12015 -0.108816 -1.99284e-21)
(1.12254 -0.108183 -4.73591e-21)
(1.12497 -0.107542 -1.599e-22)
(1.11623 -0.120579 -1.69643e-20)
(1.11888 -0.119905 6.00526e-21)
(1.12146 -0.119218 6.29419e-21)
(1.12403 -0.118521 -5.40888e-22)
(1.12664 -0.117812 1.22105e-20)
(1.1168 -0.131413 8.88897e-21)
(1.11969 -0.130678 1.74473e-21)
(1.12247 -0.129927 -3.32668e-21)
(1.12526 -0.129163 1.03757e-21)
(1.12808 -0.128385 -1.19985e-20)
(1.11695 -0.142576 1.26569e-21)
(1.12011 -0.141782 -4.63442e-21)
(1.12315 -0.140967 4.82019e-21)
(1.12617 -0.140136 -8.81475e-21)
(1.12923 -0.139288 4.65744e-21)
(1.11664 -0.15409 -1.81854e-20)
(1.1201 -0.153238 -5.51987e-22)
(1.12342 -0.152361 -6.60102e-21)
(1.12673 -0.151463 1.07718e-20)
(1.13006 -0.150545 -3.87213e-21)
(1.1158 -0.165973 1.13544e-20)
(1.11962 -0.165068 3.19412e-21)
(1.12326 -0.164131 -2.33919e-21)
(1.12687 -0.163168 2.2076e-21)
(1.13051 -0.16218 1.19897e-21)
(1.11438 -0.178244 -1.02699e-20)
(1.11859 -0.177291 1.70665e-21)
(1.12261 -0.176299 -1.49344e-21)
(1.12657 -0.175273 1.42122e-21)
(1.13056 -0.174216 1.25284e-20)
(1.11232 -0.190916 2.59678e-20)
(1.11698 -0.189924 3.0759e-22)
(1.12141 -0.188882 -1.38473e-20)
(1.12577 -0.187799 -4.84241e-21)
(1.13015 -0.186677 -9.50781e-21)
(1.10956 -0.203999 -1.17679e-20)
(1.11473 -0.202982 -9.57698e-21)
(1.11963 -0.2019 6.29175e-21)
(1.12444 -0.200767 6.96751e-21)
(1.12925 -0.199584 1.47846e-21)
(1.10605 -0.217502 1.25094e-20)
(1.11178 -0.216474 1.572e-20)
(1.11721 -0.215366 -4.48376e-21)
(1.12251 -0.214193 2.74378e-21)
(1.12782 -0.212957 6.76672e-22)
(1.1017 -0.231421 1.06073e-20)
(1.10807 -0.230406 -9.85044e-21)
(1.11409 -0.229289 2.50704e-20)
(1.11995 -0.228091 -1.98391e-20)
(1.12581 -0.226815 8.8942e-21)
(1.09645 -0.245749 9.37406e-22)
(1.10353 -0.244775 1.48758e-20)
(1.11021 -0.243674 -1.66257e-20)
(1.11669 -0.242471 -7.93878e-21)
(1.12316 -0.24117 -2.5579e-20)
(1.09022 -0.260462 -2.46481e-21)
(1.09808 -0.259567 3.13486e-21)
(1.1055 -0.258514 1.07223e-20)
(1.11267 -0.257333 1.70947e-20)
(1.11981 -0.256029 2.13302e-20)
(1.0829 -0.275523 -3.91674e-20)
(1.09164 -0.274757 3.97586e-21)
(1.09987 -0.273791 1.65156e-21)
(1.1078 -0.272667 3.06383e-21)
(1.11569 -0.271391 -1.35532e-20)
(1.07439 -0.290878 3.61293e-20)
(1.08409 -0.290299 -1.65561e-20)
(1.09323 -0.289475 8.25601e-21)
(1.102 -0.288452 2.60872e-21)
(1.11072 -0.287242 -1.90586e-21)
(1.06456 -0.30645 -4.24553e-20)
(1.07531 -0.306134 2.91665e-21)
(1.08546 -0.305516 -3.12422e-20)
(1.09516 -0.304654 1.04614e-20)
(1.10478 -0.303562 3.13932e-20)
(1.05328 -0.322149 7.19802e-20)
(1.06519 -0.322184 -1.93652e-20)
(1.07643 -0.321853 3.93201e-20)
(1.08715 -0.321227 -2.80943e-20)
(1.09778 -0.320321 -1.23579e-20)
(1.0404 -0.337867 -3.98973e-20)
(1.05357 -0.338359 -2.86679e-20)
(1.06603 -0.338416 2.25217e-20)
(1.07785 -0.338122 1.95539e-20)
(1.0896 -0.337489 5.47614e-21)
(1.10129 -0.336516 -2.94662e-21)
(1.0258 -0.353466 -1.06074e-19)
(1.04035 -0.354556 1.10047e-19)
(1.05412 -0.355135 -1.02339e-20)
(1.06717 -0.355297 2.48585e-20)
(1.08014 -0.355052 2.48396e-23)
(1.09307 -0.354397 1.44019e-20)
(1.00934 -0.368806 1.37784e-19)
(1.02541 -0.370693 -2.82373e-21)
(1.04061 -0.371983 -4.89645e-20)
(1.05501 -0.372776 2.81003e-20)
(1.06935 -0.373071 -3.00461e-20)
(1.08366 -0.372864 -1.56079e-20)
(0.990924 -0.383971 -8.00576e-20)
(1.00868 -0.386804 -1.11628e-19)
(1.02548 -0.389009 1.92361e-20)
(1.04139 -0.390633 4.71635e-21)
(1.05728 -0.39164 7.56801e-20)
(1.07314 -0.392019 6.89617e-21)
(0.970886 -0.399211 -1.05959e-19)
(0.990608 -0.402807 -3.46695e-21)
(1.00914 -0.406061 -4.18981e-20)
(1.0268 -0.408708 -9.27809e-20)
(1.04443 -0.410603 -4.50623e-20)
(1.06197 -0.411708 -1.95218e-20)
(0.949443 -0.415232 7.43596e-20)
(0.970481 -0.42052 2.47404e-20)
(0.990567 -0.425424 -1.94729e-20)
(1.01022 -0.429338 -8.80911e-21)
(1.02984 -0.432155 -1.29245e-20)
(1.04924 -0.433881 8.52675e-21)
)
;

boundaryField
{
    inlet
    {
        type            uniformFixedValue;
        uniformValue    constant (1 0 0);
        value           uniform (1 0 0);
    }
    outlet
    {
        type            pressureInletOutletVelocity;
        value           nonuniform 0();
    }
    cylinder
    {
        type            fixedValue;
        value           nonuniform 0();
    }
    top
    {
        type            symmetryPlane;
    }
    bottom
    {
        type            symmetryPlane;
    }
    defaultFaces
    {
        type            empty;
    }
    procBoundary0to1
    {
        type            processor;
        value           nonuniform List<vector> 
152
(
(1.03504 0.460106 4.84123e-20)
(1.03504 0.460106 4.84123e-20)
(0.997955 0.48224 -2.64483e-20)
(0.997955 0.48224 -2.64483e-20)
(0.95494 0.50522 2.69462e-20)
(0.95494 0.50522 2.69462e-20)
(0.907087 0.526173 1.0197e-20)
(0.881271 0.523451 7.79368e-20)
(0.881271 0.523451 7.79368e-20)
(0.827207 0.539208 -5.26093e-21)
(0.827207 0.539208 -5.26093e-21)
(0.765935 0.547822 1.02479e-19)
(0.738992 0.54194 -8.71232e-20)
(0.738992 0.54194 -8.71232e-20)
(0.669324 0.540224 4.38942e-20)
(0.669324 0.540224 4.38942e-20)
(0.591555 0.526549 1.93736e-19)
(0.564725 0.51693 -4.82769e-20)
(0.538043 0.505201 -1.0887e-19)
(0.538043 0.505201 -1.0887e-19)
(0.454718 0.475722 -2.93103e-20)
(0.429486 0.461232 9.06295e-20)
(0.429486 0.461232 9.06295e-20)
(0.343396 0.415513 -1.50364e-19)
(0.320736 0.398889 1.12932e-19)
(0.298824 0.380382 -2.74315e-19)
(0.298824 0.380382 -2.74315e-19)
(0.217457 0.319575 2.0337e-19)
(0.199454 0.300417 -2.97085e-20)
(0.182474 0.279735 8.73006e-20)
(0.166637 0.257628 1.74123e-19)
(0.166637 0.257628 1.74123e-19)
(0.101047 0.190962 1.29631e-19)
(0.0900505 0.17103 1.60956e-19)
(0.0802455 0.150167 -1.0849e-19)
(0.0717042 0.128485 -3.4272e-20)
(0.0644891 0.106099 5.71032e-20)
(0.0586529 0.083132 -1.24727e-19)
(0.0542382 0.0597085 5.83171e-20)
(0.0512772 0.0359569 -9.17675e-22)
(0.0497912 0.0120077 1.59626e-20)
(0.0497912 -0.0120077 7.17126e-21)
(0.0512772 -0.0359569 -1.30145e-21)
(0.0542382 -0.0597085 5.04825e-20)
(0.0586529 -0.083132 -6.27799e-20)
(0.0644891 -0.106099 4.20605e-20)
(0.0717042 -0.128485 -3.6743e-21)
(0.0802455 -0.150167 -9.16612e-20)
(0.0900505 -0.17103 1.55846e-19)
(0.101047 -0.190962 -6.04563e-20)
(0.166637 -0.257628 -3.92387e-21)
(0.166637 -0.257628 -3.92387e-21)
(0.182474 -0.279735 -1.75205e-19)
(0.199454 -0.300417 -2.0802e-19)
(0.217457 -0.319575 1.54101e-19)
(0.298824 -0.380382 1.29198e-19)
(0.298824 -0.380382 1.29198e-19)
(0.320736 -0.398889 1.46591e-19)
(0.343396 -0.415513 -1.5117e-19)
(0.429486 -0.461232 -5.40354e-20)
(0.429486 -0.461232 -5.40354e-20)
(0.454718 -0.475722 1.87151e-19)
(0.538043 -0.505201 -1.15094e-19)
(0.538043 -0.505201 -1.15094e-19)
(0.564725 -0.51693 2.1519e-19)
(0.64215 -0.531454 9.12983e-20)
(0.64215 -0.531454 9.12983e-20)
(0.669324 -0.540224 1.13925e-19)
(0.738991 -0.54194 -3.10674e-20)
(0.738991 -0.54194 -3.10674e-20)
(0.765935 -0.547822 1.26052e-19)
(0.827207 -0.539208 -1.29473e-21)
(0.827207 -0.539208 -1.29473e-21)
(0.881271 -0.523451 -1.08077e-19)
(0.881271 -0.523451 -1.08077e-19)
(0.907087 -0.526173 9.82181e-20)
(0.95494 -0.50522 -1.04466e-19)
(0.95494 -0.50522 -1.04466e-19)
(0.997955 -0.48224 -1.68944e-19)
(0.997955 -0.48224 -1.68944e-19)
(1.03504 -0.460106 1.46739e-19)
(1.03504 -0.460106 1.46739e-19)
(1.06827 0.434513 9.61909e-21)
(1.07926 0.411996 -1.10778e-20)
(1.08882 0.391766 1.10106e-20)
(1.09781 0.372159 -1.55807e-20)
(1.10586 0.353339 7.62495e-21)
(1.11286 0.335213 -5.10527e-21)
(1.11883 0.317675 1.80954e-20)
(1.12385 0.300696 -1.82673e-20)
(1.12798 0.284268 4.47472e-21)
(1.13134 0.26839 4.94862e-21)
(1.13399 0.253062 -1.47429e-21)
(1.13601 0.238279 -1.04097e-20)
(1.13166 0.225461 1.33501e-20)
(1.13166 0.225461 1.33501e-20)
(1.13313 0.21166 -1.45629e-20)
(1.13408 0.198351 2.20869e-21)
(1.13454 0.185514 9.18416e-21)
(1.13456 0.173127 -9.59722e-21)
(1.13417 0.161166 2.84423e-21)
(1.13341 0.149606 5.82573e-21)
(1.13231 0.138424 -1.36405e-21)
(1.13092 0.127594 -1.03957e-20)
(1.12928 0.117092 5.82774e-21)
(1.12742 0.106891 -1.21208e-21)
(1.1254 0.0969652 9.87349e-22)
(1.12327 0.0872851 -7.31173e-22)
(1.12107 0.0778202 -1.84763e-21)
(1.11887 0.0685368 2.21433e-21)
(1.11672 0.0593978 8.97132e-22)
(1.11468 0.0503617 1.52314e-21)
(1.11281 0.0413802 -8.86007e-22)
(1.11119 0.0324005 2.77258e-21)
(1.10989 0.0233539 1.57636e-21)
(1.10896 0.0141749 -1.19101e-21)
(1.10851 0.00475086 1.09852e-21)
(1.10851 -0.00475085 -5.82347e-22)
(1.10896 -0.0141749 8.76464e-22)
(1.10989 -0.0233539 -7.82122e-22)
(1.11119 -0.0324005 -4.20782e-21)
(1.11281 -0.0413802 -1.24997e-21)
(1.11468 -0.0503617 1.90367e-21)
(1.11672 -0.0593978 -7.337e-21)
(1.11887 -0.0685368 7.50789e-21)
(1.12107 -0.0778202 -5.36358e-21)
(1.12327 -0.0872851 -1.76851e-21)
(1.1254 -0.0969652 7.43494e-22)
(1.12742 -0.106891 6.36393e-21)
(1.12928 -0.117092 6.31985e-21)
(1.13092 -0.127594 -9.03481e-21)
(1.13231 -0.138424 -9.46575e-22)
(1.13341 -0.149606 8.10253e-21)
(1.13417 -0.161166 1.88436e-21)
(1.13456 -0.173127 -7.93341e-21)
(1.13454 -0.185514 7.1849e-21)
(1.13408 -0.198351 3.06794e-21)
(1.13313 -0.21166 -1.4467e-20)
(1.13166 -0.225461 1.21664e-21)
(1.12961 -0.239772 -1.6263e-21)
(1.12693 -0.254605 1.01778e-20)
(1.12355 -0.269964 -1.09839e-21)
(1.1194 -0.285846 -3.2525e-21)
(1.11437 -0.302241 -1.40471e-20)
(1.10837 -0.319134 7.78931e-21)
(1.10837 -0.319134 7.78931e-21)
(1.11286 -0.335213 -4.98064e-21)
(1.10586 -0.353339 6.49478e-21)
(1.09781 -0.372159 -1.56706e-20)
(1.08882 -0.391766 1.00352e-20)
(1.07926 -0.411996 -9.1256e-21)
(1.06827 -0.434513 5.84471e-21)
)
;
    }
}


// ************************************************************************* //
