/*--------------------------------*- C++ -*----------------------------------*\
  =========                 |
  \\      /  F ield         | OpenFOAM: The Open Source CFD Toolbox
   \\    /   O peration     | Website:  https://openfoam.org
    \\  /    A nd           | Version:  7
     \\/     M anipulation  |
\*---------------------------------------------------------------------------*/
FoamFile
{
    version     2.0;
    format      ascii;
    class       volScalarField;
    location    "20";
    object      p;
}
// * * * * * * * * * * * * * * * * * * * * * * * * * * * * * * * * * * * * * //

dimensions      [0 2 -2 0 0 0 0];

internalField   nonuniform List<scalar> 
8500
(
-0.291314
-0.292412
-0.293078
-0.293646
-0.294142
-0.294568
-0.294944
-0.295281
-0.295591
-0.295879
-0.296149
-0.296406
-0.29665
-0.296883
-0.297107
-0.297324
-0.297536
-0.297748
-0.29796
-0.298178
-0.291363
-0.292458
-0.293121
-0.293687
-0.294181
-0.294606
-0.29498
-0.295316
-0.295624
-0.29591
-0.296179
-0.296434
-0.296677
-0.296908
-0.29713
-0.297345
-0.297555
-0.297765
-0.297975
-0.298189
-0.29146
-0.292548
-0.293208
-0.29377
-0.294261
-0.294683
-0.295053
-0.295386
-0.295691
-0.295974
-0.296239
-0.296491
-0.29673
-0.296957
-0.297175
-0.297386
-0.297592
-0.297799
-0.298005
-0.298212
-0.291606
-0.292684
-0.293338
-0.293895
-0.29438
-0.294797
-0.295163
-0.295491
-0.295791
-0.296068
-0.296329
-0.296575
-0.296808
-0.29703
-0.297243
-0.297447
-0.297647
-0.297849
-0.298049
-0.298246
-0.291798
-0.292864
-0.29351
-0.29406
-0.294538
-0.294949
-0.295308
-0.29563
-0.295923
-0.296194
-0.296447
-0.296686
-0.296912
-0.297127
-0.297331
-0.297527
-0.297719
-0.297914
-0.298106
-0.298289
-0.292038
-0.293088
-0.293724
-0.294265
-0.294735
-0.295137
-0.295488
-0.295802
-0.296086
-0.296349
-0.296594
-0.296824
-0.297041
-0.297245
-0.29744
-0.297626
-0.297807
-0.297993
-0.298174
-0.29834
-0.292323
-0.293355
-0.293979
-0.29451
-0.29497
-0.295361
-0.295703
-0.296006
-0.296281
-0.296534
-0.296768
-0.296987
-0.297192
-0.297385
-0.297567
-0.29774
-0.297909
-0.298084
-0.298253
-0.298398
-0.292653
-0.293663
-0.294274
-0.294793
-0.295241
-0.295621
-0.295951
-0.296243
-0.296506
-0.296746
-0.296968
-0.297174
-0.297366
-0.297544
-0.297711
-0.29787
-0.298024
-0.298185
-0.298339
-0.29846
-0.293026
-0.294013
-0.294609
-0.295114
-0.295548
-0.295915
-0.296232
-0.29651
-0.29676
-0.296986
-0.297193
-0.297384
-0.29756
-0.297722
-0.297871
-0.298012
-0.298148
-0.298294
-0.298431
-0.298523
-0.293442
-0.294402
-0.294982
-0.295471
-0.29589
-0.296243
-0.296544
-0.296807
-0.297041
-0.297251
-0.297442
-0.297615
-0.297773
-0.297915
-0.298045
-0.298165
-0.29828
-0.298409
-0.298525
-0.298584
-0.293897
-0.29483
-0.295392
-0.295864
-0.296267
-0.296602
-0.296887
-0.297133
-0.297349
-0.297541
-0.297713
-0.297866
-0.298003
-0.298124
-0.29823
-0.298326
-0.298418
-0.298525
-0.29862
-0.298641
-0.294392
-0.295295
-0.295838
-0.296291
-0.296675
-0.296993
-0.297259
-0.297486
-0.297682
-0.297854
-0.298004
-0.298135
-0.298249
-0.298344
-0.298425
-0.298494
-0.298558
-0.298642
-0.298711
-0.29869
-0.294925
-0.295796
-0.296318
-0.296752
-0.297116
-0.297413
-0.297659
-0.297865
-0.298039
-0.298188
-0.298315
-0.298421
-0.298508
-0.298576
-0.298627
-0.298666
-0.298699
-0.298755
-0.298796
-0.298726
-0.295493
-0.296332
-0.296832
-0.297245
-0.297587
-0.297862
-0.298086
-0.298268
-0.298419
-0.298543
-0.298644
-0.298723
-0.29878
-0.298817
-0.298835
-0.298839
-0.298837
-0.298862
-0.298871
-0.298746
-0.296096
-0.296901
-0.297378
-0.297768
-0.298088
-0.298339
-0.298538
-0.298696
-0.29882
-0.298917
-0.298989
-0.299037
-0.299063
-0.299065
-0.299046
-0.299011
-0.298969
-0.298959
-0.298934
-0.298743
-0.296732
-0.297503
-0.297956
-0.298322
-0.298617
-0.298843
-0.299015
-0.299145
-0.299241
-0.299308
-0.299349
-0.299364
-0.299355
-0.299319
-0.29926
-0.299181
-0.299094
-0.299042
-0.298979
-0.298713
-0.2974
-0.298136
-0.298564
-0.298905
-0.299173
-0.299372
-0.299516
-0.299616
-0.299681
-0.299716
-0.299723
-0.299703
-0.299654
-0.299577
-0.299473
-0.299346
-0.299208
-0.29911
-0.299006
-0.298649
-0.298099
-0.298799
-0.299201
-0.299515
-0.299756
-0.299925
-0.300039
-0.300108
-0.300139
-0.300139
-0.30011
-0.300051
-0.299961
-0.299839
-0.299685
-0.299505
-0.29931
-0.299159
-0.299009
-0.29854
-0.298828
-0.299492
-0.299867
-0.300153
-0.300364
-0.300503
-0.300584
-0.300618
-0.300614
-0.300577
-0.300509
-0.300408
-0.300274
-0.300102
-0.299895
-0.299657
-0.299399
-0.299187
-0.298989
-0.298364
-0.299586
-0.300213
-0.300561
-0.300818
-0.300997
-0.301103
-0.301149
-0.301147
-0.301105
-0.301029
-0.300919
-0.300774
-0.300592
-0.300368
-0.300103
-0.2998
-0.299472
-0.29919
-0.298951
-0.298131
-0.300372
-0.300963
-0.301283
-0.301509
-0.301655
-0.301725
-0.301735
-0.301694
-0.301612
-0.301493
-0.301339
-0.301147
-0.300914
-0.300635
-0.300308
-0.299936
-0.299529
-0.299161
-0.298857
-0.297928
-0.301187
-0.301741
-0.302031
-0.302226
-0.302337
-0.30237
-0.30234
-0.302258
-0.302133
-0.301969
-0.301769
-0.301528
-0.301242
-0.300904
-0.300511
-0.300064
-0.299572
-0.299124
-0.29871
-0.297648
-0.302029
-0.302547
-0.302807
-0.302968
-0.303042
-0.303036
-0.302964
-0.302838
-0.302668
-0.302458
-0.302208
-0.301916
-0.301575
-0.301176
-0.300713
-0.300185
-0.2996
-0.299057
-0.298539
-0.297283
-0.302901
-0.303382
-0.303611
-0.303736
-0.303772
-0.303724
-0.303607
-0.303435
-0.303217
-0.302957
-0.302657
-0.302311
-0.301912
-0.301449
-0.300914
-0.300301
-0.299614
-0.298964
-0.298337
-0.296835
-0.303801
-0.304246
-0.304442
-0.304531
-0.304525
-0.304433
-0.304269
-0.304048
-0.303779
-0.303468
-0.303114
-0.302713
-0.302255
-0.301727
-0.301116
-0.300414
-0.299619
-0.298847
-0.298103
-0.296298
-0.304731
-0.305139
-0.305302
-0.305352
-0.305303
-0.305163
-0.30495
-0.304677
-0.304355
-0.303989
-0.30358
-0.303122
-0.302603
-0.302008
-0.301321
-0.300526
-0.299617
-0.298711
-0.297839
-0.295667
-0.305693
-0.306064
-0.306192
-0.306201
-0.306106
-0.305916
-0.30565
-0.305322
-0.304944
-0.304522
-0.304055
-0.303538
-0.302958
-0.302295
-0.301529
-0.300641
-0.299611
-0.29856
-0.297551
-0.294937
-0.306687
-0.307021
-0.307112
-0.307078
-0.306935
-0.306692
-0.306369
-0.305983
-0.305546
-0.305065
-0.304539
-0.303962
-0.303318
-0.302587
-0.301743
-0.30076
-0.299607
-0.298398
-0.297245
-0.294105
-0.307717
-0.308012
-0.308065
-0.307986
-0.30779
-0.307491
-0.307109
-0.306662
-0.306163
-0.305619
-0.305031
-0.304392
-0.303685
-0.302886
-0.301964
-0.300886
-0.299607
-0.29823
-0.29693
-0.293171
-0.308783
-0.30904
-0.309053
-0.308926
-0.308675
-0.308316
-0.307871
-0.307358
-0.306793
-0.306184
-0.305532
-0.304829
-0.304057
-0.30319
-0.302191
-0.30102
-0.299615
-0.298061
-0.296614
-0.292137
-0.30989
-0.310107
-0.310077
-0.309899
-0.30959
-0.309167
-0.308655
-0.308073
-0.307439
-0.306761
-0.306042
-0.305273
-0.304436
-0.3035
-0.302425
-0.301162
-0.299634
-0.297896
-0.296306
-0.291011
-0.311041
-0.311215
-0.311141
-0.310909
-0.310537
-0.310047
-0.309463
-0.308808
-0.308101
-0.307351
-0.306562
-0.305724
-0.30482
-0.303816
-0.302666
-0.301315
-0.299666
-0.297738
-0.296012
-0.289805
-0.312239
-0.312369
-0.312248
-0.311957
-0.311519
-0.310957
-0.310297
-0.309565
-0.30878
-0.307955
-0.307092
-0.306184
-0.30521
-0.304137
-0.302913
-0.301476
-0.29971
-0.297593
-0.295734
-0.288539
-0.313489
-0.313573
-0.3134
-0.313048
-0.312539
-0.3119
-0.31116
-0.310346
-0.309479
-0.308574
-0.307634
-0.306652
-0.305607
-0.304464
-0.303167
-0.301646
-0.299769
-0.297465
-0.295468
-0.287239
-0.314795
-0.314829
-0.314603
-0.314184
-0.3136
-0.31288
-0.312054
-0.311153
-0.3102
-0.309211
-0.308189
-0.30713
-0.306012
-0.304797
-0.303428
-0.301827
-0.299844
-0.297365
-0.295213
-0.285957
-0.316162
-0.316144
-0.315859
-0.31537
-0.314706
-0.313898
-0.312983
-0.31199
-0.310946
-0.309868
-0.308762
-0.307621
-0.306427
-0.30514
-0.303698
-0.302022
-0.299938
-0.297309
-0.294964
-0.284779
-0.317597
-0.317521
-0.317174
-0.316609
-0.31586
-0.314961
-0.313949
-0.31286
-0.31172
-0.310549
-0.309354
-0.308129
-0.306856
-0.305494
-0.303983
-0.302237
-0.30006
-0.29732
-0.294688
-0.283737
-0.319104
-0.318966
-0.318552
-0.317907
-0.317066
-0.31607
-0.314958
-0.313767
-0.312527
-0.311258
-0.30997
-0.308657
-0.307302
-0.305866
-0.304288
-0.302483
-0.300232
-0.297452
-0.294291
-0.282616
-0.320692
-0.320485
-0.319999
-0.319267
-0.318331
-0.317232
-0.316014
-0.314717
-0.313371
-0.312001
-0.310615
-0.309212
-0.307772
-0.306261
-0.30462
-0.302775
-0.300501
-0.297842
-0.293907
-0.281702
-0.322365
-0.322084
-0.32152
-0.320696
-0.319657
-0.31845
-0.317121
-0.315713
-0.314258
-0.312782
-0.311295
-0.309797
-0.308271
-0.306685
-0.304986
-0.303122
-0.300895
-0.298614
-0.294421
-0.285394
-0.324132
-0.323769
-0.32312
-0.322199
-0.321052
-0.319731
-0.318286
-0.316761
-0.315193
-0.313607
-0.312016
-0.310421
-0.308805
-0.307142
-0.305387
-0.303514
-0.301365
-0.299558
-0.296247
-0.301774
-0.326
-0.325546
-0.324807
-0.323781
-0.32252
-0.32108
-0.319514
-0.317869
-0.316183
-0.314484
-0.312785
-0.311089
-0.30938
-0.307636
-0.30582
-0.303932
-0.301843
-0.30042
-0.297421
-0.305548
-0.327976
-0.327423
-0.326586
-0.325449
-0.324068
-0.322503
-0.320811
-0.319041
-0.317234
-0.315418
-0.313609
-0.311807
-0.310002
-0.30817
-0.306284
-0.304362
-0.302283
-0.301035
-0.297979
-0.305963
-0.330069
-0.329405
-0.328464
-0.327209
-0.325701
-0.324006
-0.322183
-0.320284
-0.318353
-0.316417
-0.314494
-0.312584
-0.310676
-0.308749
-0.306778
-0.304793
-0.302673
-0.301424
-0.298235
-0.305448
-0.332284
-0.3315
-0.330447
-0.329067
-0.327426
-0.325595
-0.323637
-0.321606
-0.319547
-0.317488
-0.315447
-0.313423
-0.311405
-0.309372
-0.307299
-0.30522
-0.303004
-0.301617
-0.298237
-0.304236
-0.334631
-0.333715
-0.332542
-0.33103
-0.329249
-0.327278
-0.32518
-0.323013
-0.320823
-0.318638
-0.316475
-0.314332
-0.312195
-0.310042
-0.307845
-0.305635
-0.30327
-0.301635
-0.29801
-0.302568
-0.336056
-0.334754
-0.333103
-0.331177
-0.32906
-0.326819
-0.324513
-0.322188
-0.319873
-0.317583
-0.315314
-0.313047
-0.310758
-0.308412
-0.306032
-0.30347
-0.3015
-0.297593
-0.300655
-0.337092
-0.335294
-0.333217
-0.330948
-0.32856
-0.326111
-0.323648
-0.3212
-0.318777
-0.316372
-0.313963
-0.311518
-0.308997
-0.306409
-0.303601
-0.301235
-0.297021
-0.298632
-0.337608
-0.335373
-0.33295
-0.33041
-0.327815
-0.325211
-0.322624
-0.320061
-0.31751
-0.314942
-0.312319
-0.309592
-0.306758
-0.303663
-0.300858
-0.296322
-0.29658
-0.340052
-0.337654
-0.33507
-0.332375
-0.329631
-0.326881
-0.324149
-0.321437
-0.318727
-0.315983
-0.313157
-0.310194
-0.307077
-0.303656
-0.300385
-0.295516
-0.294547
-0.340065
-0.337316
-0.334463
-0.331565
-0.328664
-0.325781
-0.322909
-0.320024
-0.317081
-0.314025
-0.310793
-0.307359
-0.30358
-0.299828
-0.294619
-0.292555
-0.339694
-0.336678
-0.333622
-0.330566
-0.327521
-0.324477
-0.321398
-0.318233
-0.314917
-0.311384
-0.307599
-0.303434
-0.299193
-0.293641
-0.290612
-0.339026
-0.335808
-0.332588
-0.329372
-0.326139
-0.322846
-0.319431
-0.315825
-0.311957
-0.307791
-0.303215
-0.298487
-0.292588
-0.288715
-0.338127
-0.334734
-0.331333
-0.327894
-0.324361
-0.320667
-0.316737
-0.312502
-0.307927
-0.302923
-0.29771
-0.291464
-0.286854
-0.337005
-0.333404
-0.329736
-0.325937
-0.321932
-0.317645
-0.31301
-0.308001
-0.302552
-0.296861
-0.290269
-0.285015
-0.335581
-0.331659
-0.327564
-0.323214
-0.318535
-0.31347
-0.308005
-0.3021
-0.29594
-0.289003
-0.283183
-0.333656
-0.32923
-0.324499
-0.319395
-0.313872
-0.307931
-0.301562
-0.294942
-0.287663
-0.281341
-0.330923
-0.325775
-0.320211
-0.314204
-0.307772
-0.300933
-0.293863
-0.286245
-0.279476
-0.320971
-0.314456
-0.307521
-0.300209
-0.2927
-0.284747
-0.277571
-0.314616
-0.307169
-0.299385
-0.291446
-0.283164
-0.275616
-0.306709
-0.298456
-0.290097
-0.281491
-0.273596
-0.288647
-0.279723
-0.271503
-0.277855
-0.269326
-0.277861
-0.269331
-0.288652
-0.279728
-0.271508
-0.306714
-0.298461
-0.290102
-0.281496
-0.273602
-0.314622
-0.307174
-0.299391
-0.291451
-0.28317
-0.275621
-0.327031
-0.320976
-0.314461
-0.307526
-0.300215
-0.292705
-0.284753
-0.277577
-0.330929
-0.325781
-0.320217
-0.31421
-0.307778
-0.300939
-0.293869
-0.286251
-0.279482
-0.333661
-0.329236
-0.324505
-0.3194
-0.313878
-0.307937
-0.301567
-0.294948
-0.287669
-0.281347
-0.335586
-0.331665
-0.327569
-0.323219
-0.31854
-0.313476
-0.308011
-0.302106
-0.295946
-0.289009
-0.283189
-0.337011
-0.333409
-0.329741
-0.325943
-0.321937
-0.31765
-0.313016
-0.308007
-0.302558
-0.296867
-0.290275
-0.285021
-0.338132
-0.33474
-0.331339
-0.327899
-0.324367
-0.320673
-0.316743
-0.312508
-0.307933
-0.302928
-0.297716
-0.29147
-0.28686
-0.339032
-0.335814
-0.332593
-0.329377
-0.326144
-0.322851
-0.319436
-0.31583
-0.311962
-0.307796
-0.303221
-0.298493
-0.292595
-0.288722
-0.339699
-0.336683
-0.333628
-0.330571
-0.327526
-0.324482
-0.321404
-0.318238
-0.314923
-0.31139
-0.307605
-0.30344
-0.299199
-0.293647
-0.290619
-0.34007
-0.337322
-0.334468
-0.33157
-0.32867
-0.325786
-0.322914
-0.320029
-0.317086
-0.314031
-0.310799
-0.307365
-0.303586
-0.299834
-0.294626
-0.292562
-0.340057
-0.337659
-0.335075
-0.33238
-0.329636
-0.326886
-0.324154
-0.321443
-0.318732
-0.315988
-0.313162
-0.310199
-0.307083
-0.303662
-0.300391
-0.295523
-0.294554
-0.339565
-0.337613
-0.335379
-0.332955
-0.330415
-0.32782
-0.325216
-0.322629
-0.320066
-0.317515
-0.314947
-0.312324
-0.309598
-0.306764
-0.303669
-0.300864
-0.296329
-0.296587
-0.337097
-0.335299
-0.333222
-0.330954
-0.328565
-0.326116
-0.323653
-0.321205
-0.318782
-0.316377
-0.313969
-0.311523
-0.309002
-0.306415
-0.303607
-0.301241
-0.297028
-0.298639
-0.336062
-0.33476
-0.333108
-0.331183
-0.329065
-0.326824
-0.324518
-0.322193
-0.319878
-0.317588
-0.315319
-0.313053
-0.310763
-0.308418
-0.306038
-0.303476
-0.301507
-0.2976
-0.300662
-0.334637
-0.33372
-0.332547
-0.331035
-0.329255
-0.327283
-0.325185
-0.323019
-0.320828
-0.318643
-0.31648
-0.314337
-0.312201
-0.310048
-0.307851
-0.30564
-0.303277
-0.301642
-0.298017
-0.302575
-0.33229
-0.331506
-0.330452
-0.329072
-0.327431
-0.3256
-0.323642
-0.321611
-0.319552
-0.317493
-0.315452
-0.313428
-0.311411
-0.309378
-0.307305
-0.305226
-0.30301
-0.301624
-0.298244
-0.304244
-0.330074
-0.329411
-0.328469
-0.327214
-0.325706
-0.324011
-0.322188
-0.320289
-0.318358
-0.316422
-0.314499
-0.312589
-0.310681
-0.308754
-0.306784
-0.3048
-0.302679
-0.301431
-0.298242
-0.305456
-0.327982
-0.327428
-0.326592
-0.325455
-0.324073
-0.322508
-0.320816
-0.319046
-0.317239
-0.315423
-0.313614
-0.311812
-0.310007
-0.308176
-0.30629
-0.304368
-0.30229
-0.301042
-0.297986
-0.30597
-0.326005
-0.325552
-0.324813
-0.323786
-0.322525
-0.321085
-0.319519
-0.317874
-0.316188
-0.314489
-0.31279
-0.311094
-0.309386
-0.307641
-0.305826
-0.303938
-0.301849
-0.300427
-0.297428
-0.305555
-0.324138
-0.323774
-0.323126
-0.322204
-0.321057
-0.319736
-0.318291
-0.316766
-0.315198
-0.313612
-0.312021
-0.310426
-0.308811
-0.307147
-0.305393
-0.30352
-0.301372
-0.299565
-0.296254
-0.301781
-0.322371
-0.322089
-0.321525
-0.320701
-0.319662
-0.318455
-0.317126
-0.315718
-0.314263
-0.312787
-0.3113
-0.309802
-0.308277
-0.30669
-0.304992
-0.303128
-0.300901
-0.298621
-0.294428
-0.285402
-0.320697
-0.320491
-0.320004
-0.319272
-0.318336
-0.317237
-0.316019
-0.314722
-0.313376
-0.312006
-0.31062
-0.309217
-0.307778
-0.306267
-0.304626
-0.302781
-0.300507
-0.297849
-0.293915
-0.28171
-0.31911
-0.318972
-0.318557
-0.317912
-0.317072
-0.316075
-0.314963
-0.313772
-0.312532
-0.311263
-0.309975
-0.308663
-0.307308
-0.305872
-0.304294
-0.302489
-0.300239
-0.297459
-0.294298
-0.282624
-0.317602
-0.317526
-0.317179
-0.316614
-0.315865
-0.314966
-0.313954
-0.312865
-0.311725
-0.310554
-0.309359
-0.308134
-0.306861
-0.3055
-0.303989
-0.302243
-0.300066
-0.297327
-0.294696
-0.283745
-0.316167
-0.316149
-0.315864
-0.315375
-0.314711
-0.313903
-0.312988
-0.311995
-0.310951
-0.309873
-0.308767
-0.307627
-0.306432
-0.305145
-0.303704
-0.302028
-0.299945
-0.297316
-0.294972
-0.284787
-0.3148
-0.314835
-0.314608
-0.314189
-0.313605
-0.312885
-0.312059
-0.311158
-0.310205
-0.309216
-0.308195
-0.307135
-0.306017
-0.304803
-0.303434
-0.301833
-0.299851
-0.297372
-0.295221
-0.285965
-0.313494
-0.313578
-0.313406
-0.313053
-0.312544
-0.311905
-0.311165
-0.310351
-0.309484
-0.308579
-0.307639
-0.306657
-0.305613
-0.30447
-0.303173
-0.301652
-0.299776
-0.297472
-0.295476
-0.287248
-0.312244
-0.312375
-0.312253
-0.311962
-0.311524
-0.310962
-0.310302
-0.30957
-0.308785
-0.30796
-0.307097
-0.306189
-0.305216
-0.304143
-0.302919
-0.301482
-0.299717
-0.2976
-0.295742
-0.288547
-0.311046
-0.311221
-0.311147
-0.310914
-0.310542
-0.310052
-0.309468
-0.308813
-0.308106
-0.307356
-0.306567
-0.30573
-0.304826
-0.303822
-0.302672
-0.301321
-0.299673
-0.297746
-0.29602
-0.289814
-0.309896
-0.310112
-0.310082
-0.309904
-0.309595
-0.309172
-0.308659
-0.308078
-0.307444
-0.306766
-0.306047
-0.305278
-0.304441
-0.303506
-0.302431
-0.301169
-0.299641
-0.297903
-0.296314
-0.291019
-0.308789
-0.309045
-0.309058
-0.308931
-0.30868
-0.308321
-0.307875
-0.307363
-0.306798
-0.306189
-0.305537
-0.304834
-0.304063
-0.303196
-0.302197
-0.301026
-0.299622
-0.298068
-0.296622
-0.292146
-0.307722
-0.308017
-0.30807
-0.307991
-0.307795
-0.307496
-0.307114
-0.306667
-0.306167
-0.305624
-0.305036
-0.304397
-0.30369
-0.302892
-0.30197
-0.300892
-0.299614
-0.298237
-0.296938
-0.29318
-0.306693
-0.307026
-0.307117
-0.307083
-0.306939
-0.306697
-0.306374
-0.305988
-0.305551
-0.30507
-0.304544
-0.303967
-0.303324
-0.302593
-0.30175
-0.300767
-0.299614
-0.298405
-0.297253
-0.294114
-0.305698
-0.306069
-0.306197
-0.306206
-0.306111
-0.305921
-0.305654
-0.305327
-0.304949
-0.304527
-0.30406
-0.303544
-0.302963
-0.302301
-0.301535
-0.300648
-0.299618
-0.298568
-0.297559
-0.294946
-0.304736
-0.305144
-0.305307
-0.305357
-0.305308
-0.305168
-0.304954
-0.304682
-0.30436
-0.303994
-0.303585
-0.303128
-0.302609
-0.302014
-0.301327
-0.300533
-0.299624
-0.298719
-0.297847
-0.295676
-0.303806
-0.304251
-0.304447
-0.304536
-0.30453
-0.304437
-0.304274
-0.304053
-0.303784
-0.303473
-0.303119
-0.302718
-0.30226
-0.301733
-0.301122
-0.30042
-0.299626
-0.298855
-0.298111
-0.296307
-0.302906
-0.303387
-0.303615
-0.303741
-0.303776
-0.303728
-0.303612
-0.30344
-0.303221
-0.302962
-0.302662
-0.302316
-0.301918
-0.301455
-0.30092
-0.300307
-0.299621
-0.298971
-0.298345
-0.296843
-0.302034
-0.302552
-0.302812
-0.302973
-0.303047
-0.303041
-0.302968
-0.302843
-0.302672
-0.302462
-0.302213
-0.301921
-0.30158
-0.301181
-0.300719
-0.300191
-0.299606
-0.299065
-0.298547
-0.297292
-0.301191
-0.301746
-0.302036
-0.30223
-0.302341
-0.302374
-0.302344
-0.302262
-0.302137
-0.301974
-0.301773
-0.301533
-0.301247
-0.30091
-0.300517
-0.30007
-0.299578
-0.299131
-0.298718
-0.297657
-0.300376
-0.300967
-0.301287
-0.301513
-0.301659
-0.30173
-0.301739
-0.301698
-0.301616
-0.301497
-0.301343
-0.301152
-0.300919
-0.300641
-0.300314
-0.299942
-0.299535
-0.299167
-0.298865
-0.297936
-0.29959
-0.300217
-0.300565
-0.300822
-0.301001
-0.301107
-0.301153
-0.301151
-0.30111
-0.301033
-0.300923
-0.300779
-0.300596
-0.300373
-0.300109
-0.299806
-0.299478
-0.299197
-0.298958
-0.298139
-0.298832
-0.299496
-0.299871
-0.300157
-0.300368
-0.300507
-0.300588
-0.300622
-0.300618
-0.300581
-0.300513
-0.300413
-0.300278
-0.300107
-0.299901
-0.299662
-0.299405
-0.299193
-0.298996
-0.298372
-0.298103
-0.298803
-0.299205
-0.299519
-0.29976
-0.299929
-0.300043
-0.300111
-0.300143
-0.300143
-0.300114
-0.300055
-0.299966
-0.299843
-0.29969
-0.299511
-0.299316
-0.299165
-0.299016
-0.298547
-0.297404
-0.29814
-0.298568
-0.298908
-0.299177
-0.299375
-0.29952
-0.29962
-0.299685
-0.29972
-0.299727
-0.299707
-0.299659
-0.299582
-0.299478
-0.299351
-0.299214
-0.299116
-0.299012
-0.298657
-0.296736
-0.297507
-0.29796
-0.298326
-0.29862
-0.298846
-0.299019
-0.299149
-0.299245
-0.299312
-0.299353
-0.299369
-0.299359
-0.299323
-0.299264
-0.299186
-0.299099
-0.299048
-0.298986
-0.29872
-0.296099
-0.296905
-0.297382
-0.297772
-0.298091
-0.298343
-0.298542
-0.298699
-0.298823
-0.29892
-0.298992
-0.299041
-0.299067
-0.299069
-0.299051
-0.299016
-0.298974
-0.298964
-0.29894
-0.29875
-0.295496
-0.296335
-0.296835
-0.297248
-0.29759
-0.297866
-0.298089
-0.298272
-0.298422
-0.298546
-0.298647
-0.298726
-0.298784
-0.298821
-0.29884
-0.298843
-0.298842
-0.298867
-0.298877
-0.298752
-0.294928
-0.295799
-0.296321
-0.296755
-0.297119
-0.297416
-0.297662
-0.297868
-0.298042
-0.298191
-0.298318
-0.298425
-0.298512
-0.29858
-0.298631
-0.29867
-0.298704
-0.29876
-0.298802
-0.298732
-0.294395
-0.295298
-0.29584
-0.296294
-0.296678
-0.296995
-0.297262
-0.297489
-0.297685
-0.297857
-0.298007
-0.298139
-0.298252
-0.298348
-0.298429
-0.298498
-0.298563
-0.298647
-0.298716
-0.298696
-0.2939
-0.294833
-0.295394
-0.295867
-0.296269
-0.296605
-0.296889
-0.297136
-0.297352
-0.297544
-0.297715
-0.297869
-0.298006
-0.298127
-0.298234
-0.29833
-0.298422
-0.29853
-0.298624
-0.298646
-0.293444
-0.294405
-0.294984
-0.295473
-0.295893
-0.296245
-0.296547
-0.29681
-0.297043
-0.297254
-0.297444
-0.297618
-0.297776
-0.297918
-0.298048
-0.298168
-0.298284
-0.298413
-0.298529
-0.298589
-0.293029
-0.294015
-0.294611
-0.295116
-0.29555
-0.295917
-0.296234
-0.296513
-0.296762
-0.296988
-0.297196
-0.297387
-0.297562
-0.297724
-0.297874
-0.298015
-0.298151
-0.298298
-0.298434
-0.298527
-0.292655
-0.293665
-0.294276
-0.294795
-0.295243
-0.295623
-0.295953
-0.296245
-0.296508
-0.296748
-0.29697
-0.297177
-0.297368
-0.297547
-0.297714
-0.297872
-0.298027
-0.298189
-0.298342
-0.298463
-0.292325
-0.293356
-0.293981
-0.294511
-0.294971
-0.295363
-0.295705
-0.296008
-0.296283
-0.296535
-0.29677
-0.296989
-0.297194
-0.297387
-0.297569
-0.297743
-0.297912
-0.298087
-0.298256
-0.298401
-0.292039
-0.293089
-0.293725
-0.294266
-0.294737
-0.295138
-0.29549
-0.295803
-0.296088
-0.296351
-0.296596
-0.296826
-0.297043
-0.297247
-0.297442
-0.297628
-0.29781
-0.297995
-0.298177
-0.298343
-0.2918
-0.292865
-0.293511
-0.294061
-0.29454
-0.29495
-0.295309
-0.295631
-0.295924
-0.296195
-0.296449
-0.296688
-0.296914
-0.297128
-0.297333
-0.297529
-0.297721
-0.297916
-0.298108
-0.298292
-0.291607
-0.292685
-0.293338
-0.293896
-0.294381
-0.294798
-0.295164
-0.295492
-0.295791
-0.296069
-0.29633
-0.296576
-0.296809
-0.297032
-0.297244
-0.297448
-0.297649
-0.29785
-0.29805
-0.298248
-0.291461
-0.292549
-0.293208
-0.293771
-0.294262
-0.294683
-0.295054
-0.295387
-0.295692
-0.295974
-0.29624
-0.296491
-0.29673
-0.296958
-0.297176
-0.297387
-0.297593
-0.2978
-0.298006
-0.298214
-0.291363
-0.292458
-0.293122
-0.293688
-0.294182
-0.294607
-0.294981
-0.295317
-0.295625
-0.295911
-0.29618
-0.296435
-0.296677
-0.296909
-0.297131
-0.297345
-0.297555
-0.297765
-0.297976
-0.29819
-0.291315
-0.292412
-0.293078
-0.293646
-0.294142
-0.294568
-0.294944
-0.295282
-0.295591
-0.295879
-0.296149
-0.296406
-0.29665
-0.296884
-0.297107
-0.297324
-0.297536
-0.297748
-0.29796
-0.298178
-0.29854
-0.298769
-0.299123
-0.299395
-0.299704
-0.299992
-0.300289
-0.300584
-0.300884
-0.301192
-0.301513
-0.301854
-0.302223
-0.302631
-0.303093
-0.298567
-0.298784
-0.299139
-0.299409
-0.299718
-0.300004
-0.3003
-0.300594
-0.300894
-0.3012
-0.301521
-0.30186
-0.302229
-0.302636
-0.303097
-0.298619
-0.298813
-0.299172
-0.299437
-0.299744
-0.300028
-0.300323
-0.300614
-0.300913
-0.301218
-0.301536
-0.301874
-0.302241
-0.302647
-0.303105
-0.298697
-0.298857
-0.299221
-0.299478
-0.299783
-0.300063
-0.300356
-0.300645
-0.300941
-0.301244
-0.30156
-0.301895
-0.302259
-0.302662
-0.303118
-0.2988
-0.298913
-0.299285
-0.299531
-0.299834
-0.30011
-0.3004
-0.300685
-0.300978
-0.301278
-0.30159
-0.301922
-0.302282
-0.302682
-0.303134
-0.298925
-0.298982
-0.299364
-0.299596
-0.299897
-0.300167
-0.300453
-0.300734
-0.301023
-0.301319
-0.301627
-0.301955
-0.302311
-0.302706
-0.303153
-0.299073
-0.299061
-0.299455
-0.299672
-0.29997
-0.300233
-0.300515
-0.300791
-0.301076
-0.301367
-0.301671
-0.301993
-0.302344
-0.302733
-0.303175
-0.303685
-0.299241
-0.29915
-0.299558
-0.299757
-0.300052
-0.300308
-0.300584
-0.300855
-0.301135
-0.30142
-0.301719
-0.302035
-0.30238
-0.302763
-0.303199
-0.303703
-0.299427
-0.299245
-0.299671
-0.299849
-0.300141
-0.300389
-0.30066
-0.300925
-0.301199
-0.301479
-0.301771
-0.302081
-0.302419
-0.302795
-0.303224
-0.303721
-0.29963
-0.299345
-0.299793
-0.299948
-0.300236
-0.300476
-0.300741
-0.301
-0.301267
-0.30154
-0.301826
-0.302129
-0.302459
-0.302828
-0.303249
-0.303738
-0.299848
-0.299448
-0.299921
-0.300051
-0.300337
-0.300567
-0.300825
-0.301078
-0.301339
-0.301605
-0.301883
-0.302178
-0.302501
-0.302861
-0.303273
-0.303754
-0.30008
-0.299552
-0.300054
-0.300157
-0.30044
-0.30066
-0.300912
-0.301158
-0.301412
-0.30167
-0.301941
-0.302228
-0.302542
-0.302893
-0.303296
-0.303767
-0.300324
-0.299653
-0.30019
-0.300265
-0.300544
-0.300755
-0.301
-0.301238
-0.301485
-0.301736
-0.301999
-0.302277
-0.302582
-0.302924
-0.303317
-0.303778
-0.300578
-0.29975
-0.300328
-0.300371
-0.300648
-0.300849
-0.301087
-0.301318
-0.301557
-0.301801
-0.302055
-0.302325
-0.30262
-0.302952
-0.303334
-0.303785
-0.300844
-0.299839
-0.300465
-0.300475
-0.30075
-0.300941
-0.301172
-0.301395
-0.301627
-0.301863
-0.302108
-0.302369
-0.302655
-0.302976
-0.303348
-0.303787
-0.301121
-0.299919
-0.3006
-0.300575
-0.300848
-0.301029
-0.301254
-0.30147
-0.301694
-0.301921
-0.302159
-0.30241
-0.302686
-0.302996
-0.303357
-0.303784
-0.301408
-0.299987
-0.300732
-0.30067
-0.300941
-0.301113
-0.30133
-0.301539
-0.301756
-0.301975
-0.302204
-0.302446
-0.302712
-0.303011
-0.30336
-0.303776
-0.301712
-0.300041
-0.300857
-0.300759
-0.301027
-0.30119
-0.3014
-0.301602
-0.301811
-0.302023
-0.302243
-0.302476
-0.302732
-0.30302
-0.303357
-0.303761
-0.302052
-0.300066
-0.300978
-0.300839
-0.301105
-0.301259
-0.301463
-0.301657
-0.301859
-0.302064
-0.302275
-0.3025
-0.302745
-0.303023
-0.303348
-0.303739
-0.302417
-0.300055
-0.301095
-0.300911
-0.301172
-0.30132
-0.301516
-0.301704
-0.301899
-0.302096
-0.3023
-0.302515
-0.302751
-0.303018
-0.303331
-0.303709
-0.302683
-0.300127
-0.301176
-0.300975
-0.301229
-0.30137
-0.301559
-0.301741
-0.301929
-0.302119
-0.302315
-0.302522
-0.302748
-0.303005
-0.303307
-0.303672
-0.302993
-0.300162
-0.30125
-0.30103
-0.301274
-0.301408
-0.30159
-0.301766
-0.301948
-0.302131
-0.30232
-0.302519
-0.302737
-0.302983
-0.303274
-0.303627
-0.303344
-0.300165
-0.301316
-0.301073
-0.301305
-0.301434
-0.301608
-0.301779
-0.301955
-0.302132
-0.302314
-0.302506
-0.302715
-0.302952
-0.303232
-0.303572
-0.303723
-0.300153
-0.301369
-0.301103
-0.301322
-0.301446
-0.301612
-0.301778
-0.301948
-0.30212
-0.302296
-0.302481
-0.302682
-0.30291
-0.30318
-0.303509
-0.303919
-0.304132
-0.300132
-0.301407
-0.301122
-0.301323
-0.301442
-0.301601
-0.301761
-0.301927
-0.302094
-0.302265
-0.302444
-0.302638
-0.302857
-0.303117
-0.303435
-0.303832
-0.304573
-0.300105
-0.30143
-0.301128
-0.301309
-0.301422
-0.301573
-0.301729
-0.301889
-0.302052
-0.302219
-0.302392
-0.30258
-0.302793
-0.303043
-0.303351
-0.303736
-0.305049
-0.300079
-0.301436
-0.30112
-0.301277
-0.301385
-0.301527
-0.301678
-0.301834
-0.301994
-0.302157
-0.302326
-0.302509
-0.302715
-0.302958
-0.303255
-0.303629
-0.305557
-0.300058
-0.301425
-0.301098
-0.301228
-0.301328
-0.301461
-0.301607
-0.301761
-0.301918
-0.302078
-0.302244
-0.302423
-0.302624
-0.302859
-0.303148
-0.30351
-0.306093
-0.300053
-0.301397
-0.301061
-0.301158
-0.30125
-0.301374
-0.301516
-0.301666
-0.301822
-0.30198
-0.302145
-0.302321
-0.302517
-0.302747
-0.303027
-0.30338
-0.306646
-0.300068
-0.301352
-0.301007
-0.301068
-0.30115
-0.301263
-0.301401
-0.30155
-0.301704
-0.301862
-0.302026
-0.3022
-0.302394
-0.302619
-0.302892
-0.303236
-0.307199
-0.300113
-0.301292
-0.300934
-0.300955
-0.301025
-0.301128
-0.301262
-0.301409
-0.301564
-0.301723
-0.301887
-0.302061
-0.302253
-0.302475
-0.302743
-0.303078
-0.307721
-0.300191
-0.301217
-0.300838
-0.300816
-0.300872
-0.300965
-0.301095
-0.301242
-0.301398
-0.301559
-0.301726
-0.301901
-0.302093
-0.302312
-0.302576
-0.302905
-0.30817
-0.300301
-0.301128
-0.300717
-0.300649
-0.300689
-0.300771
-0.300898
-0.301046
-0.301205
-0.30137
-0.30154
-0.301718
-0.301911
-0.302131
-0.302392
-0.302715
-0.303125
-0.308487
-0.300436
-0.301028
-0.300563
-0.300449
-0.300473
-0.300545
-0.300669
-0.300819
-0.300982
-0.301153
-0.301328
-0.301511
-0.301707
-0.301927
-0.302187
-0.302507
-0.30291
-0.308588
-0.300574
-0.300911
-0.300371
-0.300209
-0.300218
-0.300281
-0.300403
-0.300557
-0.300727
-0.300905
-0.301087
-0.301276
-0.301477
-0.301701
-0.301961
-0.302278
-0.302675
-0.308355
-0.300666
-0.30077
-0.300132
-0.299922
-0.299919
-0.299976
-0.300099
-0.300259
-0.300437
-0.300624
-0.300815
-0.301013
-0.301221
-0.301449
-0.301712
-0.302028
-0.302422
-0.307637
-0.300675
-0.300612
-0.299851
-0.299595
-0.299583
-0.299635
-0.29976
-0.299927
-0.300115
-0.300313
-0.300515
-0.300722
-0.300939
-0.301174
-0.30144
-0.301758
-0.302148
-0.306373
-0.300585
-0.300452
-0.299547
-0.299237
-0.299216
-0.299264
-0.29939
-0.299563
-0.29976
-0.299968
-0.300182
-0.3004
-0.300626
-0.300868
-0.301139
-0.301458
-0.301846
-0.304322
-0.300096
-0.300153
-0.29912
-0.298758
-0.298737
-0.298789
-0.298921
-0.299106
-0.299318
-0.299543
-0.299773
-0.300007
-0.300247
-0.300502
-0.300783
-0.301107
-0.301498
-0.299311
-0.298362
-0.299384
-0.298313
-0.297965
-0.297998
-0.298096
-0.298265
-0.298488
-0.298738
-0.299
-0.299265
-0.299532
-0.299802
-0.300083
-0.300386
-0.30073
-0.301135
-0.286856
-0.295459
-0.298553
-0.297542
-0.297242
-0.297357
-0.297512
-0.297723
-0.297985
-0.298271
-0.298565
-0.29886
-0.299153
-0.299447
-0.299749
-0.300071
-0.30043
-0.300848
-0.281627
-0.293034
-0.297377
-0.296308
-0.296023
-0.296258
-0.296493
-0.296758
-0.29707
-0.297404
-0.297743
-0.29808
-0.298413
-0.298745
-0.299082
-0.299437
-0.299826
-0.300271
-0.279935
-0.291042
-0.295875
-0.294824
-0.29456
-0.29492
-0.29525
-0.295581
-0.295954
-0.296345
-0.296737
-0.297125
-0.297506
-0.297883
-0.298263
-0.298658
-0.299085
-0.299563
-0.279429
-0.288902
-0.293911
-0.293074
-0.292855
-0.293332
-0.293774
-0.294187
-0.294634
-0.295095
-0.295553
-0.296002
-0.29644
-0.296872
-0.297303
-0.297746
-0.298216
-0.298733
-0.279171
-0.286613
-0.2915
-0.291006
-0.290869
-0.291457
-0.292026
-0.292539
-0.293075
-0.293621
-0.294157
-0.294679
-0.295186
-0.295682
-0.296173
-0.296672
-0.297193
-0.297756
-0.278674
-0.284199
-0.288676
-0.288572
-0.28857
-0.289268
-0.289974
-0.290607
-0.291247
-0.291891
-0.292519
-0.293127
-0.293715
-0.294286
-0.294848
-0.295411
-0.295991
-0.296608
-0.277654
-0.28159
-0.285467
-0.28575
-0.285942
-0.286754
-0.287605
-0.288373
-0.289132
-0.289887
-0.290621
-0.291327
-0.292007
-0.292664
-0.293306
-0.293943
-0.294591
-0.295267
-0.275919
-0.278697
-0.281913
-0.282549
-0.282983
-0.283921
-0.284919
-0.285833
-0.286723
-0.287601
-0.28845
-0.289265
-0.290047
-0.2908
-0.291532
-0.292252
-0.292975
-0.293719
-0.273403
-0.275464
-0.278059
-0.278996
-0.279706
-0.280784
-0.281928
-0.282994
-0.284024
-0.285032
-0.286006
-0.286938
-0.287831
-0.288688
-0.289517
-0.290327
-0.291132
-0.291949
-0.270151
-0.271871
-0.273953
-0.275137
-0.276136
-0.27737
-0.278657
-0.279877
-0.281051
-0.282194
-0.283297
-0.284352
-0.285361
-0.286328
-0.287259
-0.288165
-0.289058
-0.289953
-0.266265
-0.267927
-0.269638
-0.271021
-0.272306
-0.273709
-0.275139
-0.27651
-0.277829
-0.279108
-0.280341
-0.28152
-0.282648
-0.283727
-0.284765
-0.285769
-0.286753
-0.287729
-0.26187
-0.263664
-0.265151
-0.266699
-0.268252
-0.269835
-0.271408
-0.272925
-0.274387
-0.275801
-0.277163
-0.278466
-0.279712
-0.280904
-0.282048
-0.283152
-0.284227
-0.285284
-0.257093
-0.259128
-0.260525
-0.262217
-0.264016
-0.265782
-0.267499
-0.269157
-0.270758
-0.272304
-0.273791
-0.275215
-0.276577
-0.27788
-0.279128
-0.28033
-0.281495
-0.282634
-0.252045
-0.254374
-0.255789
-0.257617
-0.259635
-0.261584
-0.263444
-0.265239
-0.266974
-0.268648
-0.270256
-0.271797
-0.27327
-0.274679
-0.276029
-0.277326
-0.278577
-0.279794
-0.24682
-0.249454
-0.250967
-0.252931
-0.255145
-0.257271
-0.259275
-0.261201
-0.263065
-0.264861
-0.266586
-0.268238
-0.269819
-0.27133
-0.272776
-0.274163
-0.275497
-0.276788
-0.241489
-0.244417
-0.246084
-0.248185
-0.250574
-0.252869
-0.255015
-0.257069
-0.259056
-0.260971
-0.262808
-0.264566
-0.266248
-0.267856
-0.269393
-0.270866
-0.272278
-0.273638
-0.236108
-0.239306
-0.241158
-0.243401
-0.245947
-0.248402
-0.250687
-0.252866
-0.254971
-0.256998
-0.258942
-0.260802
-0.262581
-0.264281
-0.265904
-0.267456
-0.268942
-0.270366
-0.230717
-0.234155
-0.236209
-0.238596
-0.241285
-0.243888
-0.246309
-0.248609
-0.250827
-0.252962
-0.255009
-0.256966
-0.258837
-0.260623
-0.262329
-0.263956
-0.265509
-0.266994
-0.225347
-0.228994
-0.231253
-0.233782
-0.236603
-0.239344
-0.241895
-0.244312
-0.246639
-0.248878
-0.251023
-0.253074
-0.255032
-0.256901
-0.258683
-0.260381
-0.261998
-0.263538
-0.220021
-0.223847
-0.226305
-0.228974
-0.231915
-0.234784
-0.237459
-0.239989
-0.24242
-0.244758
-0.246998
-0.249137
-0.251179
-0.253127
-0.254981
-0.256746
-0.258423
-0.260014
-0.214753
-0.218731
-0.221377
-0.224179
-0.227232
-0.230218
-0.23301
-0.235649
-0.23818
-0.240613
-0.242942
-0.245167
-0.247289
-0.249311
-0.251235
-0.253063
-0.254796
-0.256435
-0.209558
-0.213662
-0.21648
-0.219409
-0.222565
-0.225658
-0.228559
-0.2313
-0.233926
-0.236449
-0.238865
-0.241171
-0.24337
-0.245463
-0.247453
-0.24934
-0.251126
-0.252811
-0.204445
-0.208651
-0.211626
-0.21467
-0.217921
-0.221111
-0.224114
-0.226951
-0.229667
-0.232276
-0.234773
-0.237157
-0.239428
-0.24159
-0.243642
-0.245587
-0.247423
-0.24915
-0.19942
-0.203709
-0.206822
-0.209973
-0.213308
-0.216587
-0.219682
-0.222609
-0.22541
-0.228099
-0.230674
-0.233131
-0.235472
-0.237698
-0.23981
-0.241808
-0.243692
-0.245459
-0.19449
-0.198843
-0.202078
-0.205324
-0.208735
-0.212092
-0.215271
-0.218281
-0.221161
-0.223925
-0.226572
-0.229099
-0.231505
-0.233792
-0.235961
-0.238011
-0.23994
-0.241746
-0.189662
-0.194061
-0.197402
-0.200732
-0.204209
-0.207635
-0.210889
-0.213975
-0.216927
-0.219761
-0.222475
-0.225067
-0.227534
-0.22988
-0.232102
-0.2342
-0.236172
-0.238014
-0.18494
-0.18937
-0.192801
-0.196203
-0.199737
-0.203222
-0.206542
-0.209696
-0.212714
-0.215612
-0.218388
-0.22104
-0.223565
-0.225964
-0.228237
-0.23038
-0.232393
-0.23427
-0.180328
-0.184775
-0.188281
-0.191745
-0.195326
-0.198861
-0.202238
-0.205451
-0.208528
-0.211484
-0.214318
-0.217025
-0.219603
-0.222053
-0.224372
-0.226558
-0.228609
-0.230518
-0.175831
-0.180282
-0.183849
-0.187363
-0.190982
-0.194558
-0.197984
-0.201249
-0.204378
-0.207385
-0.21027
-0.213027
-0.215654
-0.21815
-0.220512
-0.222739
-0.224825
-0.226765
-0.171453
-0.175895
-0.179511
-0.183065
-0.186712
-0.19032
-0.193785
-0.197094
-0.200268
-0.203321
-0.206251
-0.209053
-0.211724
-0.214262
-0.216665
-0.218928
-0.221047
-0.223016
-0.167197
-0.171619
-0.175271
-0.178855
-0.182522
-0.186153
-0.189649
-0.192994
-0.196207
-0.199298
-0.202267
-0.20511
-0.20782
-0.210396
-0.212835
-0.215131
-0.21728
-0.219276
-0.163065
-0.167458
-0.171134
-0.174739
-0.178418
-0.182064
-0.185582
-0.188956
-0.192199
-0.195323
-0.198326
-0.201202
-0.203948
-0.206557
-0.209028
-0.211355
-0.213532
-0.215552
-0.15906
-0.163415
-0.167104
-0.170721
-0.174404
-0.178056
-0.18159
-0.184984
-0.188252
-0.191402
-0.194433
-0.197338
-0.200113
-0.202753
-0.205252
-0.207606
-0.209808
-0.21185
-0.155183
-0.159492
-0.163185
-0.166806
-0.170485
-0.174137
-0.177678
-0.181086
-0.184371
-0.187541
-0.190595
-0.193524
-0.196324
-0.198988
-0.201512
-0.20389
-0.206115
-0.208177
-0.151436
-0.155692
-0.159381
-0.162997
-0.166666
-0.170311
-0.173852
-0.177267
-0.180563
-0.183748
-0.186817
-0.189766
-0.192585
-0.195271
-0.197816
-0.200215
-0.202458
-0.204539
-0.14782
-0.152017
-0.155693
-0.159299
-0.162952
-0.166582
-0.170117
-0.173532
-0.176834
-0.180027
-0.183108
-0.186069
-0.188905
-0.191607
-0.19417
-0.196585
-0.198846
-0.200942
-0.144335
-0.148468
-0.152125
-0.155714
-0.159344
-0.162955
-0.166477
-0.169888
-0.173189
-0.176384
-0.179471
-0.182442
-0.185288
-0.188003
-0.19058
-0.193009
-0.195284
-0.197394
-0.140983
-0.145048
-0.148679
-0.152245
-0.155848
-0.159434
-0.162938
-0.166337
-0.169633
-0.172826
-0.175914
-0.178889
-0.181743
-0.184466
-0.187053
-0.189494
-0.19178
-0.193901
-0.137762
-0.141756
-0.145356
-0.148894
-0.152466
-0.156022
-0.159504
-0.162887
-0.166171
-0.169358
-0.172443
-0.175418
-0.178274
-0.181003
-0.183596
-0.186045
-0.18834
-0.19047
-0.192423
-0.134674
-0.138594
-0.142158
-0.145664
-0.1492
-0.152723
-0.156178
-0.159541
-0.16281
-0.165985
-0.169063
-0.172034
-0.174889
-0.177619
-0.180216
-0.18267
-0.184971
-0.187108
-0.189069
-0.131717
-0.135562
-0.139086
-0.142558
-0.146055
-0.149541
-0.152964
-0.156303
-0.159553
-0.162713
-0.165779
-0.168743
-0.171593
-0.174322
-0.176919
-0.179375
-0.181681
-0.183823
-0.18579
-0.128893
-0.132661
-0.136143
-0.139576
-0.143032
-0.146478
-0.149867
-0.153178
-0.156405
-0.159547
-0.162599
-0.165551
-0.168393
-0.171117
-0.173712
-0.176168
-0.178475
-0.180621
-0.182593
-0.126201
-0.129892
-0.133329
-0.136721
-0.140134
-0.143537
-0.14689
-0.150169
-0.153371
-0.156492
-0.159525
-0.162463
-0.165295
-0.168012
-0.170602
-0.173056
-0.175362
-0.177509
-0.179484
-0.12364
-0.127255
-0.130644
-0.133994
-0.137362
-0.140722
-0.144036
-0.147282
-0.150456
-0.153552
-0.156566
-0.159487
-0.162306
-0.165012
-0.167595
-0.170044
-0.172348
-0.174495
-0.176472
-0.121211
-0.12475
-0.128092
-0.131398
-0.134721
-0.138035
-0.141308
-0.14452
-0.147663
-0.150733
-0.153724
-0.156627
-0.15943
-0.162124
-0.164698
-0.167141
-0.169441
-0.171586
-0.173563
-0.118914
-0.122379
-0.125673
-0.128935
-0.132211
-0.13548
-0.138711
-0.141887
-0.144998
-0.14804
-0.151007
-0.153889
-0.156675
-0.159355
-0.161918
-0.164353
-0.166648
-0.16879
-0.170766
-0.11675
-0.120142
-0.123387
-0.126605
-0.129835
-0.133059
-0.136248
-0.139386
-0.142465
-0.145478
-0.14842
-0.151279
-0.154047
-0.156711
-0.159262
-0.161687
-0.163975
-0.166113
-0.168087
-0.114718
-0.11804
-0.121238
-0.124412
-0.127596
-0.130775
-0.133922
-0.137023
-0.140068
-0.143052
-0.145967
-0.148804
-0.151551
-0.154199
-0.156736
-0.159151
-0.161431
-0.163563
-0.165535
-0.112821
-0.116076
-0.119227
-0.122358
-0.125498
-0.128632
-0.131738
-0.134801
-0.137813
-0.140767
-0.143655
-0.146468
-0.149195
-0.151826
-0.154349
-0.156752
-0.159023
-0.161149
-0.163117
-0.111059
-0.11425
-0.117355
-0.120445
-0.123542
-0.126633
-0.129698
-0.132725
-0.135704
-0.138628
-0.14149
-0.144279
-0.146985
-0.149598
-0.152106
-0.154497
-0.156759
-0.158879
-0.160843
-0.109434
-0.112564
-0.115627
-0.118677
-0.121732
-0.124782
-0.127809
-0.1308
-0.133747
-0.136642
-0.139477
-0.142243
-0.144929
-0.147524
-0.150016
-0.152395
-0.154647
-0.15676
-0.158719
-0.107948
-0.111022
-0.114044
-0.117057
-0.120073
-0.123084
-0.126074
-0.129031
-0.131947
-0.134814
-0.137624
-0.140367
-0.143032
-0.14561
-0.148088
-0.150454
-0.152696
-0.154802
-0.156756
-0.106604
-0.109626
-0.112611
-0.115588
-0.118568
-0.121543
-0.124498
-0.127424
-0.130311
-0.133151
-0.135937
-0.138658
-0.141304
-0.143865
-0.146328
-0.148683
-0.150915
-0.153013
-0.154963
-0.105406
-0.108381
-0.111331
-0.114277
-0.117224
-0.120165
-0.123089
-0.125985
-0.128845
-0.131661
-0.134424
-0.137125
-0.139753
-0.142298
-0.144748
-0.14709
-0.149314
-0.151405
-0.153349
-0.104357
-0.107291
-0.11021
-0.113127
-0.116045
-0.118956
-0.121852
-0.124722
-0.127557
-0.130351
-0.133094
-0.135776
-0.138388
-0.140918
-0.143355
-0.145687
-0.147902
-0.149986
-0.151926
-0.103463
-0.106361
-0.109253
-0.112146
-0.115038
-0.117924
-0.120794
-0.123641
-0.126456
-0.12923
-0.131955
-0.134621
-0.137218
-0.139735
-0.142161
-0.144484
-0.146691
-0.148769
-0.150705
-0.102731
-0.105598
-0.108468
-0.11134
-0.114211
-0.117076
-0.119926
-0.122754
-0.125551
-0.128308
-0.131018
-0.133671
-0.136255
-0.138761
-0.141178
-0.143492
-0.145693
-0.147766
-0.149698
-0.102164
-0.105009
-0.107862
-0.110719
-0.113574
-0.116421
-0.119256
-0.122068
-0.124851
-0.127596
-0.130295
-0.132936
-0.135511
-0.138009
-0.140417
-0.142726
-0.144921
-0.14699
-0.148919
-0.101778
-0.104607
-0.107447
-0.110293
-0.113136
-0.115973
-0.118796
-0.121598
-0.124371
-0.127107
-0.129797
-0.132431
-0.134999
-0.137491
-0.139894
-0.142198
-0.144389
-0.146455
-0.148382
-0.101573
-0.104395
-0.107231
-0.110071
-0.112909
-0.11574
-0.118557
-0.121354
-0.124123
-0.126854
-0.12954
-0.13217
-0.134735
-0.137223
-0.139624
-0.141925
-0.144115
-0.146179
-0.148105
-0.258765
-0.261116
-0.263354
-0.26548
-0.267497
-0.269408
-0.271216
-0.272926
-0.274547
-0.276088
-0.277561
-0.278982
-0.280373
-0.281754
-0.283155
-0.284604
-0.286136
-0.287789
-0.289614
-0.291691
-0.294154
-0.297275
-0.30201
-0.311402
-0.252369
-0.254861
-0.257252
-0.259545
-0.261743
-0.263853
-0.265878
-0.267829
-0.269713
-0.271546
-0.273343
-0.275126
-0.276918
-0.278751
-0.280661
-0.282689
-0.284887
-0.287316
-0.290053
-0.293197
-0.29687
-0.301178
-0.306099
-0.315001
-0.246167
-0.248813
-0.251375
-0.253857
-0.256264
-0.258603
-0.260881
-0.263107
-0.26529
-0.267443
-0.269581
-0.271719
-0.273877
-0.276077
-0.278344
-0.280706
-0.283191
-0.285831
-0.288657
-0.291695
-0.294962
-0.29852
-0.302026
-0.310041
-0.240058
-0.242824
-0.245516
-0.248139
-0.250697
-0.253196
-0.255641
-0.25804
-0.2604
-0.262731
-0.265042
-0.267345
-0.269653
-0.27198
-0.274344
-0.276762
-0.279255
-0.281843
-0.284555
-0.287427
-0.290502
-0.293978
-0.297297
-0.305099
-0.234002
-0.236857
-0.239646
-0.242372
-0.245039
-0.247651
-0.250215
-0.252734
-0.255216
-0.257668
-0.260098
-0.262517
-0.264935
-0.267366
-0.269827
-0.272336
-0.274915
-0.277593
-0.280402
-0.283388
-0.286565
-0.290135
-0.29329
-0.300426
-0.228025
-0.230948
-0.233812
-0.23662
-0.239374
-0.24208
-0.244742
-0.247365
-0.249954
-0.252517
-0.255061
-0.257595
-0.26013
-0.262678
-0.265254
-0.267874
-0.270558
-0.273325
-0.276196
-0.279199
-0.282311
-0.285748
-0.288664
-0.295112
-0.222147
-0.225121
-0.228042
-0.230912
-0.233735
-0.236515
-0.239256
-0.241962
-0.244638
-0.247291
-0.249926
-0.252551
-0.255174
-0.257805
-0.260455
-0.263135
-0.265857
-0.268637
-0.271486
-0.274435
-0.277456
-0.280785
-0.283619
-0.289455
-0.216377
-0.219384
-0.222343
-0.225257
-0.228129
-0.230963
-0.23376
-0.236526
-0.239264
-0.241979
-0.244676
-0.247361
-0.25004
-0.25272
-0.25541
-0.258119
-0.260857
-0.263637
-0.266473
-0.269393
-0.272368
-0.275613
-0.278406
-0.283618
-0.213743
-0.216725
-0.219667
-0.22257
-0.225438
-0.228273
-0.231079
-0.233858
-0.236615
-0.239354
-0.242078
-0.244795
-0.247509
-0.250227
-0.252957
-0.255709
-0.258492
-0.261315
-0.264203
-0.267121
-0.270255
-0.273007
-0.277629
-0.208208
-0.2112
-0.214154
-0.217074
-0.219961
-0.222818
-0.225648
-0.228453
-0.231236
-0.234001
-0.236752
-0.239492
-0.242227
-0.244962
-0.247702
-0.250454
-0.253226
-0.256023
-0.258865
-0.261722
-0.264747
-0.267474
-0.27158
-0.202785
-0.205774
-0.208729
-0.211653
-0.214547
-0.217413
-0.220253
-0.22307
-0.225866
-0.228644
-0.231407
-0.234158
-0.2369
-0.239638
-0.242376
-0.245118
-0.247871
-0.250638
-0.253436
-0.256241
-0.259169
-0.261876
-0.265544
-0.197479
-0.200455
-0.203401
-0.206318
-0.209207
-0.21207
-0.21491
-0.217727
-0.220524
-0.223303
-0.226067
-0.228817
-0.231556
-0.234288
-0.237016
-0.239743
-0.242474
-0.245211
-0.247967
-0.250725
-0.253564
-0.256248
-0.259564
-0.192295
-0.195249
-0.198176
-0.201077
-0.203952
-0.206803
-0.209632
-0.21244
-0.215228
-0.217999
-0.220754
-0.223494
-0.226223
-0.228942
-0.231654
-0.234361
-0.237067
-0.239773
-0.242488
-0.2452
-0.247962
-0.250622
-0.253666
-0.187235
-0.190161
-0.193061
-0.195937
-0.19879
-0.201621
-0.204431
-0.207221
-0.209992
-0.212747
-0.215485
-0.218209
-0.22092
-0.22362
-0.226311
-0.228994
-0.231672
-0.234346
-0.237021
-0.239691
-0.242389
-0.245021
-0.247861
-0.182303
-0.185193
-0.18806
-0.190905
-0.193729
-0.196533
-0.199316
-0.202082
-0.204829
-0.20756
-0.210276
-0.212977
-0.215665
-0.218341
-0.221006
-0.223661
-0.226309
-0.22895
-0.231588
-0.234219
-0.23686
-0.239462
-0.24215
-0.177501
-0.18035
-0.183178
-0.185986
-0.188775
-0.191545
-0.194296
-0.197031
-0.199749
-0.202451
-0.205138
-0.207811
-0.21047
-0.213117
-0.215753
-0.218378
-0.220994
-0.223601
-0.226202
-0.228794
-0.231387
-0.233956
-0.236533
-0.17283
-0.175634
-0.178418
-0.181184
-0.183933
-0.186664
-0.189378
-0.192076
-0.194759
-0.197427
-0.20008
-0.20272
-0.205347
-0.207962
-0.210565
-0.213157
-0.215739
-0.218311
-0.220874
-0.223429
-0.225977
-0.228512
-0.231006
-0.168293
-0.171047
-0.173783
-0.176503
-0.179206
-0.181894
-0.184567
-0.187224
-0.189867
-0.192497
-0.195112
-0.197715
-0.200306
-0.202884
-0.205451
-0.208007
-0.210552
-0.213087
-0.215613
-0.21813
-0.220636
-0.223135
-0.225566
-0.163889
-0.16659
-0.169275
-0.171945
-0.1746
-0.17724
-0.179867
-0.18248
-0.18508
-0.187666
-0.190241
-0.192803
-0.195353
-0.197891
-0.200419
-0.202936
-0.205443
-0.207939
-0.210426
-0.212903
-0.215369
-0.217831
-0.22021
-0.159618
-0.162263
-0.164894
-0.167511
-0.170115
-0.172705
-0.175283
-0.177848
-0.180401
-0.182942
-0.185471
-0.187989
-0.190495
-0.192991
-0.195477
-0.197952
-0.200417
-0.202873
-0.205319
-0.207756
-0.210181
-0.212602
-0.214937
-0.155481
-0.158068
-0.160643
-0.163205
-0.165754
-0.168292
-0.170818
-0.173332
-0.175835
-0.178327
-0.180808
-0.183279
-0.185739
-0.188189
-0.19063
-0.193061
-0.195482
-0.197894
-0.200297
-0.202692
-0.205074
-0.207454
-0.209747
-0.151477
-0.154004
-0.15652
-0.159025
-0.161518
-0.164001
-0.166473
-0.168934
-0.171385
-0.173825
-0.176256
-0.178677
-0.181088
-0.18349
-0.185883
-0.188267
-0.190642
-0.193009
-0.195366
-0.197716
-0.200055
-0.202391
-0.204642
-0.147604
-0.150071
-0.152527
-0.154973
-0.157409
-0.159834
-0.16225
-0.164656
-0.167053
-0.16944
-0.171818
-0.174187
-0.176548
-0.178899
-0.181242
-0.183577
-0.185903
-0.188221
-0.190531
-0.192834
-0.195127
-0.197416
-0.199625
-0.143861
-0.146266
-0.148662
-0.151048
-0.153424
-0.155792
-0.158151
-0.1605
-0.162841
-0.165173
-0.167497
-0.169813
-0.17212
-0.174419
-0.17671
-0.178993
-0.181269
-0.183537
-0.185797
-0.188051
-0.190295
-0.192536
-0.194699
-0.140246
-0.142589
-0.144923
-0.147249
-0.149566
-0.151875
-0.154175
-0.156467
-0.158751
-0.161027
-0.163295
-0.165555
-0.167808
-0.170053
-0.17229
-0.174521
-0.176744
-0.17896
-0.181169
-0.183371
-0.185564
-0.187754
-0.189871
-0.136758
-0.139039
-0.141311
-0.143576
-0.145833
-0.148082
-0.150323
-0.152557
-0.154783
-0.157002
-0.159213
-0.161417
-0.163614
-0.165803
-0.167986
-0.170162
-0.172331
-0.174493
-0.176649
-0.178799
-0.180939
-0.183078
-0.185145
-0.133394
-0.135613
-0.137824
-0.140027
-0.142224
-0.144413
-0.146595
-0.14877
-0.150938
-0.153098
-0.155252
-0.157399
-0.159539
-0.161673
-0.1638
-0.16592
-0.168034
-0.170142
-0.172243
-0.174338
-0.176425
-0.17851
-0.180527
-0.130153
-0.132309
-0.134459
-0.136602
-0.138738
-0.140867
-0.14299
-0.145105
-0.147215
-0.149317
-0.151413
-0.153503
-0.155586
-0.157663
-0.159733
-0.161797
-0.163855
-0.165907
-0.167953
-0.169993
-0.172026
-0.174055
-0.176021
-0.127031
-0.129126
-0.131215
-0.133297
-0.135373
-0.137443
-0.139506
-0.141563
-0.143614
-0.145658
-0.147696
-0.149728
-0.151754
-0.153774
-0.155787
-0.157795
-0.159797
-0.161792
-0.163782
-0.165767
-0.167744
-0.169717
-0.17163
-0.124027
-0.126061
-0.12809
-0.130113
-0.132129
-0.134139
-0.136144
-0.138142
-0.140135
-0.142121
-0.144101
-0.146076
-0.148044
-0.150007
-0.151964
-0.153915
-0.15586
-0.157799
-0.159733
-0.161661
-0.163582
-0.1655
-0.16736
-0.121138
-0.123113
-0.125082
-0.127045
-0.129003
-0.130955
-0.132901
-0.134841
-0.136776
-0.138705
-0.140628
-0.142545
-0.144457
-0.146363
-0.148263
-0.150157
-0.152046
-0.153929
-0.155806
-0.157678
-0.159543
-0.161405
-0.163212
-0.118361
-0.120277
-0.122188
-0.124093
-0.125993
-0.127888
-0.129776
-0.131659
-0.133537
-0.135409
-0.137275
-0.139136
-0.140991
-0.142841
-0.144685
-0.146523
-0.148355
-0.150183
-0.152004
-0.15382
-0.15563
-0.157435
-0.159189
-0.115695
-0.117553
-0.119407
-0.121255
-0.123098
-0.124936
-0.126768
-0.128595
-0.130416
-0.132232
-0.134043
-0.135848
-0.137647
-0.139441
-0.141229
-0.143012
-0.144789
-0.146561
-0.148327
-0.150087
-0.151842
-0.153592
-0.155293
-0.113136
-0.114938
-0.116736
-0.118528
-0.120315
-0.122098
-0.123874
-0.125646
-0.127412
-0.129173
-0.130929
-0.132679
-0.134423
-0.136162
-0.137896
-0.139624
-0.141347
-0.143064
-0.144775
-0.146481
-0.14818
-0.149876
-0.151525
-0.110682
-0.112429
-0.114172
-0.11591
-0.117643
-0.119371
-0.121094
-0.122812
-0.124524
-0.126231
-0.127933
-0.129629
-0.13132
-0.133005
-0.134685
-0.136359
-0.138028
-0.139691
-0.141349
-0.143001
-0.144647
-0.146288
-0.147887
-0.10833
-0.110025
-0.111715
-0.1134
-0.11508
-0.116755
-0.118425
-0.12009
-0.121749
-0.123404
-0.125053
-0.126696
-0.128335
-0.129967
-0.131595
-0.133217
-0.134833
-0.136443
-0.138048
-0.139648
-0.141241
-0.14283
-0.144378
-0.10608
-0.107722
-0.109361
-0.110994
-0.112622
-0.114246
-0.115865
-0.117478
-0.119087
-0.12069
-0.122288
-0.12388
-0.125467
-0.127049
-0.128625
-0.130195
-0.13176
-0.13332
-0.134873
-0.136421
-0.137963
-0.1395
-0.140999
-0.103927
-0.10552
-0.107108
-0.108691
-0.11027
-0.111844
-0.113412
-0.114976
-0.116535
-0.118088
-0.119636
-0.121179
-0.122716
-0.124248
-0.125774
-0.127295
-0.12881
-0.130319
-0.131823
-0.133321
-0.134812
-0.136299
-0.13775
-0.10187
-0.103415
-0.104954
-0.106489
-0.10802
-0.109545
-0.111066
-0.112581
-0.114092
-0.115597
-0.117097
-0.118591
-0.12008
-0.121564
-0.123042
-0.124514
-0.125981
-0.127442
-0.128897
-0.130346
-0.131789
-0.133227
-0.134632
-0.0999078
-0.101405
-0.102898
-0.104387
-0.105871
-0.10735
-0.108824
-0.110292
-0.111756
-0.113215
-0.114668
-0.116116
-0.117559
-0.118996
-0.120427
-0.121852
-0.123272
-0.124686
-0.126094
-0.127496
-0.128892
-0.130283
-0.131643
-0.0980372
-0.0994898
-0.100938
-0.102382
-0.10382
-0.105255
-0.106684
-0.108108
-0.109527
-0.110941
-0.112349
-0.113752
-0.11515
-0.116542
-0.117928
-0.119308
-0.120683
-0.122052
-0.123415
-0.124772
-0.126122
-0.127467
-0.128784
-0.0962571
-0.0976665
-0.0990716
-0.100472
-0.101868
-0.103259
-0.104645
-0.106026
-0.107402
-0.108773
-0.110138
-0.111498
-0.112852
-0.114201
-0.115544
-0.116881
-0.118212
-0.119538
-0.120857
-0.122171
-0.123477
-0.124779
-0.126055
-0.0945657
-0.0959339
-0.0972976
-0.0986568
-0.100011
-0.101361
-0.102706
-0.104046
-0.10538
-0.10671
-0.108034
-0.109352
-0.110665
-0.111973
-0.113274
-0.11457
-0.11586
-0.117144
-0.118421
-0.119693
-0.120958
-0.122218
-0.123454
-0.0929618
-0.0942905
-0.0956148
-0.0969346
-0.0982497
-0.0995601
-0.100865
-0.102166
-0.103461
-0.104751
-0.106036
-0.107315
-0.108588
-0.109856
-0.111118
-0.112374
-0.113624
-0.114869
-0.116107
-0.117338
-0.118564
-0.119783
-0.120981
-0.0914441
-0.0927352
-0.094022
-0.0953042
-0.0965818
-0.0978546
-0.0991225
-0.100385
-0.101643
-0.102896
-0.104143
-0.105384
-0.10662
-0.10785
-0.109075
-0.110293
-0.111506
-0.112712
-0.113912
-0.115106
-0.116294
-0.117476
-0.118638
-0.0900116
-0.0912671
-0.0925182
-0.0937648
-0.0950068
-0.096244
-0.0974763
-0.0987036
-0.0999257
-0.101143
-0.102354
-0.10356
-0.10476
-0.105955
-0.107144
-0.108326
-0.109503
-0.110674
-0.111839
-0.112997
-0.114149
-0.115294
-0.116422
-0.0886636
-0.0898854
-0.0911028
-0.0923157
-0.093524
-0.0947276
-0.0959263
-0.0971199
-0.0983084
-0.0994916
-0.100669
-0.101842
-0.103008
-0.104169
-0.105325
-0.106474
-0.107617
-0.108754
-0.109885
-0.11101
-0.112128
-0.11324
-0.114335
-0.0873996
-0.0885896
-0.0897753
-0.0909565
-0.0921331
-0.093305
-0.094472
-0.095634
-0.0967909
-0.0979425
-0.0990887
-0.100229
-0.101365
-0.102494
-0.103618
-0.104735
-0.105847
-0.106953
-0.108052
-0.109145
-0.110232
-0.111312
-0.112378
-0.0873795
-0.0885354
-0.0896869
-0.0908339
-0.0919761
-0.0931135
-0.0942459
-0.0953732
-0.0964953
-0.097612
-0.0987233
-0.099829
-0.100929
-0.102023
-0.103111
-0.104194
-0.10527
-0.10634
-0.107404
-0.108461
-0.109512
-0.11055
-0.0862553
-0.0873835
-0.0885073
-0.0896266
-0.0907412
-0.0918511
-0.092956
-0.0940558
-0.0951504
-0.0962398
-0.0973237
-0.098402
-0.0994747
-0.100542
-0.101603
-0.102658
-0.103707
-0.10475
-0.105786
-0.106817
-0.107841
-0.108852
-0.0852172
-0.0863197
-0.087418
-0.0885117
-0.0896009
-0.0906852
-0.0917647
-0.0928392
-0.0939086
-0.0949727
-0.0960314
-0.0970846
-0.0981322
-0.0991741
-0.10021
-0.10124
-0.102265
-0.103283
-0.104295
-0.1053
-0.1063
-0.107288
-0.0842662
-0.0853452
-0.0864199
-0.0874903
-0.088556
-0.0896171
-0.0906734
-0.0917247
-0.092771
-0.0938121
-0.0948478
-0.0958782
-0.096903
-0.0979221
-0.0989356
-0.0999432
-0.100945
-0.10194
-0.10293
-0.103913
-0.10489
-0.105857
-0.0834032
-0.0844609
-0.0855143
-0.0865634
-0.087608
-0.088648
-0.0896833
-0.0907137
-0.0917392
-0.0927595
-0.0937746
-0.0947844
-0.0957888
-0.0967875
-0.0977807
-0.0987681
-0.0997496
-0.100725
-0.101695
-0.102658
-0.103616
-0.104564
-0.0826303
-0.0836687
-0.0847031
-0.0857331
-0.0867588
-0.08778
-0.0887966
-0.0898084
-0.0908153
-0.0918173
-0.0928141
-0.0938057
-0.0947919
-0.0957728
-0.0967481
-0.0977177
-0.0986816
-0.0996397
-0.100592
-0.101538
-0.102478
-0.10341
-0.0819489
-0.0829705
-0.0839881
-0.0850015
-0.0860107
-0.0870155
-0.0880158
-0.0890114
-0.0900023
-0.0909883
-0.0919693
-0.0929452
-0.093916
-0.0948814
-0.0958414
-0.0967959
-0.0977449
-0.0986881
-0.0996255
-0.100557
-0.101483
-0.102401
-0.0813625
-0.0823694
-0.0833725
-0.0843716
-0.0853665
-0.0863572
-0.0873435
-0.0883253
-0.0893025
-0.090275
-0.0912427
-0.0922055
-0.0931632
-0.0941158
-0.0950631
-0.0960051
-0.0969417
-0.0978728
-0.0987983
-0.0997181
-0.100632
-0.101539
-0.0808743
-0.0818694
-0.0828607
-0.0838481
-0.0848316
-0.0858109
-0.0867861
-0.0877569
-0.0887232
-0.089685
-0.0906422
-0.0915946
-0.0925421
-0.0934847
-0.0944222
-0.0953545
-0.0962816
-0.0972033
-0.0981196
-0.0990304
-0.0999355
-0.100834
-0.0804854
-0.0814705
-0.0824521
-0.0834301
-0.0844042
-0.0853744
-0.0863407
-0.0873028
-0.0882607
-0.0892143
-0.0901635
-0.0911082
-0.0920483
-0.0929837
-0.0939143
-0.09484
-0.0957607
-0.0966764
-0.097587
-0.0984924
-0.0993924
-0.100287
-0.0802132
-0.081192
-0.0821675
-0.0831394
-0.0841077
-0.0850723
-0.0860331
-0.0869898
-0.0879426
-0.0888912
-0.0898355
-0.0907755
-0.0917111
-0.0926421
-0.0935686
-0.0944903
-0.0954072
-0.0963192
-0.0972262
-0.0981281
-0.0990249
-0.0999164
-0.0800269
-0.0810008
-0.0819716
-0.0829392
-0.0839035
-0.0848645
-0.085822
-0.086776
-0.0877263
-0.0886729
-0.0896157
-0.0905546
-0.0914895
-0.0924203
-0.093347
-0.0942695
-0.0951877
-0.0961014
-0.0970107
-0.0979155
-0.0988156
-0.099711
-0.0800265
-0.0810004
-0.0819712
-0.0829388
-0.0839031
-0.084864
-0.0858215
-0.0867754
-0.0877257
-0.0886723
-0.0896151
-0.0905539
-0.0914888
-0.0924196
-0.0933463
-0.0942687
-0.0951869
-0.0961006
-0.0970099
-0.0979146
-0.0988147
-0.0997101
-0.0802128
-0.0811916
-0.0821671
-0.083139
-0.0841073
-0.0850718
-0.0860325
-0.0869893
-0.087942
-0.0888906
-0.0898349
-0.0907749
-0.0917104
-0.0926414
-0.0935678
-0.0944895
-0.0954064
-0.0963183
-0.0972253
-0.0981273
-0.099024
-0.0999155
-0.080485
-0.0814702
-0.0824517
-0.0834296
-0.0844037
-0.0853739
-0.0863402
-0.0873023
-0.0882601
-0.0892137
-0.0901629
-0.0911076
-0.0920476
-0.092983
-0.0939135
-0.0948392
-0.09576
-0.0966756
-0.0975862
-0.0984915
-0.0993915
-0.100286
-0.0798754
-0.080874
-0.081869
-0.0828603
-0.0838477
-0.0848311
-0.0858105
-0.0867856
-0.0877563
-0.0887227
-0.0896845
-0.0906416
-0.091594
-0.0925415
-0.093484
-0.0944215
-0.0953538
-0.0962808
-0.0972025
-0.0981188
-0.0990295
-0.0999347
-0.100833
-0.0803515
-0.0813622
-0.0823691
-0.0833721
-0.0843712
-0.0853661
-0.0863567
-0.087343
-0.0883248
-0.089302
-0.0902745
-0.0912421
-0.0922049
-0.0931625
-0.0941151
-0.0950624
-0.0960044
-0.096941
-0.0978721
-0.0987975
-0.0997173
-0.100631
-0.101539
-0.0809232
-0.0819487
-0.0829702
-0.0839878
-0.0850012
-0.0860103
-0.0870151
-0.0880153
-0.0890109
-0.0900018
-0.0909878
-0.0919688
-0.0929447
-0.0939154
-0.0948808
-0.0958408
-0.0967953
-0.0977441
-0.0986873
-0.0996247
-0.100556
-0.101482
-0.1024
-0.0815877
-0.08263
-0.0836685
-0.0847028
-0.0857328
-0.0867585
-0.0877797
-0.0887962
-0.089808
-0.0908149
-0.0918168
-0.0928136
-0.0938051
-0.0947914
-0.0957722
-0.0967474
-0.0977171
-0.098681
-0.099639
-0.100591
-0.101537
-0.102477
-0.103409
-0.0823414
-0.083403
-0.0844606
-0.085514
-0.0865631
-0.0876077
-0.0886477
-0.0896829
-0.0907133
-0.0917387
-0.0927591
-0.0937742
-0.0947839
-0.0957882
-0.096787
-0.0977801
-0.0987675
-0.099749
-0.100725
-0.101694
-0.102657
-0.103615
-0.104563
-0.0831829
-0.084266
-0.085345
-0.0864197
-0.08749
-0.0885558
-0.0896168
-0.0906731
-0.0917244
-0.0927706
-0.0938117
-0.0948474
-0.0958777
-0.0969025
-0.0979216
-0.098935
-0.0999426
-0.100944
-0.10194
-0.102929
-0.103912
-0.10489
-0.105856
-0.0841104
-0.0852171
-0.0863196
-0.0874178
-0.0885115
-0.0896006
-0.090685
-0.0917645
-0.0928389
-0.0939083
-0.0949723
-0.096031
-0.0970842
-0.0981318
-0.0991737
-0.10021
-0.10124
-0.102264
-0.103282
-0.104294
-0.1053
-0.106299
-0.107287
-0.0851228
-0.0862552
-0.0873834
-0.0885072
-0.0896265
-0.0907411
-0.0918509
-0.0929558
-0.0940556
-0.0951502
-0.0962395
-0.0973234
-0.0984017
-0.0994743
-0.100541
-0.101602
-0.102657
-0.103706
-0.104749
-0.105786
-0.106816
-0.10784
-0.108852
-0.0862193
-0.0873795
-0.0885354
-0.0896869
-0.0908338
-0.091976
-0.0931134
-0.0942458
-0.0953731
-0.0964951
-0.0976118
-0.0987231
-0.0998287
-0.100929
-0.102023
-0.103111
-0.104193
-0.105269
-0.106339
-0.107403
-0.10846
-0.109512
-0.110549
-0.0873997
-0.0885897
-0.0897753
-0.0909565
-0.0921331
-0.093305
-0.094472
-0.0956339
-0.0967908
-0.0979424
-0.0990886
-0.100229
-0.101364
-0.102494
-0.103617
-0.104735
-0.105847
-0.106952
-0.108052
-0.109145
-0.110231
-0.111312
-0.112377
-0.0886638
-0.0898855
-0.0911029
-0.0923158
-0.0935241
-0.0947276
-0.0959263
-0.0971199
-0.0983084
-0.0994916
-0.100669
-0.101842
-0.103008
-0.104169
-0.105324
-0.106474
-0.107617
-0.108754
-0.109885
-0.111009
-0.112127
-0.113239
-0.114335
-0.0900119
-0.0912673
-0.0925184
-0.093765
-0.095007
-0.0962442
-0.0974764
-0.0987037
-0.0999258
-0.101143
-0.102354
-0.10356
-0.10476
-0.105955
-0.107143
-0.108326
-0.109503
-0.110674
-0.111838
-0.112997
-0.114148
-0.115294
-0.116422
-0.0914444
-0.0927355
-0.0940223
-0.0953045
-0.0965821
-0.0978549
-0.0991227
-0.100386
-0.101643
-0.102896
-0.104143
-0.105384
-0.10662
-0.10785
-0.109075
-0.110293
-0.111506
-0.112712
-0.113912
-0.115106
-0.116294
-0.117476
-0.118637
-0.0929622
-0.0942909
-0.0956152
-0.0969349
-0.0982501
-0.0995604
-0.100866
-0.102166
-0.103461
-0.104751
-0.106036
-0.107315
-0.108588
-0.109856
-0.111118
-0.112374
-0.113624
-0.114869
-0.116107
-0.117338
-0.118564
-0.119783
-0.120981
-0.0945662
-0.0959343
-0.0972981
-0.0986573
-0.100012
-0.101362
-0.102706
-0.104046
-0.105381
-0.10671
-0.108034
-0.109353
-0.110666
-0.111973
-0.113274
-0.11457
-0.11586
-0.117144
-0.118421
-0.119693
-0.120958
-0.122218
-0.123454
-0.0962577
-0.0976671
-0.0990721
-0.100473
-0.101868
-0.103259
-0.104645
-0.106027
-0.107402
-0.108773
-0.110138
-0.111498
-0.112853
-0.114201
-0.115544
-0.116881
-0.118213
-0.119538
-0.120857
-0.122171
-0.123478
-0.124779
-0.126055
-0.0980379
-0.0994905
-0.100939
-0.102382
-0.103821
-0.105255
-0.106684
-0.108108
-0.109527
-0.110941
-0.11235
-0.113753
-0.11515
-0.116542
-0.117928
-0.119309
-0.120683
-0.122052
-0.123415
-0.124772
-0.126122
-0.127467
-0.128785
-0.0999086
-0.101406
-0.102899
-0.104388
-0.105871
-0.10735
-0.108824
-0.110293
-0.111757
-0.113216
-0.114669
-0.116117
-0.117559
-0.118996
-0.120427
-0.121853
-0.123273
-0.124687
-0.126095
-0.127497
-0.128893
-0.130283
-0.131644
-0.101871
-0.103416
-0.104955
-0.10649
-0.108021
-0.109546
-0.111067
-0.112582
-0.114093
-0.115598
-0.117098
-0.118592
-0.120081
-0.121565
-0.123043
-0.124515
-0.125982
-0.127442
-0.128897
-0.130347
-0.131789
-0.133227
-0.134633
-0.103928
-0.105521
-0.107109
-0.108692
-0.110271
-0.111845
-0.113413
-0.114977
-0.116536
-0.118089
-0.119637
-0.12118
-0.122717
-0.124249
-0.125775
-0.127296
-0.128811
-0.13032
-0.131824
-0.133322
-0.134813
-0.1363
-0.137751
-0.106081
-0.107724
-0.109362
-0.110995
-0.112624
-0.114247
-0.115866
-0.117479
-0.119088
-0.120691
-0.122289
-0.123881
-0.125468
-0.12705
-0.128626
-0.130196
-0.131761
-0.133321
-0.134874
-0.136422
-0.137964
-0.139501
-0.141
-0.108332
-0.110026
-0.111716
-0.113401
-0.115081
-0.116756
-0.118426
-0.120091
-0.12175
-0.123405
-0.125054
-0.126697
-0.128336
-0.129969
-0.131596
-0.133218
-0.134834
-0.136445
-0.13805
-0.139649
-0.141242
-0.142831
-0.144379
-0.110683
-0.112431
-0.114174
-0.115912
-0.117645
-0.119373
-0.121095
-0.122813
-0.124525
-0.126232
-0.127934
-0.12963
-0.131321
-0.133006
-0.134686
-0.136361
-0.138029
-0.139693
-0.14135
-0.143002
-0.144648
-0.14629
-0.147888
-0.113137
-0.11494
-0.116737
-0.11853
-0.120317
-0.122099
-0.123876
-0.125648
-0.127414
-0.129175
-0.13093
-0.13268
-0.134425
-0.136164
-0.137898
-0.139626
-0.141348
-0.143065
-0.144777
-0.146482
-0.148182
-0.149878
-0.151527
-0.115696
-0.117555
-0.119408
-0.121257
-0.1231
-0.124937
-0.12677
-0.128597
-0.130418
-0.132234
-0.134044
-0.135849
-0.137649
-0.139442
-0.141231
-0.143014
-0.144791
-0.146562
-0.148329
-0.150089
-0.151843
-0.153594
-0.155295
-0.118363
-0.120279
-0.12219
-0.124095
-0.125995
-0.127889
-0.129778
-0.131661
-0.133539
-0.135411
-0.137277
-0.139138
-0.140993
-0.142843
-0.144686
-0.146525
-0.148357
-0.150185
-0.152006
-0.153822
-0.155631
-0.157437
-0.159191
-0.12114
-0.123114
-0.125084
-0.127047
-0.129005
-0.130957
-0.132903
-0.134843
-0.136778
-0.138707
-0.14063
-0.142547
-0.144459
-0.146365
-0.148265
-0.150159
-0.152048
-0.153931
-0.155809
-0.15768
-0.159546
-0.161407
-0.163214
-0.124029
-0.126063
-0.128092
-0.130115
-0.132131
-0.134142
-0.136146
-0.138144
-0.140137
-0.142123
-0.144104
-0.146078
-0.148047
-0.150009
-0.151966
-0.153917
-0.155862
-0.157802
-0.159735
-0.161663
-0.163584
-0.165502
-0.167362
-0.127033
-0.129128
-0.131217
-0.1333
-0.135376
-0.137445
-0.139509
-0.141566
-0.143616
-0.145661
-0.147699
-0.149731
-0.151757
-0.153776
-0.15579
-0.157798
-0.159799
-0.161795
-0.163785
-0.165769
-0.167746
-0.16972
-0.171633
-0.130155
-0.132312
-0.134461
-0.136604
-0.13874
-0.14087
-0.142992
-0.145108
-0.147217
-0.14932
-0.151416
-0.153505
-0.155589
-0.157665
-0.159736
-0.1618
-0.163858
-0.16591
-0.167956
-0.169996
-0.172028
-0.174058
-0.176024
-0.133397
-0.135615
-0.137826
-0.14003
-0.142226
-0.144416
-0.146598
-0.148772
-0.15094
-0.153101
-0.155255
-0.157402
-0.159542
-0.161676
-0.163803
-0.165923
-0.168037
-0.170145
-0.172246
-0.174341
-0.176429
-0.178513
-0.18053
-0.13676
-0.139041
-0.141314
-0.143579
-0.145836
-0.148085
-0.150326
-0.15256
-0.154786
-0.157005
-0.159216
-0.16142
-0.163617
-0.165807
-0.167989
-0.170165
-0.172334
-0.174497
-0.176652
-0.178802
-0.180943
-0.183081
-0.185149
-0.140249
-0.142592
-0.144926
-0.147252
-0.149569
-0.151878
-0.154178
-0.15647
-0.158754
-0.16103
-0.163298
-0.165558
-0.167811
-0.170056
-0.172294
-0.174524
-0.176747
-0.178963
-0.181172
-0.183374
-0.185568
-0.187758
-0.189875
-0.143864
-0.146269
-0.148664
-0.151051
-0.153428
-0.155795
-0.158154
-0.160504
-0.162844
-0.165177
-0.167501
-0.169816
-0.172123
-0.174422
-0.176713
-0.178997
-0.181272
-0.183541
-0.185801
-0.188055
-0.190299
-0.19254
-0.194704
-0.147607
-0.150074
-0.15253
-0.154976
-0.157412
-0.159837
-0.162253
-0.16466
-0.167056
-0.169444
-0.171822
-0.174191
-0.176551
-0.178903
-0.181246
-0.18358
-0.185907
-0.188225
-0.190536
-0.192838
-0.195131
-0.19742
-0.199629
-0.15148
-0.154008
-0.156524
-0.159028
-0.161522
-0.164004
-0.166476
-0.168937
-0.171388
-0.173829
-0.17626
-0.178681
-0.181092
-0.183494
-0.185887
-0.188271
-0.190646
-0.193013
-0.195371
-0.197721
-0.200059
-0.202395
-0.204647
-0.155485
-0.158072
-0.160646
-0.163208
-0.165758
-0.168295
-0.170821
-0.173335
-0.175839
-0.178331
-0.180812
-0.183283
-0.185743
-0.188193
-0.190634
-0.193065
-0.195486
-0.197899
-0.200302
-0.202696
-0.205079
-0.207459
-0.209752
-0.159622
-0.162267
-0.164898
-0.167515
-0.170119
-0.172709
-0.175287
-0.177852
-0.180405
-0.182946
-0.185475
-0.187993
-0.1905
-0.192996
-0.195481
-0.197957
-0.200422
-0.202878
-0.205324
-0.207761
-0.210186
-0.212608
-0.214942
-0.163892
-0.166593
-0.169278
-0.171948
-0.174604
-0.177244
-0.179871
-0.182484
-0.185084
-0.187671
-0.190245
-0.192807
-0.195357
-0.197896
-0.200424
-0.202941
-0.205448
-0.207944
-0.210431
-0.212909
-0.215375
-0.217836
-0.220215
-0.168297
-0.17105
-0.173787
-0.176507
-0.17921
-0.181898
-0.184571
-0.187228
-0.189872
-0.192501
-0.195117
-0.19772
-0.20031
-0.202889
-0.205456
-0.208012
-0.210557
-0.213093
-0.215618
-0.218135
-0.220642
-0.223141
-0.225571
-0.170011
-0.172834
-0.175638
-0.178422
-0.181188
-0.183937
-0.186668
-0.189382
-0.192081
-0.194763
-0.197431
-0.200085
-0.202725
-0.205352
-0.207967
-0.21057
-0.213162
-0.215744
-0.218316
-0.22088
-0.223434
-0.225983
-0.228518
-0.231012
-0.174634
-0.177505
-0.180354
-0.183182
-0.185991
-0.188779
-0.191549
-0.194301
-0.197035
-0.199753
-0.202455
-0.205143
-0.207816
-0.210475
-0.213123
-0.215758
-0.218384
-0.221
-0.223607
-0.226208
-0.2288
-0.231393
-0.233963
-0.236539
-0.179393
-0.182307
-0.185197
-0.188065
-0.19091
-0.193734
-0.196537
-0.199321
-0.202086
-0.204834
-0.207565
-0.210281
-0.212982
-0.21567
-0.218346
-0.221011
-0.223667
-0.226315
-0.228956
-0.231594
-0.234225
-0.236867
-0.239469
-0.242157
-0.184287
-0.187239
-0.190165
-0.193066
-0.195942
-0.198795
-0.201626
-0.204436
-0.207226
-0.209997
-0.212752
-0.21549
-0.218215
-0.220926
-0.223626
-0.226317
-0.229
-0.231678
-0.234352
-0.237028
-0.239698
-0.242396
-0.245028
-0.247868
-0.189315
-0.192299
-0.195254
-0.198181
-0.201081
-0.203957
-0.206808
-0.209637
-0.212445
-0.215233
-0.218004
-0.220759
-0.2235
-0.226229
-0.228948
-0.23166
-0.234367
-0.237073
-0.239779
-0.242494
-0.245206
-0.247969
-0.250629
-0.253673
-0.194476
-0.197484
-0.20046
-0.203406
-0.206322
-0.209212
-0.212075
-0.214915
-0.217732
-0.22053
-0.223309
-0.226072
-0.228823
-0.231562
-0.234294
-0.237022
-0.239749
-0.24248
-0.245218
-0.247974
-0.250732
-0.253571
-0.256256
-0.259572
-0.199766
-0.20279
-0.205779
-0.208734
-0.211658
-0.214552
-0.217418
-0.220258
-0.223075
-0.225872
-0.22865
-0.231413
-0.234164
-0.236906
-0.239645
-0.242382
-0.245125
-0.247878
-0.250645
-0.253443
-0.256248
-0.259176
-0.261883
-0.265552
-0.205183
-0.208213
-0.211204
-0.214159
-0.217079
-0.219966
-0.222823
-0.225653
-0.228458
-0.231241
-0.234007
-0.236758
-0.239498
-0.242233
-0.244968
-0.247709
-0.250461
-0.253233
-0.25603
-0.258872
-0.26173
-0.264755
-0.267482
-0.271588
-0.210723
-0.213748
-0.21673
-0.219672
-0.222575
-0.225443
-0.228278
-0.231084
-0.233864
-0.236621
-0.239359
-0.242084
-0.244801
-0.247515
-0.250234
-0.252964
-0.255716
-0.258499
-0.261322
-0.26421
-0.267129
-0.270263
-0.273015
-0.277637
-0.216381
-0.219388
-0.222348
-0.225262
-0.228135
-0.230968
-0.233766
-0.236532
-0.23927
-0.241985
-0.244682
-0.247367
-0.250046
-0.252727
-0.255417
-0.258125
-0.260863
-0.263644
-0.26648
-0.269401
-0.272376
-0.275621
-0.278414
-0.283626
-0.222152
-0.225126
-0.228047
-0.230917
-0.23374
-0.236521
-0.239262
-0.241968
-0.244644
-0.247297
-0.249932
-0.252557
-0.255181
-0.257812
-0.260462
-0.263142
-0.265864
-0.268644
-0.271494
-0.274442
-0.277464
-0.280793
-0.283627
-0.289463
-0.22803
-0.230954
-0.233817
-0.236625
-0.23938
-0.242086
-0.244748
-0.24737
-0.24996
-0.252523
-0.255067
-0.257601
-0.260136
-0.262685
-0.265261
-0.267881
-0.270565
-0.273332
-0.276203
-0.279206
-0.282319
-0.285756
-0.288673
-0.295121
-0.234007
-0.236862
-0.239651
-0.242377
-0.245044
-0.247657
-0.25022
-0.25274
-0.255222
-0.257674
-0.260104
-0.262523
-0.264941
-0.267373
-0.269834
-0.272343
-0.274923
-0.277601
-0.28041
-0.283396
-0.286573
-0.290143
-0.293299
-0.300434
-0.240063
-0.242829
-0.245522
-0.248145
-0.250703
-0.253202
-0.255647
-0.258046
-0.260406
-0.262737
-0.265048
-0.267351
-0.269659
-0.271987
-0.274351
-0.276769
-0.279262
-0.281851
-0.284562
-0.287435
-0.29051
-0.293986
-0.297306
-0.305108
-0.246172
-0.248818
-0.25138
-0.253862
-0.25627
-0.258609
-0.260887
-0.263113
-0.265296
-0.267449
-0.269587
-0.271725
-0.273884
-0.276084
-0.278351
-0.280713
-0.283198
-0.285839
-0.288665
-0.291703
-0.29497
-0.298529
-0.302034
-0.310049
-0.252374
-0.254867
-0.257258
-0.25955
-0.261749
-0.263858
-0.265884
-0.267835
-0.26972
-0.271553
-0.27335
-0.275132
-0.276925
-0.278758
-0.280668
-0.282696
-0.284894
-0.287323
-0.290061
-0.293205
-0.296878
-0.301186
-0.306108
-0.31501
-0.25877
-0.261122
-0.263359
-0.265486
-0.267503
-0.269413
-0.271222
-0.272932
-0.274553
-0.276094
-0.277567
-0.278989
-0.280379
-0.281761
-0.283162
-0.284611
-0.286143
-0.287796
-0.289622
-0.291698
-0.294162
-0.297283
-0.302018
-0.311411
-0.101572
-0.104394
-0.107229
-0.110069
-0.112907
-0.115738
-0.118555
-0.121352
-0.124121
-0.126852
-0.129538
-0.132168
-0.134732
-0.13722
-0.139621
-0.141922
-0.144112
-0.146176
-0.101777
-0.104605
-0.107446
-0.110291
-0.113135
-0.115971
-0.118794
-0.121596
-0.124369
-0.127105
-0.129795
-0.132429
-0.134997
-0.137488
-0.139892
-0.142195
-0.144386
-0.146452
-0.102163
-0.105008
-0.107861
-0.110717
-0.113572
-0.11642
-0.119254
-0.122066
-0.124849
-0.127594
-0.130292
-0.132934
-0.135509
-0.138006
-0.140415
-0.142723
-0.144918
-0.146987
-0.10273
-0.105597
-0.108467
-0.111339
-0.11421
-0.117074
-0.119924
-0.122752
-0.125549
-0.128306
-0.131016
-0.133668
-0.136253
-0.138759
-0.141175
-0.14349
-0.14569
-0.147763
-0.103462
-0.10636
-0.109252
-0.112144
-0.115037
-0.117922
-0.120793
-0.12364
-0.126454
-0.129228
-0.131953
-0.134619
-0.137216
-0.139733
-0.142158
-0.144481
-0.146688
-0.148766
-0.104356
-0.10729
-0.110208
-0.113126
-0.116043
-0.118955
-0.12185
-0.12472
-0.127555
-0.130349
-0.133092
-0.135774
-0.138385
-0.140915
-0.143352
-0.145684
-0.147899
-0.149983
-0.105405
-0.10838
-0.11133
-0.114275
-0.117222
-0.120164
-0.123087
-0.125983
-0.128843
-0.131659
-0.134422
-0.137123
-0.139751
-0.142295
-0.144745
-0.147087
-0.149311
-0.151401
-0.106603
-0.109625
-0.112609
-0.115587
-0.118567
-0.121541
-0.124497
-0.127422
-0.130309
-0.133149
-0.135935
-0.138656
-0.141302
-0.143862
-0.146325
-0.148679
-0.150912
-0.15301
-0.107947
-0.111021
-0.114043
-0.117055
-0.120072
-0.123082
-0.126072
-0.129029
-0.131945
-0.134812
-0.137621
-0.140364
-0.14303
-0.145607
-0.148085
-0.150451
-0.152693
-0.154798
-0.109433
-0.112563
-0.115626
-0.118676
-0.121731
-0.12478
-0.127807
-0.130798
-0.133745
-0.13664
-0.139475
-0.14224
-0.144926
-0.147521
-0.150013
-0.152392
-0.154644
-0.156756
-0.111058
-0.114249
-0.117355
-0.120444
-0.123541
-0.126631
-0.129697
-0.132723
-0.135702
-0.138626
-0.141487
-0.144276
-0.146983
-0.149595
-0.152103
-0.154494
-0.156755
-0.158875
-0.11282
-0.116075
-0.119226
-0.122357
-0.125496
-0.12863
-0.131736
-0.134799
-0.137811
-0.140765
-0.143653
-0.146465
-0.149192
-0.151823
-0.154345
-0.156748
-0.159019
-0.161145
-0.114718
-0.11804
-0.121237
-0.124411
-0.127595
-0.130774
-0.133921
-0.137021
-0.140066
-0.14305
-0.145965
-0.148801
-0.151548
-0.154196
-0.156733
-0.159147
-0.161427
-0.163559
-0.116749
-0.120141
-0.123387
-0.126604
-0.129834
-0.133057
-0.136247
-0.139384
-0.142463
-0.145476
-0.148417
-0.151277
-0.154044
-0.156708
-0.159258
-0.161683
-0.163971
-0.166108
-0.118914
-0.122378
-0.125672
-0.128934
-0.13221
-0.135479
-0.13871
-0.141885
-0.144996
-0.148038
-0.151005
-0.153886
-0.156672
-0.159352
-0.161914
-0.164349
-0.166643
-0.168785
-0.121211
-0.12475
-0.128092
-0.131398
-0.13472
-0.138034
-0.141307
-0.144518
-0.147661
-0.150731
-0.153722
-0.156624
-0.159427
-0.162121
-0.164694
-0.167137
-0.169437
-0.171581
-0.12364
-0.127254
-0.130644
-0.133994
-0.137362
-0.140721
-0.144034
-0.147281
-0.150454
-0.15355
-0.156563
-0.159484
-0.162303
-0.165008
-0.167591
-0.17004
-0.172344
-0.17449
-0.126201
-0.129892
-0.133328
-0.13672
-0.140133
-0.143536
-0.146889
-0.150168
-0.153369
-0.15649
-0.159523
-0.162461
-0.165292
-0.168008
-0.170598
-0.173051
-0.175357
-0.177504
-0.128893
-0.132661
-0.136143
-0.139575
-0.143031
-0.146477
-0.149866
-0.153176
-0.156403
-0.159545
-0.162596
-0.165548
-0.16839
-0.171113
-0.173708
-0.176164
-0.17847
-0.180615
-0.131718
-0.135562
-0.139086
-0.142557
-0.146055
-0.14954
-0.152963
-0.156301
-0.159551
-0.162711
-0.165777
-0.16874
-0.17159
-0.174318
-0.176915
-0.179371
-0.181675
-0.183817
-0.134674
-0.138594
-0.142158
-0.145664
-0.1492
-0.152723
-0.156177
-0.159539
-0.162808
-0.165984
-0.169061
-0.172031
-0.174886
-0.177616
-0.180212
-0.182665
-0.184966
-0.187102
-0.137763
-0.141756
-0.145356
-0.148894
-0.152466
-0.156022
-0.159503
-0.162886
-0.16617
-0.169357
-0.172441
-0.175416
-0.178271
-0.180999
-0.183592
-0.18604
-0.188334
-0.190464
-0.140984
-0.145048
-0.148679
-0.152245
-0.155848
-0.159434
-0.162938
-0.166337
-0.169632
-0.172825
-0.175913
-0.178887
-0.18174
-0.184463
-0.187049
-0.189489
-0.191774
-0.193894
-0.144336
-0.148469
-0.152126
-0.155714
-0.159344
-0.162955
-0.166477
-0.169887
-0.173188
-0.176383
-0.179469
-0.18244
-0.185286
-0.188
-0.190575
-0.193005
-0.195278
-0.197387
-0.147821
-0.152018
-0.155694
-0.1593
-0.162952
-0.166582
-0.170117
-0.173532
-0.176833
-0.180026
-0.183106
-0.186067
-0.188902
-0.191604
-0.194165
-0.19658
-0.19884
-0.200935
-0.151437
-0.155693
-0.159382
-0.162998
-0.166667
-0.170311
-0.173852
-0.177267
-0.180563
-0.183747
-0.186816
-0.189764
-0.192583
-0.195267
-0.197812
-0.200209
-0.202452
-0.204532
-0.155184
-0.159493
-0.163187
-0.166807
-0.170486
-0.174138
-0.177678
-0.181086
-0.184371
-0.187541
-0.190593
-0.193522
-0.196321
-0.198985
-0.201508
-0.203885
-0.206108
-0.20817
-0.159061
-0.163416
-0.167106
-0.170722
-0.174405
-0.178057
-0.181591
-0.184985
-0.188252
-0.191401
-0.194432
-0.197337
-0.200111
-0.202749
-0.205248
-0.207601
-0.209802
-0.211843
-0.163067
-0.16746
-0.171136
-0.17474
-0.178419
-0.182065
-0.185583
-0.188956
-0.192199
-0.195323
-0.198325
-0.201201
-0.203945
-0.206554
-0.209024
-0.21135
-0.213526
-0.215545
-0.167199
-0.171622
-0.175273
-0.178857
-0.182524
-0.186155
-0.189651
-0.192995
-0.196207
-0.199298
-0.202267
-0.205108
-0.207818
-0.210393
-0.212831
-0.215126
-0.217274
-0.219268
-0.171456
-0.175898
-0.179513
-0.183067
-0.186714
-0.190322
-0.193787
-0.197095
-0.200269
-0.203321
-0.206251
-0.209052
-0.211723
-0.21426
-0.216661
-0.218923
-0.22104
-0.223008
-0.175834
-0.180285
-0.183852
-0.187366
-0.190984
-0.194561
-0.197986
-0.20125
-0.204379
-0.207386
-0.21027
-0.213027
-0.215653
-0.218148
-0.220509
-0.222734
-0.224818
-0.226757
-0.180331
-0.184778
-0.188284
-0.191748
-0.195329
-0.198864
-0.202241
-0.205454
-0.20853
-0.211486
-0.214318
-0.217025
-0.219602
-0.222051
-0.224369
-0.226554
-0.228602
-0.23051
-0.184943
-0.189374
-0.192804
-0.196207
-0.19974
-0.203226
-0.206545
-0.209698
-0.212716
-0.215613
-0.218389
-0.22104
-0.223565
-0.225963
-0.228234
-0.230376
-0.232387
-0.234262
-0.189666
-0.194065
-0.197406
-0.200736
-0.204213
-0.207639
-0.210892
-0.213978
-0.216929
-0.219763
-0.222477
-0.225068
-0.227535
-0.229878
-0.232099
-0.234196
-0.236166
-0.238006
-0.194495
-0.198847
-0.202083
-0.205329
-0.208739
-0.212096
-0.215275
-0.218285
-0.221164
-0.223928
-0.226575
-0.2291
-0.231506
-0.233792
-0.235959
-0.238007
-0.239934
-0.241738
-0.199424
-0.203713
-0.206827
-0.209978
-0.213313
-0.216591
-0.219686
-0.222613
-0.225414
-0.228103
-0.230677
-0.233133
-0.235473
-0.237698
-0.239809
-0.241805
-0.243687
-0.245452
-0.204449
-0.208656
-0.21163
-0.214675
-0.217926
-0.221116
-0.224119
-0.226956
-0.229672
-0.23228
-0.234777
-0.23716
-0.23943
-0.24159
-0.243642
-0.245584
-0.247418
-0.249142
-0.209563
-0.213667
-0.216485
-0.219414
-0.22257
-0.225663
-0.228565
-0.231305
-0.233931
-0.236454
-0.238869
-0.241175
-0.243372
-0.245464
-0.247453
-0.249338
-0.251122
-0.252803
-0.214759
-0.218736
-0.221382
-0.224185
-0.227238
-0.230224
-0.233017
-0.235655
-0.238185
-0.240618
-0.242947
-0.245171
-0.247292
-0.249313
-0.251236
-0.253061
-0.254792
-0.256428
-0.220026
-0.223853
-0.226311
-0.22898
-0.231921
-0.23479
-0.237466
-0.239996
-0.242427
-0.244765
-0.247004
-0.249142
-0.251183
-0.253129
-0.254983
-0.256745
-0.258419
-0.260007
-0.225353
-0.229001
-0.23126
-0.233789
-0.23661
-0.239351
-0.241903
-0.24432
-0.246646
-0.248885
-0.25103
-0.25308
-0.255037
-0.256905
-0.258685
-0.260381
-0.261995
-0.263532
-0.230724
-0.234162
-0.236216
-0.238603
-0.241292
-0.243896
-0.246317
-0.248617
-0.250835
-0.25297
-0.255017
-0.256973
-0.258843
-0.260628
-0.262331
-0.263957
-0.265507
-0.266988
-0.236115
-0.239313
-0.241165
-0.243409
-0.245955
-0.24841
-0.250696
-0.252875
-0.25498
-0.257007
-0.258951
-0.26081
-0.262588
-0.264286
-0.265908
-0.267458
-0.268941
-0.270362
-0.241496
-0.244425
-0.246091
-0.248193
-0.250582
-0.252878
-0.255024
-0.257079
-0.259066
-0.26098
-0.262817
-0.264575
-0.266256
-0.267863
-0.269399
-0.270868
-0.272278
-0.273634
-0.246827
-0.249462
-0.250975
-0.25294
-0.255154
-0.257281
-0.259285
-0.261211
-0.263075
-0.264872
-0.266597
-0.268249
-0.269828
-0.271338
-0.272782
-0.274167
-0.275498
-0.276785
-0.252052
-0.254382
-0.255797
-0.257626
-0.259645
-0.261595
-0.263455
-0.26525
-0.266986
-0.26866
-0.270268
-0.271808
-0.273281
-0.274689
-0.276037
-0.277331
-0.278579
-0.279792
-0.2571
-0.259136
-0.260534
-0.262227
-0.264026
-0.265793
-0.26751
-0.269169
-0.270771
-0.272317
-0.273804
-0.275228
-0.276589
-0.27789
-0.279137
-0.280337
-0.281498
-0.282632
-0.261878
-0.263672
-0.26516
-0.266709
-0.268263
-0.269846
-0.27142
-0.272938
-0.2744
-0.275815
-0.277177
-0.27848
-0.279725
-0.280916
-0.282058
-0.28316
-0.284231
-0.285285
-0.266273
-0.267936
-0.269647
-0.271031
-0.272317
-0.273721
-0.275152
-0.276523
-0.277843
-0.279123
-0.280356
-0.281535
-0.282662
-0.283741
-0.284777
-0.285779
-0.286758
-0.28773
-0.27016
-0.27188
-0.273963
-0.275148
-0.276148
-0.277383
-0.278671
-0.279892
-0.281066
-0.28221
-0.283313
-0.284368
-0.285377
-0.286343
-0.287272
-0.288176
-0.289065
-0.289955
-0.273412
-0.275473
-0.278069
-0.279008
-0.279719
-0.280798
-0.281942
-0.283009
-0.28404
-0.285049
-0.286023
-0.286956
-0.287848
-0.288705
-0.289532
-0.290339
-0.291141
-0.291954
-0.275928
-0.278706
-0.281923
-0.28256
-0.282996
-0.283935
-0.284933
-0.285849
-0.28674
-0.287618
-0.288469
-0.289284
-0.290066
-0.290818
-0.291548
-0.292266
-0.292985
-0.293724
-0.277663
-0.2816
-0.285478
-0.285762
-0.285955
-0.286769
-0.287621
-0.28839
-0.28915
-0.289906
-0.29064
-0.291347
-0.292027
-0.292683
-0.293323
-0.293958
-0.294603
-0.295274
-0.278683
-0.284209
-0.288687
-0.288584
-0.288584
-0.289283
-0.28999
-0.290625
-0.291266
-0.291911
-0.29254
-0.293148
-0.293736
-0.294307
-0.294867
-0.295428
-0.296005
-0.296616
-0.27918
-0.286623
-0.291511
-0.291018
-0.290883
-0.291472
-0.292042
-0.292557
-0.293094
-0.293641
-0.294178
-0.294701
-0.295208
-0.295704
-0.296194
-0.29669
-0.297208
-0.297766
-0.279439
-0.288912
-0.293922
-0.293086
-0.292868
-0.293347
-0.293791
-0.294205
-0.294654
-0.295116
-0.295575
-0.296025
-0.296463
-0.296894
-0.297325
-0.297765
-0.298232
-0.298744
-0.279944
-0.291052
-0.295886
-0.294837
-0.294573
-0.294935
-0.295267
-0.2956
-0.295974
-0.296366
-0.29676
-0.297148
-0.29753
-0.297906
-0.298286
-0.298679
-0.299102
-0.299575
-0.281636
-0.293044
-0.297388
-0.296321
-0.296037
-0.296273
-0.29651
-0.296777
-0.29709
-0.297426
-0.297766
-0.298104
-0.298437
-0.298769
-0.299106
-0.299459
-0.299844
-0.300284
-0.286865
-0.295468
-0.298564
-0.297554
-0.297256
-0.297372
-0.297528
-0.297741
-0.298005
-0.298293
-0.298588
-0.298884
-0.299178
-0.299472
-0.299773
-0.300093
-0.300449
-0.300863
-0.299319
-0.298372
-0.299395
-0.298325
-0.297979
-0.298014
-0.298112
-0.298283
-0.298508
-0.29876
-0.299023
-0.29929
-0.299557
-0.299827
-0.300107
-0.300409
-0.300749
-0.301149
-0.30433
-0.300106
-0.300164
-0.299132
-0.298772
-0.298752
-0.298806
-0.298939
-0.299126
-0.29934
-0.299566
-0.299798
-0.300032
-0.300273
-0.300526
-0.300805
-0.301126
-0.301512
-0.306382
-0.300595
-0.300463
-0.299559
-0.299251
-0.299231
-0.299281
-0.299409
-0.299584
-0.299782
-0.299992
-0.300207
-0.300425
-0.300651
-0.300892
-0.301162
-0.301477
-0.301861
-0.307646
-0.300685
-0.300623
-0.299864
-0.299609
-0.299599
-0.299653
-0.29978
-0.299948
-0.300138
-0.300337
-0.30054
-0.300748
-0.300964
-0.301198
-0.301463
-0.301776
-0.302162
-0.308364
-0.300677
-0.300781
-0.300145
-0.299937
-0.299935
-0.299993
-0.300118
-0.30028
-0.30046
-0.300648
-0.300841
-0.301038
-0.301246
-0.301473
-0.301734
-0.302047
-0.302435
-0.308598
-0.300584
-0.300922
-0.300384
-0.300223
-0.300234
-0.300298
-0.300423
-0.300579
-0.30075
-0.300929
-0.301112
-0.301302
-0.301503
-0.301725
-0.301983
-0.302296
-0.302689
-0.308496
-0.300447
-0.301039
-0.300576
-0.300463
-0.300489
-0.300563
-0.300688
-0.30084
-0.301005
-0.301177
-0.301353
-0.301536
-0.301732
-0.301951
-0.302209
-0.302524
-0.302922
-0.308179
-0.300312
-0.30114
-0.30073
-0.300664
-0.300705
-0.300789
-0.300918
-0.301067
-0.301228
-0.301394
-0.301565
-0.301744
-0.301936
-0.302154
-0.302413
-0.302732
-0.303137
-0.30773
-0.300201
-0.301228
-0.300852
-0.300831
-0.300888
-0.300983
-0.301114
-0.301263
-0.301421
-0.301583
-0.301751
-0.301926
-0.302117
-0.302335
-0.302597
-0.302922
-0.307208
-0.300124
-0.301303
-0.300947
-0.30097
-0.301041
-0.301146
-0.301281
-0.30143
-0.301586
-0.301747
-0.301912
-0.302086
-0.302277
-0.302497
-0.302763
-0.303094
-0.306656
-0.300079
-0.301364
-0.301021
-0.301083
-0.301166
-0.301282
-0.301421
-0.301571
-0.301727
-0.301886
-0.302051
-0.302225
-0.302418
-0.302641
-0.302912
-0.303252
-0.306103
-0.300063
-0.301409
-0.301075
-0.301173
-0.301267
-0.301392
-0.301535
-0.301688
-0.301844
-0.302004
-0.302169
-0.302345
-0.30254
-0.302768
-0.303046
-0.303395
-0.305567
-0.300069
-0.301437
-0.301112
-0.301242
-0.301344
-0.301479
-0.301627
-0.301782
-0.30194
-0.302101
-0.302268
-0.302447
-0.302646
-0.30288
-0.303166
-0.303525
-0.305058
-0.300089
-0.301448
-0.301133
-0.301292
-0.301401
-0.301544
-0.301697
-0.301855
-0.302016
-0.30218
-0.30235
-0.302532
-0.302737
-0.302979
-0.303273
-0.303643
-0.304583
-0.300116
-0.301442
-0.301141
-0.301323
-0.301438
-0.30159
-0.301747
-0.30191
-0.302074
-0.302241
-0.302415
-0.302603
-0.302814
-0.303064
-0.303368
-0.303749
-0.304141
-0.300142
-0.301419
-0.301135
-0.301338
-0.301458
-0.301618
-0.30178
-0.301947
-0.302115
-0.302287
-0.302466
-0.30266
-0.302879
-0.303137
-0.303452
-0.303845
-0.303733
-0.300163
-0.301381
-0.301116
-0.301336
-0.301461
-0.301629
-0.301796
-0.301968
-0.302141
-0.302318
-0.302503
-0.302704
-0.302931
-0.303198
-0.303525
-0.303931
-0.303354
-0.300175
-0.301327
-0.301085
-0.301319
-0.301449
-0.301624
-0.301797
-0.301974
-0.302152
-0.302335
-0.302527
-0.302736
-0.302972
-0.30325
-0.303588
-0.303003
-0.300172
-0.301261
-0.301042
-0.301287
-0.301423
-0.301606
-0.301783
-0.301966
-0.302151
-0.30234
-0.30254
-0.302757
-0.303002
-0.303291
-0.303641
-0.302692
-0.300137
-0.301187
-0.300987
-0.301242
-0.301384
-0.301574
-0.301758
-0.301947
-0.302138
-0.302335
-0.302542
-0.302768
-0.303023
-0.303323
-0.303686
-0.302426
-0.300065
-0.301106
-0.300923
-0.301185
-0.301334
-0.301531
-0.30172
-0.301916
-0.302114
-0.302319
-0.302534
-0.302769
-0.303035
-0.303347
-0.303723
-0.30206
-0.300075
-0.300988
-0.300851
-0.301117
-0.301273
-0.301477
-0.301673
-0.301876
-0.302081
-0.302293
-0.302518
-0.302763
-0.30304
-0.303363
-0.303751
-0.301721
-0.30005
-0.300867
-0.30077
-0.301039
-0.301203
-0.301415
-0.301617
-0.301827
-0.30204
-0.30226
-0.302494
-0.302748
-0.303036
-0.303372
-0.303772
-0.301416
-0.299996
-0.300741
-0.300681
-0.300953
-0.301125
-0.301344
-0.301553
-0.301771
-0.301991
-0.30222
-0.302463
-0.302728
-0.303026
-0.303373
-0.303787
-0.301128
-0.299927
-0.300609
-0.300586
-0.300859
-0.301041
-0.301267
-0.301483
-0.301708
-0.301937
-0.302174
-0.302426
-0.302701
-0.30301
-0.303369
-0.303795
-0.300852
-0.299847
-0.300474
-0.300485
-0.300761
-0.300952
-0.301185
-0.301409
-0.301641
-0.301877
-0.302123
-0.302384
-0.302669
-0.302989
-0.30336
-0.303797
-0.300585
-0.299757
-0.300336
-0.30038
-0.300658
-0.300859
-0.301099
-0.30133
-0.30157
-0.301814
-0.302069
-0.302339
-0.302633
-0.302964
-0.303345
-0.303794
-0.30033
-0.29966
-0.300198
-0.300273
-0.300553
-0.300765
-0.301011
-0.30125
-0.301497
-0.301749
-0.302011
-0.30229
-0.302595
-0.302935
-0.303327
-0.303786
-0.300086
-0.299558
-0.300061
-0.300165
-0.300448
-0.300669
-0.300922
-0.301168
-0.301423
-0.301682
-0.301953
-0.30224
-0.302553
-0.302904
-0.303305
-0.303775
-0.299854
-0.299454
-0.299928
-0.300059
-0.300345
-0.300575
-0.300835
-0.301088
-0.301349
-0.301615
-0.301894
-0.302189
-0.302511
-0.302871
-0.303282
-0.303761
-0.299636
-0.299351
-0.299799
-0.299955
-0.300244
-0.300484
-0.300749
-0.301009
-0.301277
-0.30155
-0.301836
-0.302139
-0.302469
-0.302837
-0.303256
-0.303744
-0.299432
-0.29925
-0.299677
-0.299855
-0.300148
-0.300396
-0.300668
-0.300933
-0.301208
-0.301487
-0.30178
-0.30209
-0.302427
-0.302803
-0.303231
-0.303726
-0.299245
-0.299154
-0.299563
-0.299762
-0.300057
-0.300314
-0.300591
-0.300863
-0.301142
-0.301428
-0.301726
-0.302043
-0.302387
-0.30277
-0.303205
-0.303708
-0.299077
-0.299065
-0.299459
-0.299676
-0.299975
-0.300239
-0.300521
-0.300798
-0.301083
-0.301373
-0.301677
-0.302
-0.30235
-0.302739
-0.30318
-0.30369
-0.298929
-0.298985
-0.299367
-0.2996
-0.299901
-0.300172
-0.300458
-0.30074
-0.301029
-0.301325
-0.301633
-0.301961
-0.302316
-0.302711
-0.303158
-0.298802
-0.298916
-0.299288
-0.299534
-0.299838
-0.300114
-0.300404
-0.30069
-0.300983
-0.301282
-0.301595
-0.301927
-0.302287
-0.302686
-0.303138
-0.298699
-0.298859
-0.299223
-0.29948
-0.299786
-0.300066
-0.300359
-0.300648
-0.300945
-0.301247
-0.301564
-0.301899
-0.302262
-0.302665
-0.303121
-0.298621
-0.298815
-0.299174
-0.299439
-0.299746
-0.30003
-0.300325
-0.300617
-0.300915
-0.30122
-0.301539
-0.301877
-0.302243
-0.302649
-0.303107
-0.298568
-0.298785
-0.29914
-0.29941
-0.299719
-0.300005
-0.300302
-0.300595
-0.300895
-0.301202
-0.301522
-0.301862
-0.30223
-0.302638
-0.303098
-0.298541
-0.29877
-0.299123
-0.299396
-0.299705
-0.299992
-0.30029
-0.300584
-0.300885
-0.301193
-0.301514
-0.301854
-0.302223
-0.302632
-0.303093
)
;

boundaryField
{
    inlet
    {
        type            zeroGradient;
    }
    outlet
    {
        type            fixedValue;
        value           nonuniform 0();
    }
    cylinder
    {
        type            zeroGradient;
    }
    top
    {
        type            symmetryPlane;
    }
    bottom
    {
        type            symmetryPlane;
    }
    defaultFaces
    {
        type            empty;
    }
    procBoundary2to1
    {
        type            processor;
        value           nonuniform List<scalar> 
200
(
-0.337117
-0.337117
-0.33853
-0.33853
-0.33956
-0.33956
-0.342165
-0.342632
-0.342632
-0.342611
-0.342611
-0.342209
-0.342209
-0.341513
-0.341513
-0.340581
-0.340581
-0.339401
-0.339401
-0.337859
-0.337859
-0.335714
-0.335714
-0.332628
-0.327026
-0.327026
-0.321659
-0.321659
-0.314675
-0.314675
-0.306134
-0.297415
-0.297415
-0.287091
-0.287091
-0.275882
-0.267057
-0.267057
-0.275888
-0.267062
-0.267062
-0.287097
-0.287097
-0.306139
-0.297421
-0.297421
-0.31468
-0.31468
-0.328241
-0.321665
-0.321665
-0.332634
-0.332634
-0.33572
-0.33572
-0.337864
-0.337864
-0.339407
-0.339407
-0.340586
-0.340586
-0.341519
-0.341519
-0.342215
-0.342215
-0.342616
-0.342616
-0.342637
-0.342637
-0.34217
-0.34217
-0.341149
-0.338536
-0.338536
-0.337123
-0.337123
-0.256298
-0.249773
-0.243432
-0.237213
-0.231076
-0.225039
-0.219117
-0.213319
-0.210718
-0.210718
-0.205178
-0.199761
-0.194471
-0.189311
-0.184283
-0.179389
-0.17463
-0.170007
-0.165521
-0.161172
-0.156959
-0.152881
-0.148937
-0.145126
-0.141446
-0.137894
-0.134469
-0.131168
-0.127989
-0.124929
-0.121986
-0.119157
-0.116439
-0.113831
-0.111328
-0.108929
-0.106631
-0.104432
-0.10233
-0.100322
-0.0984059
-0.0965803
-0.0948433
-0.0931933
-0.0916289
-0.0901487
-0.088752
-0.0874377
-0.0862055
-0.0862193
-0.0862193
-0.0851228
-0.0841104
-0.0831831
-0.0823415
-0.0815879
-0.0809235
-0.0803518
-0.0798757
-0.0794968
-0.079231
-0.07905
-0.0790497
-0.0792306
-0.0794965
-0.0794965
-0.0788732
-0.0793372
-0.0798941
-0.0805414
-0.0812758
-0.0820958
-0.0829996
-0.0839863
-0.085055
-0.0862056
-0.0874379
-0.0887522
-0.0901491
-0.0916293
-0.0931938
-0.094844
-0.096581
-0.0984067
-0.100323
-0.102331
-0.104433
-0.106633
-0.10893
-0.11133
-0.113832
-0.116441
-0.119159
-0.121988
-0.124931
-0.127991
-0.131171
-0.134472
-0.137897
-0.141449
-0.145129
-0.148941
-0.152884
-0.156962
-0.161176
-0.165525
-0.165525
-0.167168
-0.171741
-0.176454
-0.181308
-0.186302
-0.191434
-0.196705
-0.202112
-0.207652
-0.213324
-0.219122
-0.225043
-0.231081
-0.237218
-0.243437
-0.249778
-0.256303
)
;
    }
    procBoundary2to3
    {
        type            processor;
        value           nonuniform List<scalar> 
207
(
-0.303621
-0.303625
-0.303631
-0.303641
-0.303654
-0.303669
-0.303669
-0.304282
-0.304294
-0.304305
-0.304314
-0.304322
-0.304326
-0.304327
-0.304323
-0.304314
-0.3043
-0.304279
-0.304251
-0.304216
-0.304173
-0.304123
-0.304064
-0.303996
-0.303996
-0.304436
-0.304335
-0.304225
-0.304104
-0.303973
-0.30383
-0.303675
-0.303506
-0.303323
-0.303323
-0.303651
-0.303425
-0.303181
-0.30292
-0.302639
-0.302331
-0.30198
-0.301627
-0.30135
-0.300796
-0.300117
-0.299322
-0.298384
-0.297281
-0.295993
-0.294502
-0.292796
-0.290867
-0.288713
-0.28634
-0.283759
-0.280987
-0.278044
-0.274953
-0.271736
-0.268413
-0.265003
-0.261521
-0.257981
-0.254393
-0.250766
-0.247108
-0.243425
-0.239722
-0.236006
-0.232281
-0.228553
-0.224827
-0.221109
-0.217406
-0.213724
-0.210068
-0.206445
-0.202863
-0.199327
-0.195845
-0.195845
-0.194188
-0.190842
-0.187569
-0.184377
-0.181273
-0.178264
-0.175358
-0.172562
-0.169884
-0.167331
-0.164913
-0.162637
-0.160511
-0.158546
-0.15675
-0.155134
-0.153708
-0.152484
-0.151475
-0.150694
-0.150156
-0.149878
-0.148102
-0.148379
-0.148916
-0.149695
-0.150702
-0.151923
-0.153346
-0.154959
-0.156752
-0.158715
-0.160839
-0.163113
-0.16553
-0.168082
-0.170761
-0.173558
-0.176466
-0.179478
-0.182586
-0.185784
-0.189063
-0.192416
-0.195838
-0.19932
-0.202855
-0.206437
-0.210059
-0.213715
-0.217397
-0.2211
-0.224817
-0.228543
-0.232271
-0.235996
-0.239712
-0.243415
-0.247098
-0.250756
-0.254382
-0.25797
-0.261511
-0.264993
-0.268403
-0.271727
-0.274945
-0.278036
-0.28098
-0.283753
-0.286335
-0.288709
-0.290864
-0.292795
-0.294502
-0.295994
-0.297284
-0.298388
-0.299327
-0.300123
-0.300803
-0.301359
-0.301636
-0.301988
-0.302339
-0.302647
-0.302927
-0.303188
-0.303431
-0.303656
-0.303335
-0.303335
-0.303517
-0.303685
-0.30384
-0.303982
-0.304113
-0.304233
-0.304343
-0.304443
-0.304007
-0.304007
-0.304075
-0.304133
-0.304183
-0.304225
-0.30426
-0.304287
-0.304307
-0.304321
-0.304329
-0.304333
-0.304331
-0.304326
-0.304319
-0.304308
-0.304297
-0.304285
-0.303672
-0.303672
-0.303657
-0.303644
-0.303633
-0.303626
-0.303622
)
;
    }
}


// ************************************************************************* //
