/*--------------------------------*- C++ -*----------------------------------*\
  =========                 |
  \\      /  F ield         | OpenFOAM: The Open Source CFD Toolbox
   \\    /   O peration     | Website:  https://openfoam.org
    \\  /    A nd           | Version:  7
     \\/     M anipulation  |
\*---------------------------------------------------------------------------*/
FoamFile
{
    version     2.0;
    format      ascii;
    class       volScalarField;
    location    "75";
    object      p;
}
// * * * * * * * * * * * * * * * * * * * * * * * * * * * * * * * * * * * * * //

dimensions      [0 2 -2 0 0 0 0];

internalField   nonuniform List<scalar> 
8500
(
-0.455478
-0.458588
-0.456651
-0.461881
-0.459767
-0.457569
-0.465364
-0.463053
-0.460694
-0.469043
-0.466516
-0.463987
-0.461055
-0.472922
-0.470161
-0.467451
-0.464338
-0.460947
-0.477004
-0.47399
-0.471091
-0.46779
-0.464211
-0.460501
-0.48129
-0.478006
-0.474909
-0.471413
-0.467641
-0.463737
-0.459775
-0.485781
-0.48221
-0.478906
-0.47521
-0.471238
-0.467134
-0.462958
-0.458733
-0.490474
-0.486601
-0.483083
-0.47918
-0.475004
-0.470691
-0.46629
-0.461804
-0.457189
-0.495367
-0.491178
-0.487438
-0.483324
-0.478937
-0.474407
-0.469767
-0.465001
-0.460043
-0.454778
-0.500455
-0.495937
-0.491971
-0.487639
-0.483035
-0.478279
-0.473384
-0.468314
-0.462982
-0.457257
-0.450987
-0.505732
-0.500874
-0.496677
-0.492123
-0.487295
-0.482302
-0.477134
-0.471734
-0.465992
-0.459765
-0.452898
-0.445259
-0.436763
-0.511192
-0.505984
-0.501551
-0.496771
-0.491712
-0.486468
-0.481007
-0.475247
-0.469058
-0.462285
-0.454777
-0.446421
-0.437164
-0.42703
-0.516824
-0.511259
-0.506588
-0.501578
-0.496278
-0.49077
-0.484992
-0.478837
-0.472159
-0.464795
-0.456602
-0.447493
-0.437453
-0.426546
-0.414899
-0.522618
-0.516689
-0.511777
-0.506534
-0.500986
-0.495196
-0.489074
-0.482489
-0.475277
-0.467274
-0.458353
-0.448458
-0.437615
-0.42593
-0.413568
-0.400719
-0.387559
-0.528561
-0.522264
-0.51711
-0.511629
-0.505823
-0.499732
-0.493237
-0.486181
-0.478389
-0.469699
-0.460009
-0.449298
-0.437637
-0.425175
-0.412109
-0.398648
-0.384977
-0.371307
-0.534637
-0.527969
-0.522574
-0.516852
-0.510777
-0.504362
-0.497461
-0.489892
-0.48147
-0.472047
-0.461548
-0.449994
-0.437505
-0.424271
-0.410515
-0.396462
-0.382302
-0.368229
-0.354164
-0.34096
-0.540829
-0.53379
-0.528154
-0.522186
-0.515829
-0.509068
-0.501724
-0.493596
-0.484496
-0.474293
-0.462947
-0.45053
-0.437208
-0.423207
-0.408778
-0.394155
-0.379525
-0.365069
-0.35072
-0.337249
-0.547117
-0.539709
-0.533833
-0.527615
-0.520961
-0.513827
-0.506001
-0.497267
-0.487438
-0.47641
-0.464186
-0.450889
-0.436731
-0.421976
-0.406892
-0.391719
-0.376641
-0.361818
-0.347198
-0.333472
-0.55348
-0.545705
-0.539591
-0.533119
-0.526152
-0.518615
-0.510266
-0.500875
-0.490269
-0.478373
-0.465243
-0.451053
-0.436063
-0.420568
-0.404849
-0.389147
-0.37364
-0.358469
-0.34359
-0.329618
-0.559892
-0.551756
-0.545407
-0.538674
-0.531377
-0.523405
-0.514488
-0.504391
-0.492958
-0.480157
-0.466096
-0.451007
-0.435192
-0.418972
-0.402641
-0.386432
-0.370515
-0.355012
-0.339887
-0.325678
-0.566327
-0.557838
-0.551256
-0.544255
-0.536607
-0.528165
-0.518636
-0.507782
-0.495476
-0.481734
-0.466726
-0.450735
-0.434106
-0.417181
-0.400258
-0.383565
-0.367258
-0.351439
-0.336078
-0.321642
-0.572755
-0.563921
-0.55711
-0.549834
-0.541812
-0.532865
-0.522675
-0.511015
-0.497792
-0.48308
-0.46711
-0.450221
-0.432792
-0.415183
-0.397692
-0.380537
-0.363858
-0.347739
-0.332157
-0.317503
-0.579144
-0.569977
-0.56294
-0.55538
-0.54696
-0.537468
-0.526571
-0.514056
-0.499876
-0.484169
-0.46723
-0.44945
-0.431239
-0.41297
-0.394935
-0.377339
-0.360308
-0.343905
-0.328112
-0.313251
-0.585459
-0.575973
-0.568713
-0.560858
-0.552015
-0.541938
-0.530285
-0.516869
-0.501698
-0.484977
-0.467066
-0.448407
-0.429436
-0.410531
-0.391977
-0.373962
-0.356598
-0.339927
-0.323936
-0.308878
-0.591665
-0.581874
-0.574394
-0.566234
-0.556939
-0.546236
-0.53378
-0.51942
-0.503227
-0.485478
-0.4666
-0.447078
-0.427371
-0.407856
-0.388808
-0.370397
-0.352718
-0.335796
-0.31962
-0.304375
-0.597722
-0.587643
-0.579946
-0.571468
-0.561693
-0.550321
-0.537018
-0.521675
-0.504434
-0.48565
-0.465814
-0.44545
-0.425032
-0.404935
-0.385418
-0.366634
-0.34866
-0.331503
-0.315155
-0.299735
-0.603591
-0.593242
-0.58533
-0.57652
-0.566234
-0.554153
-0.539958
-0.523597
-0.50529
-0.48547
-0.46469
-0.443507
-0.422408
-0.401758
-0.381798
-0.362664
-0.344413
-0.327038
-0.310532
-0.294949
-0.609227
-0.598629
-0.590505
-0.581347
-0.57052
-0.557689
-0.542562
-0.525153
-0.505767
-0.484917
-0.463211
-0.441238
-0.419487
-0.398313
-0.377938
-0.358477
-0.33997
-0.322395
-0.305744
-0.290011
-0.614589
-0.603762
-0.595428
-0.585907
-0.574506
-0.560885
-0.544791
-0.526311
-0.505839
-0.483969
-0.461361
-0.438629
-0.416259
-0.394592
-0.373829
-0.354065
-0.33532
-0.317563
-0.300783
-0.284913
-0.619631
-0.608598
-0.600054
-0.590154
-0.578148
-0.563701
-0.546606
-0.527037
-0.50548
-0.482607
-0.459126
-0.435667
-0.412712
-0.390584
-0.36946
-0.349416
-0.330456
-0.312535
-0.295641
-0.279648
-0.624307
-0.61309
-0.604338
-0.594041
-0.581401
-0.566093
-0.54797
-0.527301
-0.504666
-0.480812
-0.45649
-0.432341
-0.408837
-0.386279
-0.364823
-0.344524
-0.325369
-0.307303
-0.290311
-0.27421
-0.62857
-0.617194
-0.608235
-0.597524
-0.58422
-0.568019
-0.548848
-0.527073
-0.503373
-0.478566
-0.453439
-0.428638
-0.404621
-0.381667
-0.359908
-0.339379
-0.320052
-0.301861
-0.284786
-0.268593
-0.632375
-0.620865
-0.611697
-0.600555
-0.586559
-0.569439
-0.549204
-0.526325
-0.501581
-0.475854
-0.449961
-0.424548
-0.400056
-0.376739
-0.354707
-0.333973
-0.314495
-0.2962
-0.27906
-0.262792
-0.635673
-0.624053
-0.614678
-0.603088
-0.588375
-0.570313
-0.549004
-0.525031
-0.499268
-0.472658
-0.446042
-0.42006
-0.395133
-0.371487
-0.349211
-0.328299
-0.308694
-0.290315
-0.273128
-0.256801
-0.638418
-0.626715
-0.617132
-0.605077
-0.589625
-0.570604
-0.548219
-0.523167
-0.496417
-0.468966
-0.441672
-0.415164
-0.389841
-0.365902
-0.343412
-0.322349
-0.30264
-0.2842
-0.266983
-0.250616
-0.640565
-0.628803
-0.619012
-0.606478
-0.590268
-0.570275
-0.546817
-0.52071
-0.49301
-0.464764
-0.436839
-0.409852
-0.384172
-0.359976
-0.337303
-0.316116
-0.296327
-0.277848
-0.260621
-0.244232
-0.642068
-0.630274
-0.620274
-0.607248
-0.590263
-0.569293
-0.544774
-0.517639
-0.489032
-0.460039
-0.431534
-0.404113
-0.37812
-0.353702
-0.330878
-0.309594
-0.289751
-0.271256
-0.254037
-0.237647
-0.642884
-0.631084
-0.620875
-0.607345
-0.589574
-0.567626
-0.542063
-0.513936
-0.484469
-0.454783
-0.425748
-0.397941
-0.371676
-0.347073
-0.324131
-0.302778
-0.282906
-0.264418
-0.247228
-0.230856
-0.642972
-0.631191
-0.620772
-0.606728
-0.588165
-0.565245
-0.538663
-0.509585
-0.479309
-0.448984
-0.419474
-0.391329
-0.364834
-0.340084
-0.317055
-0.295663
-0.275789
-0.257331
-0.240191
-0.223856
-0.642291
-0.630554
-0.619927
-0.605362
-0.586004
-0.562124
-0.534553
-0.50457
-0.473541
-0.442635
-0.412705
-0.384271
-0.35759
-0.332729
-0.309647
-0.288245
-0.268394
-0.249992
-0.232921
-0.216647
-0.640803
-0.629135
-0.618301
-0.603212
-0.58306
-0.558239
-0.529715
-0.49888
-0.467157
-0.43573
-0.405434
-0.376762
-0.349937
-0.325004
-0.301903
-0.280521
-0.26072
-0.242398
-0.22542
-0.209228
-0.638474
-0.626899
-0.61586
-0.600244
-0.579308
-0.55357
-0.524137
-0.492504
-0.460149
-0.428263
-0.397658
-0.368798
-0.341874
-0.316906
-0.293819
-0.272487
-0.252764
-0.234547
-0.217685
-0.201604
-0.63527
-0.623812
-0.612572
-0.596431
-0.574723
-0.548098
-0.517804
-0.485435
-0.452512
-0.420229
-0.389374
-0.360375
-0.333396
-0.308433
-0.285394
-0.264142
-0.244523
-0.226436
-0.209713
-0.193765
-0.631163
-0.619844
-0.608407
-0.591747
-0.569284
-0.54181
-0.510707
-0.477666
-0.444243
-0.411628
-0.380579
-0.351493
-0.324503
-0.299583
-0.276626
-0.255485
-0.235999
-0.218066
-0.201499
-0.185671
-0.626126
-0.614969
-0.60334
-0.586169
-0.562975
-0.534692
-0.50284
-0.469193
-0.43534
-0.402456
-0.371273
-0.34215
-0.315193
-0.290356
-0.267515
-0.246516
-0.227191
-0.209441
-0.193045
-0.177292
-0.620135
-0.609162
-0.597348
-0.579678
-0.555781
-0.526737
-0.494198
-0.460016
-0.425802
-0.392716
-0.361456
-0.332347
-0.305468
-0.280752
-0.258063
-0.237237
-0.218101
-0.200563
-0.18437
-0.168769
-0.613171
-0.602402
-0.590412
-0.572259
-0.547692
-0.517939
-0.484779
-0.450134
-0.415631
-0.382408
-0.351129
-0.322086
-0.295328
-0.270772
-0.24827
-0.227648
-0.208732
-0.191429
-0.175437
-0.160092
-0.605218
-0.594674
-0.582517
-0.563901
-0.538701
-0.508295
-0.474583
-0.439551
-0.40483
-0.371537
-0.340297
-0.311369
-0.284777
-0.26042
-0.238139
-0.217753
-0.199085
-0.182042
-0.166281
-0.151205
-0.596263
-0.585963
-0.573652
-0.554595
-0.528804
-0.497805
-0.463614
-0.42827
-0.393405
-0.360107
-0.328963
-0.300201
-0.273819
-0.249699
-0.227674
-0.207556
-0.189164
-0.172405
-0.156904
-0.142108
-0.586297
-0.576261
-0.563808
-0.544336
-0.518001
-0.486473
-0.451878
-0.416298
-0.381362
-0.348123
-0.317134
-0.288587
-0.262458
-0.238614
-0.216879
-0.197059
-0.178972
-0.162525
-0.147308
-0.132806
-0.575316
-0.565561
-0.552981
-0.533125
-0.506295
-0.474306
-0.439382
-0.403644
-0.368709
-0.335595
-0.304816
-0.276533
-0.2507
-0.227171
-0.205761
-0.186269
-0.168515
-0.152405
-0.137494
-0.123304
-0.563318
-0.553862
-0.541171
-0.520963
-0.493692
-0.461311
-0.426137
-0.390319
-0.355457
-0.322532
-0.292019
-0.264048
-0.238554
-0.215377
-0.194324
-0.175192
-0.157798
-0.142051
-0.127468
-0.113609
-0.550305
-0.541165
-0.528382
-0.507857
-0.480201
-0.4475
-0.412155
-0.376335
-0.341617
-0.308943
-0.278751
-0.25114
-0.226027
-0.203239
-0.182577
-0.163835
-0.146829
-0.131469
-0.117235
-0.103728
-0.536285
-0.527476
-0.514619
-0.493817
-0.465835
-0.432888
-0.397452
-0.361706
-0.327203
-0.294842
-0.265024
-0.237821
-0.213128
-0.190766
-0.170529
-0.152206
-0.135615
-0.120667
-0.106801
-0.093667
-0.521266
-0.512804
-0.499895
-0.478856
-0.45061
-0.417491
-0.382043
-0.346449
-0.312229
-0.280243
-0.250851
-0.2241
-0.19987
-0.177969
-0.158188
-0.140313
-0.124163
-0.109651
-0.0961748
-0.0834335
-0.505262
-0.497162
-0.484224
-0.46299
-0.434543
-0.401329
-0.365948
-0.330582
-0.296713
-0.265159
-0.236245
-0.209992
-0.186262
-0.164859
-0.145566
-0.128167
-0.112484
-0.0984301
-0.0853637
-0.0730353
-0.48829
-0.480567
-0.467622
-0.44624
-0.417656
-0.384424
-0.34919
-0.314122
-0.280671
-0.249608
-0.221221
-0.195509
-0.172319
-0.151447
-0.132673
-0.115778
-0.100588
-0.0870142
-0.0743767
-0.0624807
-0.470372
-0.463037
-0.450111
-0.428627
-0.399973
-0.366799
-0.331791
-0.29709
-0.264123
-0.233606
-0.205796
-0.180667
-0.158054
-0.137746
-0.119521
-0.103158
-0.0884844
-0.0754133
-0.0632235
-0.051779
-0.45153
-0.444597
-0.431716
-0.410177
-0.381519
-0.348481
-0.313768
-0.279516
-0.247091
-0.217174
-0.189986
-0.165481
-0.143482
-0.123771
-0.106124
-0.0903187
-0.0761859
-0.0636382
-0.0519147
-0.0409401
-0.431791
-0.425273
-0.412462
-0.390918
-0.362327
-0.329495
-0.295155
-0.261417
-0.229596
-0.200331
-0.173811
-0.149969
-0.128619
-0.109537
-0.0924957
-0.0772735
-0.0637048
-0.0517008
-0.0404616
-0.0299749
-0.411186
-0.405094
-0.39238
-0.370884
-0.342426
-0.309868
-0.27598
-0.242821
-0.211661
-0.183098
-0.157289
-0.134149
-0.113481
-0.0950577
-0.0786504
-0.0640361
-0.0510541
-0.0396134
-0.0288761
-0.0188956
-0.389747
-0.384092
-0.371505
-0.350109
-0.321836
-0.289642
-0.256271
-0.223755
-0.193312
-0.165498
-0.140442
-0.118039
-0.0980861
-0.0803507
-0.0646035
-0.0506212
-0.0382479
-0.0273893
-0.0171715
-0.00771562
-0.367509
-0.362304
-0.349872
-0.328632
-0.300595
-0.268843
-0.236059
-0.204246
-0.174574
-0.147555
-0.12329
-0.101659
-0.0824521
-0.0654327
-0.0503709
-0.0370439
-0.0253007
-0.0150423
-0.00536132
-0.344509
-0.339767
-0.327518
-0.30646
-0.278771
-0.247507
-0.215376
-0.184325
-0.155473
-0.129292
-0.105856
-0.0850305
-0.0665981
-0.0503213
-0.035969
-0.0233197
-0.0122276
-0.00258683
-0.320787
-0.316521
-0.30448
-0.283663
-0.256375
-0.225672
-0.194255
-0.164023
-0.136038
-0.110735
-0.0881628
-0.0681737
-0.0505437
-0.0350344
-0.0214145
-0.00946446
0.000956004
-0.296382
-0.292612
-0.280799
-0.260284
-0.233451
-0.203374
-0.172732
-0.143369
-0.116297
-0.0919108
-0.0702351
-0.0511108
-0.0343092
-0.0195908
-0.00672456
0.00450564
-0.271331
-0.268092
-0.256526
-0.236361
-0.210041
-0.180653
-0.150842
-0.122398
-0.0962803
-0.0728459
-0.0520974
-0.0338647
-0.0179152
-0.00400916
0.00808355
0.0185745
-0.24569
-0.243006
-0.231711
-0.211937
-0.186189
-0.157548
-0.128622
-0.101143
-0.0760181
-0.0535683
-0.0337751
-0.0164585
-0.00138306
0.0116911
0.0229925
-0.219555
-0.217367
-0.206397
-0.18706
-0.161938
-0.134099
-0.106109
-0.079638
-0.0555416
-0.0341065
-0.0152943
0.00108377
0.0152656
0.0274904
-0.19295
-0.191236
-0.180632
-0.161778
-0.137333
-0.11035
-0.0833418
-0.0579178
-0.0348828
-0.0144897
0.00331824
0.0187377
0.0320084
0.0433689
-0.165907
-0.164683
-0.154467
-0.136138
-0.112421
-0.0863424
-0.060359
-0.0360181
-0.0140742
0.00525219
0.0220351
0.0364784
0.0488225
-0.13848
-0.137761
-0.127954
-0.110191
-0.0872487
-0.0621192
-0.0372003
-0.0139753
0.00685098
0.0250889
0.0408287
0.0542799
0.0656844
-0.11073
-0.110521
-0.101144
-0.0839866
-0.0618629
-0.0377246
-0.0139059
0.00817416
0.0278593
0.0449897
0.0596704
0.0721161
-0.0827084
-0.0830168
-0.0740923
-0.0575757
-0.0363114
-0.0132025
0.00948368
0.030393
0.0489167
0.0649233
0.0785313
-0.0544743
-0.0553036
-0.0468516
-0.0310102
-0.0106428
0.0114024
0.0329277
0.052644
0.0699889
0.084858
0.0973823
-0.0260846
-0.0274373
-0.019477
-0.00434218
0.0150945
0.0360453
0.056385
0.0748894
0.0910414
0.104762
0.00240306
0.000525823
0.00797644
0.0223762
0.0408516
0.0606813
0.0798144
0.0970916
0.11204
0.124604
0.0309311
0.0285292
0.0354538
0.0490926
0.0665799
0.0852655
0.103175
0.119213
0.132949
0.144351
0.0594415
0.0565159
0.0628998
0.0757548
0.0922306
0.109753
0.126425
0.141216
0.153734
0.0878766
0.0844292
0.0902594
0.10231
0.117755
0.134099
0.149524
0.163062
0.174362
0.116179
0.112212
0.117478
0.128708
0.143106
0.15826
0.172432
0.184715
0.14429
0.139809
0.1445
0.154895
0.168234
0.182191
0.195108
0.206137
0.172155
0.167163
0.171273
0.180822
0.193093
0.205849
0.217511
0.199715
0.19422
0.197742
0.206438
0.217636
0.229191
0.239603
0.226917
0.220923
0.223856
0.231693
0.241816
0.252174
0.261345
0.253703
0.24722
0.249561
0.256538
0.26559
0.274758
0.280022
0.273057
0.274807
0.280925
0.288911
0.2969
0.305819
0.298383
0.299544
0.304808
0.311738
0.318562
0.331044
0.323146
0.323724
0.328141
0.334026
0.355645
0.347297
0.347298
0.350878
0.355736
0.379573
0.370787
0.37022
0.372977
0.376826
0.40278
0.39357
0.392446
0.394395
0.397259
0.425221
0.415601
0.413931
0.415092
0.446851
0.436835
0.434635
0.435029
0.467627
0.457231
0.454517
0.454168
0.487509
0.476749
0.473538
0.472473
0.506456
0.49535
0.491663
0.489909
0.524432
0.512998
0.508855
0.541401
0.529658
0.525082
0.557331
0.545298
0.540314
0.572191
0.559887
0.554521
0.585952
0.573399
0.567676
0.598587
0.585805
0.579755
0.610073
0.597084
0.590735
0.620388
0.607214
0.600597
0.629511
0.616175
0.60932
0.637427
0.623951
0.644121
0.630528
0.649581
0.635894
0.653796
0.64004
0.656761
0.642958
0.65847
0.644645
0.658921
0.645098
0.658116
0.644319
0.656057
0.642309
0.65275
0.639074
0.648203
0.634623
0.642426
0.628967
0.635434
0.622116
0.615199
0.62724
0.614088
0.607398
0.617864
0.6049
0.598468
0.607326
0.594572
0.588427
0.595649
0.583125
0.577297
0.582858
0.570586
0.565102
0.56898
0.556981
0.551867
0.554045
0.542338
0.537621
0.538085
0.52669
0.522392
0.521134
0.510069
0.506213
0.504182
0.503228
0.492511
0.489118
0.487752
0.484406
0.474053
0.471142
0.470469
0.464706
0.454734
0.452323
0.452369
0.444171
0.434596
0.4327
0.433487
0.422845
0.413681
0.412315
0.413864
0.416264
0.400773
0.392034
0.391208
0.393538
0.396892
0.378001
0.369701
0.369426
0.372551
0.37688
0.354579
0.346729
0.347013
0.350945
0.356267
0.361375
0.330555
0.323167
0.324017
0.328765
0.335095
0.341312
0.305981
0.299065
0.300484
0.306056
0.313405
0.320749
0.28091
0.274475
0.276466
0.282864
0.29124
0.299723
0.255395
0.249449
0.252012
0.259237
0.268644
0.278275
0.286757
0.229489
0.224041
0.227174
0.235223
0.245663
0.256447
0.266129
0.203249
0.198305
0.202005
0.210871
0.222341
0.234281
0.245169
0.176731
0.172296
0.176556
0.186232
0.198725
0.211819
0.223916
0.23419
0.14999
0.14607
0.150883
0.161356
0.174862
0.189105
0.20241
0.213893
0.123085
0.119682
0.125038
0.136295
0.1508
0.166182
0.180692
0.193384
0.203909
0.0960719
0.0931901
0.0990778
0.111099
0.126586
0.143095
0.158801
0.172698
0.184399
0.0690091
0.0666499
0.073056
0.0858214
0.10227
0.119888
0.136778
0.151874
0.164746
0.175355
0.0419542
0.0401182
0.047028
0.0605139
0.0778993
0.0966057
0.114665
0.130949
0.144986
0.156713
0.0149648
0.0136519
0.0210488
0.0352288
0.0535228
0.0732932
0.0925025
0.10996
0.125153
0.137992
-0.0119017
-0.012693
-0.00482667
0.0100182
0.0291893
0.0499954
0.070332
0.0889465
0.105281
0.119222
0.130888
-0.0385881
-0.0388604
-0.0305439
-0.0150658
0.00494737
0.026757
0.0481944
0.0679451
0.0854057
0.100436
0.113141
0.123732
-0.0650375
-0.0647953
-0.0560486
-0.0399716
-0.0191547
0.00362254
0.0261306
0.0469934
0.0655611
0.0816651
0.0953972
0.106961
-0.0911929
-0.0904425
-0.0812868
-0.0646476
-0.0430688
-0.0193635
0.00418134
0.0261286
0.0457813
0.0629412
0.077685
0.0902102
0.100749
-0.117
-0.115751
-0.106207
-0.0890439
-0.0667477
-0.0421573
-0.0176132
0.00538762
0.0261001
0.0442952
0.0600333
0.073505
0.0849409
-0.142401
-0.140669
-0.130756
-0.11311
-0.0901444
-0.0647155
-0.0392132
-0.0151932
0.00655085
0.0257577
0.0424702
0.0568715
0.0691901
0.0796561
-0.167347
-0.165139
-0.154885
-0.136798
-0.113213
-0.0869953
-0.0605795
-0.035578
-0.0128337
0.00735869
0.0250234
0.0403351
0.0535201
0.0648081
-0.191831
-0.189083
-0.178542
-0.16006
-0.135908
-0.108955
-0.0816734
-0.0557316
-0.0320215
-0.0108723
0.00771988
0.0239206
0.0379531
0.0500471
0.0604228
-0.215774
-0.212477
-0.201685
-0.182849
-0.158185
-0.130552
-0.102457
-0.0756194
-0.0509808
-0.0289065
-0.00941388
0.00765218
0.0225113
0.0353929
0.0465179
0.0560904
-0.239099
-0.235295
-0.224266
-0.20512
-0.180001
-0.151748
-0.122894
-0.0952078
-0.069681
-0.0467158
-0.0263522
-0.00844658
0.00721622
0.0208648
0.0327204
0.0429911
0.0518103
-0.261769
-0.257481
-0.246238
-0.226829
-0.201315
-0.172502
-0.142948
-0.114464
-0.088092
-0.0642727
-0.0430699
-0.0243527
-0.00791124
0.00648177
0.0190475
0.0299963
0.039467
-0.283746
-0.278987
-0.267548
-0.247941
-0.222087
-0.192776
-0.162583
-0.133356
-0.106185
-0.0815508
-0.0595429
-0.040044
-0.0228506
-0.0077375
0.00551601
0.0171218
0.0272235
0.0359216
-0.30499
-0.299774
-0.288166
-0.268399
-0.242286
-0.212531
-0.181768
-0.151852
-0.123931
-0.0985243
-0.0757475
-0.0554989
-0.0375821
-0.0217747
-0.00785708
0.0043835
0.0150952
0.0243721
0.033043
-0.325463
-0.319802
-0.308053
-0.288172
-0.261877
-0.231724
-0.200469
-0.169924
-0.141304
-0.115168
-0.091661
-0.0706965
-0.0520865
-0.0356122
-0.0210552
-0.00820298
0.00309722
0.0129351
0.0221077
0.0305569
-0.345131
-0.339036
-0.327173
-0.307224
-0.280764
-0.250379
-0.218657
-0.187542
-0.158277
-0.131459
-0.107262
-0.0856167
-0.0663453
-0.0492326
-0.0340624
-0.0206223
-0.00875554
0.00162471
0.0112813
0.0202191
-0.363959
-0.357443
-0.345492
-0.325528
-0.298981
-0.268397
-0.236297
-0.204679
-0.174826
-0.147374
-0.122529
-0.10024
-0.0803406
-0.0626195
-0.046863
-0.0328596
-0.0204488
-0.00954558
0.000577187
0.00998459
-0.38192
-0.374992
-0.36298
-0.34305
-0.316489
-0.285758
-0.253362
-0.221308
-0.190926
-0.162892
-0.137442
-0.114549
-0.0940556
-0.075757
-0.0594421
-0.0449008
-0.031969
-0.0205628
-0.00999196
-0.00013341
-0.398983
-0.391658
-0.379608
-0.359759
-0.333248
-0.302446
-0.269824
-0.237407
-0.206555
-0.177991
-0.151983
-0.128526
-0.107474
-0.0886299
-0.0717855
-0.0567323
-0.0433032
-0.0314149
-0.0204143
-0.0101232
-0.415127
-0.407416
-0.395353
-0.375629
-0.349232
-0.318435
-0.285662
-0.252951
-0.221693
-0.192653
-0.166134
-0.142154
-0.120581
-0.101224
-0.0838798
-0.0683414
-0.0544393
-0.0420902
-0.0306788
-0.0199741
-0.430329
-0.422247
-0.410193
-0.390637
-0.364417
-0.333699
-0.300853
-0.267918
-0.236318
-0.206859
-0.179879
-0.155418
-0.133361
-0.113526
-0.0957123
-0.0797162
-0.065366
-0.0525783
-0.0407753
-0.0296763
-0.444572
-0.436133
-0.424111
-0.404764
-0.378782
-0.348217
-0.315375
-0.282289
-0.250413
-0.220593
-0.193201
-0.168304
-0.145803
-0.125523
-0.107271
-0.0908455
-0.0760728
-0.0628691
-0.0506944
-0.0392209
-0.457842
-0.449062
-0.437092
-0.417993
-0.392308
-0.361969
-0.329207
-0.296046
-0.263962
-0.233839
-0.206087
-0.180799
-0.157893
-0.137205
-0.118546
-0.101719
-0.0865499
-0.0729537
-0.0604273
-0.0485995
-0.47013
-0.461024
-0.449124
-0.430311
-0.404981
-0.374938
-0.342334
-0.309172
-0.276948
-0.246584
-0.218524
-0.192891
-0.16962
-0.14856
-0.129527
-0.112328
-0.0967886
-0.0828236
-0.0699662
-0.0578045
-0.481428
-0.472014
-0.460202
-0.441709
-0.416786
-0.38711
-0.354741
-0.321653
-0.289359
-0.258815
-0.230501
-0.204569
-0.180974
-0.159578
-0.140204
-0.122663
-0.106781
-0.0924716
-0.0793038
-0.0668287
-0.491733
-0.482028
-0.47032
-0.452178
-0.427716
-0.398472
-0.366413
-0.333476
-0.301182
-0.27052
-0.242007
-0.215823
-0.191947
-0.170252
-0.15057
-0.132716
-0.116519
-0.101891
-0.0884339
-0.0756652
-0.501048
-0.49107
-0.47948
-0.461718
-0.437763
-0.409017
-0.377342
-0.34463
-0.312407
-0.28169
-0.253033
-0.226646
-0.202531
-0.180575
-0.160617
-0.142482
-0.125997
-0.111075
-0.0973512
-0.0843074
-0.509376
-0.499145
-0.487685
-0.470328
-0.446925
-0.418738
-0.387519
-0.355107
-0.323025
-0.292317
-0.263571
-0.237031
-0.212719
-0.190539
-0.170341
-0.151954
-0.13521
-0.12002
-0.106052
-0.0927485
-0.516727
-0.506262
-0.494944
-0.478013
-0.455202
-0.427632
-0.396938
-0.364899
-0.333029
-0.302394
-0.273616
-0.24697
-0.222505
-0.200139
-0.179735
-0.161128
-0.144152
-0.128719
-0.114534
-0.100982
-0.523113
-0.512434
-0.501268
-0.484781
-0.462598
-0.435699
-0.405596
-0.374002
-0.342414
-0.311916
-0.283163
-0.256461
-0.231885
-0.209372
-0.188795
-0.169999
-0.15282
-0.13717
-0.122796
-0.109007
-0.528549
-0.517679
-0.506673
-0.490645
-0.46912
-0.442941
-0.413494
-0.382414
-0.351177
-0.32088
-0.292207
-0.265499
-0.240856
-0.218234
-0.197519
-0.178564
-0.16121
-0.145367
-0.130813
-0.11686
-0.533056
-0.522016
-0.511177
-0.49562
-0.474779
-0.449364
-0.420631
-0.390134
-0.359316
-0.329283
-0.300748
-0.274083
-0.249416
-0.226723
-0.205904
-0.186821
-0.169321
-0.153312
-0.138608
-0.124596
-0.536657
-0.52547
-0.514803
-0.499725
-0.479589
-0.454978
-0.427015
-0.397164
-0.36683
-0.337124
-0.308784
-0.282212
-0.257564
-0.234838
-0.213948
-0.194767
-0.17715
-0.161002
-0.14616
-0.132048
-0.539378
-0.528067
-0.517577
-0.502982
-0.483568
-0.459794
-0.432651
-0.403507
-0.373723
-0.344406
-0.316315
-0.289885
-0.265299
-0.242579
-0.221652
-0.202404
-0.184696
-0.168433
-0.153468
-0.139244
-0.541249
-0.529839
-0.519529
-0.505418
-0.486737
-0.463828
-0.43755
-0.40917
-0.379997
-0.351129
-0.323344
-0.297105
-0.272624
-0.249946
-0.229016
-0.209729
-0.191957
-0.175604
-0.160539
-0.146223
-0.542303
-0.530818
-0.52069
-0.507062
-0.489121
-0.467098
-0.441724
-0.414161
-0.385659
-0.357298
-0.329873
-0.303873
-0.27954
-0.256942
-0.236041
-0.216746
-0.198936
-0.182517
-0.167376
-0.152993
-0.542574
-0.531041
-0.521097
-0.507946
-0.490745
-0.469625
-0.44519
-0.418492
-0.390714
-0.362919
-0.335907
-0.310195
-0.286051
-0.263569
-0.24273
-0.223455
-0.205634
-0.189174
-0.173978
-0.159551
-0.542102
-0.530545
-0.520786
-0.508106
-0.491642
-0.471434
-0.447964
-0.422173
-0.395174
-0.367998
-0.341451
-0.316073
-0.292161
-0.269831
-0.249085
-0.229859
-0.212052
-0.195575
-0.180346
-0.165896
-0.540925
-0.52937
-0.519798
-0.507579
-0.491844
-0.472551
-0.450067
-0.425222
-0.399048
-0.372543
-0.346512
-0.321515
-0.297874
-0.275732
-0.255111
-0.235962
-0.218195
-0.201724
-0.186482
-0.172028
-0.539086
-0.52756
-0.518174
-0.506405
-0.491386
-0.473007
-0.451524
-0.427654
-0.402349
-0.376564
-0.351098
-0.326526
-0.303197
-0.281278
-0.260813
-0.241768
-0.224065
-0.207622
-0.192387
-0.17795
-0.536628
-0.525158
-0.515959
-0.504627
-0.490308
-0.472834
-0.452358
-0.429489
-0.405092
-0.380071
-0.355217
-0.331114
-0.308136
-0.286475
-0.266195
-0.247281
-0.229666
-0.213275
-0.198064
-0.183663
-0.533597
-0.522208
-0.513196
-0.502287
-0.488648
-0.472065
-0.452599
-0.430749
-0.407292
-0.383079
-0.35888
-0.335288
-0.312699
-0.291329
-0.271264
-0.252506
-0.235003
-0.218684
-0.203517
-0.18917
-0.530038
-0.518757
-0.509933
-0.49943
-0.486449
-0.470739
-0.452276
-0.431457
-0.408967
-0.385598
-0.362096
-0.339057
-0.316894
-0.295848
-0.276027
-0.25745
-0.240081
-0.223856
-0.20875
-0.194473
-0.525997
-0.51485
-0.506214
-0.496103
-0.483755
-0.468893
-0.451421
-0.431638
-0.410137
-0.387646
-0.364879
-0.342431
-0.320729
-0.300039
-0.28049
-0.262119
-0.244906
-0.228793
-0.213766
-0.199577
-0.521522
-0.510534
-0.502088
-0.492352
-0.480609
-0.466568
-0.450069
-0.43132
-0.410823
-0.389237
-0.36724
-0.345419
-0.324215
-0.303911
-0.28466
-0.26652
-0.249483
-0.233503
-0.21857
-0.204485
-0.516659
-0.505855
-0.4976
-0.488223
-0.477057
-0.463805
-0.448255
-0.430532
-0.411048
-0.39039
-0.369194
-0.348034
-0.327359
-0.307472
-0.288547
-0.270659
-0.253819
-0.23799
-0.223167
-0.2092
-0.511454
-0.500858
-0.492797
-0.483763
-0.473145
-0.460647
-0.446017
-0.429305
-0.410835
-0.391122
-0.370754
-0.350288
-0.330174
-0.310732
-0.292157
-0.274544
-0.25792
-0.24226
-0.227562
-0.213728
-0.505955
-0.495588
-0.487723
-0.479017
-0.468917
-0.457136
-0.443393
-0.42767
-0.410211
-0.391454
-0.371937
-0.352192
-0.332669
-0.3137
-0.2955
-0.278184
-0.261794
-0.24632
-0.231761
-0.218073
-0.500203
-0.490088
-0.482422
-0.474031
-0.464419
-0.453317
-0.440422
-0.425662
-0.409202
-0.391407
-0.372759
-0.35376
-0.334855
-0.316386
-0.298585
-0.281585
-0.265448
-0.250175
-0.235769
-0.222239
-0.494245
-0.484401
-0.476937
-0.468847
-0.459694
-0.44923
-0.437144
-0.423314
-0.407836
-0.391002
-0.373236
-0.355006
-0.336744
-0.318799
-0.30142
-0.284757
-0.268889
-0.253833
-0.239592
-0.226232
-0.48812
-0.478566
-0.471308
-0.463508
-0.454786
-0.444921
-0.433599
-0.420661
-0.406142
-0.390263
-0.373387
-0.355942
-0.338346
-0.32095
-0.304014
-0.287707
-0.272125
-0.257301
-0.243237
-0.230058
-0.48187
-0.472623
-0.465575
-0.458053
-0.449735
-0.440429
-0.429826
-0.417741
-0.404151
-0.389213
-0.373229
-0.356584
-0.339674
-0.322848
-0.306376
-0.290444
-0.275164
-0.260585
-0.24671
-0.23372
-0.475531
-0.466607
-0.459773
-0.452521
-0.444581
-0.435795
-0.425865
-0.414588
-0.401894
-0.387879
-0.372783
-0.356947
-0.34074
-0.324503
-0.308515
-0.292975
-0.278012
-0.263692
-0.250016
-0.237225
-0.469141
-0.460551
-0.453937
-0.446946
-0.439362
-0.431058
-0.421755
-0.411238
-0.399402
-0.386284
-0.372069
-0.357046
-0.341555
-0.325926
-0.31044
-0.29531
-0.280677
-0.266629
-0.253163
-0.240579
-0.462733
-0.454489
-0.448097
-0.441361
-0.434111
-0.426254
-0.417532
-0.407728
-0.396706
-0.384457
-0.371107
-0.356897
-0.342132
-0.327126
-0.31216
-0.297455
-0.283168
-0.269402
-0.256156
-0.243787
-0.456338
-0.448449
-0.442284
-0.435797
-0.428862
-0.421418
-0.413233
-0.404092
-0.393839
-0.382423
-0.369919
-0.356516
-0.342483
-0.328113
-0.313682
-0.299418
-0.28549
-0.27202
-0.259002
-0.246854
-0.449983
-0.442457
-0.436523
-0.43028
-0.423644
-0.416582
-0.40889
-0.400363
-0.390832
-0.380211
-0.368526
-0.35592
-0.342621
-0.328896
-0.315015
-0.301206
-0.28765
-0.274487
-0.261706
-0.249786
-0.443697
-0.436538
-0.430838
-0.424836
-0.418484
-0.411775
-0.404536
-0.396575
-0.387716
-0.377847
-0.366952
-0.355127
-0.342559
-0.329487
-0.316166
-0.302827
-0.289656
-0.27681
-0.264274
-0.252589
-0.437501
-0.430712
-0.425249
-0.419486
-0.413404
-0.407024
-0.4002
-0.392758
-0.384521
-0.375358
-0.365219
-0.354155
-0.34231
-0.329894
-0.317144
-0.304287
-0.291512
-0.278995
-0.266712
-0.255268
-0.431417
-0.424999
-0.419775
-0.414248
-0.408426
-0.402352
-0.395909
-0.38894
-0.381276
-0.372773
-0.36335
-0.353021
-0.341888
-0.330128
-0.317956
-0.305592
-0.293226
-0.281047
-0.269025
-0.257828
-0.425462
-0.419415
-0.414432
-0.409139
-0.403568
-0.39778
-0.391685
-0.385148
-0.378008
-0.370116
-0.361369
-0.351744
-0.341306
-0.330198
-0.318608
-0.306747
-0.294801
-0.282972
-0.271218
-0.260276
-0.419653
-0.413973
-0.409233
-0.404173
-0.398844
-0.393325
-0.38755
-0.381405
-0.374744
-0.367414
-0.359298
-0.350343
-0.34058
-0.330114
-0.319109
-0.307758
-0.296242
-0.284773
-0.414003
-0.408686
-0.404188
-0.399359
-0.394267
-0.389003
-0.383522
-0.377734
-0.371505
-0.364689
-0.357159
-0.348838
-0.339723
-0.329887
-0.319464
-0.30863
-0.297553
-0.408522
-0.403562
-0.399305
-0.394708
-0.389847
-0.384824
-0.379616
-0.374152
-0.368315
-0.361966
-0.354974
-0.347246
-0.33875
-0.329526
-0.319681
-0.403218
-0.398608
-0.394593
-0.390224
-0.38559
-0.380799
-0.375844
-0.370674
-0.36519
-0.359264
-0.352765
-0.345587
-0.337676
-0.329044
-0.398099
-0.393831
-0.390054
-0.385913
-0.381501
-0.376932
-0.372216
-0.367315
-0.362148
-0.356602
-0.350549
-0.343878
-0.393168
-0.389233
-0.385691
-0.381776
-0.377583
-0.37323
-0.368737
-0.364082
-0.359203
-0.353997
-0.348346
-0.388429
-0.384816
-0.381506
-0.377814
-0.373838
-0.369693
-0.365411
-0.360985
-0.356363
-0.351461
-0.383881
-0.380581
-0.377498
-0.374027
-0.370263
-0.366322
-0.362242
-0.358026
-0.353638
-0.379526
-0.376526
-0.373667
-0.370412
-0.366857
-0.363115
-0.359228
-0.355209
-0.375361
-0.372651
-0.370009
-0.366966
-0.363617
-0.360069
-0.356367
-0.371383
-0.368952
-0.366521
-0.363686
-0.360538
-0.357179
-0.36759
-0.365427
-0.3632
-0.360568
-0.357616
-0.363979
-0.362071
-0.360042
-0.357606
-0.360544
-0.358882
-0.357042
-0.357283
-0.355854
-0.354192
-0.352985
-0.351267
-0.25616
-0.261668
-0.267018
-0.272214
-0.277263
-0.282169
-0.28694
-0.29158
-0.296098
-0.3005
-0.304793
-0.308983
-0.313079
-0.317087
-0.321015
-0.324869
-0.246749
-0.252134
-0.257378
-0.262483
-0.267456
-0.272301
-0.277023
-0.281629
-0.286125
-0.290515
-0.294807
-0.299006
-0.30312
-0.307155
-0.311118
-0.315015
-0.237691
-0.242939
-0.248062
-0.253062
-0.257945
-0.262715
-0.267377
-0.271936
-0.276397
-0.280765
-0.285046
-0.289246
-0.293371
-0.297427
-0.30142
-0.305357
-0.228971
-0.234082
-0.239081
-0.243972
-0.24876
-0.253447
-0.25804
-0.262541
-0.266956
-0.27129
-0.275547
-0.279733
-0.283853
-0.287914
-0.291919
-0.295877
-0.220587
-0.225557
-0.230427
-0.235203
-0.239887
-0.244482
-0.248993
-0.253424
-0.257778
-0.262061
-0.266276
-0.270429
-0.274525
-0.278567
-0.282563
-0.286516
-0.212519
-0.217345
-0.222083
-0.226737
-0.23131
-0.235804
-0.240223
-0.244572
-0.248853
-0.253071
-0.25723
-0.261333
-0.265386
-0.269393
-0.273359
-0.277288
-0.204748
-0.209429
-0.214032
-0.21856
-0.223016
-0.227402
-0.231723
-0.23598
-0.240178
-0.244321
-0.24841
-0.252452
-0.256448
-0.260405
-0.264325
-0.268213
-0.197258
-0.201793
-0.206258
-0.210658
-0.214993
-0.219267
-0.223482
-0.227641
-0.231748
-0.235805
-0.239816
-0.243784
-0.247713
-0.251606
-0.255468
-0.259302
-0.190033
-0.194422
-0.198749
-0.203018
-0.207229
-0.211386
-0.215491
-0.219546
-0.223555
-0.22752
-0.231443
-0.235329
-0.23918
-0.243
-0.246792
-0.250559
-0.254306
-0.183062
-0.187305
-0.191493
-0.195628
-0.199713
-0.20375
-0.207741
-0.211687
-0.215592
-0.219458
-0.223288
-0.227084
-0.230849
-0.234587
-0.238299
-0.24199
-0.245662
-0.176331
-0.180428
-0.184477
-0.188479
-0.192436
-0.19635
-0.200223
-0.204057
-0.207854
-0.211617
-0.215347
-0.219047
-0.222719
-0.226367
-0.229992
-0.233598
-0.237188
-0.16983
-0.173783
-0.177692
-0.18156
-0.185388
-0.189178
-0.192931
-0.19665
-0.200335
-0.20399
-0.207616
-0.211215
-0.214789
-0.218341
-0.221873
-0.225388
-0.228888
-0.163548
-0.167358
-0.171129
-0.174863
-0.178562
-0.182226
-0.185858
-0.189459
-0.19303
-0.196574
-0.200092
-0.203586
-0.207057
-0.210509
-0.213943
-0.217361
-0.220766
-0.157477
-0.161145
-0.164779
-0.16838
-0.171949
-0.175488
-0.178997
-0.182479
-0.185934
-0.189365
-0.192772
-0.196158
-0.199524
-0.202871
-0.206203
-0.20952
-0.212825
-0.151607
-0.155136
-0.158634
-0.162103
-0.165544
-0.168957
-0.172343
-0.175705
-0.179043
-0.182359
-0.185654
-0.188929
-0.192187
-0.195428
-0.198654
-0.201867
-0.205068
-0.14593
-0.149322
-0.152687
-0.156025
-0.159338
-0.162626
-0.16589
-0.169132
-0.172353
-0.175553
-0.178734
-0.181898
-0.185045
-0.188178
-0.191296
-0.194403
-0.197498
-0.140438
-0.143696
-0.14693
-0.15014
-0.153326
-0.15649
-0.159633
-0.162756
-0.165859
-0.168944
-0.172011
-0.175062
-0.178098
-0.181121
-0.184131
-0.187129
-0.190117
-0.135125
-0.138252
-0.141357
-0.14444
-0.147502
-0.150544
-0.153567
-0.156571
-0.159557
-0.162527
-0.165481
-0.168419
-0.171344
-0.174257
-0.177157
-0.180047
-0.182927
-0.129984
-0.132983
-0.135962
-0.138921
-0.141861
-0.144783
-0.147687
-0.150574
-0.153445
-0.1563
-0.159141
-0.161968
-0.164782
-0.167584
-0.170375
-0.173155
-0.175927
-0.12501
-0.127884
-0.13074
-0.133577
-0.136398
-0.139201
-0.141988
-0.14476
-0.147517
-0.150259
-0.152988
-0.155704
-0.158408
-0.161101
-0.163783
-0.166456
-0.169119
-0.120196
-0.122948
-0.125684
-0.128403
-0.131107
-0.133794
-0.136467
-0.139126
-0.14177
-0.144402
-0.147021
-0.149627
-0.152222
-0.154807
-0.157381
-0.159947
-0.162503
-0.115537
-0.118171
-0.12079
-0.123394
-0.125983
-0.128558
-0.131119
-0.133667
-0.136202
-0.138724
-0.141235
-0.143734
-0.146222
-0.1487
-0.151168
-0.153628
-0.156079
-0.111027
-0.113547
-0.116053
-0.118545
-0.121024
-0.123489
-0.125941
-0.12838
-0.130808
-0.133224
-0.135628
-0.138022
-0.140405
-0.142778
-0.145142
-0.147498
-0.149845
-0.106664
-0.109073
-0.11147
-0.113853
-0.116224
-0.118582
-0.120928
-0.123262
-0.125585
-0.127896
-0.130197
-0.132488
-0.134769
-0.13704
-0.139302
-0.141555
-0.1438
-0.102443
-0.104745
-0.107035
-0.109313
-0.111579
-0.113834
-0.116077
-0.118309
-0.12053
-0.12274
-0.12494
-0.12713
-0.129311
-0.131482
-0.133645
-0.135798
-0.137944
-0.0983593
-0.100558
-0.102746
-0.104922
-0.107087
-0.109241
-0.111384
-0.113517
-0.115639
-0.117751
-0.119854
-0.121946
-0.12403
-0.126104
-0.128169
-0.130226
-0.132275
-0.0944097
-0.0965093
-0.098598
-0.100676
-0.102744
-0.104801
-0.106847
-0.108884
-0.110911
-0.112928
-0.114935
-0.116933
-0.118922
-0.120902
-0.122873
-0.124836
-0.126791
-0.0905913
-0.0925949
-0.0945885
-0.0965719
-0.0985453
-0.100509
-0.102462
-0.104406
-0.106341
-0.108266
-0.110181
-0.112088
-0.113985
-0.115874
-0.117754
-0.119626
-0.12149
-0.0868997
-0.0888115
-0.0907136
-0.0926061
-0.0944891
-0.0963626
-0.0982266
-0.100081
-0.101927
-0.103763
-0.10559
-0.107408
-0.109218
-0.111018
-0.112811
-0.114595
-0.11637
-0.0833323
-0.0851562
-0.0869708
-0.0887762
-0.0905723
-0.0923593
-0.0941372
-0.0959059
-0.0976657
-0.0994165
-0.101158
-0.102892
-0.104616
-0.106332
-0.10804
-0.109739
-0.11143
-0.0798876
-0.081627
-0.0833576
-0.0850793
-0.0867921
-0.0884961
-0.0901913
-0.0918776
-0.0935551
-0.0952239
-0.096884
-0.0985355
-0.100178
-0.101813
-0.103439
-0.105056
-0.106666
-0.0765637
-0.0782221
-0.0798721
-0.0815136
-0.0831465
-0.0847709
-0.0863867
-0.0879939
-0.0895926
-0.0911827
-0.0927642
-0.0943373
-0.0959018
-0.0974579
-0.0990057
-0.100545
-0.102076
-0.0733567
-0.074938
-0.076511
-0.0780759
-0.0796325
-0.0811808
-0.0827207
-0.0842523
-0.0857754
-0.0872902
-0.0887965
-0.0902945
-0.091784
-0.0932652
-0.094738
-0.0962025
-0.0976587
-0.0702654
-0.071773
-0.0732727
-0.0747644
-0.076248
-0.0777236
-0.0791911
-0.0806503
-0.0821013
-0.0835441
-0.0849785
-0.0864047
-0.0878225
-0.089232
-0.0906332
-0.0920261
-0.0934107
-0.0672877
-0.0687251
-0.0701548
-0.0715768
-0.072991
-0.0743973
-0.0757956
-0.0771859
-0.078568
-0.0799421
-0.0813079
-0.0826656
-0.0840149
-0.085356
-0.0866889
-0.0880134
-0.0893296
-0.0644219
-0.0657925
-0.0671557
-0.0685113
-0.0698593
-0.0711996
-0.0725321
-0.0738567
-0.0751733
-0.0764819
-0.0777824
-0.0790748
-0.080359
-0.0816349
-0.0829026
-0.084162
-0.0854132
-0.0616665
-0.0629737
-0.0642736
-0.0655662
-0.0668513
-0.0681288
-0.0693987
-0.0706609
-0.0719151
-0.0731615
-0.0743999
-0.0756302
-0.0768524
-0.0780664
-0.0792721
-0.0804697
-0.0816589
-0.0590199
-0.0602669
-0.0615069
-0.0627396
-0.0639651
-0.0651831
-0.0663936
-0.0675964
-0.0687916
-0.0699789
-0.0711582
-0.0723296
-0.0734929
-0.0746481
-0.0757951
-0.0769339
-0.0780644
-0.0564816
-0.0576715
-0.0588545
-0.0600305
-0.0611994
-0.0623609
-0.0635151
-0.0646617
-0.0658008
-0.066932
-0.0680555
-0.0691711
-0.0702786
-0.0713781
-0.0724694
-0.0735525
-0.0746274
-0.0540488
-0.0551849
-0.0563143
-0.0574368
-0.0585522
-0.0596605
-0.0607614
-0.061855
-0.0629409
-0.0640193
-0.0650899
-0.0661526
-0.0672074
-0.0682542
-0.0692929
-0.0703234
-0.0713456
-0.0517224
-0.0528077
-0.0538863
-0.0549581
-0.056023
-0.0570808
-0.0581315
-0.0591748
-0.0602107
-0.061239
-0.0622596
-0.0632725
-0.0642775
-0.0652745
-0.0662635
-0.0672443
-0.068217
-0.0495009
-0.0505382
-0.051569
-0.0525931
-0.0536104
-0.0546207
-0.0556239
-0.0566199
-0.0576086
-0.0585897
-0.0595633
-0.0605292
-0.0614872
-0.0624374
-0.0633795
-0.0643136
-0.0652395
-0.0473836
-0.0483759
-0.0493616
-0.0503409
-0.0513134
-0.052279
-0.0532376
-0.0541891
-0.0551333
-0.0560702
-0.0569995
-0.0579211
-0.058835
-0.0597411
-0.0606393
-0.0615294
-0.0624114
-0.0453704
-0.0463203
-0.0472638
-0.0482009
-0.0491314
-0.050055
-0.0509718
-0.0518815
-0.052784
-0.0536792
-0.0545669
-0.0554471
-0.0563196
-0.0571844
-0.0580412
-0.0588901
-0.0597309
-0.0434609
-0.0443711
-0.0452751
-0.0461727
-0.0470638
-0.0479481
-0.0488257
-0.0496962
-0.0505597
-0.0514159
-0.0522647
-0.0531061
-0.0539398
-0.0547659
-0.0555841
-0.0563945
-0.0571968
-0.0416551
-0.0425283
-0.0433953
-0.044256
-0.0451103
-0.0459579
-0.0467988
-0.0476328
-0.0484598
-0.0492796
-0.0500921
-0.0508972
-0.0516948
-0.0524847
-0.0532669
-0.0540413
-0.0548077
-0.0399532
-0.0407919
-0.0416245
-0.0424508
-0.0432708
-0.0440843
-0.044891
-0.045691
-0.046484
-0.0472699
-0.0480486
-0.04882
-0.0495839
-0.0503402
-0.0510889
-0.0518298
-0.0525629
-0.0383558
-0.0391624
-0.039963
-0.0407575
-0.0415456
-0.0423273
-0.0431024
-0.0438707
-0.0446322
-0.0453867
-0.046134
-0.046874
-0.0476067
-0.0483319
-0.0490496
-0.0497595
-0.0504616
-0.0368634
-0.0376404
-0.0384114
-0.0391764
-0.0399351
-0.0406874
-0.0414332
-0.0421723
-0.0429047
-0.0436301
-0.0443484
-0.0450596
-0.0457634
-0.0464599
-0.0471488
-0.0478301
-0.0485037
-0.0491695
-0.0354773
-0.036227
-0.0369708
-0.0377085
-0.0384402
-0.0391654
-0.0398843
-0.0405965
-0.041302
-0.0420007
-0.0426924
-0.0433769
-0.0440543
-0.0447243
-0.0453869
-0.046042
-0.0466894
-0.0473291
-0.0341987
-0.0349234
-0.0356422
-0.0363551
-0.0370619
-0.0377625
-0.0384567
-0.0391443
-0.0398253
-0.0404995
-0.0411668
-0.0418271
-0.0424802
-0.0431261
-0.0437647
-0.0443957
-0.0450193
-0.0456352
-0.0330296
-0.0337315
-0.0344277
-0.035118
-0.0358022
-0.0364803
-0.037152
-0.0378173
-0.038476
-0.039128
-0.0397732
-0.0404114
-0.0410426
-0.0416666
-0.0422834
-0.0428927
-0.0434947
-0.044089
-0.0319721
-0.0326535
-0.0333292
-0.033999
-0.0346629
-0.0353207
-0.0359722
-0.0366173
-0.037256
-0.037888
-0.0385133
-0.0391317
-0.0397431
-0.0403475
-0.0409447
-0.0415346
-0.0421171
-0.0426922
-0.031029
-0.0316921
-0.0323495
-0.0330012
-0.033647
-0.0342867
-0.0349202
-0.0355474
-0.0361682
-0.0367825
-0.03739
-0.0379908
-0.0385847
-0.0391717
-0.0397515
-0.0403241
-0.0408895
-0.0414475
-0.0302029
-0.03085
-0.0314915
-0.0321272
-0.0327571
-0.0333809
-0.0339987
-0.0346102
-0.0352154
-0.035814
-0.0364061
-0.0369915
-0.0375701
-0.0381418
-0.0387065
-0.0392641
-0.0398145
-0.0403577
-0.0294999
-0.0301331
-0.0307607
-0.0313827
-0.0319989
-0.0326091
-0.0332132
-0.0338112
-0.0344029
-0.0349882
-0.0355669
-0.0361391
-0.0367046
-0.0372632
-0.0378149
-0.0383596
-0.0388973
-0.0394278
-0.0289217
-0.0295433
-0.0301594
-0.0307699
-0.0313746
-0.0319735
-0.0325663
-0.0331531
-0.0337337
-0.0343079
-0.0348757
-0.035437
-0.0359917
-0.0365397
-0.0370808
-0.0376151
-0.0381423
-0.0386626
-0.0284803
-0.0290924
-0.029699
-0.0303
-0.0308953
-0.0314847
-0.0320683
-0.0326458
-0.0332172
-0.0337824
-0.0343412
-0.0348936
-0.0354395
-0.0359787
-0.0365113
-0.037037
-0.0375559
-0.0380679
-0.0281718
-0.0287773
-0.0293773
-0.0299719
-0.0305608
-0.0311439
-0.0317212
-0.0322925
-0.0328578
-0.0334169
-0.0339698
-0.0345163
-0.0350564
-0.0355899
-0.0361168
-0.0366371
-0.0371505
-0.0376572
-0.0280198
-0.0286197
-0.0292142
-0.0298032
-0.0303867
-0.0309645
-0.0315365
-0.0321027
-0.0326629
-0.0332171
-0.0337651
-0.0343069
-0.0348425
-0.0353716
-0.0358943
-0.0364105
-0.0369201
-0.0374229
-0.0190412
-0.0294673
-0.0397821
-0.0499758
-0.0600398
-0.0699661
-0.0797474
-0.089377
-0.0988486
-0.108157
-0.117296
-0.126262
-0.135051
-0.143659
-0.152081
-0.160309
-0.16832
-0.176283
-0.18401
-0.191496
-0.198781
-0.205884
-0.212803
-0.219535
-0.226083
-0.232449
-0.238636
-0.244648
-0.250488
-0.0208136
-0.0306798
-0.0404359
-0.0500746
-0.059589
-0.0689732
-0.0782215
-0.0873284
-0.0962893
-0.1051
-0.113756
-0.122255
-0.130594
-0.138773
-0.146794
-0.154661
-0.162389
-0.169778
-0.17713
-0.184307
-0.19129
-0.198103
-0.204751
-0.211234
-0.217551
-0.223705
-0.229698
-0.235535
-0.241217
-0.0228687
-0.0321875
-0.0413996
-0.0504989
-0.0594799
-0.0683379
-0.0770682
-0.0856668
-0.0941299
-0.102454
-0.110637
-0.118676
-0.126568
-0.134314
-0.14191
-0.149349
-0.15662
-0.163668
-0.170715
-0.177576
-0.184249
-0.190767
-0.197137
-0.20336
-0.209435
-0.215366
-0.221153
-0.226801
-0.232313
-0.0245356
-0.0333426
-0.0420469
-0.0506434
-0.0591279
-0.0674965
-0.0757458
-0.0838725
-0.0918739
-0.0997474
-0.107491
-0.115102
-0.12258
-0.129923
-0.137127
-0.14419
-0.151105
-0.15786
-0.164533
-0.171076
-0.177463
-0.183704
-0.189811
-0.195787
-0.201632
-0.207348
-0.212937
-0.218402
-0.223746
-0.0260175
-0.0343378
-0.0425598
-0.0506798
-0.0586944
-0.0666006
-0.0743959
-0.0820778
-0.0896441
-0.0970931
-0.104423
-0.111632
-0.11872
-0.125685
-0.132526
-0.139246
-0.145848
-0.152341
-0.15861
-0.164841
-0.170957
-0.176936
-0.182792
-0.188531
-0.194153
-0.19966
-0.205055
-0.210339
-0.215515
-0.027318
-0.0351776
-0.0429438
-0.0506142
-0.058186
-0.065657
-0.0730252
-0.0802888
-0.0874462
-0.0944959
-0.101437
-0.108268
-0.114988
-0.121596
-0.128092
-0.134475
-0.140741
-0.146891
-0.152903
-0.158893
-0.164744
-0.170459
-0.176067
-0.181576
-0.186982
-0.192285
-0.197488
-0.202593
-0.207603
-0.0284449
-0.0358687
-0.0432043
-0.0504504
-0.0576048
-0.0646658
-0.0716319
-0.0785018
-0.0852743
-0.0919485
-0.0985234
-0.104998
-0.111373
-0.117646
-0.123816
-0.129882
-0.135834
-0.14166
-0.147325
-0.153145
-0.158766
-0.164236
-0.169609
-0.174896
-0.180093
-0.185198
-0.190214
-0.195143
-0.199987
-0.0294118
-0.0364235
-0.0433526
-0.0501984
-0.0569593
-0.0636339
-0.0702213
-0.0767205
-0.0831307
-0.0894512
-0.0956816
-0.101821
-0.10787
-0.113828
-0.119696
-0.125475
-0.131171
-0.136797
-0.142379
-0.147665
-0.15298
-0.158238
-0.163402
-0.168477
-0.173471
-0.178383
-0.183216
-0.187972
-0.192652
-0.0302302
-0.0368525
-0.043398
-0.0498661
-0.056256
-0.0625667
-0.0687973
-0.0749474
-0.0810163
-0.0870037
-0.0929093
-0.0987329
-0.104475
-0.110135
-0.115713
-0.121212
-0.126631
-0.131968
-0.137216
-0.142336
-0.147437
-0.152478
-0.157432
-0.162303
-0.1671
-0.171825
-0.176479
-0.181064
-0.185581
-0.0309107
-0.0371652
-0.0433486
-0.0494608
-0.0555011
-0.0614687
-0.0673633
-0.0731844
-0.0789317
-0.0846051
-0.0902043
-0.0957294
-0.10118
-0.106558
-0.111861
-0.11709
-0.122244
-0.127322
-0.132325
-0.137246
-0.142145
-0.146963
-0.1517
-0.156367
-0.160971
-0.165512
-0.16999
-0.174406
-0.178763
-0.0314629
-0.0373704
-0.0432124
-0.0489889
-0.0546996
-0.060344
-0.0659219
-0.0714329
-0.0768771
-0.0822542
-0.0875643
-0.0928075
-0.0979839
-0.103094
-0.108137
-0.113112
-0.11802
-0.122857
-0.127616
-0.132282
-0.137017
-0.141639
-0.146172
-0.150646
-0.155064
-0.159427
-0.163733
-0.167985
-0.172184
-0.031896
-0.0374761
-0.0429961
-0.0484562
-0.0538563
-0.0591961
-0.0644754
-0.0696942
-0.0748523
-0.07995
-0.0849872
-0.0899641
-0.094881
-0.0997381
-0.104536
-0.109275
-0.113957
-0.118585
-0.123166
-0.12771
-0.132098
-0.136486
-0.140837
-0.145131
-0.14937
-0.153559
-0.157699
-0.161789
-0.165833
-0.0322183
-0.0374896
-0.0427061
-0.047868
-0.0529753
-0.058028
-0.0630258
-0.0679688
-0.0728572
-0.077691
-0.0824703
-0.0871955
-0.0918667
-0.0964845
-0.101049
-0.105562
-0.110023
-0.114433
-0.118791
-0.123096
-0.127318
-0.131524
-0.135693
-0.139812
-0.143879
-0.147899
-0.151875
-0.155808
-0.159699
-0.0324378
-0.0374179
-0.0423483
-0.047229
-0.0520604
-0.0568423
-0.0615746
-0.0662576
-0.0708912
-0.0754757
-0.0800112
-0.0844981
-0.0889365
-0.0933268
-0.0976695
-0.101965
-0.106213
-0.110415
-0.11457
-0.118677
-0.12273
-0.126758
-0.130744
-0.134685
-0.138582
-0.142438
-0.146255
-0.150033
-0.153773
-0.0325615
-0.0372673
-0.0419279
-0.0465437
-0.0511149
-0.0556414
-0.0601233
-0.0645607
-0.0689538
-0.0733026
-0.0776075
-0.0818687
-0.0860864
-0.0902609
-0.0943923
-0.098481
-0.102527
-0.106531
-0.110492
-0.114414
-0.118296
-0.122162
-0.125974
-0.12974
-0.133469
-0.137164
-0.140826
-0.144453
-0.148046
-0.0325962
-0.0370434
-0.0414499
-0.0458159
-0.0501418
-0.0544274
-0.058673
-0.0628786
-0.0670443
-0.0711705
-0.0752572
-0.0793047
-0.0833132
-0.0872831
-0.0912144
-0.0951073
-0.0989616
-0.102776
-0.106549
-0.110274
-0.113945
-0.11769
-0.121353
-0.124956
-0.128525
-0.132067
-0.135578
-0.139059
-0.142509
-0.0325483
-0.0367519
-0.0409188
-0.0450493
-0.0491438
-0.0532023
-0.0572247
-0.0612113
-0.0651623
-0.0690778
-0.072958
-0.0768032
-0.0806136
-0.0843895
-0.0881313
-0.0918395
-0.095515
-0.0991593
-0.102776
-0.10637
-0.10995
-0.113396
-0.116863
-0.12032
-0.123746
-0.12714
-0.130506
-0.133843
-0.137154
-0.0324236
-0.0363976
-0.0403387
-0.0442473
-0.0481235
-0.0519675
-0.0557793
-0.0595591
-0.063307
-0.0670231
-0.0707078
-0.0743611
-0.0779834
-0.081575
-0.0851361
-0.0886673
-0.0921689
-0.0956414
-0.0990849
-0.102498
-0.105877
-0.10921
-0.112536
-0.115845
-0.119126
-0.122377
-0.125601
-0.128799
-0.131974
-0.0322276
-0.0359852
-0.0397135
-0.0434128
-0.0470832
-0.0507248
-0.0543376
-0.0579219
-0.0614777
-0.0650051
-0.0685044
-0.0719758
-0.0754194
-0.0788354
-0.0822242
-0.0855859
-0.0889207
-0.0922288
-0.0955101
-0.0987644
-0.101992
-0.105189
-0.10837
-0.11153
-0.114664
-0.117774
-0.12086
-0.123923
-0.126964
-0.0319654
-0.0355192
-0.039047
-0.0425488
-0.046025
-0.0494755
-0.0529004
-0.0562998
-0.0596738
-0.0630225
-0.0663462
-0.0696448
-0.0729187
-0.0761678
-0.0793926
-0.082593
-0.0857692
-0.0889215
-0.09205
-0.0951549
-0.0982363
-0.101292
-0.104333
-0.107351
-0.110346
-0.113319
-0.116272
-0.119204
-0.122117
-0.0316418
-0.0350037
-0.0383423
-0.041658
-0.0449508
-0.0482209
-0.0514682
-0.0546928
-0.0578948
-0.0610743
-0.0642314
-0.0673662
-0.0704788
-0.0735694
-0.0766381
-0.0796849
-0.0827101
-0.0857138
-0.0886959
-0.0916568
-0.0945966
-0.0975146
-0.100425
-0.103308
-0.106169
-0.10901
-0.111833
-0.114639
-0.117426
-0.0312615
-0.0344424
-0.0376028
-0.0407429
-0.0438628
-0.0469624
-0.0500418
-0.0531011
-0.0561404
-0.0591595
-0.0621588
-0.0651381
-0.0680977
-0.0710376
-0.0739579
-0.0768587
-0.0797401
-0.0826021
-0.0854446
-0.0882674
-0.09107
-0.0938521
-0.0966338
-0.09939
-0.102123
-0.104838
-0.107537
-0.11022
-0.112886
-0.0308287
-0.0338392
-0.0368316
-0.039806
-0.0427625
-0.0457012
-0.048622
-0.051525
-0.0544101
-0.0572774
-0.060127
-0.0629589
-0.0657732
-0.0685699
-0.0713492
-0.0741111
-0.0768558
-0.0795837
-0.082295
-0.0849905
-0.0876711
-0.0903372
-0.0929634
-0.0955861
-0.0981994
-0.100797
-0.103377
-0.105942
-0.108492
-0.0303476
-0.0331974
-0.0360314
-0.0388496
-0.041652
-0.0444387
-0.0472095
-0.0499646
-0.0527038
-0.0554273
-0.058135
-0.0608269
-0.0635031
-0.0661637
-0.0688086
-0.071438
-0.0740519
-0.0766504
-0.0792336
-0.0818015
-0.0843535
-0.0868892
-0.0894045
-0.0919111
-0.0944068
-0.0968877
-0.0993532
-0.101804
-0.104241
-0.029822
-0.0325206
-0.0352052
-0.0378759
-0.0405329
-0.043176
-0.0458051
-0.0484202
-0.0510214
-0.0536085
-0.0561817
-0.0587407
-0.0612858
-0.0638169
-0.0663339
-0.0688369
-0.071326
-0.0738011
-0.0762622
-0.0787094
-0.0811426
-0.0835618
-0.0859655
-0.0883585
-0.0907393
-0.0931066
-0.0954601
-0.0978005
-0.100128
-0.0292558
-0.0318118
-0.0343556
-0.0368873
-0.0394069
-0.0419144
-0.0444095
-0.0468923
-0.0493627
-0.0518207
-0.0542663
-0.0566993
-0.0591198
-0.0615278
-0.0639232
-0.066306
-0.0686762
-0.0710338
-0.0733788
-0.0757111
-0.0780309
-0.080338
-0.0826317
-0.084915
-0.0871863
-0.0894452
-0.0916916
-0.093926
-0.0961485
-0.0286525
-0.0310742
-0.0334854
-0.0358859
-0.0382759
-0.0406552
-0.0430237
-0.0453813
-0.047728
-0.0500637
-0.0523883
-0.0547018
-0.0570041
-0.0592951
-0.0615748
-0.0638432
-0.0661002
-0.0683459
-0.0705801
-0.0728028
-0.0750141
-0.0772138
-0.0794015
-0.0815802
-0.0837469
-0.0859017
-0.0880453
-0.0901778
-0.0922993
-0.0280158
-0.030311
-0.032597
-0.0348739
-0.0371416
-0.0393999
-0.0416487
-0.0438879
-0.0461175
-0.0483374
-0.0505474
-0.0527474
-0.0549375
-0.0571174
-0.0592872
-0.0614468
-0.063596
-0.0657349
-0.0678635
-0.0699815
-0.0720892
-0.0741865
-0.0762731
-0.0783534
-0.0804202
-0.0824746
-0.0845187
-0.086553
-0.0885773
-0.0273489
-0.029525
-0.0316932
-0.0338534
-0.0360057
-0.0381497
-0.0402855
-0.0424128
-0.0445316
-0.0466418
-0.0487432
-0.0508357
-0.0529193
-0.0549938
-0.0570592
-0.0591153
-0.061162
-0.0631993
-0.0652269
-0.0672449
-0.0692527
-0.0712504
-0.0732381
-0.0752256
-0.0771985
-0.0791577
-0.0811069
-0.0830472
-0.0849782
-0.0266554
-0.0287193
-0.0307764
-0.0328267
-0.03487
-0.0369062
-0.0389352
-0.0409568
-0.0429708
-0.0449771
-0.0469757
-0.0489664
-0.050949
-0.0529235
-0.0548898
-0.0568477
-0.0587972
-0.0607383
-0.0626709
-0.064595
-0.0665109
-0.0684187
-0.0703179
-0.0721963
-0.0740721
-0.0759429
-0.0778049
-0.0796568
-0.0814992
-0.0259384
-0.0278967
-0.0298492
-0.0317959
-0.0337365
-0.035671
-0.0375991
-0.0395207
-0.0414356
-0.0433438
-0.045245
-0.0471391
-0.049026
-0.0509056
-0.0527777
-0.0546423
-0.0564991
-0.058348
-0.0601891
-0.0620219
-0.0638465
-0.0656625
-0.0674696
-0.069266
-0.0710567
-0.0728408
-0.0746162
-0.0763823
-0.0781393
-0.0233375
-0.0252012
-0.0270601
-0.0289142
-0.0307632
-0.032607
-0.0344454
-0.0362783
-0.0381055
-0.0399268
-0.0417421
-0.0435512
-0.0453539
-0.0471501
-0.0489397
-0.0507225
-0.0524983
-0.054267
-0.0560286
-0.0577828
-0.0595294
-0.0612685
-0.0629998
-0.0647233
-0.066438
-0.0681457
-0.0698459
-0.071538
-0.0732216
-0.0748968
-0.0226774
-0.0244469
-0.0262124
-0.0279738
-0.0297308
-0.0314834
-0.0332313
-0.0349744
-0.0367124
-0.0384452
-0.0401727
-0.0418946
-0.0436109
-0.0453212
-0.0470255
-0.0487236
-0.0504154
-0.0521006
-0.0537792
-0.055451
-0.0571158
-0.0587736
-0.0604241
-0.0620672
-0.0637025
-0.0653307
-0.0669516
-0.0685648
-0.0701701
-0.0717674
-0.0219978
-0.0236788
-0.0253564
-0.0270306
-0.028701
-0.0303677
-0.0320302
-0.0336886
-0.0353425
-0.0369918
-0.0386364
-0.0402759
-0.0419103
-0.0435394
-0.045163
-0.0467809
-0.048393
-0.049999
-0.0515989
-0.0531925
-0.0547795
-0.05636
-0.0579337
-0.0595004
-0.0610599
-0.0626126
-0.0641582
-0.0656964
-0.067227
-0.0687501
-0.021302
-0.0228998
-0.0244949
-0.0260871
-0.0276761
-0.0292618
-0.030844
-0.0324225
-0.0339972
-0.0355677
-0.0371339
-0.0386957
-0.0402528
-0.041805
-0.0433522
-0.0448942
-0.0464308
-0.0479618
-0.0494871
-0.0510065
-0.0525198
-0.0540269
-0.0555276
-0.0570217
-0.0585091
-0.05999
-0.061464
-0.0629309
-0.0643905
-0.0658429
-0.0205934
-0.0221132
-0.0236308
-0.0251458
-0.0266583
-0.0281679
-0.0296745
-0.0311778
-0.0326777
-0.0341739
-0.0356663
-0.0371546
-0.0386387
-0.0401183
-0.0415934
-0.0430636
-0.0445287
-0.0459887
-0.0474434
-0.0488925
-0.0503359
-0.0517733
-0.0532048
-0.05463
-0.0560489
-0.0574616
-0.0588677
-0.0602668
-0.0616589
-0.063044
-0.0198754
-0.021322
-0.0227667
-0.0242095
-0.0256499
-0.027088
-0.0285234
-0.029956
-0.0313855
-0.0328117
-0.0342345
-0.0356536
-0.0370688
-0.0384799
-0.0398868
-0.0412891
-0.0426868
-0.0440797
-0.0454674
-0.0468499
-0.048227
-0.0495985
-0.0509643
-0.0523242
-0.053678
-0.0550267
-0.0563684
-0.0577031
-0.059031
-0.0603522
-0.0191511
-0.0205291
-0.0219056
-0.0232805
-0.0246534
-0.0260243
-0.0273928
-0.0287588
-0.0301221
-0.0314825
-0.0328397
-0.0341936
-0.0355439
-0.0368904
-0.038233
-0.0395713
-0.0409053
-0.0422347
-0.0435593
-0.0448788
-0.0461931
-0.0475019
-0.0488047
-0.0501014
-0.0513914
-0.0526824
-0.0539642
-0.055238
-0.0565052
-0.0577659
-0.0184239
-0.0197377
-0.0210503
-0.0223614
-0.023671
-0.0249788
-0.0262846
-0.0275881
-0.0288892
-0.0301876
-0.0314832
-0.0327757
-0.0340649
-0.0353506
-0.0366326
-0.0379107
-0.0391847
-0.0404545
-0.0417198
-0.0429804
-0.0442364
-0.0454874
-0.0467336
-0.0479749
-0.0492113
-0.0504354
-0.0516561
-0.0528721
-0.0540818
-0.055285
-0.017697
-0.0189507
-0.0202034
-0.0214549
-0.0227051
-0.0239538
-0.0252007
-0.0264456
-0.0276882
-0.0289285
-0.0301661
-0.0314009
-0.0326326
-0.0338611
-0.035086
-0.0363074
-0.0375248
-0.0387381
-0.0399472
-0.0411518
-0.0423517
-0.0435467
-0.0447366
-0.0459212
-0.0471001
-0.0482721
-0.0494392
-0.050601
-0.0517567
-0.052906
-0.0169735
-0.018171
-0.0193678
-0.0205636
-0.0217582
-0.0229515
-0.0241432
-0.0253331
-0.026521
-0.0277066
-0.0288899
-0.0300705
-0.0312482
-0.0324228
-0.0335941
-0.0347619
-0.0359261
-0.0370863
-0.0382424
-0.0393941
-0.0405413
-0.0416838
-0.0428214
-0.0439538
-0.0450808
-0.0462021
-0.0473179
-0.0484282
-0.0495326
-0.0506307
-0.0162566
-0.0174017
-0.0185462
-0.0196899
-0.0208326
-0.0219741
-0.0231141
-0.0242526
-0.0253892
-0.0265237
-0.027656
-0.0287857
-0.0299127
-0.0310368
-0.0321578
-0.0332755
-0.0343895
-0.0354998
-0.0366062
-0.0377083
-0.0388061
-0.0398993
-0.0409877
-0.0420712
-0.0431495
-0.0442222
-0.0452896
-0.0463514
-0.0474074
-0.0484572
-0.0155494
-0.0166456
-0.0177414
-0.0188365
-0.0199307
-0.0210239
-0.0221157
-0.0232061
-0.0242947
-0.0253814
-0.0264659
-0.0275481
-0.0286277
-0.0297045
-0.0307782
-0.0318488
-0.0329159
-0.0339794
-0.0350391
-0.0360947
-0.0371461
-0.038193
-0.0392353
-0.0402727
-0.0413051
-0.0423321
-0.0433539
-0.0443701
-0.0453806
-0.0463852
-0.0148549
-0.0159057
-0.0169562
-0.018006
-0.0190551
-0.0201032
-0.0211501
-0.0221956
-0.0232394
-0.0242814
-0.0253214
-0.0263591
-0.0273943
-0.0284269
-0.0294565
-0.030483
-0.0315063
-0.0325259
-0.0335419
-0.0345539
-0.0355618
-0.0365653
-0.0375643
-0.0385586
-0.0395479
-0.0405321
-0.041511
-0.0424845
-0.0434524
-0.0444144
-0.0141764
-0.015185
-0.0161933
-0.0172011
-0.0182082
-0.0192144
-0.0202195
-0.0212232
-0.0222253
-0.0232257
-0.0242242
-0.0252204
-0.0262143
-0.0272055
-0.0281939
-0.0291793
-0.0301615
-0.0311402
-0.0321153
-0.0330866
-0.0340538
-0.0350167
-0.0359753
-0.0369291
-0.0378782
-0.0388222
-0.039761
-0.0406945
-0.0416224
-0.0425446
-0.0135168
-0.0144864
-0.0154557
-0.0164245
-0.0173927
-0.01836
-0.0193262
-0.0202911
-0.0212545
-0.0222162
-0.023176
-0.0241337
-0.025089
-0.0260418
-0.0269919
-0.027939
-0.0288829
-0.0298235
-0.0307605
-0.0316937
-0.032623
-0.0335481
-0.0344688
-0.035385
-0.0362964
-0.0372029
-0.0381042
-0.0390003
-0.039891
-0.040776
-0.0128792
-0.0138127
-0.014746
-0.0156788
-0.016611
-0.0175423
-0.0184725
-0.0194015
-0.0203291
-0.0212549
-0.0221789
-0.0231008
-0.0240204
-0.0249375
-0.0258519
-0.0267634
-0.0276718
-0.0285769
-0.0294785
-0.0303763
-0.0312703
-0.0321601
-0.0330457
-0.0339268
-0.0348032
-0.0356747
-0.0365412
-0.0374025
-0.0382584
-0.0391087
-0.0122668
-0.0131671
-0.0140672
-0.0149668
-0.0158658
-0.0167639
-0.017661
-0.0185568
-0.0194512
-0.0203439
-0.0212348
-0.0221236
-0.0230102
-0.0238942
-0.0247756
-0.0256542
-0.0265297
-0.0274019
-0.0282706
-0.0291357
-0.0299969
-0.0308541
-0.031707
-0.0325555
-0.0333994
-0.0342385
-0.0350726
-0.0359016
-0.0367252
-0.0375433
-0.0116825
-0.0125525
-0.0134221
-0.0142913
-0.0151598
-0.0160275
-0.0168941
-0.0177594
-0.0186233
-0.0194856
-0.020346
-0.0212043
-0.0220604
-0.022914
-0.023765
-0.0246131
-0.0254582
-0.0263001
-0.0271385
-0.0279733
-0.0288043
-0.0296313
-0.030454
-0.0312724
-0.0320863
-0.0328953
-0.0336995
-0.0344986
-0.0352924
-0.0360807
-0.0111296
-0.0119718
-0.0128138
-0.0136552
-0.0144959
-0.0153357
-0.0161745
-0.0170119
-0.0178479
-0.0186822
-0.0195147
-0.0203451
-0.0211732
-0.0219989
-0.0228219
-0.0236422
-0.0244594
-0.0252733
-0.0260839
-0.0268908
-0.027694
-0.0284932
-0.0292882
-0.0300789
-0.0308651
-0.0316465
-0.0324231
-0.0331947
-0.033961
-0.0347219
-0.0106111
-0.0114283
-0.0122452
-0.0130614
-0.0138769
-0.0146914
-0.0155048
-0.0163169
-0.0171275
-0.0179364
-0.0187434
-0.0195483
-0.020351
-0.0211512
-0.0219488
-0.0227435
-0.0235352
-0.0243237
-0.0251088
-0.0258903
-0.026668
-0.0274418
-0.0282114
-0.0289767
-0.0297375
-0.0304937
-0.0312451
-0.0319914
-0.0327326
-0.0334684
-0.0101305
-0.0109252
-0.0117194
-0.012513
-0.0133058
-0.0140975
-0.0148881
-0.0156773
-0.016465
-0.0172509
-0.0180349
-0.0188168
-0.0195964
-0.0203736
-0.021148
-0.0219196
-0.0226882
-0.0234536
-0.0242155
-0.0249739
-0.0257285
-0.0264792
-0.0272257
-0.027968
-0.0287058
-0.029439
-0.0301674
-0.0308908
-0.0316091
-0.032322
-0.00969092
-0.0104656
-0.0112398
-0.0120132
-0.0127858
-0.0135572
-0.0143274
-0.0150962
-0.0158633
-0.0166287
-0.0173921
-0.0181533
-0.0189122
-0.0196686
-0.0204223
-0.0211732
-0.021921
-0.0226655
-0.0234067
-0.0241442
-0.024878
-0.0256079
-0.0263337
-0.0270552
-0.0277722
-0.0284847
-0.0291925
-0.0298952
-0.0305928
-0.0312851
-0.00929596
-0.0100532
-0.0108098
-0.0115655
-0.0123203
-0.0130739
-0.0138261
-0.0145769
-0.0153259
-0.0160731
-0.0168183
-0.0175613
-0.0183018
-0.0190398
-0.0197751
-0.0205075
-0.0212368
-0.0219628
-0.0226854
-0.0234044
-0.0241197
-0.024831
-0.0255382
-0.0262412
-0.0269398
-0.0276338
-0.0283234
-0.0290077
-0.0296867
-0.0303605
-0.00894901
-0.00969125
-0.0104327
-0.0111732
-0.0119127
-0.0126508
-0.0133875
-0.0141226
-0.0148559
-0.0155873
-0.0163166
-0.0170436
-0.0177682
-0.0184901
-0.0192093
-0.0199255
-0.0206386
-0.0213484
-0.0220547
-0.0227574
-0.0234564
-0.0241514
-0.0248423
-0.025529
-0.0262112
-0.0268887
-0.0275612
-0.0282292
-0.0288923
-0.0295503
-0.00865443
-0.00938423
-0.0101131
-0.0108409
-0.0115675
-0.0122927
-0.0130164
-0.0137383
-0.0144583
-0.0151764
-0.0158922
-0.0166056
-0.0173166
-0.0180248
-0.0187302
-0.0194326
-0.0201318
-0.0208276
-0.02152
-0.0222087
-0.0228936
-0.0235746
-0.0242514
-0.0249239
-0.025592
-0.0262555
-0.0269142
-0.0275682
-0.0282173
-0.0288612
-0.00841475
-0.00913456
-0.0098533
-0.0105708
-0.011287
-0.0120016
-0.0127145
-0.0134256
-0.0141347
-0.0148417
-0.0155464
-0.0162486
-0.0169482
-0.017645
-0.0183389
-0.0190298
-0.0197174
-0.0204016
-0.0210823
-0.0217593
-0.0224325
-0.0231017
-0.0237668
-0.0244276
-0.025084
-0.0257358
-0.0263829
-0.0270252
-0.0276625
-0.0282948
-0.00823793
-0.00895064
-0.00966211
-0.0103722
-0.0110807
-0.0117876
-0.0124926
-0.0131956
-0.0138965
-0.0145951
-0.0152913
-0.0159849
-0.0166758
-0.0173637
-0.0180487
-0.0187305
-0.019409
-0.020084
-0.0207554
-0.0214231
-0.0220869
-0.0227466
-0.0234022
-0.0240534
-0.0247002
-0.0253425
-0.02598
-0.0266126
-0.0272403
-0.0278629
-0.00811908
-0.00882682
-0.00953313
-0.0102379
-0.0109409
-0.0116421
-0.0123414
-0.0130385
-0.0137334
-0.0144259
-0.0151159
-0.0158031
-0.0164876
-0.0171692
-0.0178476
-0.0185228
-0.0191946
-0.019863
-0.0205277
-0.0211886
-0.0218456
-0.0224986
-0.0231473
-0.0237918
-0.0244318
-0.0250673
-0.0256981
-0.0263241
-0.0269451
-0.027561
-0.00808647
-0.00879347
-0.00949875
-0.0102022
-0.0109036
-0.0116029
-0.0122999
-0.0129946
-0.0136867
-0.0143762
-0.0150629
-0.0157467
-0.0164274
-0.017105
-0.0177793
-0.0184501
-0.0191175
-0.0197811
-0.0204409
-0.0210968
-0.0217487
-0.0223965
-0.0230399
-0.023679
-0.0243135
-0.0249434
-0.0255686
-0.0261889
-0.0268043
-0.0274146
0.00831208
0.00755542
0.00679876
0.00604223
0.00528597
0.0045301
0.00377475
0.00302004
0.0022661
0.00151306
0.000761046
1.01821e-05
-0.000739403
-0.00148758
-0.00223423
-0.00297922
-0.00372242
-0.00446372
-0.00520297
-0.00594006
-0.00667486
-0.00740725
-0.0081371
-0.00886428
-0.00958867
-0.0103102
-0.0110286
-0.0117438
-0.0124558
-0.0131644
-0.0138695
0.00832426
0.00756743
0.00681029
0.00605297
0.00529559
0.00453829
0.00378119
0.00302443
0.00226812
0.00151242
0.000757448
3.34351e-06
-0.000749757
-0.00150172
-0.0022524
-0.00300166
-0.00374937
-0.00449538
-0.00523956
-0.00598177
-0.00672186
-0.0074597
-0.00819515
-0.00892807
-0.00965832
-0.0103858
-0.0111103
-0.0118318
-0.01255
-0.0132648
-0.0139762
0.00829262
0.00753117
0.0067692
0.00600685
0.00524425
0.00448154
0.00371886
0.00295634
0.00219414
0.00143239
0.000671237
-8.91786e-05
-0.000848711
-0.00160721
-0.00236454
-0.00312055
-0.00387509
-0.00462802
-0.00537919
-0.00612846
-0.00687567
-0.00762068
-0.00836335
-0.00910353
-0.00984107
-0.0105758
-0.0113077
-0.0120364
-0.012762
-0.0134842
-0.0142029
0.00824227
0.00747416
0.00670531
0.00593588
0.005166
0.00439581
0.00362546
0.00285508
0.00208483
0.00131485
0.000545294
-0.000223696
-0.000991968
-0.00175937
-0.00252575
-0.00329095
-0.00405483
-0.00481723
-0.005578
-0.00633698
-0.00709401
-0.00784895
-0.00860165
-0.00935194
-0.0100997
-0.0108447
-0.0115869
-0.0123261
-0.0130621
-0.0137948
-0.014524
0.00816661
0.00738894
0.00661033
0.00583095
0.00505093
0.00427043
0.00348959
0.00270856
0.00192749
0.00114654
0.000365864
-0.000414386
-0.00119405
-0.00197298
-0.002751
-0.00352797
-0.00430372
-0.00507809
-0.00585092
-0.00662206
-0.00739133
-0.00815859
-0.00892367
-0.00968641
-0.0104467
-0.0112042
-0.011959
-0.0127108
-0.0134595
-0.0142049
-0.0149469
0.00807158
0.00728195
0.0064912
0.0056995
0.004907
0.00411384
0.00332019
0.00252619
0.001732
0.000937789
0.000143704
-0.000650092
-0.00144343
-0.00223616
-0.00302811
-0.00381912
-0.00460902
-0.00539765
-0.00618484
-0.00697043
-0.00775425
-0.00853614
-0.00931593
-0.0100934
-0.0108685
-0.011641
-0.0124108
-0.0131776
-0.0139414
-0.0147019
-0.015459
0.00795821
0.00715412
0.00634874
0.00554225
0.00473479
0.00392653
0.00311763
0.00230823
0.0014985
0.000688613
-0.00012128
-0.000931008
-0.00174041
-0.00254931
-0.00335754
-0.00416494
-0.00497134
-0.00577656
-0.00658044
-0.0073828
-0.00818348
-0.00898231
-0.00977911
-0.0105737
-0.011366
-0.0121557
-0.0129427
-0.0137268
-0.0145079
-0.0152859
-0.0160605
0.00700844
0.00618605
0.0053624
0.00453765
0.00371195
0.00288546
0.00205835
0.00123079
0.000402929
-0.000425052
-0.00125299
-0.00208071
-0.00290804
-0.00373481
-0.00456084
-0.00538597
-0.00621002
-0.00703282
-0.00785419
-0.00867395
-0.00949194
-0.010308
-0.0111219
-0.0119335
-0.0127427
-0.0135492
-0.0143529
-0.0151536
-0.0159512
-0.0167455
0.00684703
0.00600526
0.00516208
0.00431767
0.00347218
0.00262578
0.00177864
0.000930916
8.27888e-05
-0.000765574
-0.001614
-0.00246231
-0.00331034
-0.0041579
-0.00500483
-0.00585094
-0.00669606
-0.00754001
-0.00838262
-0.00922369
-0.0100631
-0.0109006
-0.011736
-0.0125692
-0.0134
-0.0142282
-0.0150537
-0.0158763
-0.0166958
-0.017512
0.00667225
0.00580872
0.00494367
0.00407725
0.00320965
0.00234102
0.00147154
0.000601372
-0.000269307
-0.00114032
-0.0020115
-0.00288266
-0.00375363
-0.00462422
-0.00549427
-0.00636358
-0.00723199
-0.0080993
-0.00896535
-0.00982994
-0.0106929
-0.0115541
-0.0124132
-0.0132702
-0.0141249
-0.014977
-0.0158264
-0.016673
-0.0175166
-0.018357
0.00648628
0.00559861
0.00470931
0.00381854
0.00292648
0.00203329
0.00113916
0.000244238
-0.000651285
-0.00154724
-0.00244344
-0.00333971
-0.00423587
-0.00513174
-0.00602714
-0.00692189
-0.0078158
-0.00870869
-0.00960038
-0.0104907
-0.0113794
-0.0122664
-0.0131515
-0.0140345
-0.0149152
-0.0157934
-0.016669
-0.0175418
-0.0184116
-0.0192783
0.00629127
0.00537705
0.00446111
0.00354361
0.00262473
0.00170464
0.000783516
-0.000138475
-0.00106115
-0.00198433
-0.00290784
-0.0038315
-0.00475512
-0.00567852
-0.00660152
-0.00752394
-0.00844559
-0.00936628
-0.0102858
-0.0112041
-0.0121208
-0.0130359
-0.0139491
-0.0148602
-0.0157691
-0.0166756
-0.0175795
-0.0184807
-0.019379
-0.0202742
0.0060893
0.00514609
0.00420107
0.00325443
0.00230634
0.00135696
0.000406481
-0.000544934
-0.0014971
-0.00244984
-0.00340297
-0.00435631
-0.00530968
-0.00626289
-0.00721576
-0.00816811
-0.00911974
-0.0100705
-0.0110202
-0.0119686
-0.0129155
-0.0138609
-0.0148044
-0.0157459
-0.0166852
-0.0176221
-0.0185565
-0.0194883
-0.0204172
-0.0213431
0.00588239
0.00490769
0.00393112
0.00295288
0.00197313
0.00099204
9.79238e-06
-0.000973438
-0.00195747
-0.00294213
-0.00392722
-0.00491258
-0.00589801
-0.00688334
-0.00786837
-0.00885294
-0.00983685
-0.0108199
-0.011802
-0.0127828
-0.0137623
-0.0147401
-0.0157162
-0.0166903
-0.0176622
-0.0186312
-0.0195982
-0.0205629
-0.0215248
-0.0224837
0.00567249
0.00466374
0.00365308
0.00264071
0.0016268
0.000611527
-0.000404944
-0.00142243
-0.00244075
-0.00345972
-0.00447916
-0.0054989
-0.00651874
-0.00753851
-0.00855804
-0.00957713
-0.0105956
-0.0116133
-0.0126301
-0.0136458
-0.0146602
-0.0156733
-0.016685
-0.0176952
-0.0187038
-0.0197045
-0.0207053
-0.0217048
-0.0227017
-0.0236956
0.00546151
0.00441606
0.0033687
0.00231961
0.00126897
0.000216953
-0.000836266
-0.00189051
-0.00294559
-0.00400134
-0.00505756
-0.00611407
-0.00717069
-0.00822724
-0.00928353
-0.0103394
-0.0113946
-0.0124489
-0.0135022
-0.0145543
-0.0156049
-0.0166538
-0.0177007
-0.0187454
-0.0197875
-0.0208329
-0.0218737
-0.0229107
-0.0239449
-0.0249764
0.00525129
0.00416641
0.00307962
0.00199113
0.000901108
-0.000190281
-0.00128286
-0.00237645
-0.00347087
-0.00456593
-0.00566146
-0.00675728
-0.0078532
-0.00894904
-0.0100446
-0.0111398
-0.0122343
-0.013328
-0.0144207
-0.0155123
-0.0166025
-0.0176912
-0.0187783
-0.0198636
-0.020947
-0.0220289
-0.023108
-0.0241842
-0.0252578
-0.0263287
0.00504362
0.00391648
0.00278747
0.0016568
0.000524639
-0.000608844
-0.00174348
-0.00287908
-0.00401548
-0.00515248
-0.00628992
-0.00742762
-0.00856538
-0.00970305
-0.0108404
-0.0119773
-0.0131136
-0.0142491
-0.0153836
-0.0165169
-0.0176489
-0.0187794
-0.0199082
-0.0210352
-0.0221601
-0.0232832
-0.0244038
-0.0255219
-0.0266374
-0.0277501
0.00484029
0.00366792
0.00249378
0.00131804
0.000140899
-0.0010375
-0.00221697
-0.00339734
-0.00457844
-0.00576008
-0.0069421
-0.0081243
-0.00930653
-0.0104886
-0.0116703
-0.0128515
-0.0140321
-0.0152118
-0.0163904
-0.0175679
-0.018744
-0.0199186
-0.0210915
-0.0222625
-0.0234315
-0.0245985
-0.0257632
-0.0269253
-0.0280849
-0.0292417
0.004643
0.00342235
0.00220002
0.000976228
-0.000248865
-0.0014751
-0.0027023
-0.0039303
-0.00515893
-0.006388
-0.00761734
-0.00884679
-0.0100762
-0.0113053
-0.012534
-0.0137621
-0.0149895
-0.016216
-0.0174413
-0.0186654
-0.0198881
-0.0211093
-0.0223287
-0.0235461
-0.0247615
-0.0259749
-0.0271859
-0.0283945
-0.0296004
-0.0308037
0.00445346
0.0031813
0.00190762
0.000632635
-0.000643496
-0.00192062
-0.00319856
-0.00447716
-0.00575623
-0.00703562
-0.00831515
-0.00959465
-0.010874
-0.0121529
-0.0134313
-0.014709
-0.0159859
-0.0172617
-0.0185364
-0.0198097
-0.0210815
-0.0223517
-0.0236201
-0.0248865
-0.0261506
-0.0274127
-0.0286725
-0.0299299
-0.0311846
-0.0324366
0.00427332
0.00294628
0.00161793
0.000288478
-0.00104192
-0.0023731
-0.00370492
-0.0050372
-0.00636978
-0.00770249
-0.00903516
-0.0103676
-0.0116998
-0.0130314
-0.0143623
-0.0156924
-0.0170214
-0.0183494
-0.019676
-0.0210011
-0.0223247
-0.0236465
-0.0249664
-0.0262842
-0.0275994
-0.0289127
-0.0302238
-0.0315323
-0.0328382
-0.0341413
0.00410421
0.00271875
0.00133225
-5.50968e-05
-0.00144313
-0.00283171
-0.00422067
-0.00560986
-0.00699912
-0.00838827
-0.00977717
-0.0111657
-0.0125536
-0.0139408
-0.0153271
-0.0167124
-0.0180965
-0.0194793
-0.0208607
-0.0222404
-0.0236184
-0.0249945
-0.0263685
-0.0277402
-0.0291088
-0.0304757
-0.0318407
-0.033203
-0.0345624
-0.035919
0.00394776
0.00250016
0.00105184
-0.000397005
-0.00184622
-0.00329567
-0.00474521
-0.00619468
-0.00764392
-0.00909279
-0.0105411
-0.0119888
-0.0134356
-0.0148814
-0.0163262
-0.0177696
-0.0192117
-0.0206522
-0.0220911
-0.0235283
-0.0249636
-0.0263969
-0.0278282
-0.0292574
-0.0306805
-0.0321031
-0.0335244
-0.034943
-0.0363585
-0.037771
0.00380556
0.0022919
0.000777911
-0.000736221
-0.00225034
-0.00376433
-0.00527804
-0.00679131
-0.00830401
-0.00981599
-0.0113271
-0.0128372
-0.0143461
-0.0158538
-0.01736
-0.0188646
-0.0203676
-0.0218687
-0.0233679
-0.024865
-0.0263598
-0.0278523
-0.0293422
-0.0308294
-0.0323148
-0.0337974
-0.0352772
-0.0367541
-0.038228
-0.0396989
0.00367924
0.00209538
0.000511644
-0.00107177
-0.00265471
-0.00423708
-0.00581873
-0.00739952
-0.00897932
-0.010558
-0.0121354
-0.0137113
-0.0152858
-0.0168585
-0.0184295
-0.0199986
-0.0215656
-0.0231304
-0.0246929
-0.026253
-0.0278105
-0.0293654
-0.0309174
-0.0324666
-0.034016
-0.0355609
-0.0371016
-0.0386392
-0.0401738
-0.0417053
0.00357041
0.00191197
0.000254203
-0.0014027
-0.0030586
-0.00471339
-0.00636696
-0.00801917
-0.00966988
-0.011319
-0.0129663
-0.0146118
-0.0162553
-0.0178966
-0.0195358
-0.0211726
-0.0228069
-0.0244387
-0.0260679
-0.0276943
-0.0293178
-0.0309384
-0.0325561
-0.0341705
-0.0357828
-0.0373914
-0.0389962
-0.0405976
-0.0421959
-0.0437907
0.00348074
0.00174308
6.74023e-06
-0.0017281
-0.00346131
-0.00519281
-0.00692248
-0.0086502
-0.0103758
-0.0120993
-0.0138204
-0.0155392
-0.0172554
-0.018969
-0.0206798
-0.0223878
-0.0240929
-0.0257949
-0.0274938
-0.0291895
-0.030882
-0.032571
-0.0342566
-0.0359384
-0.0376175
-0.0392931
-0.0409649
-0.042633
-0.0442975
-0.0459583
0.00341191
0.00159013
-0.000229595
-0.00204708
-0.00386221
-0.00567492
-0.00748511
-0.00929265
-0.0110975
-0.0128994
-0.0146984
-0.0164943
-0.0182871
-0.0200767
-0.0218629
-0.0236457
-0.025425
-0.0272007
-0.0289727
-0.0307411
-0.0325056
-0.0342663
-0.0360229
-0.0377751
-0.0395241
-0.0412695
-0.0430109
-0.0447482
-0.0464815
-0.0482107
0.00336567
0.00145456
-0.000453647
-0.00235876
-0.00426069
-0.00615937
-0.00805473
-0.00994665
-0.0118351
-0.0137198
-0.0156009
-0.0174782
-0.0193516
-0.0212211
-0.0230866
-0.0249479
-0.0268051
-0.0286581
-0.0305067
-0.032351
-0.0341908
-0.0360261
-0.0378569
-0.039682
-0.0415042
-0.0433228
-0.0451369
-0.0469461
-0.0487508
-0.050551
0.00334384
0.00133786
-0.000664238
-0.00266227
-0.00465615
-0.00664585
-0.0086313
-0.0106124
-0.0125891
-0.0145613
-0.0165289
-0.0184919
-0.0204502
-0.0224038
-0.0243525
-0.0262965
-0.0282355
-0.0301696
-0.0320986
-0.0340226
-0.0359412
-0.037854
-0.0397605
-0.041658
-0.0435559
-0.0454523
-0.0473432
-0.049228
-0.0511071
-0.0529812
0.0033483
0.00124157
-0.000860155
-0.00295671
-0.00504802
-0.00713409
-0.00921484
-0.0112902
-0.0133602
-0.0154246
-0.0174834
-0.0195367
-0.0215843
-0.0236263
-0.0256625
-0.027693
-0.0297178
-0.0317369
-0.0337506
-0.0357591
-0.037763
-0.0397628
-0.0417582
-0.0437229
-0.0456955
-0.0476706
-0.0496399
-0.0516019
-0.0535576
-0.0555076
0.00338107
0.00116734
-0.00104013
-0.00324117
-0.00543573
-0.00762383
-0.00980543
-0.0119805
-0.0141489
-0.0163106
-0.0184657
-0.0206141
-0.0227556
-0.0248904
-0.0270184
-0.0291395
-0.0312536
-0.0333607
-0.0354606
-0.037553
-0.0396372
-0.0417128
-0.04378
-0.0458674
-0.0479343
-0.0499853
-0.0520295
-0.0540694
-0.0561039
-0.0581323
0.0034443
0.0011169
-0.00120282
-0.00351469
-0.00581868
-0.00811484
-0.0104031
-0.0126836
-0.014956
-0.0172206
-0.0194771
-0.0217257
-0.0239663
-0.0261988
-0.0284234
-0.03064
-0.0328486
-0.0350492
-0.0372419
-0.0394267
-0.041604
-0.0437742
-0.045937
-0.0480959
-0.0502427
-0.0523792
-0.0545087
-0.056632
-0.0587486
-0.0608583
0.00354026
0.00109209
-0.00134679
-0.00377623
-0.00619623
-0.00860686
-0.0110081
-0.0133999
-0.0157824
-0.0181554
-0.020519
-0.0228732
-0.025218
-0.0275535
-0.0298796
-0.0321964
-0.034504
-0.0368023
-0.0390914
-0.0413714
-0.0436423
-0.0459039
-0.0481555
-0.0504007
-0.052637
-0.0548641
-0.0570825
-0.0592927
-0.0614948
-0.0636888
0.00367144
0.00109494
-0.00147049
-0.00402469
-0.00656769
-0.00909959
-0.0116204
-0.0141301
-0.0166287
-0.0191163
-0.0215928
-0.0240583
-0.0265129
-0.0289565
-0.0313893
-0.0338113
-0.0362225
-0.0386231
-0.0410129
-0.0433921
-0.0457606
-0.0481184
-0.0504639
-0.0528024
-0.0551319
-0.0574512
-0.0597602
-0.0620596
-0.0643496
-0.0666306
0.00384049
0.00112758
-0.00157225
-0.00425886
-0.00693231
-0.00959273
-0.0122401
-0.0148746
-0.017496
-0.0201045
-0.0227002
-0.0252831
-0.0278532
-0.0304106
-0.0329555
-0.0354879
-0.0380079
-0.0405157
-0.0430114
-0.0454949
-0.047966
-0.0504242
-0.0528645
-0.0552994
-0.0577262
-0.0601412
-0.0625442
-0.0649359
-0.0673169
-0.0696875
0.0040503
0.00119239
-0.00165023
-0.00447741
-0.00728926
-0.0100859
-0.0128674
-0.0156338
-0.0183852
-0.0211215
-0.0238429
-0.0265495
-0.0292413
-0.0319184
-0.034581
-0.0372292
-0.0398631
-0.0424832
-0.0450897
-0.0476834
-0.0502653
-0.0528364
-0.055369
-0.0579022
-0.0604286
-0.0629418
-0.0654413
-0.0679281
-0.0704028
-0.0728656
0.00430404
0.00129194
-0.00170241
-0.00467888
-0.00763761
-0.0105788
-0.0135024
-0.0164085
-0.0192973
-0.0221687
-0.0250229
-0.0278599
-0.0306799
-0.033483
-0.0362692
-0.0390387
-0.0417916
-0.0445279
-0.0472475
-0.0499501
-0.0526352
-0.0553016
-0.0579702
-0.0606172
-0.0632449
-0.0658576
-0.0684564
-0.0710414
-0.0736125
-0.07617
0.00142905
-0.00172662
-0.00486166
-0.00797628
-0.0110707
-0.014145
-0.0171991
-0.0202333
-0.0232476
-0.026242
-0.0292168
-0.0321721
-0.0351079
-0.0380244
-0.0409217
-0.0437999
-0.0466591
-0.0494994
-0.0523207
-0.0551232
-0.0579063
-0.060686
-0.0634417
-0.0661759
-0.0688933
-0.0715953
-0.0742814
-0.0769518
-0.0796066
0.00160684
-0.00172025
-0.00502379
-0.00830402
-0.0115611
-0.0147951
-0.0180061
-0.0211942
-0.0243596
-0.0275024
-0.0306227
-0.0337207
-0.0367964
-0.0398502
-0.0428821
-0.0458923
-0.0488809
-0.0518482
-0.0547942
-0.0577192
-0.0606211
-0.0635106
-0.0663791
-0.0692262
-0.0720537
-0.0748627
-0.0776535
-0.0804262
-0.0831812
0.00182875
-0.00168066
-0.00516328
-0.00861935
-0.012049
-0.0154525
-0.0188298
-0.022181
-0.0255064
-0.0288059
-0.0320799
-0.0353285
-0.0385519
-0.0417502
-0.0449237
-0.0480726
-0.051197
-0.0542969
-0.0573721
-0.0604226
-0.0634444
-0.0664524
-0.0694409
-0.0724058
-0.0753472
-0.0782666
-0.0811651
-0.084043
-0.0869007
0.00209856
-0.00160473
-0.00527769
-0.0089206
-0.0125336
-0.0161169
-0.0196705
-0.0231946
-0.0266892
-0.0301547
-0.033591
-0.0369986
-0.0403775
-0.043728
-0.0470506
-0.0503456
-0.0536132
-0.0568538
-0.060066
-0.063248
-0.0663851
-0.0695158
-0.0726309
-0.0757188
-0.0787784
-0.0818123
-0.0848221
-0.0878084
-0.0907715
0.00242044
-0.00148906
-0.0053644
-0.00920589
-0.0130137
-0.0167879
-0.0205285
-0.0242358
-0.0279098
-0.0315507
-0.0351587
-0.038734
-0.0422768
-0.0457874
-0.0492662
-0.0527138
-0.0561313
-0.0595211
-0.0628872
-0.0662339
-0.0694788
-0.0727322
-0.075972
-0.0791815
-0.0823605
-0.0855113
-0.088635
-0.0917318
-0.0948023
0.00279896
-0.00132989
-0.00542045
-0.00947302
-0.0134877
-0.0174647
-0.0214039
-0.0253055
-0.0291696
-0.0329964
-0.036786
-0.0405385
-0.0442542
-0.0479333
-0.0515757
-0.0551814
-0.0587497
-0.0622783
-0.0657637
-0.0692005
-0.072689
-0.0761063
-0.0794683
-0.0827975
-0.0860986
-0.0893698
-0.0926102
-0.0958201
-0.0990001
0.00323915
-0.00112302
-0.00544247
-0.00971948
-0.0139542
-0.0181465
-0.0222966
-0.0264044
-0.0304701
-0.0344938
-0.0384757
-0.042416
-0.0463147
-0.0501722
-0.0539885
-0.0577638
-0.0614982
-0.0651921
-0.0688471
-0.072461
-0.0760579
-0.0796042
-0.0831044
-0.0865684
-0.0899985
-0.0933941
-0.0967546
-0.100081
-0.103373
0.00374651
-0.000863828
-0.00542671
-0.00994238
-0.0144109
-0.0188322
-0.0232062
-0.027533
-0.0318126
-0.0360452
-0.0402308
-0.0443698
-0.0484622
-0.0525084
-0.0565086
-0.0604632
-0.0643724
-0.0682358
-0.0720529
-0.0758142
-0.0795506
-0.0832469
-0.086897
-0.090503
-0.0940675
-0.0975918
-0.101076
-0.104522
-0.107928
0.0043271
-0.000547174
-0.00536896
-0.0101384
-0.0148556
-0.0195202
-0.0241322
-0.0286915
-0.0331982
-0.0376523
-0.0420539
-0.0464031
-0.0507002
-0.0549455
-0.0591394
-0.0632826
-0.0673757
-0.0714186
-0.0754108
-0.0793199
-0.0832107
-0.087064
-0.0908653
-0.0946153
-0.0983178
-0.101975
-0.105586
-0.109153
-0.112677
0.00498751
-0.000167406
-0.00526453
-0.010304
-0.0152855
-0.0202089
-0.0250738
-0.0298803
-0.0346281
-0.0393172
-0.0439477
-0.0485196
-0.0530331
-0.0574883
-0.0618855
-0.0662254
-0.0705096
-0.0747415
-0.0789252
-0.0830034
-0.0870588
-0.0910676
-0.0950192
-0.098916
-0.10276
-0.106553
-0.110294
-0.113986
-0.117627
0.00573495
0.000281708
-0.0051082
-0.0104347
-0.0156975
-0.0208961
-0.02603
-0.0310991
-0.0361031
-0.0410419
-0.0459153
-0.0507234
-0.0554661
-0.0601433
-0.0647546
-0.0692991
-0.0737744
-0.0781768
-0.0824961
-0.0868419
-0.091092
-0.0952597
-0.0993654
-0.103414
-0.107405
-0.111337
-0.115211
-0.119029
-0.12279
0.00657726
0.000807032
-0.00489414
-0.010526
-0.0160879
-0.0215792
-0.0269992
-0.0323476
-0.0376239
-0.042828
-0.0479596
-0.0530185
-0.0580048
-0.0629183
-0.0677587
-0.0725253
-0.0772163
-0.0818318
-0.0863635
-0.0908669
-0.095293
-0.0996378
-0.103912
-0.108119
-0.112261
-0.116336
-0.120347
-0.124293
-0.128177
0.00752302
0.00141612
-0.00461588
-0.0105724
-0.0164525
-0.0222552
-0.0279795
-0.033625
-0.039191
-0.044677
-0.0500828
-0.055408
-0.0606527
-0.0658172
-0.0709021
-0.0759083
-0.0808324
-0.0856681
-0.0903727
-0.0950573
-0.0996809
-0.104216
-0.108667
-0.11304
-0.117339
-0.121563
-0.125713
-0.129791
-0.133797
0.00858153
0.00211727
-0.00426622
-0.0105679
-0.0167864
-0.0229204
-0.0289686
-0.0349303
-0.0408044
-0.0465902
-0.0522872
-0.0578948
-0.0634127
-0.0688412
-0.0741815
-0.0794392
-0.0846272
-0.0897707
-0.0946188
-0.0994925
-0.104307
-0.109026
-0.113654
-0.118197
-0.122656
-0.127031
-0.131323
-0.135534
-0.139665
0.00976296
0.0029196
-0.00383719
-0.0105058
-0.0170842
-0.0235706
-0.0299636
-0.0362617
-0.0424638
-0.0485688
-0.0545756
-0.0604834
-0.0662911
-0.0719974
-0.0775993
-0.0830889
-0.0884511
-0.0936531
-0.099009
-0.104163
-0.109164
-0.114066
-0.11888
-0.123599
-0.128224
-0.132754
-0.137191
-0.141537
-0.145794
0.0110783
0.00383308
-0.00331994
-0.0103783
-0.0173393
-0.0242008
-0.0309607
-0.0376172
-0.0441686
-0.0506135
-0.0569504
-0.0631783
-0.0692959
-0.075302
-0.0811952
-0.0869727
-0.0926354
-0.0981603
-0.10366
-0.109016
-0.114237
-0.119349
-0.124358
-0.12926
-0.134055
-0.138745
-0.143331
-0.147814
-0.152197
0.0125408
0.0048699
-0.00270348
-0.0101758
-0.0175437
-0.0248043
-0.0319549
-0.0389931
-0.0459167
-0.0527239
-0.0594128
-0.065982
-0.0724301
-0.0787565
-0.0849617
-0.0910481
-0.0970217
-0.102781
-0.108497
-0.114095
-0.119556
-0.124889
-0.130102
-0.135195
-0.140168
-0.145022
-0.149759
-0.154381
-0.15889
0.0141577
0.00603605
-0.00198322
-0.00989535
-0.017696
-0.0253816
-0.0329485
-0.0403936
-0.0477141
-0.0549076
-0.0619716
-0.0689044
-0.0757037
-0.0823673
-0.0888914
-0.0952723
-0.101502
-0.107615
-0.113612
-0.119456
-0.125154
-0.130714
-0.136139
-0.141428
-0.146583
-0.151605
-0.156497
-0.161259
-0.165894
0.0159338
0.00733734
-0.00115248
-0.0095296
-0.0177887
-0.025925
-0.033934
-0.0418117
-0.0495545
-0.0571591
-0.0646226
-0.0719429
-0.0791177
-0.0861443
-0.0930152
-0.0997188
-0.106203
-0.112689
-0.118983
-0.125087
-0.131034
-0.136832
-0.142478
-0.147973
-0.153317
-0.158512
-0.16356
-0.168464
-0.173225
0.0180666
0.0089605
-3.4987e-05
-0.00891258
-0.0176658
-0.0262885
-0.0347751
-0.0431204
-0.0513199
-0.0593692
-0.0672648
-0.075004
-0.082585
-0.0900086
-0.0972769
-0.104396
-0.111211
-0.117977
-0.124562
-0.130953
-0.137171
-0.143222
-0.149103
-0.154814
-0.160357
-0.165733
-0.170945
-0.175994
-0.180883
0.0198997
0.0102726
0.000758304
-0.00863389
-0.0178955
-0.0270188
-0.0359964
-0.0448219
-0.0534891
-0.0619924
-0.070327
-0.0784883
-0.0864728
-0.0942773
-0.101898
-0.109322
-0.116615
-0.123718
-0.130592
-0.137264
-0.143748
-0.150045
-0.156152
-0.162071
-0.167802
-0.173348
-0.17871
-0.183892
-0.188896
-0.014571
-0.0152687
-0.0159626
-0.0166524
-0.0173382
-0.0180197
-0.0186969
-0.0193696
-0.0200378
-0.0207013
-0.02136
-0.0220139
-0.0226628
-0.0233065
-0.0239451
-0.0245783
-0.0252061
-0.0258285
-0.014684
-0.015388
-0.0160881
-0.0167842
-0.0174761
-0.0181638
-0.0188471
-0.0195259
-0.0202
-0.0208693
-0.0215338
-0.0221932
-0.0228475
-0.0234966
-0.0241403
-0.0247785
-0.0254112
-0.0260382
-0.014918
-0.0156293
-0.0163367
-0.0170401
-0.0177393
-0.0184342
-0.0191247
-0.0198106
-0.0204918
-0.0211682
-0.0218396
-0.022506
-0.0231671
-0.023823
-0.0244735
-0.0251184
-0.0257577
-0.0263912
-0.0152497
-0.0159716
-0.0166896
-0.0174035
-0.0181133
-0.0188188
-0.0195199
-0.0202163
-0.020908
-0.0215949
-0.0222768
-0.0229536
-0.0236251
-0.0242913
-0.024952
-0.0256071
-0.0262565
-0.0156853
-0.0164199
-0.0171507
-0.0178774
-0.0186
-0.0193182
-0.020032
-0.0207411
-0.0214456
-0.0221451
-0.0228397
-0.0235291
-0.0242132
-0.024892
-0.0255652
-0.0262328
-0.0268946
-0.0162126
-0.0169625
-0.0177085
-0.0184505
-0.0191884
-0.0199219
-0.020651
-0.0213755
-0.0220952
-0.0228101
-0.02352
-0.0242247
-0.0249241
-0.0256182
-0.0263067
-0.0269896
-0.0276667
-0.0168315
-0.0175989
-0.0183625
-0.0191221
-0.0198775
-0.0206286
-0.0213754
-0.0221175
-0.0228549
-0.0235875
-0.024315
-0.0250374
-0.0257546
-0.0264663
-0.0271726
-0.0278732
-0.028568
-0.0175363
-0.0183235
-0.0191069
-0.0198863
-0.0206617
-0.0214328
-0.0221995
-0.0229616
-0.023719
-0.0244717
-0.0252193
-0.0259618
-0.0266991
-0.027431
-0.0281574
-0.0288782
-0.0295933
-0.0183248
-0.019134
-0.0199395
-0.0207411
-0.0215386
-0.0223319
-0.0231209
-0.0239053
-0.0246851
-0.0254601
-0.0262301
-0.0269951
-0.0277549
-0.0285093
-0.0292583
-0.0300017
-0.0307395
-0.019194
-0.0200274
-0.0208572
-0.0216831
-0.0225051
-0.0233228
-0.0241363
-0.0249453
-0.0257497
-0.0265493
-0.0273441
-0.0281339
-0.0289185
-0.0296978
-0.0304718
-0.0312402
-0.032003
-0.0201417
-0.0210017
-0.021858
-0.0227105
-0.023559
-0.0244035
-0.0252437
-0.0260795
-0.0269107
-0.0277373
-0.0285591
-0.0293759
-0.0301877
-0.0309942
-0.0317954
-0.0325912
-0.0333815
-0.0211662
-0.0220548
-0.0229398
-0.023821
-0.0246984
-0.0255718
-0.026441
-0.0273058
-0.0281662
-0.029022
-0.029873
-0.0307192
-0.0315603
-0.0323964
-0.0332272
-0.0340527
-0.0348728
-0.0222659
-0.0231853
-0.0241012
-0.0250134
-0.0259218
-0.0268263
-0.0277266
-0.0286228
-0.0295145
-0.0304017
-0.0312842
-0.032162
-0.0330349
-0.0339028
-0.0347655
-0.035623
-0.0364752
-0.0234394
-0.0243918
-0.0253408
-0.0262863
-0.0272279
-0.0281657
-0.0290995
-0.0300291
-0.0309544
-0.0318753
-0.0327916
-0.0337033
-0.0346101
-0.0355121
-0.036409
-0.0373009
-0.0381875
-0.0246864
-0.025674
-0.0266582
-0.027639
-0.0286161
-0.0295894
-0.0305588
-0.0315241
-0.0324852
-0.0334419
-0.0343943
-0.035342
-0.0362851
-0.0372234
-0.0381568
-0.0390853
-0.0400087
-0.0260048
-0.02703
-0.028052
-0.0290704
-0.0300852
-0.0310964
-0.0321036
-0.0331069
-0.034106
-0.0351009
-0.0360915
-0.0370776
-0.0380592
-0.0390362
-0.0400083
-0.0409757
-0.0419382
-0.0273966
-0.0284615
-0.029523
-0.0305812
-0.0316359
-0.0326869
-0.0337342
-0.0347776
-0.035817
-0.0368522
-0.0378833
-0.03891
-0.0399323
-0.0409501
-0.0419633
-0.0429718
-0.0439756
-0.0288599
-0.0299667
-0.0310703
-0.0321705
-0.0332673
-0.0343605
-0.0354501
-0.0365359
-0.0376177
-0.0386956
-0.0397693
-0.0408389
-0.0419041
-0.042965
-0.0440215
-0.0450735
-0.0461209
-0.0303957
-0.0315466
-0.0326944
-0.0338389
-0.0349801
-0.0361177
-0.0372518
-0.0383821
-0.0395086
-0.0406313
-0.04175
-0.0428646
-0.043975
-0.0450813
-0.0461833
-0.047281
-0.0483743
-0.032004
-0.0332014
-0.0343957
-0.0355868
-0.0367745
-0.0379588
-0.0391396
-0.0403168
-0.0414902
-0.0426599
-0.0438257
-0.0449876
-0.0461455
-0.0472993
-0.048449
-0.0495946
-0.0507361
-0.0336857
-0.0349318
-0.0361749
-0.0374147
-0.0386513
-0.0398846
-0.0411143
-0.0423405
-0.0435631
-0.044782
-0.0459972
-0.0472085
-0.048416
-0.0496197
-0.0508193
-0.0520151
-0.0532068
-0.0354415
-0.0367387
-0.0380328
-0.0393238
-0.0406115
-0.0418959
-0.0431768
-0.0444543
-0.0457283
-0.0469986
-0.0482653
-0.0495284
-0.0507877
-0.0520433
-0.0532951
-0.0545431
-0.0557873
-0.0372727
-0.0386233
-0.0399708
-0.0413152
-0.0426563
-0.0439941
-0.0453285
-0.0466595
-0.047987
-0.0493109
-0.0506314
-0.0519482
-0.0532615
-0.0545712
-0.0558773
-0.0571797
-0.0584786
-0.0391805
-0.0405869
-0.0419902
-0.0433902
-0.044787
-0.0461804
-0.0475705
-0.0489572
-0.0503404
-0.0517202
-0.0530966
-0.0544694
-0.0558388
-0.0572047
-0.0585671
-0.0599261
-0.0612818
-0.0411666
-0.0426312
-0.0440925
-0.0455506
-0.0470053
-0.0484567
-0.0499047
-0.0513493
-0.0527904
-0.0542282
-0.0556625
-0.0570935
-0.058521
-0.0599452
-0.0613661
-0.0627837
-0.0641981
-0.0432336
-0.0447586
-0.0462802
-0.0477985
-0.0493134
-0.0508249
-0.0523329
-0.0538376
-0.0553388
-0.0568366
-0.058331
-0.0598221
-0.0613099
-0.0627944
-0.0642757
-0.0657538
-0.0672289
-0.0453822
-0.0469701
-0.0485545
-0.0501355
-0.0517129
-0.0532868
-0.0548571
-0.056424
-0.0579874
-0.0595474
-0.061104
-0.0626572
-0.0642072
-0.065754
-0.0672977
-0.0688383
-0.070376
-0.0476154
-0.0492687
-0.0509183
-0.0525642
-0.0542064
-0.0558449
-0.0574797
-0.059111
-0.0607387
-0.0623628
-0.0639836
-0.065601
-0.0672151
-0.068826
-0.0704339
-0.0720388
-0.0736409
-0.0499359
-0.0516571
-0.0533742
-0.0550874
-0.0567966
-0.0585019
-0.0602034
-0.061901
-0.063595
-0.0652854
-0.0669722
-0.0686556
-0.0703357
-0.0720126
-0.0736865
-0.0753574
-0.0770256
-0.0523468
-0.0541382
-0.0559252
-0.0577079
-0.0594863
-0.0612606
-0.0630308
-0.0647969
-0.0665592
-0.0683177
-0.0700724
-0.0718237
-0.0735715
-0.075316
-0.0770575
-0.078796
-0.0805318
-0.0548504
-0.0567146
-0.058574
-0.0604286
-0.0622785
-0.0641239
-0.0659649
-0.0678015
-0.069634
-0.0714624
-0.0732869
-0.0751077
-0.0769249
-0.0787387
-0.0805493
-0.0823569
-0.0841616
-0.0574522
-0.0593914
-0.0613251
-0.0632537
-0.0651771
-0.0670956
-0.0690093
-0.0709183
-0.0728227
-0.0747228
-0.0766187
-0.0785106
-0.0803987
-0.0822831
-0.0841642
-0.0860422
-0.0879172
-0.0601546
-0.0621709
-0.0641813
-0.066186
-0.0681851
-0.0701788
-0.0721671
-0.0741502
-0.0761284
-0.0781018
-0.0800707
-0.0820352
-0.0839956
-0.085952
-0.0879049
-0.0898543
-0.0918007
-0.0629611
-0.0650572
-0.0671467
-0.0692298
-0.0713066
-0.0733773
-0.0754421
-0.0775012
-0.0795547
-0.081603
-0.0836463
-0.0856847
-0.0877186
-0.0897482
-0.0917738
-0.0937957
-0.0958143
-0.0658751
-0.0680536
-0.0702247
-0.0723884
-0.0745451
-0.0766949
-0.078838
-0.0809747
-0.0831052
-0.0852298
-0.0873487
-0.0894622
-0.0915707
-0.0936744
-0.0957737
-0.0978688
-0.0999601
-0.0689026
-0.0711659
-0.0734206
-0.0756671
-0.0779055
-0.0801361
-0.0823592
-0.084575
-0.0867838
-0.0889859
-0.0911817
-0.0933713
-0.0955553
-0.0977338
-0.0999073
-0.102076
-0.104241
-0.0720479
-0.0743983
-0.076739
-0.0790702
-0.0813922
-0.0837054
-0.08601
-0.0883063
-0.0905946
-0.0928754
-0.0951489
-0.0974154
-0.0996754
-0.101929
-0.104177
-0.10642
-0.108658
-0.0753167
-0.0777564
-0.080185
-0.0826029
-0.0850102
-0.0874075
-0.089795
-0.092173
-0.094542
-0.0969022
-0.0992541
-0.101598
-0.103935
-0.106264
-0.108587
-0.110903
-0.113214
-0.0787142
-0.0812454
-0.083764
-0.0862703
-0.0887647
-0.0912474
-0.093719
-0.0961798
-0.0986302
-0.101071
-0.103501
-0.105923
-0.108336
-0.110741
-0.113138
-0.115528
-0.117911
-0.0822463
-0.0848712
-0.0874817
-0.0900781
-0.0926609
-0.0952304
-0.0977872
-0.100332
-0.102864
-0.105385
-0.107895
-0.110394
-0.112884
-0.115364
-0.117835
-0.120297
-0.122752
-0.0859188
-0.0886395
-0.0913438
-0.0940319
-0.0967045
-0.0993619
-0.102005
-0.104633
-0.107248
-0.10985
-0.112439
-0.115015
-0.117581
-0.120135
-0.122679
-0.125212
-0.127737
-0.0897385
-0.0925571
-0.0953567
-0.098138
-0.100901
-0.103648
-0.106377
-0.10909
-0.111787
-0.114469
-0.117137
-0.11979
-0.12243
-0.125058
-0.127673
-0.130276
-0.132869
-0.0937119
-0.0966302
-0.0995269
-0.102403
-0.105258
-0.108093
-0.11091
-0.113707
-0.116486
-0.119248
-0.121994
-0.124723
-0.127436
-0.130135
-0.13282
-0.135491
-0.138149
-0.0978471
-0.100867
-0.103862
-0.106833
-0.109781
-0.112706
-0.115609
-0.11849
-0.121351
-0.124192
-0.127014
-0.129817
-0.132602
-0.13537
-0.138122
-0.140858
-0.102151
-0.105273
-0.108368
-0.111435
-0.114476
-0.117491
-0.12048
-0.123445
-0.126387
-0.129305
-0.132201
-0.135076
-0.137931
-0.140765
-0.143581
-0.146379
-0.106632
-0.109859
-0.113053
-0.116217
-0.119351
-0.122455
-0.12553
-0.128578
-0.131598
-0.134592
-0.137561
-0.140505
-0.143426
-0.146324
-0.1492
-0.152055
-0.111297
-0.11463
-0.117926
-0.121187
-0.124413
-0.127606
-0.130766
-0.133894
-0.136991
-0.140059
-0.143097
-0.146107
-0.14909
-0.152047
-0.154979
-0.157887
-0.116157
-0.119596
-0.122994
-0.126351
-0.12967
-0.13295
-0.136193
-0.1394
-0.142572
-0.145709
-0.148813
-0.151885
-0.154927
-0.157938
-0.160921
-0.163876
-0.121221
-0.124767
-0.128266
-0.13172
-0.13513
-0.138496
-0.14182
-0.145102
-0.148345
-0.151549
-0.154715
-0.157844
-0.160939
-0.163999
-0.167026
-0.170022
-0.126498
-0.130151
-0.133752
-0.137301
-0.1408
-0.14425
-0.147652
-0.151008
-0.154318
-0.157583
-0.160806
-0.163988
-0.167129
-0.170232
-0.173297
-0.176326
-0.131999
-0.13576
-0.139461
-0.143105
-0.146691
-0.150223
-0.153699
-0.157123
-0.160496
-0.163818
-0.167092
-0.170319
-0.173501
-0.176638
-0.179733
-0.182787
-0.137735
-0.141603
-0.145405
-0.14914
-0.152812
-0.156421
-0.159968
-0.163456
-0.166886
-0.170259
-0.173578
-0.176843
-0.180056
-0.18322
-0.186336
-0.189406
-0.143718
-0.147693
-0.151593
-0.155419
-0.159172
-0.162855
-0.166469
-0.170015
-0.173496
-0.176912
-0.180267
-0.183562
-0.186799
-0.189979
-0.193105
-0.196179
-0.149962
-0.154043
-0.158039
-0.161952
-0.165783
-0.169535
-0.173209
-0.176807
-0.180332
-0.183784
-0.187167
-0.190482
-0.193731
-0.196917
-0.200041
-0.203106
-0.15648
-0.160665
-0.164756
-0.168752
-0.172657
-0.176472
-0.1802
-0.183843
-0.187402
-0.190881
-0.194281
-0.197605
-0.200855
-0.204033
-0.207142
-0.210183
-0.163288
-0.167576
-0.171757
-0.175832
-0.179805
-0.183677
-0.187451
-0.191129
-0.194714
-0.198208
-0.201613
-0.204933
-0.20817
-0.211326
-0.214404
-0.217407
-0.170404
-0.174791
-0.179057
-0.183206
-0.187239
-0.191159
-0.194969
-0.198671
-0.202269
-0.205765
-0.209162
-0.212462
-0.215669
-0.218786
-0.221815
-0.224759
-0.177845
-0.182327
-0.186674
-0.190889
-0.194973
-0.198931
-0.202766
-0.206479
-0.210076
-0.213558
-0.216928
-0.220191
-0.223349
-0.226405
-0.229362
-0.232223
-0.185614
-0.19019
-0.194614
-0.19889
-0.20302
-0.207008
-0.210858
-0.214572
-0.218156
-0.221611
-0.224942
-0.228152
-0.231244
-0.234222
-0.237087
-0.239842
-0.193724
-0.198381
-0.202869
-0.207193
-0.211356
-0.215363
-0.219218
-0.222924
-0.226486
-0.229908
-0.233194
-0.236349
-0.239374
-0.242274
-0.245052
-0.24771
)
;

boundaryField
{
    inlet
    {
        type            zeroGradient;
    }
    outlet
    {
        type            fixedValue;
        value           nonuniform 0();
    }
    cylinder
    {
        type            zeroGradient;
    }
    top
    {
        type            symmetryPlane;
    }
    bottom
    {
        type            symmetryPlane;
    }
    defaultFaces
    {
        type            empty;
    }
    procBoundary1to0
    {
        type            processor;
        value           nonuniform List<scalar> 
261
(
0.00354987
-0.00851442
0.00354987
0.0065395
0.0065395
0.00996255
0.00996255
0.0142345
0.0142345
0.0275924
0.0327261
0.0327261
0.0379849
0.0379849
0.0530428
0.059306
0.059306
0.0752801
0.0825701
0.0825701
0.0899604
0.0899604
0.107786
0.116194
0.116194
0.134937
0.153582
0.163971
0.163971
0.183433
0.194796
0.194796
0.215004
0.227292
0.227292
0.248143
0.268655
0.282698
0.282698
0.303625
0.324089
0.339703
0.339703
0.360287
0.380275
0.399633
0.416995
0.416995
0.436
0.454238
0.471676
0.488282
0.506445
0.506445
0.522049
0.536693
0.550349
0.562992
0.5746
0.585151
0.594626
0.603009
0.616891
0.616891
0.623295
0.628521
0.63256
0.635406
0.637054
0.637502
0.636751
0.634805
0.631667
0.627347
0.621853
0.621853
0.608783
0.601306
0.592744
0.583114
0.572437
0.560735
0.548031
0.534352
0.519726
0.519726
0.502235
0.486609
0.470165
0.452937
0.434958
0.434958
0.418173
0.399842
0.380897
0.380897
0.36519
0.346268
0.326864
0.307015
0.307015
0.293435
0.273997
0.254237
0.254237
0.242367
0.223243
0.223243
0.212272
0.193885
0.193885
0.183855
0.166275
0.148609
0.148609
0.140495
0.140495
0.132441
0.116591
0.116591
0.109531
0.0945707
0.0945707
0.0884847
0.0744176
0.0744176
0.0692779
0.0692779
0.0642379
0.0642379
0.0592997
0.047569
0.047569
0.0440726
0.0440726
0.0409834
0.0409834
0.0296289
-0.00851442
-0.0108452
-0.0134493
-0.0156299
-0.0176013
-0.0193664
-0.0209339
-0.0223182
-0.0235316
-0.0245853
-0.0254902
-0.0262561
-0.0268924
-0.0274079
-0.0278106
-0.0281084
-0.0283082
-0.0284169
-0.0284407
-0.0283855
-0.0282569
-0.0280602
-0.0278003
-0.027482
-0.0271098
-0.0266879
-0.0262205
-0.0257116
-0.0251652
-0.0245849
-0.0239745
-0.0239745
-0.0214694
-0.0209043
-0.0203138
-0.0197018
-0.0190717
-0.0184273
-0.017772
-0.0171093
-0.0164427
-0.0157756
-0.0151112
-0.014453
-0.0138041
-0.0131677
-0.0125472
-0.0119457
-0.0113664
-0.0108125
-0.0102872
-0.00979377
-0.00933553
-0.00891584
-0.00853824
-0.00820617
-0.00792388
-0.00769403
-0.00752412
-0.00741006
-0.00737789
0.00906863
0.00908067
0.00905341
0.00900952
0.00894321
0.00885997
0.00876088
0.00782939
0.00782939
0.00768723
0.00753408
0.00737214
0.00720358
0.00703052
0.00685503
0.00667915
0.00650484
0.00633406
0.0061687
0.00601065
0.00586176
0.00572388
0.00559882
0.00548838
0.00539437
0.00531862
0.00526295
0.00522924
0.00521941
0.00523543
0.00527936
0.00535335
0.00545965
0.00560067
0.00577895
0.00599725
0.0062585
0.00656589
0.00692287
0.00733317
0.00460514
0.00460514
0.00495738
0.00536485
0.00583207
0.006364
0.00696599
0.00764392
0.00840418
0.00925369
0.0102
0.0112512
0.0124162
0.0137043
0.0151259
0.016692
0.0184143
0.0203068
0.0223777
0.0246312
0.0272758
0.0296289
)
;
    }
    procBoundary1to2
    {
        type            processor;
        value           nonuniform List<scalar> 
200
(
-0.452543
-0.4537
-0.4537
-0.454605
-0.454605
-0.454979
-0.457937
-0.457937
-0.457846
-0.457846
-0.457425
-0.457425
-0.456743
-0.456743
-0.455793
-0.455793
-0.454432
-0.454432
-0.452346
-0.452346
-0.449061
-0.449061
-0.444026
-0.444026
-0.436263
-0.427394
-0.427394
-0.416108
-0.416108
-0.402681
-0.402681
-0.390053
-0.37431
-0.37431
-0.357539
-0.357539
-0.344614
-0.328657
-0.273296
-0.262617
-0.25025
-0.273296
-0.286456
-0.309367
-0.286456
-0.298738
-0.309367
-0.319766
-0.336516
-0.319766
-0.32845
-0.336516
-0.342137
-0.342137
-0.346171
-0.346171
-0.349008
-0.349008
-0.351034
-0.351034
-0.352533
-0.352533
-0.353657
-0.353657
-0.354441
-0.354441
-0.354845
-0.354845
-0.354796
-0.354796
-0.354197
-0.354197
-0.351501
-0.350271
-0.350271
-0.348504
-0.328657
-0.318854
-0.309244
-0.299793
-0.290434
-0.281186
-0.272075
-0.263112
-0.263112
-0.258036
-0.24932
-0.240764
-0.232376
-0.224159
-0.216119
-0.20826
-0.200585
-0.193097
-0.185799
-0.178691
-0.171775
-0.165052
-0.158522
-0.152184
-0.146038
-0.140082
-0.134316
-0.128738
-0.123346
-0.118138
-0.113113
-0.108267
-0.103599
-0.0991068
-0.094787
-0.0906376
-0.086656
-0.0828398
-0.0791865
-0.0756939
-0.0723596
-0.0691813
-0.0661572
-0.0632852
-0.0605636
-0.057991
-0.0555661
-0.0532879
-0.0511558
-0.0511558
-0.0498274
-0.047961
-0.0462434
-0.0446757
-0.0432597
-0.041998
-0.0408935
-0.039951
-0.0391756
-0.0385728
-0.0381568
-0.0379191
-0.0264452
-0.0266593
-0.0270188
-0.0269
-0.0269
-0.0275506
-0.0283379
-0.0292569
-0.0303025
-0.0314714
-0.03276
-0.0341661
-0.0356872
-0.0373219
-0.0390688
-0.0409269
-0.0428956
-0.0449746
-0.0471637
-0.0494632
-0.0518733
-0.0543946
-0.0570278
-0.0597739
-0.062634
-0.0656093
-0.0687011
-0.0719109
-0.0752403
-0.0786911
-0.082265
-0.0859638
-0.0897896
-0.0937442
-0.0978297
-0.102048
-0.106401
-0.110891
-0.115519
-0.120288
-0.125199
-0.130253
-0.135451
-0.140795
-0.143579
-0.143579
-0.149159
-0.15489
-0.160771
-0.166804
-0.172988
-0.179321
-0.185803
-0.192431
-0.199202
-0.206114
-0.21316
-0.220336
-0.227622
-0.23499
-0.242491
-0.25025
)
;
    }
}


// ************************************************************************* //
