/*--------------------------------*- C++ -*----------------------------------*\
  =========                 |
  \\      /  F ield         | OpenFOAM: The Open Source CFD Toolbox
   \\    /   O peration     | Website:  https://openfoam.org
    \\  /    A nd           | Version:  7
     \\/     M anipulation  |
\*---------------------------------------------------------------------------*/
FoamFile
{
    version     2.0;
    format      ascii;
    class       volScalarField;
    location    "35";
    object      p;
}
// * * * * * * * * * * * * * * * * * * * * * * * * * * * * * * * * * * * * * //

dimensions      [0 2 -2 0 0 0 0];

internalField   nonuniform List<scalar> 
8500
(
-0.309866
-0.312485
-0.311275
-0.315256
-0.313876
-0.312302
-0.318186
-0.316621
-0.314894
-0.321281
-0.319517
-0.317628
-0.315361
-0.324546
-0.322569
-0.320509
-0.318068
-0.315341
-0.327987
-0.325782
-0.323543
-0.32092
-0.318014
-0.31494
-0.331607
-0.32916
-0.326734
-0.323924
-0.320833
-0.317583
-0.314245
-0.335411
-0.332707
-0.330086
-0.327083
-0.323804
-0.320372
-0.316859
-0.313315
-0.339402
-0.336427
-0.333603
-0.330402
-0.326929
-0.323312
-0.319619
-0.315892
-0.312141
-0.34358
-0.34032
-0.337287
-0.333882
-0.330212
-0.326406
-0.322526
-0.318606
-0.314646
-0.310612
-0.347946
-0.344388
-0.34114
-0.337527
-0.333656
-0.329656
-0.325581
-0.321457
-0.317269
-0.312973
-0.308494
-0.352499
-0.348631
-0.345162
-0.341338
-0.337261
-0.333062
-0.328784
-0.324441
-0.320006
-0.315418
-0.310596
-0.305452
-0.29991
-0.357238
-0.353048
-0.349354
-0.345315
-0.341029
-0.336624
-0.332133
-0.327554
-0.322846
-0.317936
-0.312734
-0.307152
-0.301124
-0.294622
-0.362158
-0.357636
-0.353712
-0.349456
-0.344957
-0.340339
-0.335622
-0.330788
-0.32578
-0.320513
-0.314891
-0.308832
-0.302282
-0.295235
-0.28773
-0.367254
-0.362391
-0.358235
-0.353758
-0.349042
-0.344203
-0.339245
-0.334133
-0.328794
-0.323132
-0.31705
-0.310473
-0.303367
-0.29575
-0.287689
-0.27929
-0.270661
-0.372519
-0.367307
-0.362917
-0.358217
-0.353279
-0.348209
-0.342993
-0.337577
-0.331873
-0.325776
-0.319191
-0.312056
-0.304362
-0.296154
-0.287527
-0.278607
-0.269518
-0.260435
-0.377943
-0.372376
-0.36775
-0.362826
-0.357661
-0.352349
-0.346855
-0.341105
-0.334997
-0.328422
-0.321292
-0.313562
-0.305251
-0.296435
-0.287235
-0.277795
-0.268254
-0.258782
-0.24932
-0.240567
-0.383516
-0.377589
-0.372727
-0.367577
-0.362178
-0.35661
-0.350815
-0.344699
-0.338147
-0.33105
-0.323331
-0.314971
-0.306018
-0.296579
-0.286802
-0.276848
-0.266864
-0.257012
-0.247251
-0.238212
-0.389224
-0.382934
-0.377837
-0.37246
-0.36682
-0.360979
-0.354856
-0.348338
-0.3413
-0.333635
-0.325286
-0.316261
-0.306645
-0.296575
-0.286221
-0.275759
-0.26534
-0.25512
-0.245067
-0.235751
-0.395052
-0.388397
-0.383066
-0.377459
-0.37157
-0.365439
-0.358959
-0.352
-0.34443
-0.336153
-0.327133
-0.317415
-0.307117
-0.296409
-0.285482
-0.27452
-0.263678
-0.253099
-0.242762
-0.233178
-0.40098
-0.393963
-0.388399
-0.382561
-0.376411
-0.369969
-0.363101
-0.355658
-0.347511
-0.338575
-0.328848
-0.31841
-0.307418
-0.29607
-0.284576
-0.273124
-0.26187
-0.250943
-0.24033
-0.230484
-0.406989
-0.399611
-0.393819
-0.387746
-0.381325
-0.374548
-0.367255
-0.359286
-0.350514
-0.340877
-0.330408
-0.319229
-0.307534
-0.295548
-0.283494
-0.271565
-0.25991
-0.248646
-0.237765
-0.227663
-0.413055
-0.405322
-0.399304
-0.392994
-0.386287
-0.379149
-0.371394
-0.362853
-0.353409
-0.34303
-0.331789
-0.319853
-0.30745
-0.29483
-0.282227
-0.269833
-0.25779
-0.2462
-0.23506
-0.22471
-0.419154
-0.411072
-0.404831
-0.39828
-0.391272
-0.383744
-0.375487
-0.366328
-0.356166
-0.345007
-0.332968
-0.320262
-0.307151
-0.293906
-0.280767
-0.267922
-0.255504
-0.2436
-0.232209
-0.221618
-0.425256
-0.416834
-0.410376
-0.403579
-0.396251
-0.388302
-0.379501
-0.369677
-0.358754
-0.34678
-0.333923
-0.320439
-0.306624
-0.292765
-0.279104
-0.265823
-0.253044
-0.240838
-0.229206
-0.218381
-0.431331
-0.422581
-0.415909
-0.40886
-0.401193
-0.39279
-0.383402
-0.372867
-0.361142
-0.348323
-0.334631
-0.320367
-0.305856
-0.291396
-0.27723
-0.263529
-0.250403
-0.237907
-0.226044
-0.214993
-0.437347
-0.428281
-0.4214
-0.414091
-0.406065
-0.397172
-0.387153
-0.375861
-0.363296
-0.349607
-0.33507
-0.320029
-0.304833
-0.28979
-0.275135
-0.261031
-0.247573
-0.2348
-0.222717
-0.211449
-0.443268
-0.433901
-0.426816
-0.419239
-0.410829
-0.40141
-0.390716
-0.378626
-0.365187
-0.350608
-0.335221
-0.319409
-0.303544
-0.287935
-0.272811
-0.258321
-0.244546
-0.23151
-0.219218
-0.207742
-0.449057
-0.439406
-0.432121
-0.424266
-0.415448
-0.405465
-0.394053
-0.381125
-0.366783
-0.351301
-0.335064
-0.318493
-0.301975
-0.285821
-0.270249
-0.255391
-0.241315
-0.22803
-0.215541
-0.203867
-0.454675
-0.444758
-0.437276
-0.429134
-0.419881
-0.409296
-0.397126
-0.383323
-0.368054
-0.35166
-0.334578
-0.317264
-0.300115
-0.283438
-0.267439
-0.252233
-0.237873
-0.224353
-0.21168
-0.199819
-0.460081
-0.449918
-0.442244
-0.433801
-0.424086
-0.412862
-0.399893
-0.385184
-0.368971
-0.351662
-0.333747
-0.315709
-0.297953
-0.280777
-0.264372
-0.248839
-0.234211
-0.220473
-0.207628
-0.195592
-0.465232
-0.454845
-0.446981
-0.438226
-0.428021
-0.416121
-0.402318
-0.386676
-0.369506
-0.351286
-0.332553
-0.313814
-0.295476
-0.277828
-0.261041
-0.245199
-0.230323
-0.216384
-0.203381
-0.191182
-0.470084
-0.459495
-0.451446
-0.442364
-0.431641
-0.419031
-0.40436
-0.387764
-0.369632
-0.35051
-0.33098
-0.311566
-0.292675
-0.27458
-0.257436
-0.241308
-0.226202
-0.212077
-0.198931
-0.186583
-0.474595
-0.463827
-0.455595
-0.446172
-0.434904
-0.421549
-0.405983
-0.388417
-0.369324
-0.349314
-0.329012
-0.308953
-0.289539
-0.271025
-0.253549
-0.237157
-0.22184
-0.207549
-0.194275
-0.181792
-0.478716
-0.467795
-0.459381
-0.449603
-0.437762
-0.423633
-0.407149
-0.388604
-0.368556
-0.347681
-0.326635
-0.305963
-0.286057
-0.267155
-0.249372
-0.232739
-0.217232
-0.202793
-0.189407
-0.176804
-0.482403
-0.471353
-0.462761
-0.452612
-0.440174
-0.425244
-0.407823
-0.388296
-0.367308
-0.345591
-0.323834
-0.302585
-0.282221
-0.26296
-0.244897
-0.228047
-0.212371
-0.197803
-0.184322
-0.171616
-0.485611
-0.474458
-0.465688
-0.455154
-0.442095
-0.426341
-0.407971
-0.387468
-0.365557
-0.34303
-0.320599
-0.298809
-0.278021
-0.258432
-0.240118
-0.223076
-0.207251
-0.192576
-0.179017
-0.166223
-0.488293
-0.477064
-0.468117
-0.457185
-0.443483
-0.426887
-0.407563
-0.386092
-0.363284
-0.339983
-0.316916
-0.294624
-0.273449
-0.253565
-0.235028
-0.217818
-0.201869
-0.187106
-0.173486
-0.160624
-0.490406
-0.479126
-0.470004
-0.45866
-0.444297
-0.426846
-0.406568
-0.384146
-0.360473
-0.336435
-0.312776
-0.290023
-0.268498
-0.248352
-0.22962
-0.212268
-0.196218
-0.181389
-0.167728
-0.154814
-0.491905
-0.480601
-0.471305
-0.459537
-0.444497
-0.426183
-0.404958
-0.381609
-0.357106
-0.332376
-0.308168
-0.284997
-0.26316
-0.242786
-0.22389
-0.206422
-0.190295
-0.175423
-0.161739
-0.148794
-0.492748
-0.481447
-0.471977
-0.459775
-0.444048
-0.424868
-0.402709
-0.378463
-0.353171
-0.327795
-0.303085
-0.279539
-0.257429
-0.236861
-0.217832
-0.200276
-0.184096
-0.169203
-0.155518
-0.142559
-0.492894
-0.481621
-0.47198
-0.459335
-0.442913
-0.422872
-0.399798
-0.374689
-0.348654
-0.322682
-0.297519
-0.273643
-0.2513
-0.230574
-0.211442
-0.193826
-0.177618
-0.162728
-0.14906
-0.136109
-0.492304
-0.481086
-0.471275
-0.45818
-0.44106
-0.420167
-0.396205
-0.370273
-0.343545
-0.317029
-0.291464
-0.267303
-0.244769
-0.22392
-0.204716
-0.187069
-0.170859
-0.155996
-0.142367
-0.129444
-0.490941
-0.479803
-0.469825
-0.456277
-0.438461
-0.41673
-0.391912
-0.365204
-0.337835
-0.31083
-0.284914
-0.260516
-0.237831
-0.216895
-0.197653
-0.180002
-0.163817
-0.149005
-0.135438
-0.122567
-0.488772
-0.477738
-0.467596
-0.453594
-0.435087
-0.41254
-0.386904
-0.35947
-0.331518
-0.304081
-0.277867
-0.253279
-0.230484
-0.209498
-0.19025
-0.172625
-0.15649
-0.141755
-0.128278
-0.115482
-0.485765
-0.47486
-0.464556
-0.450103
-0.430917
-0.407581
-0.381169
-0.353065
-0.324588
-0.296777
-0.270319
-0.245589
-0.222727
-0.201728
-0.182506
-0.164937
-0.148879
-0.134245
-0.12088
-0.108174
-0.48189
-0.471138
-0.460679
-0.445778
-0.42593
-0.401836
-0.374698
-0.345981
-0.317042
-0.288917
-0.26227
-0.237445
-0.214559
-0.193584
-0.174421
-0.156937
-0.140983
-0.126475
-0.11323
-0.100581
-0.477124
-0.466548
-0.455939
-0.440599
-0.420108
-0.395296
-0.367483
-0.338216
-0.308879
-0.280501
-0.253719
-0.228849
-0.20598
-0.185067
-0.165997
-0.148628
-0.132806
-0.118449
-0.10532
-0.0926652
-0.471444
-0.461065
-0.450313
-0.434546
-0.413438
-0.38795
-0.359521
-0.329768
-0.300099
-0.271529
-0.244668
-0.219801
-0.196992
-0.176178
-0.157235
-0.140012
-0.12435
-0.110169
-0.0971958
-0.0847536
-0.464831
-0.454671
-0.443785
-0.427605
-0.405911
-0.379795
-0.35081
-0.320639
-0.290704
-0.262004
-0.235119
-0.210304
-0.187597
-0.166921
-0.148138
-0.131091
-0.115617
-0.101639
-0.0888406
-0.0766401
-0.457271
-0.44735
-0.43634
-0.419765
-0.39752
-0.370827
-0.341352
-0.310831
-0.280699
-0.251931
-0.225077
-0.200362
-0.1778
-0.157298
-0.13871
-0.12187
-0.106613
-0.0928604
-0.0802683
-0.0683067
-0.448751
-0.43909
-0.427967
-0.411019
-0.388262
-0.361048
-0.331148
-0.30035
-0.270088
-0.241315
-0.214548
-0.18998
-0.167606
-0.147316
-0.128956
-0.112353
-0.0973417
-0.0838404
-0.0714786
-0.0597623
-0.439265
-0.429882
-0.418659
-0.401363
-0.378136
-0.350461
-0.320207
-0.289203
-0.25888
-0.230164
-0.203537
-0.179164
-0.15702
-0.13698
-0.11888
-0.102545
-0.0878069
-0.0745836
-0.062474
-0.0510172
-0.428808
-0.419722
-0.408414
-0.390797
-0.367147
-0.339073
-0.308536
-0.277399
-0.247083
-0.218485
-0.192053
-0.167923
-0.14605
-0.126296
-0.108491
-0.0924534
-0.0780154
-0.0650954
-0.053259
-0.0420797
-0.417381
-0.408609
-0.397231
-0.379325
-0.355301
-0.326894
-0.296146
-0.264949
-0.234709
-0.20629
-0.180106
-0.156265
-0.134703
-0.115273
-0.0977952
-0.0820848
-0.0679739
-0.0553821
-0.0438396
-0.0329575
-0.404987
-0.396546
-0.385115
-0.366953
-0.342608
-0.313935
-0.283051
-0.251867
-0.22177
-0.19359
-0.167706
-0.1442
-0.122991
-0.103919
-0.0868012
-0.0714474
-0.0576904
-0.0454507
-0.0342226
-0.0236579
-0.391634
-0.38354
-0.372075
-0.353693
-0.329082
-0.300212
-0.269266
-0.238168
-0.208281
-0.180398
-0.154865
-0.13174
-0.110922
-0.0922448
-0.0755187
-0.0605501
-0.0471732
-0.0353092
-0.0244157
-0.0141888
-0.377333
-0.3696
-0.358122
-0.339558
-0.314739
-0.285741
-0.254809
-0.223869
-0.194257
-0.166729
-0.141598
-0.118896
-0.0985097
-0.0802613
-0.063958
-0.0494029
-0.0364319
-0.0249666
-0.0144276
-0.00455829
-0.362098
-0.354742
-0.343271
-0.324566
-0.299598
-0.270544
-0.2397
-0.208988
-0.179715
-0.152599
-0.127918
-0.105683
-0.0857656
-0.0679804
-0.0521305
-0.0380165
-0.0254766
-0.0144324
-0.00426742
0.00522458
-0.345949
-0.338982
-0.327541
-0.308737
-0.28368
-0.254642
-0.223959
-0.193546
-0.164674
-0.138024
-0.113842
-0.0921154
-0.0727037
-0.055415
-0.0400483
-0.0264026
-0.0143184
-0.00371707
0.00605478
0.0151502
-0.328906
-0.322342
-0.310954
-0.292094
-0.267012
-0.238062
-0.20761
-0.177564
-0.149155
-0.123024
-0.0993856
-0.0782085
-0.0593388
-0.0425789
-0.0277247
-0.0145735
-0.00296906
0.00716823
0.0165282
0.0252081
-0.310994
-0.304846
-0.293535
-0.274665
-0.249619
-0.22083
-0.190675
-0.161066
-0.133179
-0.107618
-0.0845683
-0.0639793
-0.0456864
-0.0294866
-0.0151732
-0.00254232
0.0085588
0.0182115
0.0271412
0.0353866
-0.292243
-0.286521
-0.275312
-0.256478
-0.231532
-0.202965
-0.173192
-0.144078
-0.116769
-0.0918267
-0.0694088
-0.0494456
-0.0317631
-0.0161537
-0.00240857
0.00967698
0.0202518
0.0294001
0.0378813
0.0456727
-0.272683
-0.267398
-0.256317
-0.237568
-0.21278
-0.184507
-0.155181
-0.126625
-0.0999488
-0.0756729
-0.0539273
-0.034626
-0.0175861
-0.00259627
0.0105541
0.02207
0.0320961
0.0407207
0.0487352
-0.252346
-0.24751
-0.236583
-0.217968
-0.193391
-0.165489
-0.136674
-0.108736
-0.0827442
-0.0591793
-0.0381451
-0.01954
-0.00317354
0.0111689
0.0236992
0.0346217
0.0440769
0.0521593
-0.23127
-0.226894
-0.216148
-0.197701
-0.173414
-0.145944
-0.117701
-0.0904399
-0.0651813
-0.0423702
-0.0220844
-0.00420805
0.0114559
0.0251245
0.0370104
0.0473168
0.0561795
-0.209491
-0.205589
-0.195052
-0.176814
-0.152881
-0.125905
-0.0982964
-0.0717658
-0.0472879
-0.0252705
-0.00576794
0.0113489
0.0262828
0.0392526
0.0504712
0.0601397
-0.18705
-0.183637
-0.17332
-0.155363
-0.13183
-0.105411
-0.078494
-0.0527453
-0.0290921
-0.00790645
0.0107803
0.0271089
0.0412872
0.0535349
0.064065
0.0730749
-0.163982
-0.161088
-0.151012
-0.133377
-0.110301
-0.0844983
-0.0583292
-0.0334108
-0.0106236
0.0096953
0.0275358
0.0430496
0.0564484
0.0679528
0.077775
-0.140332
-0.137994
-0.128176
-0.1109
-0.0883383
-0.0632076
-0.037838
-0.0137951
0.00808762
0.0275071
0.0444733
0.0591478
0.0717454
0.0824873
-0.1162
-0.114362
-0.104852
-0.0879789
-0.0659834
-0.0415788
-0.0170575
0.00606767
0.0270105
0.0455005
0.0615669
0.0753796
0.0871566
0.0971188
-0.0916148
-0.0902506
-0.0810893
-0.0646602
-0.0432811
-0.019653
0.00397436
0.0261429
0.0461132
0.0636466
0.0787897
0.0917207
0.10266
-0.0666039
-0.0657283
-0.0569364
-0.0409917
-0.0202766
0.00252767
0.0252189
0.0463953
0.0653636
0.0819157
0.0961148
0.108146
0.118232
-0.0412225
-0.0408477
-0.0324444
-0.0170224
0.00298386
0.0249205
0.046637
0.0667889
0.0847288
0.100278
0.113514
0.12463
-0.015525
-0.0156583
-0.00766394
0.00719849
0.0264538
0.0474822
0.0681888
0.0872874
0.104175
0.118702
0.13096
0.0104323
0.00978616
0.0173517
0.0316204
0.0500857
0.070169
0.0898342
0.107854
0.123669
0.137157
0.148422
0.0365932
0.0354313
0.0425493
0.0561922
0.0738319
0.0929367
0.111533
0.128451
0.143177
0.155612
0.0629015
0.0612222
0.0678749
0.0808626
0.0976442
0.115741
0.133243
0.149042
0.162664
0.174035
0.0893005
0.0871034
0.0932743
0.10558
0.121475
0.138537
0.154926
0.16959
0.182096
0.192394
0.115733
0.113019
0.118693
0.130293
0.145275
0.161282
0.176539
0.190056
0.201439
0.142142
0.138913
0.144077
0.154949
0.168996
0.183929
0.198042
0.210403
0.220657
0.168471
0.164729
0.169371
0.179497
0.192591
0.206435
0.219394
0.230594
0.194662
0.190411
0.194522
0.203886
0.216012
0.228756
0.240556
0.250593
0.22066
0.215904
0.219475
0.228065
0.239212
0.250849
0.261486
0.246407
0.241152
0.244177
0.251983
0.262143
0.27267
0.282146
0.271848
0.266101
0.268576
0.275591
0.284759
0.294176
0.302497
0.296928
0.290697
0.292619
0.298839
0.307016
0.315327
0.321594
0.314886
0.316256
0.32168
0.328868
0.336081
0.345792
0.338616
0.339435
0.344066
0.350272
0.356398
0.369469
0.361837
0.362108
0.365952
0.371184
0.392576
0.384498
0.384226
0.387291
0.391563
0.415062
0.406551
0.405744
0.40804
0.411369
0.43688
0.427947
0.426616
0.428156
0.430562
0.457982
0.448643
0.446797
0.447598
0.478324
0.468592
0.466245
0.466328
0.497862
0.487753
0.48492
0.484305
0.516555
0.506085
0.502782
0.501494
0.534362
0.523548
0.519794
0.517859
0.551247
0.540107
0.535921
0.567172
0.555725
0.551129
0.582105
0.570369
0.565386
0.596014
0.584008
0.578663
0.608869
0.596615
0.590933
0.620643
0.608161
0.602169
0.631312
0.618623
0.612348
0.640853
0.627979
0.62145
0.649245
0.636209
0.629456
0.656471
0.643295
0.662517
0.649223
0.667368
0.653981
0.671015
0.657558
0.673451
0.659946
0.67467
0.661141
0.67467
0.661141
0.67345
0.659945
0.671014
0.657556
0.667365
0.653978
0.662513
0.64922
0.656467
0.643291
0.64924
0.636204
0.629451
0.640847
0.627974
0.621444
0.631306
0.618617
0.612342
0.620636
0.608154
0.602162
0.608861
0.596607
0.590925
0.596005
0.584
0.578655
0.582096
0.570359
0.565377
0.567162
0.555714
0.551119
0.551236
0.540096
0.535911
0.534351
0.523537
0.519783
0.517848
0.516543
0.506073
0.50277
0.501482
0.497849
0.48774
0.484907
0.484293
0.478311
0.468578
0.466232
0.466315
0.457968
0.448628
0.446783
0.447585
0.436865
0.427932
0.426601
0.428142
0.430548
0.415047
0.406535
0.405729
0.408025
0.411355
0.39256
0.384482
0.38421
0.387275
0.391549
0.369452
0.36182
0.362091
0.365935
0.371169
0.376223
0.345774
0.338599
0.339417
0.34405
0.350256
0.356382
0.321575
0.314867
0.316237
0.321663
0.328851
0.336065
0.296909
0.290678
0.2926
0.298821
0.306999
0.315311
0.271828
0.266081
0.268557
0.275572
0.284741
0.29416
0.302481
0.246386
0.241132
0.244157
0.251964
0.262124
0.272652
0.28213
0.220638
0.215883
0.219454
0.228045
0.239192
0.250831
0.261469
0.19464
0.190389
0.194501
0.203865
0.215992
0.228737
0.240538
0.250576
0.168448
0.164706
0.169349
0.179476
0.192571
0.206416
0.219376
0.230577
0.142119
0.13889
0.144054
0.154927
0.168975
0.183909
0.198023
0.210385
0.220641
0.115709
0.112995
0.11867
0.13027
0.145253
0.161261
0.17652
0.190037
0.201422
0.089276
0.0870791
0.0932505
0.105557
0.121453
0.138517
0.154906
0.169571
0.182079
0.192378
0.0628764
0.0611973
0.0678505
0.0808391
0.0976218
0.11572
0.133223
0.149023
0.162646
0.174018
0.0365675
0.0354058
0.0425243
0.0561681
0.0738089
0.0929149
0.111512
0.128432
0.143159
0.155594
0.010406
0.00976012
0.0173262
0.0315957
0.0500622
0.0701467
0.089813
0.107834
0.123651
0.137139
0.148405
-0.0155518
-0.0156849
-0.00768999
0.00717333
0.0264298
0.0474594
0.0681672
0.087267
0.104156
0.118683
0.130942
0.14113
-0.0412498
-0.0408748
-0.0324709
-0.0170481
0.00295932
0.0248972
0.0466149
0.0667681
0.0847091
0.100259
0.113496
0.124613
-0.0666317
-0.0657559
-0.0569634
-0.0410179
-0.0203016
0.0025039
0.0251964
0.046374
0.0653435
0.0818966
0.0960966
0.108129
0.118215
-0.091643
-0.0902787
-0.0811169
-0.0646868
-0.0433066
-0.0196772
0.00395142
0.0261212
0.0460927
0.0636271
0.0787712
0.0917031
0.102643
-0.116228
-0.114391
-0.10488
-0.088006
-0.0660094
-0.0416034
-0.0170808
0.00604556
0.0269895
0.0454806
0.061548
0.0753616
0.0871394
0.0971024
-0.140361
-0.138023
-0.128204
-0.110928
-0.0883647
-0.0632327
-0.0378617
-0.0138176
0.0080663
0.0274868
0.0444541
0.0591294
0.0717279
0.0824705
-0.164012
-0.161118
-0.151041
-0.133405
-0.110328
-0.0845238
-0.0583534
-0.0334336
-0.0106453
0.00967471
0.0275162
0.0430309
0.0564306
0.0679357
0.0777585
-0.18708
-0.183667
-0.173349
-0.155392
-0.131857
-0.105436
-0.0785186
-0.0527686
-0.0291142
-0.00792739
0.0107604
0.0270899
0.041269
0.0535175
0.0640483
0.0730588
-0.209522
-0.20562
-0.195082
-0.176843
-0.152908
-0.125931
-0.0983213
-0.0717894
-0.0473103
-0.0252918
-0.00578819
0.0113296
0.0262643
0.0392349
0.0504542
0.0601234
0.0683729
-0.231301
-0.226925
-0.216179
-0.197731
-0.173442
-0.14597
-0.117726
-0.0904638
-0.0652041
-0.0423918
-0.0221049
-0.00422768
0.0114371
0.0251065
0.0369931
0.0473002
0.0561634
-0.252377
-0.247541
-0.236614
-0.217997
-0.193419
-0.165516
-0.136699
-0.108761
-0.0827672
-0.0592012
-0.038166
-0.01956
-0.0031926
0.0111506
0.0236816
0.0346048
0.0440606
0.0521435
-0.272714
-0.267429
-0.256348
-0.237598
-0.212809
-0.184534
-0.155207
-0.12665
-0.0999722
-0.0756951
-0.0539485
-0.0346462
-0.0176055
-0.00261484
0.0105363
0.0220528
0.0320794
0.0407045
0.0487196
-0.292275
-0.286553
-0.275343
-0.256509
-0.231561
-0.202993
-0.173219
-0.144103
-0.116793
-0.0918492
-0.0694302
-0.0494661
-0.0317827
-0.0161726
-0.0024267
0.0096595
0.0202349
0.0293837
0.0378654
0.0456574
-0.311027
-0.304878
-0.293567
-0.274695
-0.249649
-0.220858
-0.190702
-0.161091
-0.133203
-0.107641
-0.08459
-0.0640001
-0.0457063
-0.0295057
-0.0151916
-0.00256008
0.00854163
0.0181949
0.0271251
0.035371
-0.328938
-0.322374
-0.310986
-0.292125
-0.267041
-0.23809
-0.207637
-0.177589
-0.149179
-0.123047
-0.0994076
-0.0782295
-0.059359
-0.0425982
-0.0277433
-0.0145915
-0.00298649
0.00715133
0.0165118
0.0251922
-0.345981
-0.339015
-0.327573
-0.308768
-0.28371
-0.254671
-0.223987
-0.193571
-0.164699
-0.138047
-0.113864
-0.0921367
-0.0727242
-0.0554346
-0.0400673
-0.0264208
-0.0143361
-0.00373423
0.00603812
0.0151341
-0.362131
-0.354774
-0.343303
-0.324597
-0.299628
-0.270573
-0.239727
-0.209014
-0.179739
-0.152622
-0.127941
-0.105705
-0.0857863
-0.0680003
-0.0521496
-0.038035
-0.0254946
-0.0144498
-0.00428434
0.00520814
-0.377366
-0.369633
-0.358154
-0.339589
-0.314769
-0.28577
-0.254837
-0.223895
-0.194282
-0.166753
-0.141621
-0.118918
-0.0985306
-0.0802815
-0.0639774
-0.0494216
-0.0364501
-0.0249843
-0.0144448
-0.004575
-0.391667
-0.383572
-0.372107
-0.353724
-0.329113
-0.300241
-0.269294
-0.238194
-0.208306
-0.180422
-0.154888
-0.131762
-0.110944
-0.0922652
-0.0755383
-0.0605691
-0.0471917
-0.0353271
-0.0244332
-0.0142057
-0.40502
-0.396579
-0.385148
-0.366985
-0.342639
-0.313964
-0.283079
-0.251894
-0.221796
-0.193614
-0.167729
-0.144222
-0.123012
-0.103939
-0.0868211
-0.0714666
-0.0577091
-0.0454688
-0.0342403
-0.0236751
-0.417414
-0.408642
-0.397263
-0.379357
-0.355331
-0.326923
-0.296174
-0.264976
-0.234735
-0.206315
-0.180129
-0.156287
-0.134725
-0.115293
-0.0978153
-0.0821043
-0.0679929
-0.0554005
-0.0438575
-0.032975
-0.428842
-0.419755
-0.408446
-0.390829
-0.367177
-0.339103
-0.308564
-0.277426
-0.247109
-0.21851
-0.192076
-0.167946
-0.146071
-0.126317
-0.108511
-0.0924731
-0.0780345
-0.0651141
-0.0532772
-0.0420975
-0.439298
-0.429915
-0.418692
-0.401395
-0.378167
-0.350491
-0.320235
-0.28923
-0.258906
-0.230188
-0.20356
-0.179187
-0.157042
-0.137001
-0.118901
-0.102565
-0.0878263
-0.0746026
-0.0624925
-0.0510352
-0.448784
-0.439123
-0.428
-0.411051
-0.388292
-0.361078
-0.331177
-0.300377
-0.270114
-0.24134
-0.214571
-0.190003
-0.167628
-0.147337
-0.128976
-0.112373
-0.0973613
-0.0838596
-0.0714973
-0.0597806
-0.457304
-0.447383
-0.436372
-0.419797
-0.397551
-0.370857
-0.34138
-0.310859
-0.280725
-0.251956
-0.225101
-0.200385
-0.177823
-0.15732
-0.138731
-0.12189
-0.106633
-0.0928798
-0.0802873
-0.0683252
-0.464864
-0.454704
-0.443818
-0.427637
-0.405942
-0.379825
-0.350839
-0.320666
-0.29073
-0.262029
-0.235143
-0.210327
-0.18762
-0.166942
-0.148159
-0.131111
-0.115637
-0.101658
-0.0888598
-0.0766589
-0.471477
-0.461098
-0.450345
-0.434577
-0.413469
-0.38798
-0.35955
-0.329796
-0.300125
-0.271554
-0.244692
-0.219824
-0.197014
-0.1762
-0.157256
-0.140032
-0.12437
-0.110189
-0.0972153
-0.0847726
-0.477157
-0.46658
-0.455971
-0.44063
-0.420138
-0.395325
-0.367512
-0.338243
-0.308905
-0.280526
-0.253743
-0.228872
-0.206003
-0.185089
-0.166018
-0.148649
-0.132827
-0.118469
-0.10534
-0.0926843
-0.481923
-0.471171
-0.460711
-0.445809
-0.42596
-0.401866
-0.374726
-0.346008
-0.317068
-0.288942
-0.262294
-0.237469
-0.214582
-0.193606
-0.174443
-0.156958
-0.141004
-0.126496
-0.11325
-0.100601
-0.485797
-0.474892
-0.464588
-0.450134
-0.430947
-0.40761
-0.381198
-0.353092
-0.324614
-0.296802
-0.270344
-0.245613
-0.22275
-0.20175
-0.182527
-0.164958
-0.1489
-0.134266
-0.120901
-0.108194
-0.488804
-0.47777
-0.467627
-0.453625
-0.435118
-0.412569
-0.386932
-0.359498
-0.331544
-0.304106
-0.277891
-0.253303
-0.230507
-0.209521
-0.190271
-0.172647
-0.156512
-0.141776
-0.128298
-0.115502
-0.490973
-0.479834
-0.469856
-0.456308
-0.438491
-0.416759
-0.39194
-0.365231
-0.337861
-0.310855
-0.284939
-0.26054
-0.237854
-0.216918
-0.197675
-0.180024
-0.163838
-0.149026
-0.135459
-0.122587
-0.492335
-0.481117
-0.471305
-0.45821
-0.44109
-0.420195
-0.396233
-0.370301
-0.343571
-0.317054
-0.291488
-0.267327
-0.244792
-0.223942
-0.204738
-0.18709
-0.17088
-0.156017
-0.142388
-0.129465
-0.492924
-0.481652
-0.472011
-0.459365
-0.442942
-0.4229
-0.399826
-0.374716
-0.34868
-0.322707
-0.297543
-0.273667
-0.251324
-0.230597
-0.211464
-0.193848
-0.177639
-0.16275
-0.149082
-0.13613
-0.492778
-0.481477
-0.472007
-0.459804
-0.444077
-0.424897
-0.402737
-0.378489
-0.353196
-0.32782
-0.303109
-0.279563
-0.257453
-0.236884
-0.217854
-0.200298
-0.184117
-0.169225
-0.155539
-0.14258
-0.491935
-0.480631
-0.471335
-0.459566
-0.444526
-0.426212
-0.404986
-0.381636
-0.357132
-0.332401
-0.308193
-0.285021
-0.263183
-0.242809
-0.223912
-0.206445
-0.190317
-0.175445
-0.161761
-0.148815
-0.490436
-0.479155
-0.470033
-0.458689
-0.444325
-0.426874
-0.406595
-0.384173
-0.360498
-0.33646
-0.3128
-0.290047
-0.268521
-0.248375
-0.229643
-0.212291
-0.19624
-0.181411
-0.16775
-0.154836
-0.488323
-0.477093
-0.468146
-0.457213
-0.44351
-0.426914
-0.40759
-0.386118
-0.36331
-0.340007
-0.31694
-0.294648
-0.273473
-0.253588
-0.235051
-0.21784
-0.201891
-0.187128
-0.173509
-0.160646
-0.48564
-0.474486
-0.465716
-0.455182
-0.442122
-0.426368
-0.407998
-0.387493
-0.365582
-0.343055
-0.320623
-0.298833
-0.278044
-0.258455
-0.240141
-0.223098
-0.207274
-0.192598
-0.179039
-0.166245
-0.482432
-0.471381
-0.462788
-0.45264
-0.440201
-0.42527
-0.407849
-0.388322
-0.367333
-0.345616
-0.323858
-0.302609
-0.282244
-0.262983
-0.24492
-0.22807
-0.212393
-0.197826
-0.184345
-0.171638
-0.478744
-0.467822
-0.459408
-0.44963
-0.437789
-0.423659
-0.407174
-0.388629
-0.368581
-0.347705
-0.326658
-0.305987
-0.28608
-0.267178
-0.249395
-0.232762
-0.217254
-0.202816
-0.18943
-0.176827
-0.474622
-0.463854
-0.455621
-0.446198
-0.43493
-0.421574
-0.406008
-0.388442
-0.369348
-0.349338
-0.329036
-0.308977
-0.289562
-0.271048
-0.253572
-0.23718
-0.221863
-0.207572
-0.194298
-0.181815
-0.470111
-0.459521
-0.451472
-0.44239
-0.431667
-0.419056
-0.404385
-0.387788
-0.369656
-0.350534
-0.331003
-0.31159
-0.292698
-0.274603
-0.257459
-0.241331
-0.226225
-0.212101
-0.198955
-0.186607
-0.465258
-0.45487
-0.447007
-0.438251
-0.428046
-0.416146
-0.402342
-0.3867
-0.36953
-0.351309
-0.332576
-0.313837
-0.295499
-0.27785
-0.261064
-0.245223
-0.230346
-0.216407
-0.203404
-0.191206
-0.460106
-0.449943
-0.442269
-0.433826
-0.42411
-0.412886
-0.399917
-0.385208
-0.368995
-0.351685
-0.33377
-0.315732
-0.297976
-0.2808
-0.264395
-0.248862
-0.234234
-0.220497
-0.207652
-0.195616
-0.4547
-0.444783
-0.437301
-0.429158
-0.419904
-0.40932
-0.397149
-0.383346
-0.368077
-0.351682
-0.334601
-0.317287
-0.300138
-0.283461
-0.267462
-0.252256
-0.237896
-0.224377
-0.211704
-0.199843
-0.449081
-0.43943
-0.432144
-0.42429
-0.415471
-0.405488
-0.394076
-0.381148
-0.366806
-0.351323
-0.335086
-0.318515
-0.301998
-0.285844
-0.270272
-0.255415
-0.241339
-0.228054
-0.215565
-0.203892
-0.443292
-0.433925
-0.426839
-0.419262
-0.410852
-0.401432
-0.390739
-0.378648
-0.365209
-0.350631
-0.335243
-0.319432
-0.303566
-0.287957
-0.272834
-0.258344
-0.24457
-0.231534
-0.219243
-0.207767
-0.43737
-0.428304
-0.421423
-0.414113
-0.406087
-0.397194
-0.387175
-0.375883
-0.363318
-0.349629
-0.335092
-0.320051
-0.304855
-0.289812
-0.275158
-0.261054
-0.247597
-0.234824
-0.222742
-0.211474
-0.431353
-0.422603
-0.415931
-0.408881
-0.401215
-0.392811
-0.383423
-0.372888
-0.361163
-0.348344
-0.334652
-0.320388
-0.305878
-0.291419
-0.277253
-0.263552
-0.250427
-0.237931
-0.226069
-0.215019
-0.425277
-0.416856
-0.410397
-0.4036
-0.396272
-0.388323
-0.379522
-0.369698
-0.358775
-0.346801
-0.333944
-0.32046
-0.306646
-0.292787
-0.279127
-0.265846
-0.253068
-0.240862
-0.229231
-0.218407
-0.419175
-0.411092
-0.404852
-0.398301
-0.391292
-0.383764
-0.375507
-0.366348
-0.356187
-0.345028
-0.332989
-0.320283
-0.307172
-0.293928
-0.280789
-0.267945
-0.255528
-0.243624
-0.232235
-0.221644
-0.413076
-0.405342
-0.399324
-0.393014
-0.386306
-0.379168
-0.371414
-0.362873
-0.353429
-0.34305
-0.331809
-0.319873
-0.307471
-0.294851
-0.282249
-0.269856
-0.257814
-0.246225
-0.235086
-0.224737
-0.407009
-0.399631
-0.393838
-0.387766
-0.381344
-0.374567
-0.367274
-0.359305
-0.350533
-0.340897
-0.330428
-0.319249
-0.307555
-0.295569
-0.283516
-0.271587
-0.259934
-0.24867
-0.237791
-0.22769
-0.400999
-0.393981
-0.388418
-0.38258
-0.37643
-0.369988
-0.363119
-0.355677
-0.347529
-0.338594
-0.328867
-0.31843
-0.307439
-0.296091
-0.284597
-0.273147
-0.261894
-0.250968
-0.240356
-0.230511
-0.39507
-0.388416
-0.383084
-0.377477
-0.371587
-0.365457
-0.358977
-0.352018
-0.344448
-0.336171
-0.327151
-0.317434
-0.307137
-0.296429
-0.285503
-0.274543
-0.263702
-0.253124
-0.242788
-0.233205
-0.389242
-0.382952
-0.377855
-0.372477
-0.366837
-0.360997
-0.354873
-0.348355
-0.341318
-0.333653
-0.325304
-0.31628
-0.306664
-0.296595
-0.286242
-0.275781
-0.265364
-0.255144
-0.245094
-0.235779
-0.383534
-0.377606
-0.372744
-0.367594
-0.362195
-0.356627
-0.350831
-0.344715
-0.338164
-0.331067
-0.323348
-0.314989
-0.306037
-0.296599
-0.286823
-0.27687
-0.266887
-0.257037
-0.247278
-0.23824
-0.37796
-0.372393
-0.367767
-0.362843
-0.357677
-0.352365
-0.346871
-0.341121
-0.335014
-0.328439
-0.321309
-0.31358
-0.30527
-0.296455
-0.287255
-0.277817
-0.268277
-0.258807
-0.249346
-0.240595
-0.372535
-0.367323
-0.362933
-0.358233
-0.353295
-0.348225
-0.343009
-0.337592
-0.331888
-0.325792
-0.319207
-0.312073
-0.30438
-0.296173
-0.287547
-0.278628
-0.269541
-0.26046
-0.36727
-0.362406
-0.358251
-0.353773
-0.349057
-0.344218
-0.33926
-0.334148
-0.328809
-0.323148
-0.317066
-0.310489
-0.303384
-0.295768
-0.287709
-0.279311
-0.270684
-0.362173
-0.357651
-0.353727
-0.34947
-0.344971
-0.340354
-0.335636
-0.330802
-0.325794
-0.320528
-0.314907
-0.308847
-0.302298
-0.295252
-0.287749
-0.357253
-0.353063
-0.349368
-0.345329
-0.341043
-0.336638
-0.332147
-0.327568
-0.32286
-0.31795
-0.312748
-0.307167
-0.30114
-0.294639
-0.352513
-0.348645
-0.345176
-0.341352
-0.337275
-0.333076
-0.328798
-0.324454
-0.320019
-0.315432
-0.31061
-0.305466
-0.34796
-0.344402
-0.341153
-0.337541
-0.333669
-0.329669
-0.325594
-0.321469
-0.317282
-0.312986
-0.308507
-0.343593
-0.340333
-0.3373
-0.333895
-0.330225
-0.326419
-0.322538
-0.318618
-0.314658
-0.310624
-0.339415
-0.336439
-0.333616
-0.330414
-0.326941
-0.323324
-0.319631
-0.315903
-0.312153
-0.335424
-0.33272
-0.330098
-0.327096
-0.323816
-0.320384
-0.316871
-0.313326
-0.331619
-0.329172
-0.326746
-0.323936
-0.320845
-0.317594
-0.314256
-0.327998
-0.325794
-0.323555
-0.320932
-0.318025
-0.314951
-0.324557
-0.322581
-0.320521
-0.318079
-0.315352
-0.321292
-0.319529
-0.317639
-0.315372
-0.318197
-0.316632
-0.314905
-0.315267
-0.313887
-0.312496
-0.311286
-0.309876
-0.177191
-0.181768
-0.186175
-0.190417
-0.194497
-0.19842
-0.202189
-0.205809
-0.209284
-0.212619
-0.215816
-0.218881
-0.221816
-0.224626
-0.227313
-0.22988
-0.170141
-0.174661
-0.179028
-0.183245
-0.187315
-0.191241
-0.195029
-0.198679
-0.202198
-0.205587
-0.208851
-0.211992
-0.215015
-0.217923
-0.220718
-0.223404
-0.163411
-0.167858
-0.172169
-0.176346
-0.180391
-0.184307
-0.188099
-0.191768
-0.195318
-0.198752
-0.202074
-0.205286
-0.208393
-0.211397
-0.214301
-0.21711
-0.156987
-0.16136
-0.165611
-0.169742
-0.173755
-0.177653
-0.181439
-0.185116
-0.188686
-0.192152
-0.195517
-0.198784
-0.201957
-0.205037
-0.20803
-0.210937
-0.150869
-0.155163
-0.159348
-0.163425
-0.167397
-0.171266
-0.175035
-0.178705
-0.18228
-0.185762
-0.189153
-0.192456
-0.195674
-0.198809
-0.201865
-0.204845
-0.145042
-0.149253
-0.153365
-0.157382
-0.161304
-0.165134
-0.168874
-0.172526
-0.176093
-0.179576
-0.182977
-0.1863
-0.189546
-0.192719
-0.195819
-0.198851
-0.139489
-0.143612
-0.147648
-0.151598
-0.155464
-0.159248
-0.162951
-0.166575
-0.170122
-0.173594
-0.176994
-0.180323
-0.183583
-0.186777
-0.189906
-0.192975
-0.134195
-0.138229
-0.142185
-0.146064
-0.149868
-0.153598
-0.157256
-0.160844
-0.164363
-0.167814
-0.171201
-0.174524
-0.177785
-0.180987
-0.184132
-0.187221
-0.129147
-0.13309
-0.136963
-0.140768
-0.144505
-0.148176
-0.151783
-0.155327
-0.158809
-0.162231
-0.165595
-0.168902
-0.172153
-0.175351
-0.178498
-0.181594
-0.184643
-0.124333
-0.128184
-0.131971
-0.135698
-0.139365
-0.142973
-0.146523
-0.150017
-0.153456
-0.15684
-0.160173
-0.163454
-0.166686
-0.169869
-0.173007
-0.176099
-0.179148
-0.119742
-0.123499
-0.127199
-0.130846
-0.134439
-0.137979
-0.141468
-0.144906
-0.148295
-0.151636
-0.15493
-0.158178
-0.161382
-0.164542
-0.167661
-0.170739
-0.173777
-0.115363
-0.119025
-0.122637
-0.126201
-0.129718
-0.133187
-0.136611
-0.139989
-0.143323
-0.146614
-0.149864
-0.153072
-0.15624
-0.159369
-0.16246
-0.165515
-0.168535
-0.111186
-0.114753
-0.118276
-0.121756
-0.125194
-0.12859
-0.131944
-0.135259
-0.138534
-0.141771
-0.14497
-0.148132
-0.151258
-0.154349
-0.157406
-0.160431
-0.163423
-0.107202
-0.110674
-0.114108
-0.117503
-0.12086
-0.12418
-0.127463
-0.13071
-0.133923
-0.137101
-0.140245
-0.143356
-0.146435
-0.149482
-0.152499
-0.155486
-0.158444
-0.103402
-0.10678
-0.110123
-0.113433
-0.116708
-0.11995
-0.12316
-0.126338
-0.129484
-0.1326
-0.135685
-0.138741
-0.141768
-0.144767
-0.147738
-0.150682
-0.153601
-0.0997778
-0.103062
-0.106316
-0.109539
-0.112732
-0.115895
-0.11903
-0.122136
-0.125214
-0.128265
-0.131288
-0.134285
-0.137257
-0.140202
-0.143123
-0.14602
-0.148893
-0.0963214
-0.0995128
-0.102677
-0.105814
-0.108924
-0.112008
-0.115067
-0.1181
-0.121108
-0.124091
-0.12705
-0.129986
-0.132898
-0.135787
-0.138654
-0.1415
-0.144324
-0.0930252
-0.0961248
-0.0992002
-0.102252
-0.105279
-0.108284
-0.111265
-0.114224
-0.11716
-0.120074
-0.122967
-0.125839
-0.128689
-0.13152
-0.13433
-0.13712
-0.139891
-0.0898821
-0.0928913
-0.0958789
-0.0988452
-0.10179
-0.104715
-0.107619
-0.110503
-0.113367
-0.116211
-0.119036
-0.121842
-0.124629
-0.127398
-0.130149
-0.132881
-0.135597
-0.0868857
-0.0898057
-0.0927066
-0.0955887
-0.098452
-0.101297
-0.104124
-0.106932
-0.109723
-0.112497
-0.115253
-0.117992
-0.120714
-0.12342
-0.126109
-0.128782
-0.13144
-0.084029
-0.0868615
-0.0896771
-0.092476
-0.0952583
-0.0980242
-0.100774
-0.103507
-0.106225
-0.108927
-0.111614
-0.114285
-0.116941
-0.119582
-0.122209
-0.124821
-0.127419
-0.0813059
-0.0840526
-0.0867844
-0.0895014
-0.0922036
-0.0948913
-0.0975645
-0.100223
-0.102868
-0.105499
-0.108116
-0.110719
-0.113308
-0.115884
-0.118447
-0.120997
-0.123533
-0.0787106
-0.0813734
-0.084023
-0.0866594
-0.0892828
-0.0918932
-0.0944908
-0.0970755
-0.0996476
-0.102207
-0.104754
-0.107289
-0.109811
-0.112322
-0.11482
-0.117307
-0.119781
-0.0762371
-0.078818
-0.0813871
-0.0839447
-0.0864906
-0.089025
-0.0915479
-0.0940593
-0.0965595
-0.0990483
-0.101526
-0.103992
-0.106448
-0.108892
-0.111326
-0.113749
-0.116161
-0.0738803
-0.0763812
-0.0788719
-0.0813521
-0.0838221
-0.0862818
-0.0887312
-0.0911704
-0.0935994
-0.0960183
-0.0984271
-0.100826
-0.103215
-0.105593
-0.107962
-0.110322
-0.112671
-0.0716352
-0.0740583
-0.0764723
-0.078877
-0.0812726
-0.0836591
-0.0860363
-0.0884044
-0.0907634
-0.0931132
-0.095454
-0.0977856
-0.100108
-0.102422
-0.104726
-0.107022
-0.109308
-0.0694975
-0.0718447
-0.0741838
-0.0765149
-0.0788378
-0.0811525
-0.083459
-0.0857573
-0.0880474
-0.0903292
-0.0926028
-0.0948681
-0.0971252
-0.0993741
-0.101615
-0.103847
-0.106071
-0.0674616
-0.0697351
-0.0720016
-0.0742608
-0.0765128
-0.0787575
-0.0809948
-0.0832248
-0.0854473
-0.0876624
-0.08987
-0.0920701
-0.0942626
-0.0964476
-0.098625
-0.100795
-0.102957
-0.0655236
-0.0677257
-0.0699214
-0.0721108
-0.0742937
-0.0764701
-0.0786399
-0.080803
-0.0829595
-0.0851091
-0.0872519
-0.0893879
-0.091517
-0.0936391
-0.0957542
-0.0978623
-0.0999634
-0.063679
-0.0658117
-0.067939
-0.0700605
-0.0721763
-0.0742862
-0.0763902
-0.0784881
-0.08058
-0.0826657
-0.0847451
-0.0868183
-0.0888851
-0.0909454
-0.0929993
-0.0950467
-0.0970875
-0.061924
-0.0639896
-0.0660504
-0.0681061
-0.0701567
-0.072202
-0.0742419
-0.0762764
-0.0783053
-0.0803286
-0.0823462
-0.0843579
-0.0863637
-0.0883636
-0.0903575
-0.0923452
-0.0943268
-0.0602542
-0.0622551
-0.0642516
-0.0662436
-0.068231
-0.0702136
-0.0721914
-0.0741642
-0.0761319
-0.0780944
-0.0800516
-0.0820034
-0.0839498
-0.0858905
-0.0878257
-0.0897551
-0.0916786
-0.0586663
-0.0606047
-0.0625391
-0.0644696
-0.0663958
-0.0683177
-0.0702352
-0.0721481
-0.0740563
-0.0759597
-0.0778583
-0.0797517
-0.0816401
-0.0835233
-0.0854011
-0.0872735
-0.0891403
-0.0571573
-0.0590353
-0.0609098
-0.0627806
-0.0646477
-0.0665109
-0.0683699
-0.0702248
-0.0720754
-0.0739214
-0.075763
-0.0775998
-0.0794318
-0.0812588
-0.0830808
-0.0848977
-0.0867093
-0.0557243
-0.057544
-0.0593606
-0.0611739
-0.0629838
-0.06479
-0.0665926
-0.0683913
-0.070186
-0.0719765
-0.0737628
-0.0755446
-0.0773218
-0.0790944
-0.0808621
-0.082625
-0.0843828
-0.0543633
-0.0561269
-0.0578878
-0.0596457
-0.0614004
-0.0631519
-0.0649
-0.0666444
-0.0683851
-0.0701219
-0.0718546
-0.0735832
-0.0753074
-0.0770271
-0.0787423
-0.0804527
-0.0821583
-0.0530721
-0.0547818
-0.056489
-0.0581935
-0.0598952
-0.0615938
-0.0632892
-0.0649813
-0.0666699
-0.0683548
-0.0700358
-0.0717129
-0.0733858
-0.0750545
-0.0767187
-0.0783784
-0.0800335
-0.0518475
-0.0535055
-0.0551612
-0.0568144
-0.058465
-0.0601128
-0.0617576
-0.0633992
-0.0650376
-0.0666724
-0.0683036
-0.0699311
-0.0715545
-0.0731738
-0.0747889
-0.0763995
-0.0780056
-0.0506874
-0.0522957
-0.0539019
-0.0555059
-0.0571075
-0.0587064
-0.0603025
-0.0618957
-0.0634857
-0.0650724
-0.0666556
-0.0682352
-0.0698109
-0.0713827
-0.0729504
-0.0745137
-0.0760726
-0.0495889
-0.0511497
-0.0527085
-0.0542653
-0.0558199
-0.057372
-0.0589214
-0.0604681
-0.0620117
-0.0635521
-0.0650892
-0.0666228
-0.0681527
-0.0696788
-0.0712008
-0.0727186
-0.0742322
-0.0485507
-0.0500659
-0.0515794
-0.053091
-0.0546004
-0.0561076
-0.0576123
-0.0591143
-0.0606135
-0.0621096
-0.0636024
-0.0650919
-0.0665777
-0.0680599
-0.0695381
-0.0710122
-0.0724821
-0.0475695
-0.0490413
-0.0505116
-0.0519801
-0.0534465
-0.0549108
-0.0563728
-0.0578321
-0.0592887
-0.0607424
-0.0621929
-0.0636401
-0.0650838
-0.0665239
-0.0679601
-0.0693924
-0.0708205
-0.0466435
-0.0480742
-0.0495033
-0.0509308
-0.0523563
-0.0537798
-0.0552009
-0.0566196
-0.0580356
-0.0594487
-0.0608588
-0.0622656
-0.0636691
-0.065069
-0.0664651
-0.0678574
-0.0692455
-0.0457723
-0.0471637
-0.0485536
-0.0499419
-0.0513284
-0.0527129
-0.0540952
-0.0554751
-0.0568523
-0.0582268
-0.0595984
-0.0609668
-0.0623319
-0.0636934
-0.0650513
-0.0664054
-0.0677554
-0.0449547
-0.0463086
-0.0476612
-0.0490122
-0.0503615
-0.051709
-0.0530542
-0.0543972
-0.0557377
-0.0570754
-0.0584103
-0.0597421
-0.0610707
-0.0623958
-0.0637173
-0.065035
-0.0663488
-0.0441875
-0.0455061
-0.0468234
-0.0481393
-0.0494535
-0.0507658
-0.0520761
-0.0533842
-0.0546897
-0.0559927
-0.0572928
-0.0585899
-0.0598839
-0.0611744
-0.0624615
-0.0637448
-0.0650242
-0.0434711
-0.0447563
-0.0460403
-0.0473228
-0.0486038
-0.049883
-0.0511602
-0.0524352
-0.0537078
-0.0549778
-0.0562451
-0.0575094
-0.0587706
-0.0600285
-0.0612829
-0.0625337
-0.0637806
-0.0428036
-0.0440574
-0.04531
-0.0465613
-0.047811
-0.049059
-0.050305
-0.0515489
-0.0527904
-0.0540295
-0.0552658
-0.0564993
-0.0577297
-0.0589568
-0.0601806
-0.0614007
-0.0626171
-0.0421847
-0.0434091
-0.0446323
-0.0458542
-0.0470746
-0.0482933
-0.0495101
-0.0507248
-0.0519372
-0.0531472
-0.0543545
-0.055559
-0.0567605
-0.0579588
-0.0591538
-0.0603453
-0.0615331
-0.062717
-0.0416137
-0.0428106
-0.0440063
-0.0452008
-0.0463939
-0.0475852
-0.0487747
-0.0499622
-0.0511474
-0.0523303
-0.0535105
-0.054688
-0.0558626
-0.057034
-0.0582022
-0.0593669
-0.060528
-0.0616853
-0.0410903
-0.0422616
-0.0434319
-0.0446009
-0.0457685
-0.0469345
-0.0480987
-0.0492608
-0.0504209
-0.0515785
-0.0527337
-0.0538861
-0.0550357
-0.0561822
-0.0573255
-0.0584654
-0.0596018
-0.0607346
-0.0406143
-0.0417621
-0.0429089
-0.0440545
-0.0451986
-0.0463412
-0.047482
-0.0486209
-0.0497576
-0.0508921
-0.0520241
-0.0531534
-0.05428
-0.0554036
-0.056524
-0.0576412
-0.0587549
-0.059865
-0.0401858
-0.0413121
-0.0424374
-0.0435615
-0.0446842
-0.0458053
-0.0469248
-0.0480423
-0.0491578
-0.050271
-0.0513819
-0.0524902
-0.0535957
-0.0546984
-0.055798
-0.0568944
-0.0579875
-0.0590771
-0.0398058
-0.0409126
-0.0420184
-0.043123
-0.0442263
-0.0453281
-0.0464281
-0.0475264
-0.0486226
-0.0497167
-0.0508084
-0.0518977
-0.0529843
-0.0540681
-0.0551489
-0.0562266
-0.0573011
-0.0583722
-0.0394737
-0.0405631
-0.0416514
-0.0427387
-0.0438246
-0.0449091
-0.0459919
-0.0470729
-0.048152
-0.049229
-0.0503037
-0.0513761
-0.0524458
-0.0535129
-0.0545771
-0.0556384
-0.0566965
-0.0577513
-0.0391934
-0.0402674
-0.0413404
-0.0424123
-0.043483
-0.0445522
-0.0456198
-0.0466856
-0.0477496
-0.0488116
-0.0498714
-0.0509288
-0.0519839
-0.0530363
-0.0540859
-0.0551327
-0.0561765
-0.0572171
-0.0389608
-0.0400218
-0.0410818
-0.0421408
-0.0431984
-0.0442547
-0.0453095
-0.0463626
-0.0474139
-0.0484633
-0.0495106
-0.0505556
-0.0515984
-0.0526386
-0.0536762
-0.054711
-0.055743
-0.056772
-0.0387882
-0.039838
-0.0408868
-0.0419345
-0.0429811
-0.0440263
-0.04507
-0.0461121
-0.0471524
-0.0481909
-0.0492274
-0.0502618
-0.051294
-0.0523238
-0.0533511
-0.0543758
-0.0553978
-0.0564169
-0.0386613
-0.0397032
-0.0407443
-0.0417842
-0.0428231
-0.0438606
-0.0448968
-0.0459314
-0.0469643
-0.0479955
-0.0490248
-0.0500522
-0.0510773
-0.0521003
-0.0531209
-0.054139
-0.0551546
-0.0561675
-0.0386066
-0.0396409
-0.0406742
-0.0417065
-0.0427376
-0.0437675
-0.0447961
-0.0458232
-0.0468488
-0.0478727
-0.0488949
-0.0499153
-0.0509338
-0.0519502
-0.0529645
-0.0539765
-0.0549863
-0.0559937
0.0347752
0.0251753
0.0156912
0.00633217
-0.00289338
-0.0119778
-0.0209139
-0.0296953
-0.038316
-0.0467707
-0.0550551
-0.0631665
-0.0711074
-0.0788871
-0.0865291
-0.0938139
-0.101029
-0.108045
-0.114848
-0.121457
-0.127877
-0.134106
-0.140143
-0.14599
-0.151649
-0.157121
-0.162409
-0.167515
-0.172441
0.0325414
0.023444
0.0144599
0.00559603
-0.00314112
-0.0117457
-0.0202121
-0.0285355
-0.0367113
-0.0447359
-0.0526064
-0.0603212
-0.0678801
-0.0752794
-0.0825126
-0.0894503
-0.0963631
-0.103091
-0.109615
-0.115962
-0.122141
-0.128149
-0.133985
-0.139649
-0.145144
-0.150471
-0.155632
-0.160629
-0.165465
0.0300113
0.0214049
0.0129071
0.00452395
-0.00373941
-0.0118783
-0.0198883
-0.0277656
-0.0355066
-0.0431084
-0.0505683
-0.0578834
-0.0650497
-0.0720564
-0.0788866
-0.0854873
-0.0921451
-0.0985873
-0.104828
-0.110908
-0.116839
-0.122617
-0.128241
-0.133712
-0.139031
-0.144199
-0.14922
-0.154094
-0.158823
0.0278254
0.0196763
0.0116311
0.00369445
-0.00412943
-0.0118368
-0.0194244
-0.0268891
-0.0342282
-0.0414391
-0.0485197
-0.0554675
-0.0622804
-0.0689562
-0.0754963
-0.0819042
-0.0881131
-0.0942476
-0.100239
-0.10608
-0.11178
-0.117342
-0.122767
-0.128055
-0.133207
-0.138224
-0.14311
-0.147864
-0.152489
0.0257805
0.0180653
0.0104488
0.0029344
-0.00447459
-0.0117753
-0.0189651
-0.0260416
-0.0330027
-0.0398464
-0.046571
-0.053175
-0.0596572
-0.0660179
-0.0722568
-0.0783757
-0.0842813
-0.0901507
-0.0959034
-0.101514
-0.106995
-0.112352
-0.117586
-0.122698
-0.127688
-0.132558
-0.13731
-0.141944
-0.146463
0.0238727
0.0165673
0.0093548
0.00223773
-0.00478133
-0.0117001
-0.0185166
-0.025229
-0.0318356
-0.0383349
-0.0447253
-0.0510055
-0.057174
-0.0632288
-0.0691666
-0.0749876
-0.080667
-0.086322
-0.0918366
-0.0972143
-0.10248
-0.107639
-0.112689
-0.11763
-0.122462
-0.127187
-0.131806
-0.13632
-0.140732
0.0220961
0.0151773
0.00834561
0.00160255
-0.00504984
-0.0116098
-0.0180758
-0.0244464
-0.0307204
-0.0368965
-0.0429736
-0.0489505
-0.0548256
-0.0605959
-0.0662543
-0.0717879
-0.0771666
-0.0826688
-0.0879813
-0.0931443
-0.0982066
-0.103177
-0.108051
-0.112827
-0.117506
-0.122089
-0.126578
-0.130973
-0.135276
0.0204379
0.0138838
0.00741078
0.00101973
-0.00528783
-0.0115105
-0.0176472
-0.0236969
-0.0296586
-0.0355316
-0.0413151
-0.0470086
-0.0526118
-0.0581257
-0.0635542
-0.0689072
-0.0742038
-0.0792498
-0.0842992
-0.0892793
-0.0941618
-0.098953
-0.103657
-0.108274
-0.112805
-0.117249
-0.121609
-0.125886
-0.130081
0.0188878
0.0126774
0.00654208
0.000482202
-0.00550113
-0.0114069
-0.0172342
-0.0229824
-0.0286509
-0.034239
-0.0397465
-0.0451731
-0.050519
-0.0557846
-0.0609706
-0.0660747
-0.0710928
-0.0759711
-0.0808303
-0.0856273
-0.0903343
-0.0949547
-0.0994954
-0.103959
-0.108344
-0.112654
-0.116887
-0.121047
-0.125133
0.0174362
0.0115497
0.00573214
-1.62243e-05
-0.00569471
-0.0113025
-0.0168391
-0.022304
-0.0276966
-0.0330168
-0.0382642
-0.0434387
-0.04854
-0.053568
-0.0585221
-0.0634005
-0.0682021
-0.072911
-0.0775888
-0.0821959
-0.0867222
-0.0911739
-0.0955557
-0.0998687
-0.104113
-0.10829
-0.112399
-0.116442
-0.12042
0.0160745
0.0104929
0.00497438
-0.000481017
-0.00587287
-0.0112006
-0.0164639
-0.0216622
-0.0267955
-0.0318634
-0.0368658
-0.0418024
-0.0466729
-0.051477
-0.0562139
-0.0608827
-0.0654836
-0.0700096
-0.0745251
-0.0789546
-0.0833054
-0.0875933
-0.0918219
-0.0959901
-0.100097
-0.104144
-0.108131
-0.112059
-0.115929
0.0147947
0.00950009
0.00426291
-0.000916965
-0.00603929
-0.0111037
-0.0161099
-0.0210576
-0.0259469
-0.0307774
-0.0355491
-0.0402619
-0.0449156
-0.0495099
-0.0540439
-0.0585155
-0.0629203
-0.0672496
-0.071606
-0.0758742
-0.0800657
-0.0842
-0.088282
-0.0923106
-0.0962849
-0.100205
-0.104073
-0.107887
-0.111651
0.0135897
0.00856507
0.00359251
-0.00132825
-0.0061971
-0.0110138
-0.0157782
-0.0204902
-0.0251496
-0.0297566
-0.0343112
-0.0388133
-0.0432633
-0.0476615
-0.0520092
-0.0563088
-0.0605653
-0.0647861
-0.0688634
-0.072944
-0.0769918
-0.080986
-0.084928
-0.0888211
-0.0926662
-0.0964634
-0.100213
-0.103917
-0.107574
0.0124528
0.00768223
0.00295856
-0.00171848
-0.00634891
-0.0109326
-0.0154694
-0.0199593
-0.0244024
-0.0287987
-0.0331482
-0.0374512
-0.0417079
-0.0459185
-0.0500835
-0.0542031
-0.0582756
-0.0622985
-0.0662501
-0.0701864
-0.0740893
-0.077944
-0.0817504
-0.0855125
-0.0892318
-0.0929087
-0.0965436
-0.100137
-0.10369
0.0113782
0.00684654
0.002357
-0.00209078
-0.00649687
-0.0108612
-0.0151837
-0.0194645
-0.0237035
-0.0279009
-0.0320567
-0.036171
-0.040244
-0.0442758
-0.0482664
-0.0522158
-0.0561233
-0.0599886
-0.0638043
-0.0675984
-0.0713552
-0.0750692
-0.0787421
-0.0823764
-0.085973
-0.0895322
-0.0930542
-0.0965395
-0.0999886
0.0103604
0.00605355
0.00178424
-0.00244782
-0.00664278
-0.0108006
-0.0149213
-0.0190048
-0.0230513
-0.0270608
-0.0310335
-0.0349692
-0.0388682
-0.0427304
-0.0465558
-0.0503444
-0.0540962
-0.057812
-0.0614891
-0.0651528
-0.0687715
-0.0723483
-0.075891
-0.0794016
-0.0828793
-0.0863239
-0.0897357
-0.093115
-0.0964622
0.00939466
0.00529924
0.00123715
-0.0027919
-0.00678807
-0.0107514
-0.0146818
-0.0185794
-0.0224442
-0.0262763
-0.0300758
-0.0338428
-0.0375772
-0.041279
-0.044948
-0.0485836
-0.0521842
-0.0557471
-0.0592676
-0.0628235
-0.0663199
-0.0697688
-0.0731872
-0.0765785
-0.0799414
-0.0832749
-0.0865793
-0.0898549
-0.0931022
0.00847661
0.00458009
0.000712987
-0.00312496
-0.00693391
-0.0107139
-0.0144649
-0.0181871
-0.0218804
-0.025545
-0.0291809
-0.0327883
-0.0363673
-0.0399181
-0.043441
-0.0469366
-0.0504065
-0.0538529
-0.0572786
-0.0606331
-0.0639847
-0.0673177
-0.0706228
-0.0739003
-0.0771518
-0.0803774
-0.0835773
-0.0867517
-0.0899009
0.00760232
0.00389294
0.00020938
-0.00344861
-0.00708117
-0.0106884
-0.0142702
-0.0178267
-0.021358
-0.0248641
-0.0283452
-0.0318013
-0.0352327
-0.0386395
-0.0420219
-0.0453803
-0.0487151
-0.0520256
-0.055311
-0.0585476
-0.0617803
-0.0649989
-0.0681925
-0.0713601
-0.0745038
-0.0776245
-0.0807226
-0.083798
-0.0868511
0.00676831
0.00323505
-0.000275701
-0.00376416
-0.00723047
-0.0106747
-0.0140968
-0.0174968
-0.0208749
-0.024231
-0.0275653
-0.0308778
-0.0341686
-0.0374378
-0.0406855
-0.0439118
-0.0471164
-0.050299
-0.0534591
-0.0565894
-0.0597092
-0.0628127
-0.0658944
-0.0689538
-0.0719922
-0.0750106
-0.078009
-0.0809875
-0.0839463
0.00597148
0.00260401
-0.00074399
-0.00407269
-0.00738222
-0.0106726
-0.0139439
-0.017196
-0.0204291
-0.0236431
-0.0268382
-0.0300143
-0.0331715
-0.0363098
-0.0394293
-0.04253
-0.0456118
-0.0486746
-0.0517182
-0.0547393
-0.0577494
-0.0607424
-0.0637162
-0.0666711
-0.0696079
-0.072527
-0.0754286
-0.0783127
-0.0811794
0.00520906
0.0019977
-0.00119696
-0.00437505
-0.00753668
-0.0106819
-0.0138106
-0.0169228
-0.0200187
-0.0230981
-0.0261611
-0.0292077
-0.032238
-0.0352518
-0.0382493
-0.0412305
-0.0441953
-0.0471437
-0.0500757
-0.0529895
-0.0558948
-0.0587825
-0.0616523
-0.064506
-0.0673444
-0.0701674
-0.072975
-0.0757672
-0.0785441
0.00447861
0.00141428
-0.00163587
-0.00467192
-0.00769397
-0.010702
-0.013696
-0.016676
-0.0196419
-0.0225937
-0.0255314
-0.0284551
-0.0313646
-0.03426
-0.0371412
-0.0400081
-0.0428607
-0.045699
-0.0485235
-0.0513333
-0.0541433
-0.0569309
-0.0596991
-0.062454
-0.0651967
-0.0679264
-0.0706426
-0.0733453
-0.0760346
0.00377797
0.00085215
-0.00206176
-0.00496383
-0.00785411
-0.0107326
-0.0135992
-0.016454
-0.0192968
-0.0221278
-0.0249467
-0.0277537
-0.0305487
-0.0333315
-0.036102
-0.0388601
-0.0416052
-0.0443364
-0.0470524
-0.0497517
-0.0524753
-0.055171
-0.0578446
-0.0605056
-0.0631565
-0.0657962
-0.0684242
-0.0710403
-0.0736446
0.00310522
0.000309939
-0.0024755
-0.00525112
-0.00801697
-0.010773
-0.0135192
-0.0162555
-0.0189818
-0.0216981
-0.0244045
-0.0271008
-0.029787
-0.0324633
-0.0351297
-0.0377864
-0.0404338
-0.0430731
-0.0457054
-0.0483319
-0.050908
-0.0534943
-0.0560804
-0.0586559
-0.0612195
-0.0637724
-0.0663149
-0.0688471
-0.0713689
0.0024587
-0.000213531
-0.00287778
-0.00553404
-0.00818233
-0.0108226
-0.0134548
-0.0160788
-0.0186947
-0.0213023
-0.0239016
-0.0264925
-0.0290751
-0.0316493
-0.0342151
-0.0367725
-0.0393213
-0.0418613
-0.0443918
-0.0469117
-0.0494138
-0.0519159
-0.0544144
-0.0569035
-0.0593821
-0.061851
-0.0643107
-0.0667614
-0.0692029
0.00183695
-0.000719253
-0.00326914
-0.00581268
-0.00834987
-0.0108806
-0.0134049
-0.0159226
-0.0184337
-0.020938
-0.0234355
-0.0259262
-0.0284099
-0.0308866
-0.0333562
-0.0358186
-0.0382737
-0.0407212
-0.043161
-0.0455929
-0.048014
-0.0504312
-0.0528426
-0.0552462
-0.0576413
-0.0600283
-0.0624075
-0.0647788
-0.0671422
0.00123868
-0.00120808
-0.00365001
-0.00608708
-0.00851923
-0.0109464
-0.0133685
-0.0157854
-0.018197
-0.0206033
-0.0230041
-0.0253993
-0.0277889
-0.0301728
-0.0325508
-0.0349228
-0.0372888
-0.0396485
-0.042002
-0.0443488
-0.0466876
-0.0490223
-0.0513512
-0.0536733
-0.0559885
-0.0582969
-0.0605985
-0.0628931
-0.0651809
0.00066279
-0.00168072
-0.00402074
-0.0063572
-0.00869004
-0.0110192
-0.0133445
-0.0156658
-0.0179831
-0.0202963
-0.0226051
-0.0249096
-0.0272097
-0.0295051
-0.0317957
-0.0340816
-0.0363624
-0.0386382
-0.0409088
-0.0431739
-0.0454329
-0.0476887
-0.0499389
-0.0521831
-0.0544213
-0.0566537
-0.0588802
-0.0611008
-0.0633153
0.000108278
-0.00213781
-0.00438159
-0.00662297
-0.00886188
-0.0110982
-0.0133318
-0.0155626
-0.0177904
-0.0200152
-0.0222367
-0.0244549
-0.0266696
-0.0288807
-0.0310882
-0.0332918
-0.0354914
-0.0376869
-0.0398781
-0.042065
-0.0442469
-0.0464273
-0.0486019
-0.0507709
-0.0529348
-0.0550939
-0.057248
-0.059397
-0.0615407
-0.000425722
-0.00257987
-0.00473277
-0.0068843
-0.00903437
-0.0111829
-0.0133296
-0.0154745
-0.0176175
-0.0197582
-0.0218968
-0.0240329
-0.0261664
-0.0282972
-0.0304252
-0.0325502
-0.0346721
-0.0367906
-0.0389058
-0.0410176
-0.0431256
-0.045236
-0.0473385
-0.0494344
-0.0515261
-0.0536143
-0.0556985
-0.0577783
-0.0598535
0.00112747
-0.000939975
-0.00300736
-0.00507442
-0.00714103
-0.00920707
-0.0112724
-0.0133369
-0.0154005
-0.0174628
-0.0195239
-0.0215836
-0.0236417
-0.025698
-0.0277524
-0.0298047
-0.0318546
-0.033902
-0.0359464
-0.0379874
-0.0400243
-0.042057
-0.0441034
-0.046139
-0.048166
-0.0501891
-0.0522095
-0.0542266
-0.0562398
-0.0582491
0.000549604
-0.00143515
-0.00342065
-0.00540665
-0.00739299
-0.00937957
-0.0113662
-0.0133528
-0.0153392
-0.0173252
-0.0193107
-0.0212956
-0.0232796
-0.0252626
-0.0272446
-0.0292254
-0.0312049
-0.033183
-0.03516
-0.0371359
-0.0391111
-0.0410853
-0.0430378
-0.0449975
-0.0469602
-0.0489203
-0.0508764
-0.052829
-0.0547783
-0.0567241
-5.0537e-06
-0.00191182
-0.00382005
-0.00572948
-0.00763997
-0.00955138
-0.0114636
-0.0133764
-0.0152896
-0.0172032
-0.0191169
-0.0210305
-0.022944
-0.0248571
-0.0267697
-0.0286817
-0.0305928
-0.0325029
-0.0344117
-0.0363191
-0.0382245
-0.0401274
-0.0420247
-0.0439236
-0.0458228
-0.0477196
-0.0496132
-0.0515037
-0.0533913
-0.0552759
-0.000537261
-0.00237049
-0.00420579
-0.00604292
-0.00788172
-0.00972204
-0.0115637
-0.0134066
-0.0152506
-0.0170954
-0.0189408
-0.0207869
-0.0226332
-0.0244798
-0.0263263
-0.0281727
-0.0300187
-0.0318641
-0.0337088
-0.0355525
-0.0373951
-0.0392363
-0.0410746
-0.0429126
-0.0447497
-0.0465849
-0.0484178
-0.0502482
-0.0520763
-0.0539017
-0.0010477
-0.0028116
-0.0045781
-0.00634696
-0.00811802
-0.00989113
-0.0116661
-0.0134428
-0.015221
-0.0170006
-0.0187814
-0.0205632
-0.0223458
-0.024129
-0.0259127
-0.0276967
-0.0294807
-0.0312646
-0.0330483
-0.0348314
-0.0366139
-0.0383953
-0.040175
-0.0419543
-0.0437326
-0.0455094
-0.0472844
-0.0490574
-0.0508284
-0.0525971
-0.001537
-0.00323554
-0.00493716
-0.00664159
-0.00834867
-0.0100582
-0.0117701
-0.0134842
-0.0152002
-0.016918
-0.0186373
-0.0203581
-0.0220802
-0.0238033
-0.0255272
-0.0272518
-0.0289769
-0.0307022
-0.0324277
-0.034153
-0.035878
-0.0376025
-0.0393258
-0.0410489
-0.0427712
-0.0444922
-0.0462117
-0.0479297
-0.0496458
-0.05136
-0.0020057
-0.00364269
-0.00528313
-0.00692678
-0.00857345
-0.010223
-0.0118752
-0.01353
-0.0151871
-0.0168463
-0.0185076
-0.0201705
-0.0218351
-0.023501
-0.0251682
-0.0268363
-0.0285053
-0.0301749
-0.0318449
-0.0335151
-0.0351853
-0.0368553
-0.0385247
-0.0401941
-0.0418628
-0.0435304
-0.0451968
-0.046862
-0.0485256
-0.0501875
-0.00245434
-0.00403336
-0.00561616
-0.0072025
-0.00879219
-0.0103851
-0.011981
-0.0135797
-0.015181
-0.0167849
-0.018391
-0.0199991
-0.0216091
-0.0232209
-0.0248341
-0.0264486
-0.0280642
-0.0296807
-0.0312979
-0.0329156
-0.0345336
-0.0361517
-0.0377695
-0.0393877
-0.0410052
-0.0426218
-0.0442375
-0.0458521
-0.0474654
-0.0490773
-0.00288335
-0.00440785
-0.00593638
-0.00746872
-0.00900468
-0.0105441
-0.0120868
-0.0136326
-0.0151813
-0.0167327
-0.0182866
-0.0198428
-0.0214012
-0.0229615
-0.0245235
-0.0260871
-0.027652
-0.029218
-0.030785
-0.0323526
-0.0339208
-0.0354893
-0.0370578
-0.0386271
-0.0401958
-0.0417638
-0.043331
-0.0448973
-0.0464625
-0.0480265
-0.00329317
-0.00476641
-0.0062439
-0.00772541
-0.00921077
-0.0106998
-0.0121923
-0.0136881
-0.0151871
-0.0166889
-0.0181935
-0.0197006
-0.0212101
-0.0227216
-0.0242352
-0.0257504
-0.0272672
-0.0287853
-0.0303046
-0.0318249
-0.0333459
-0.0348677
-0.0363899
-0.0379137
-0.0394358
-0.0409566
-0.0424769
-0.0439968
-0.0455159
-0.0470339
-0.00368416
-0.00510928
-0.00653881
-0.00797254
-0.00941029
-0.0108519
-0.0122971
-0.0137458
-0.0151978
-0.0166529
-0.0181109
-0.0195716
-0.0210347
-0.0225001
-0.0239676
-0.0254368
-0.0269077
-0.0283799
-0.0298531
-0.031327
-0.0328011
-0.0342753
-0.0357494
-0.0372373
-0.0387185
-0.040195
-0.0416707
-0.0431465
-0.0446219
-0.0460963
-0.00405667
-0.00543667
-0.00682122
-0.00821009
-0.00960312
-0.0110001
-0.0124009
-0.0138053
-0.0152132
-0.0166243
-0.0180384
-0.0194553
-0.020875
-0.0222971
-0.0237215
-0.025148
-0.0265765
-0.0280067
-0.0294387
-0.0308722
-0.0323073
-0.0337439
-0.0351816
-0.0366064
-0.038038
-0.0394738
-0.0409098
-0.0423447
-0.0437786
-0.0452116
-0.00441097
-0.00574874
-0.00709114
-0.00843797
-0.00978904
-0.0111442
-0.0125032
-0.013866
-0.0152322
-0.0166018
-0.0179745
-0.0193502
-0.0207286
-0.0221096
-0.0234929
-0.0248783
-0.0262657
-0.0276547
-0.0290453
-0.0304371
-0.0318299
-0.0332234
-0.0346172
-0.0360099
-0.0374046
-0.0388007
-0.0401966
-0.0415918
-0.0429862
-0.0443797
-0.0047473
-0.00604562
-0.00734863
-0.00865611
-0.00996791
-0.0112838
-0.0126037
-0.0139274
-0.0152546
-0.0165852
-0.017919
-0.0192558
-0.0205955
-0.0219377
-0.0232823
-0.0246292
-0.025978
-0.0273287
-0.0286809
-0.0300345
-0.0313893
-0.032745
-0.0341014
-0.0354577
-0.0368148
-0.0381724
-0.0395299
-0.0408871
-0.0422437
-0.0435996
-0.0050659
-0.00632745
-0.00759371
-0.00886449
-0.0101396
-0.0114189
-0.0127021
-0.0139892
-0.0152798
-0.0165739
-0.0178712
-0.0191716
-0.0204748
-0.0217807
-0.023089
-0.0243995
-0.0257121
-0.0270266
-0.0283427
-0.0296602
-0.0309789
-0.0322986
-0.0336191
-0.0349398
-0.0362612
-0.037583
-0.0389047
-0.0402263
-0.0415474
-0.0428679
-0.00536694
-0.00659434
-0.00782644
-0.00906305
-0.010304
-0.0115491
-0.0127982
-0.0140511
-0.0153076
-0.0165676
-0.0178308
-0.019097
-0.0203661
-0.0216379
-0.0229122
-0.0241887
-0.0254673
-0.0267478
-0.02803
-0.0293136
-0.0305984
-0.0318843
-0.0331711
-0.0344583
-0.0357461
-0.0370342
-0.0383224
-0.0396103
-0.0408979
-0.0421849
-0.00565058
-0.00684638
-0.00804684
-0.00925178
-0.010461
-0.0116744
-0.0128918
-0.0141129
-0.0153376
-0.0165658
-0.0177972
-0.0190317
-0.020269
-0.0215089
-0.0227514
-0.0239961
-0.0252429
-0.0264916
-0.027742
-0.0289938
-0.0302469
-0.0315011
-0.0327562
-0.0340118
-0.0352679
-0.0365244
-0.037781
-0.0390374
-0.0402934
-0.0415489
-0.00591694
-0.00708363
-0.00825492
-0.00943064
-0.0106106
-0.0117947
-0.0129826
-0.0141744
-0.0153697
-0.0165683
-0.0177702
-0.0189751
-0.0201829
-0.0213932
-0.0226061
-0.0238212
-0.0250384
-0.0262574
-0.0274781
-0.0287003
-0.0299238
-0.0311483
-0.0323737
-0.0335997
-0.0348263
-0.0360532
-0.0372801
-0.038507
-0.0397335
-0.0409595
-0.00616609
-0.00730612
-0.00845067
-0.00959956
-0.0107526
-0.0119097
-0.0130707
-0.0142353
-0.0154034
-0.0165749
-0.0177495
-0.0189271
-0.0201075
-0.0212905
-0.0224759
-0.0236635
-0.0248532
-0.0260447
-0.0272379
-0.0284325
-0.0296284
-0.0308254
-0.0320232
-0.0332216
-0.0344206
-0.0356199
-0.0368193
-0.0380186
-0.0392175
-0.040416
-0.00639806
-0.00751385
-0.00863405
-0.0097585
-0.010887
-0.0120195
-0.0131557
-0.0142955
-0.0154388
-0.0165853
-0.0177349
-0.0188874
-0.0200426
-0.0212004
-0.0223605
-0.0235228
-0.0246871
-0.0258532
-0.0270209
-0.0281901
-0.0293605
-0.0305319
-0.0317042
-0.0328771
-0.0340505
-0.0352242
-0.036398
-0.0375717
-0.0387451
-0.039918
-0.00661282
-0.00770677
-0.00880502
-0.00990739
-0.0110137
-0.0121239
-0.0132377
-0.014355
-0.0154756
-0.0165994
-0.0177262
-0.0188558
-0.0199881
-0.0211228
-0.0222598
-0.0233989
-0.02454
-0.0256828
-0.0268272
-0.0279729
-0.0291199
-0.0302679
-0.0314167
-0.0325661
-0.0337159
-0.0348661
-0.0360163
-0.0371665
-0.0383163
-0.0394657
-0.00681024
-0.00788477
-0.00896344
-0.0100461
-0.0111326
-0.0122227
-0.0133164
-0.0144135
-0.0155138
-0.0166171
-0.0177233
-0.0188322
-0.0199437
-0.0210576
-0.0221736
-0.0232917
-0.0244117
-0.0255333
-0.0266564
-0.0277809
-0.0289065
-0.030033
-0.0311604
-0.0322883
-0.0334167
-0.0345454
-0.0356741
-0.0368026
-0.0379309
-0.0390587
-0.00699028
-0.00804781
-0.00910931
-0.0101746
-0.0112436
-0.0123162
-0.0133921
-0.0144712
-0.0155534
-0.0166386
-0.0177265
-0.018817
-0.0199099
-0.0210051
-0.0221024
-0.0232016
-0.0243026
-0.0254052
-0.0265092
-0.0276145
-0.0287209
-0.0298282
-0.0309362
-0.0320447
-0.0331537
-0.0342629
-0.0353721
-0.0364812
-0.0375899
-0.0386982
-0.0071524
-0.00819536
-0.00924211
-0.0102925
-0.0113464
-0.0124036
-0.0134641
-0.0145276
-0.015594
-0.0166632
-0.0177351
-0.0188093
-0.0198859
-0.0209647
-0.0220454
-0.0231279
-0.0242121
-0.0252979
-0.0263849
-0.0274731
-0.0285624
-0.0296525
-0.0307432
-0.0318345
-0.0329261
-0.0340179
-0.0351097
-0.0362014
-0.0372927
-0.0383835
-0.00729704
-0.00832801
-0.00936255
-0.0104005
-0.0114418
-0.0124863
-0.0135337
-0.0145841
-0.0156372
-0.0166929
-0.017751
-0.0188115
-0.0198741
-0.0209387
-0.0220052
-0.0230734
-0.0241431
-0.0252142
-0.0262865
-0.02736
-0.0284343
-0.0295094
-0.0305851
-0.0316612
-0.0327376
-0.0338142
-0.0348907
-0.0359671
-0.0370431
-0.0381185
-0.0074217
-0.0084431
-0.00946784
-0.0104958
-0.0115268
-0.0125608
-0.0135976
-0.0146371
-0.0156791
-0.0167235
-0.0177703
-0.0188191
-0.01987
-0.0209227
-0.0219771
-0.0230331
-0.0240905
-0.0251492
-0.026209
-0.0272698
-0.0283314
-0.0293937
-0.0304566
-0.0315198
-0.0325833
-0.0336469
-0.0347104
-0.0357737
-0.0368367
-0.0378991
-0.00753097
-0.00854589
-0.00956388
-0.0105848
-0.0116086
-0.0126351
-0.0136642
-0.0146957
-0.0157295
-0.0167655
-0.0178036
-0.0188436
-0.0198854
-0.0209289
-0.0219739
-0.0230202
-0.0240679
-0.0251166
-0.0261663
-0.0272169
-0.0282681
-0.0293199
-0.0303721
-0.0314246
-0.0324772
-0.0335298
-0.0345823
-0.0356345
-0.0366863
-0.0377376
-0.00761078
-0.00862112
-0.00963427
-0.0106501
-0.0116686
-0.0126895
-0.0137128
-0.0147383
-0.015766
-0.0167957
-0.0178273
-0.0188606
-0.0198956
-0.0209321
-0.02197
-0.0230091
-0.0240494
-0.0250907
-0.0261328
-0.0271757
-0.0282192
-0.0292632
-0.0303076
-0.0313522
-0.0323974
-0.0334424
-0.034487
-0.0355313
-0.0365752
-0.0376185
-0.00769332
-0.00870407
-0.00971723
-0.0107327
-0.0117503
-0.01277
-0.0137917
-0.0148152
-0.0158405
-0.0168674
-0.0178957
-0.0189255
-0.0199566
-0.0209888
-0.0220221
-0.0230564
-0.0240915
-0.0251273
-0.0261637
-0.0272006
-0.0282379
-0.0292755
-0.0303132
-0.031351
-0.032388
-0.0334252
-0.0344625
-0.0354994
-0.0365358
-0.0375716
-0.00668772
-0.00769584
-0.00870648
-0.00971954
-0.0107349
-0.0117524
-0.012772
-0.0137936
-0.014817
-0.0158421
-0.0168688
-0.0178971
-0.0189267
-0.0199577
-0.0209898
-0.0220229
-0.023057
-0.0240919
-0.0251276
-0.0261638
-0.0272006
-0.0282377
-0.0292752
-0.0303127
-0.0313503
-0.0323871
-0.0334241
-0.0344612
-0.035498
-0.0365342
-0.0375697
-0.00660607
-0.00761338
-0.00862361
-0.00963665
-0.0106524
-0.0116707
-0.0126915
-0.0137147
-0.0147401
-0.0157677
-0.0167973
-0.0178287
-0.0188619
-0.0198967
-0.0209331
-0.0219708
-0.0230098
-0.0240499
-0.0250911
-0.0261331
-0.0271758
-0.0282191
-0.029263
-0.0303072
-0.0313516
-0.0323967
-0.0334414
-0.0344858
-0.0355299
-0.0365736
-0.0376168
-0.00652209
-0.0075337
-0.00854852
-0.00956641
-0.0105872
-0.0116109
-0.0126373
-0.0136662
-0.0146976
-0.0157313
-0.0167672
-0.0178052
-0.0188451
-0.0198867
-0.0209301
-0.0219749
-0.0230211
-0.0240686
-0.0251172
-0.0261667
-0.0272171
-0.0282682
-0.0293198
-0.0303719
-0.0314242
-0.0324766
-0.033529
-0.0345813
-0.0356333
-0.0366849
-0.037736
-0.00640677
-0.00742462
-0.00844592
-0.00947056
-0.0104984
-0.0115293
-0.0125632
-0.0135999
-0.0146392
-0.0156811
-0.0167255
-0.0177721
-0.0188208
-0.0198715
-0.0209241
-0.0219784
-0.0230342
-0.0240915
-0.02515
-0.0262097
-0.0272703
-0.0283318
-0.0293939
-0.0304566
-0.0315196
-0.032583
-0.0336464
-0.0347097
-0.0357728
-0.0368356
-0.0378978
-0.00627302
-0.0073002
-0.00833108
-0.00936552
-0.0104034
-0.0114446
-0.0124889
-0.0135363
-0.0145865
-0.0156395
-0.0166951
-0.0177531
-0.0188134
-0.0198759
-0.0209404
-0.0220067
-0.0230748
-0.0241443
-0.0252153
-0.0262875
-0.0273608
-0.0284349
-0.0295099
-0.0305854
-0.0316614
-0.0327376
-0.033814
-0.0348904
-0.0359665
-0.0370423
-0.0381176
-0.00611689
-0.00715585
-0.00819872
-0.00924537
-0.0102957
-0.0113494
-0.0124066
-0.0134669
-0.0145303
-0.0155967
-0.0166658
-0.0177375
-0.0188116
-0.0198881
-0.0209667
-0.0220473
-0.0231297
-0.0242138
-0.0252993
-0.0263862
-0.0274743
-0.0285634
-0.0296533
-0.0307439
-0.031835
-0.0329265
-0.0340181
-0.0351097
-0.0362012
-0.0372924
-0.038383
-0.00594073
-0.00699406
-0.00805151
-0.00911292
-0.0101781
-0.0112471
-0.0123195
-0.0133953
-0.0144743
-0.0155564
-0.0166415
-0.0177292
-0.0188196
-0.0199124
-0.0210075
-0.0221047
-0.0232038
-0.0243046
-0.0254071
-0.026511
-0.0276161
-0.0287223
-0.0298295
-0.0309373
-0.0320457
-0.0331545
-0.0342635
-0.0353726
-0.0364815
-0.0375901
-0.0386982
-0.00681439
-0.00788883
-0.00896741
-0.01005
-0.0111364
-0.0122264
-0.01332
-0.014417
-0.0155172
-0.0166204
-0.0177265
-0.0188353
-0.0199467
-0.0210604
-0.0221763
-0.0232943
-0.0244141
-0.0255356
-0.0266586
-0.027783
-0.0289084
-0.0300348
-0.031162
-0.0322898
-0.0334181
-0.0345465
-0.0356751
-0.0368035
-0.0379316
-0.0390592
-0.00661736
-0.00771124
-0.0088094
-0.00991169
-0.0110179
-0.012128
-0.0132417
-0.0143589
-0.0154795
-0.0166032
-0.0177299
-0.0188594
-0.0199915
-0.0211261
-0.022263
-0.023402
-0.024543
-0.0256857
-0.0268299
-0.0279755
-0.0291224
-0.0302702
-0.0314188
-0.0325681
-0.0337178
-0.0348679
-0.0360179
-0.0371679
-0.0383176
-0.0394668
-0.00640303
-0.00751875
-0.00863887
-0.00976324
-0.0108917
-0.0120241
-0.0131602
-0.0143
-0.0154431
-0.0165895
-0.017739
-0.0188914
-0.0200465
-0.0212042
-0.0223642
-0.0235264
-0.0246906
-0.0258566
-0.0270242
-0.0281932
-0.0293635
-0.0305348
-0.031707
-0.0328797
-0.034053
-0.0352266
-0.0364003
-0.0375738
-0.038747
-0.0399198
-0.00617151
-0.00731147
-0.00845595
-0.00960478
-0.0107578
-0.0119148
-0.0130757
-0.0142402
-0.0154083
-0.0165797
-0.0177542
-0.0189317
-0.020112
-0.0212949
-0.0224802
-0.0236677
-0.0248573
-0.0260487
-0.0272417
-0.0284363
-0.029632
-0.0308289
-0.0320266
-0.0332249
-0.0344238
-0.0356229
-0.0368222
-0.0380213
-0.0392201
-0.0404184
-0.00592282
-0.00708945
-0.00826068
-0.00943634
-0.0106162
-0.0118002
-0.0129881
-0.0141798
-0.015375
-0.0165736
-0.0177754
-0.0189802
-0.0201879
-0.0213982
-0.0226109
-0.023826
-0.025043
-0.026262
-0.0274826
-0.0287047
-0.029928
-0.0311525
-0.0323778
-0.0336037
-0.0348301
-0.0360569
-0.0372837
-0.0385104
-0.0397368
-0.0409627
-0.00565694
-0.00685269
-0.0080531
-0.00925799
-0.0104672
-0.0116805
-0.0128978
-0.0141189
-0.0153435
-0.0165716
-0.017803
-0.0190374
-0.0202746
-0.0215145
-0.0227569
-0.0240015
-0.0252482
-0.0264968
-0.0277471
-0.0289989
-0.0302519
-0.031506
-0.0327609
-0.0340164
-0.0352725
-0.0365289
-0.0377853
-0.0390416
-0.0402975
-0.0415529
-0.00537378
-0.00660115
-0.00783321
-0.00906977
-0.0103107
-0.0115557
-0.0128048
-0.0140576
-0.0153141
-0.016574
-0.0178371
-0.0191033
-0.0203724
-0.0216441
-0.0229183
-0.0241947
-0.0254733
-0.0267537
-0.0280358
-0.0293193
-0.0306041
-0.0318899
-0.0331765
-0.0344636
-0.0357513
-0.0370394
-0.0383274
-0.0396153
-0.0409028
-0.0421897
-0.00507324
-0.00633476
-0.00760099
-0.00887172
-0.0101468
-0.011426
-0.0127092
-0.0139962
-0.0152868
-0.0165809
-0.0178782
-0.0191785
-0.0204816
-0.0217874
-0.0230957
-0.0244062
-0.0257187
-0.0270331
-0.0283491
-0.0296666
-0.0309852
-0.0323048
-0.0336252
-0.0349459
-0.0362672
-0.0375889
-0.0389106
-0.0402321
-0.0415531
-0.0428735
-0.00475514
-0.00605344
-0.00735641
-0.00866387
-0.00997564
-0.0112915
-0.0126114
-0.013935
-0.0152622
-0.0165928
-0.0179265
-0.0192633
-0.0206029
-0.0219451
-0.0232897
-0.0246365
-0.0259853
-0.0273359
-0.0286881
-0.0300416
-0.0313964
-0.032752
-0.0341084
-0.0354646
-0.0368217
-0.0381791
-0.0395366
-0.0408937
-0.0422503
-0.0436061
-0.0044193
-0.00575705
-0.00709944
-0.00844625
-0.0097973
-0.0111524
-0.0125114
-0.0138742
-0.0152404
-0.01661
-0.0179827
-0.0193583
-0.0207367
-0.0221176
-0.0235009
-0.0248863
-0.0262736
-0.0276626
-0.0290532
-0.0304449
-0.0318377
-0.0332311
-0.0346249
-0.0360175
-0.0374122
-0.0388082
-0.0402041
-0.0415992
-0.0429936
-0.0443871
-0.00406549
-0.00544548
-0.00683002
-0.00821889
-0.00961191
-0.0110089
-0.0124097
-0.0138141
-0.0152219
-0.016633
-0.0180471
-0.019464
-0.0208837
-0.0223057
-0.0237301
-0.0251566
-0.0265851
-0.0280153
-0.0294472
-0.0308808
-0.0323158
-0.0337524
-0.0351901
-0.0366149
-0.0380464
-0.0394822
-0.0409181
-0.042353
-0.0437869
-0.0452198
-0.00369346
-0.00511858
-0.00654811
-0.00798185
-0.0094196
-0.0108612
-0.0123064
-0.0137552
-0.0152072
-0.0166622
-0.0181202
-0.0195809
-0.021044
-0.0225094
-0.0239768
-0.0254461
-0.026917
-0.0283891
-0.0298623
-0.0313362
-0.0328104
-0.0342846
-0.0357586
-0.0372465
-0.0387277
-0.0402042
-0.0416799
-0.0431557
-0.044631
-0.0461054
-0.00330293
-0.00477619
-0.00625369
-0.00773522
-0.00922059
-0.0107096
-0.0122022
-0.013698
-0.0151969
-0.0166988
-0.0182034
-0.0197105
-0.02122
-0.0227316
-0.0242451
-0.0257603
-0.0272771
-0.0287953
-0.0303146
-0.0318348
-0.0333559
-0.0348777
-0.0363999
-0.0379237
-0.0394458
-0.0409666
-0.0424869
-0.0440068
-0.0455259
-0.047044
-0.00289357
-0.00441809
-0.00594665
-0.00747901
-0.009015
-0.0105544
-0.0120972
-0.013643
-0.0151917
-0.0167431
-0.018297
-0.0198533
-0.0214117
-0.022972
-0.0245341
-0.0260977
-0.0276626
-0.0292286
-0.0307956
-0.0323633
-0.0339315
-0.0355
-0.0370686
-0.0386379
-0.0402066
-0.0417746
-0.0433418
-0.0449082
-0.0464734
-0.0480374
-0.002465
-0.00404406
-0.00562689
-0.00721326
-0.00880299
-0.0103959
-0.0119918
-0.0135906
-0.015192
-0.0167958
-0.018402
-0.0200102
-0.0216202
-0.023232
-0.0248453
-0.0264598
-0.0280754
-0.029692
-0.0313092
-0.032927
-0.034545
-0.0361631
-0.037781
-0.0393992
-0.0410168
-0.0426335
-0.0442492
-0.0458639
-0.0474772
-0.0490891
-0.00201679
-0.00365382
-0.0052943
-0.00693799
-0.00858472
-0.0102343
-0.0118866
-0.0135414
-0.0151986
-0.0168579
-0.0185191
-0.0201821
-0.0218467
-0.0235127
-0.0251799
-0.0268481
-0.0285172
-0.0301868
-0.0318569
-0.0335271
-0.0351974
-0.0368675
-0.038537
-0.0402064
-0.0418751
-0.0435428
-0.0452093
-0.0468745
-0.0485382
-0.0502002
-0.00154848
-0.00324709
-0.00494875
-0.00665324
-0.00836038
-0.01007
-0.011782
-0.0134961
-0.0152121
-0.01693
-0.0186494
-0.0203703
-0.0220924
-0.0238155
-0.0255395
-0.0272642
-0.0289893
-0.0307148
-0.0324403
-0.0341657
-0.0358908
-0.0376153
-0.0393388
-0.041062
-0.0427843
-0.0445054
-0.046225
-0.0479431
-0.0496593
-0.0513736
-0.00105957
-0.00282353
-0.0045901
-0.00635903
-0.00813016
-0.00990334
-0.0116784
-0.0134552
-0.0152335
-0.0170131
-0.018794
-0.0205758
-0.0223585
-0.0241418
-0.0259256
-0.0277096
-0.0294938
-0.0312778
-0.0330615
-0.0348448
-0.0366273
-0.0384089
-0.0401887
-0.041968
-0.0437464
-0.0455233
-0.0472984
-0.0490716
-0.0508427
-0.0526115
-0.000549487
-0.00238279
-0.00421817
-0.00605538
-0.00789426
-0.00973467
-0.0115764
-0.0134194
-0.0152634
-0.0171083
-0.0189539
-0.0208
-0.0226465
-0.0244931
-0.0263397
-0.0281862
-0.0300323
-0.0318778
-0.0337226
-0.0355665
-0.0374092
-0.0392505
-0.0410889
-0.042927
-0.0447643
-0.0465996
-0.0484326
-0.0502632
-0.0520914
-0.0539169
-1.76168e-05
-0.00192447
-0.00383279
-0.00574231
-0.00765289
-0.00956439
-0.0114767
-0.0133896
-0.0153029
-0.0172166
-0.0191304
-0.0210441
-0.0229577
-0.024871
-0.0267837
-0.0286957
-0.030607
-0.0325172
-0.0344261
-0.0363336
-0.0382391
-0.0401423
-0.0420397
-0.0439388
-0.0458381
-0.0477351
-0.0496288
-0.0515195
-0.0534072
-0.055292
0.000536728
-0.00144812
-0.00343373
-0.00541982
-0.00740627
-0.00939295
-0.0113797
-0.0133664
-0.0153529
-0.0173391
-0.0193247
-0.0213096
-0.0232938
-0.0252769
-0.027259
-0.0292399
-0.0312195
-0.0331978
-0.0351749
-0.0371509
-0.0391261
-0.0411004
-0.0430534
-0.0450133
-0.0469762
-0.0489364
-0.0508927
-0.0528455
-0.0547949
-0.0567409
0.00111431
-0.000953246
-0.00302074
-0.00508791
-0.00715463
-0.00922079
-0.0112863
-0.0133509
-0.0154145
-0.0174771
-0.0195383
-0.0215981
-0.0236563
-0.0257128
-0.0277673
-0.0298197
-0.0318699
-0.0339174
-0.035962
-0.0380032
-0.0400405
-0.0420734
-0.0441196
-0.0461552
-0.0481824
-0.0502058
-0.0522264
-0.0542437
-0.0562572
-0.0582667
0.00171599
-0.000439266
-0.00259354
-0.00474655
-0.00689821
-0.0090484
-0.011197
-0.0133439
-0.015489
-0.017632
-0.019773
-0.0219116
-0.0240479
-0.0261816
-0.0283126
-0.0304407
-0.0325659
-0.0346879
-0.0368066
-0.038922
-0.0410339
-0.0431421
-0.0452527
-0.0473554
-0.0494515
-0.0515435
-0.0536319
-0.0557164
-0.0577964
-0.0598718
0.00234274
9.44857e-05
-0.00215173
-0.00439565
-0.00663716
-0.00887621
-0.0111127
-0.0133464
-0.0155774
-0.0178053
-0.0200302
-0.0222519
-0.0244703
-0.0266852
-0.0288965
-0.0311041
-0.0333078
-0.0355076
-0.0377033
-0.0398948
-0.0420819
-0.044264
-0.0464446
-0.0486195
-0.0507886
-0.0529528
-0.0551121
-0.0572665
-0.0594157
-0.0615597
0.00299564
0.000648773
-0.00169488
-0.00403504
-0.00637164
-0.00870462
-0.0110339
-0.0133593
-0.0156809
-0.0179983
-0.0203116
-0.0226207
-0.0249254
-0.0272256
-0.0295211
-0.031812
-0.0340981
-0.0363791
-0.0386551
-0.0409259
-0.0431913
-0.0454504
-0.0477065
-0.0499569
-0.0522013
-0.0544398
-0.0566725
-0.0588993
-0.0611201
-0.0633349
0.00367592
0.00122447
-0.00122244
-0.00366453
-0.00610175
-0.00853406
-0.0109614
-0.0133836
-0.0158007
-0.0182125
-0.020619
-0.0230199
-0.0254154
-0.0278052
-0.0301892
-0.0325674
-0.0349397
-0.0373058
-0.0396658
-0.0420195
-0.0443665
-0.0467056
-0.0490406
-0.0513697
-0.0536921
-0.0560076
-0.0583162
-0.0606181
-0.0629131
-0.0652011
0.00438495
0.00182255
-0.000733805
-0.00328385
-0.00582755
-0.00836491
-0.0108959
-0.0134203
-0.0159382
-0.0184494
-0.0209539
-0.0234517
-0.0259425
-0.0284264
-0.0309034
-0.0333732
-0.0358358
-0.0382911
-0.0407389
-0.0431789
-0.045611
-0.0480324
-0.0504499
-0.0528616
-0.0552654
-0.0576608
-0.0600482
-0.0624277
-0.0647993
-0.067163
0.00512426
0.00244415
-0.000228248
-0.00289266
-0.00554909
-0.00819756
-0.010838
-0.0134704
-0.0160946
-0.0187107
-0.0213185
-0.023918
-0.0265091
-0.0290919
-0.0316664
-0.0342324
-0.03679
-0.039339
-0.0418793
-0.04441
-0.0469302
-0.0494327
-0.0519351
-0.0544338
-0.0569232
-0.0594021
-0.0618713
-0.0643314
-0.0667824
-0.0692242
0.00589556
0.00309053
0.000295078
-0.00249053
-0.00526634
-0.00803237
-0.0107886
-0.013535
-0.0162714
-0.018998
-0.0217145
-0.0244211
-0.0271176
-0.0298041
-0.0324806
-0.0351472
-0.0378041
-0.0404518
-0.0430913
-0.0457238
-0.0483503
-0.050927
-0.0535138
-0.0561002
-0.058676
-0.0612399
-0.0637931
-0.066336
-0.0688686
-0.0713907
0.0067008
0.00376316
0.000837165
-0.00207693
-0.00497918
-0.00786965
-0.0107483
-0.0136152
-0.0164701
-0.0193132
-0.0221444
-0.0249636
-0.0277708
-0.0305659
-0.033349
-0.0361198
-0.0388782
-0.0416236
-0.0443552
-0.0470716
-0.0497713
-0.0524948
-0.0551907
-0.0578646
-0.060526
-0.0631772
-0.0658173
-0.0684456
-0.0710621
-0.0736668
0.00754216
0.00446371
0.00139919
-0.00165115
-0.0046874
-0.00770964
-0.0107179
-0.0137121
-0.0166923
-0.0196584
-0.0226104
-0.0255484
-0.0284723
-0.0313821
-0.0342777
-0.0371592
-0.0400264
-0.0428793
-0.0457179
-0.0485425
-0.0513526
-0.0541629
-0.0569508
-0.0597195
-0.0624747
-0.0652177
-0.0679478
-0.0706644
-0.0733675
-0.0760573
0.00842208
0.00519407
0.00198252
-0.00121234
-0.00439063
-0.00755246
-0.0106978
-0.0138268
-0.0169393
-0.0200353
-0.023115
-0.0261782
-0.0292251
-0.0322556
-0.0352697
-0.0382675
-0.041249
-0.0442141
-0.0471628
-0.050095
-0.0530091
-0.0559148
-0.0588028
-0.061673
-0.064527
-0.0673658
-0.0701892
-0.0729971
-0.0757898
-0.0785671
0.00595642
0.00258876
-0.000759442
-0.00408835
-0.00739809
-0.0106887
-0.0139602
-0.0172125
-0.0204458
-0.0236601
-0.0268554
-0.0300318
-0.0331892
-0.0363279
-0.0394477
-0.0425486
-0.0456307
-0.0486938
-0.0517377
-0.0547592
-0.0577695
-0.0607629
-0.0637371
-0.0666923
-0.0696295
-0.072549
-0.075451
-0.0783356
-0.0812028
0.0067532
0.00321974
-0.000291216
-0.00377989
-0.00724641
-0.0106908
-0.0141132
-0.0175134
-0.0208917
-0.0242481
-0.0275826
-0.0308954
-0.0341865
-0.037456
-0.040704
-0.0439305
-0.0471355
-0.0503184
-0.0534788
-0.0566094
-0.0597296
-0.0628334
-0.0659154
-0.0689752
-0.0720141
-0.0750329
-0.0780317
-0.0810107
-0.0839699
0.00758717
0.00387758
0.000193813
-0.00346439
-0.00709718
-0.0107046
-0.0142866
-0.0178434
-0.0213749
-0.0248813
-0.0283626
-0.031819
-0.0352507
-0.0386577
-0.0420405
-0.0453992
-0.0487343
-0.0520451
-0.0553307
-0.0585677
-0.0618008
-0.0650198
-0.0682137
-0.0713817
-0.0745258
-0.077647
-0.0807455
-0.0838214
-0.0868749
0.00846142
0.00456469
0.00069738
-0.00314079
-0.00694996
-0.0107302
-0.0144815
-0.0182038
-0.0218974
-0.0255622
-0.0291984
-0.0328061
-0.0363854
-0.0399364
-0.0434596
-0.0469557
-0.0504259
-0.0538728
-0.057299
-0.0606535
-0.0640053
-0.0673387
-0.0706442
-0.0739221
-0.077174
-0.0804
-0.0836004
-0.0867752
-0.0899249
0.00937946
0.00528382
0.00122151
-0.00280776
-0.00680416
-0.0107677
-0.0146983
-0.0185962
-0.0224612
-0.0262936
-0.0300934
-0.0338606
-0.0375953
-0.0412974
-0.0449667
-0.0486026
-0.0522034
-0.0557666
-0.0592872
-0.0628439
-0.0663407
-0.06979
-0.0732088
-0.0766005
-0.0799637
-0.0832977
-0.0866025
-0.0898786
-0.0931264
0.0103452
0.00603811
0.00176858
-0.00246371
-0.00665889
-0.0108169
-0.0149379
-0.0190217
-0.0230684
-0.0270782
-0.0310511
-0.0349871
-0.0388864
-0.0427489
-0.0465746
-0.0503635
-0.0541155
-0.0578318
-0.0615092
-0.0651733
-0.0687924
-0.0723696
-0.0759127
-0.0794236
-0.0829018
-0.0863468
-0.089759
-0.0931388
-0.0964865
0.0113629
0.00683109
0.00234132
-0.00210669
-0.00651301
-0.0108776
-0.0152004
-0.0194814
-0.0237207
-0.0279183
-0.0320743
-0.036189
-0.0402622
-0.0442943
-0.0482853
-0.0522349
-0.0561427
-0.0600084
-0.0638245
-0.0676189
-0.0713761
-0.0750905
-0.0787638
-0.0823985
-0.0859956
-0.0895552
-0.0930776
-0.0965634
-0.100013
0.0124375
0.00766676
0.00294287
-0.0017344
-0.00636506
-0.010949
-0.015486
-0.0199762
-0.0244196
-0.0288161
-0.0331659
-0.0374692
-0.0417261
-0.0459371
-0.0501024
-0.0542222
-0.0582951
-0.0623183
-0.0662703
-0.070207
-0.0741103
-0.0779653
-0.0817722
-0.0855346
-0.0892544
-0.0929318
-0.0965671
-0.100161
-0.103714
0.0135744
0.0085496
0.0035768
-0.00134418
-0.00621327
-0.0110302
-0.0157949
-0.0205071
-0.0251668
-0.0297741
-0.0343289
-0.0388313
-0.0432816
-0.0476801
-0.052028
-0.056328
-0.0605847
-0.0648057
-0.0688835
-0.0729646
-0.0770128
-0.0810074
-0.0849498
-0.0888433
-0.0926888
-0.0964865
-0.100237
-0.103941
-0.107598
0.0147795
0.00948461
0.00424719
-0.000932912
-0.00605547
-0.0111201
-0.0161266
-0.0210746
-0.0259641
-0.0307948
-0.0355668
-0.0402799
-0.0449339
-0.0495285
-0.0540629
-0.0585348
-0.06294
-0.0672699
-0.0716262
-0.0758948
-0.0800866
-0.0842214
-0.0883038
-0.0923328
-0.0963075
-0.100228
-0.104096
-0.107911
-0.111675
0.0160592
0.0104774
0.00495866
-0.000496974
-0.00588907
-0.0112171
-0.0164806
-0.0216792
-0.0268127
-0.0318809
-0.0368835
-0.0418204
-0.0466912
-0.0514956
-0.0562329
-0.0609019
-0.0655031
-0.0700295
-0.0745453
-0.0789752
-0.0833264
-0.0876147
-0.0918437
-0.0960123
-0.10012
-0.104167
-0.108155
-0.112083
-0.115954
0.017421
0.0115342
0.00571641
-3.21943e-05
-0.00571092
-0.011319
-0.0168558
-0.0223209
-0.0277139
-0.0330343
-0.038282
-0.0434567
-0.0485584
-0.0535866
-0.0585411
-0.0634197
-0.0682216
-0.0729309
-0.077609
-0.0822165
-0.0867432
-0.0911952
-0.0955774
-0.0998908
-0.104136
-0.108313
-0.112422
-0.116466
-0.120444
0.0188725
0.0126619
0.00652633
0.000466218
-0.00551736
-0.0114234
-0.0172509
-0.0229994
-0.0286681
-0.0342565
-0.0397643
-0.0451912
-0.0505374
-0.0558033
-0.0609896
-0.066094
-0.0711123
-0.0759909
-0.0808505
-0.0856478
-0.0903552
-0.094976
-0.0995171
-0.103981
-0.108367
-0.112677
-0.116911
-0.121071
-0.125157
0.0204226
0.0138683
0.00739502
0.00100373
-0.00530408
-0.011527
-0.017664
-0.0237139
-0.0296759
-0.0355491
-0.0413329
-0.0470267
-0.0526302
-0.0581444
-0.0635732
-0.0689267
-0.074224
-0.0792697
-0.0843194
-0.0892998
-0.0941828
-0.0989743
-0.103679
-0.108296
-0.112827
-0.117272
-0.121633
-0.12591
-0.130105
0.0220808
0.0151618
0.00832982
0.00158653
-0.00506611
-0.0116263
-0.0180925
-0.0244634
-0.0307376
-0.036914
-0.0429915
-0.0489686
-0.054844
-0.0606145
-0.0662732
-0.071807
-0.0771856
-0.0826887
-0.0880016
-0.0931649
-0.0982275
-0.103198
-0.108072
-0.112849
-0.117528
-0.122112
-0.126601
-0.130996
-0.1353
0.0238574
0.0165517
0.00933899
0.00222167
-0.00479764
-0.0117167
-0.0185334
-0.0252461
-0.0318529
-0.0383525
-0.0447432
-0.0510237
-0.0571923
-0.0632475
-0.0691855
-0.0750068
-0.0806866
-0.086342
-0.091857
-0.0972349
-0.102501
-0.10766
-0.112711
-0.117652
-0.122484
-0.127209
-0.131829
-0.136344
-0.140756
0.0257651
0.0180497
0.010433
0.0029183
-0.00449093
-0.0117919
-0.0189819
-0.0260587
-0.03302
-0.039864
-0.0465889
-0.0531931
-0.0596757
-0.0660366
-0.0722758
-0.078395
-0.0843009
-0.0901706
-0.0959236
-0.101535
-0.107016
-0.112373
-0.117608
-0.12272
-0.12771
-0.132581
-0.137333
-0.141968
-0.146487
0.02781
0.0196607
0.0116152
0.00367831
-0.00414582
-0.0118535
-0.0194413
-0.0269063
-0.0342456
-0.0414568
-0.0485376
-0.0554857
-0.0622989
-0.068975
-0.0755154
-0.0819238
-0.0881327
-0.0942675
-0.10026
-0.1061
-0.1118
-0.117363
-0.122789
-0.128077
-0.133229
-0.138247
-0.143133
-0.147887
-0.152513
0.0299959
0.0213892
0.0128912
0.00450776
-0.00375585
-0.011895
-0.0199052
-0.0277828
-0.0355241
-0.0431262
-0.0505863
-0.0579017
-0.0650683
-0.0720752
-0.0789057
-0.0855064
-0.0921647
-0.0986073
-0.104848
-0.110929
-0.11686
-0.122638
-0.128263
-0.133733
-0.139053
-0.144222
-0.149243
-0.154117
-0.158847
0.0325259
0.0234283
0.0144439
0.00557978
-0.00315763
-0.0117624
-0.0202291
-0.0285527
-0.0367288
-0.0447537
-0.0526245
-0.0603395
-0.0678987
-0.0752982
-0.0825317
-0.0894696
-0.0963828
-0.103111
-0.109635
-0.115983
-0.122162
-0.12817
-0.134006
-0.139671
-0.145166
-0.150494
-0.155655
-0.160652
-0.165488
0.0347597
0.0251595
0.0156751
0.00631583
-0.00290997
-0.0119946
-0.020931
-0.0297127
-0.0383336
-0.0467886
-0.0550732
-0.0631849
-0.0711261
-0.0789062
-0.0865487
-0.0938334
-0.101048
-0.108065
-0.114868
-0.121477
-0.127898
-0.134127
-0.140165
-0.146012
-0.151671
-0.157144
-0.162432
-0.167538
-0.172464
-0.0386046
-0.0396386
-0.0406717
-0.0417038
-0.0427347
-0.0437643
-0.0447927
-0.0458196
-0.0468449
-0.0478686
-0.0488906
-0.0499107
-0.0509289
-0.051945
-0.052959
-0.0539708
-0.0549803
-0.0559874
-0.0386593
-0.0397011
-0.0407419
-0.0417816
-0.0428202
-0.0438576
-0.0448935
-0.0459278
-0.0469606
-0.0479915
-0.0490206
-0.0500476
-0.0510725
-0.0520952
-0.0531155
-0.0541334
-0.0551487
-0.0561613
-0.0387864
-0.039836
-0.0408846
-0.0419321
-0.0429784
-0.0440234
-0.0450669
-0.0461087
-0.0471489
-0.0481871
-0.0492234
-0.0502575
-0.0512894
-0.0523189
-0.0533459
-0.0543704
-0.0553921
-0.056411
-0.0389594
-0.0400201
-0.0410799
-0.0421386
-0.0431961
-0.0442522
-0.0453067
-0.0463596
-0.0474107
-0.0484598
-0.0495068
-0.0505516
-0.0515941
-0.052634
-0.0536714
-0.054706
-0.0557377
-0.0391922
-0.040266
-0.0413389
-0.0424106
-0.043481
-0.04455
-0.0456173
-0.046683
-0.0477468
-0.0488085
-0.049868
-0.0509252
-0.05198
-0.0530321
-0.0540815
-0.055128
-0.0561715
-0.039473
-0.0405622
-0.0416503
-0.0427374
-0.0438231
-0.0449073
-0.0459899
-0.0470707
-0.0481496
-0.0492264
-0.0503009
-0.0513729
-0.0524425
-0.0535093
-0.0545733
-0.0556342
-0.0566921
-0.0398056
-0.0409122
-0.0420178
-0.0431222
-0.0442253
-0.0453268
-0.0464267
-0.0475247
-0.0486208
-0.0497146
-0.0508061
-0.0518951
-0.0529815
-0.054065
-0.0551456
-0.0562231
-0.0572974
-0.0401862
-0.0413123
-0.0424374
-0.0435612
-0.0446838
-0.0458047
-0.0469239
-0.0480413
-0.0491565
-0.0502696
-0.0513802
-0.0524883
-0.0535936
-0.054696
-0.0557954
-0.0568916
-0.0579844
-0.0406153
-0.0417629
-0.0429095
-0.0440549
-0.0451989
-0.0463413
-0.0474819
-0.0486205
-0.0497571
-0.0508913
-0.0520231
-0.0531523
-0.0542786
-0.055402
-0.0565222
-0.0576391
-0.0587526
-0.0410919
-0.042263
-0.0434332
-0.044602
-0.0457695
-0.0469353
-0.0480992
-0.0492612
-0.0504211
-0.0515785
-0.0527335
-0.0538857
-0.0550351
-0.0561814
-0.0573245
-0.0584642
-0.0596004
-0.041616
-0.0428127
-0.0440084
-0.0452027
-0.0463955
-0.0475867
-0.0487761
-0.0499634
-0.0511484
-0.0523311
-0.0535112
-0.0546885
-0.0558629
-0.0570341
-0.0582021
-0.0593666
-0.0605275
-0.0421878
-0.043412
-0.0446351
-0.0458568
-0.0470771
-0.0482956
-0.0495123
-0.0507268
-0.0519391
-0.0531489
-0.0543561
-0.0555604
-0.0567617
-0.0579599
-0.0591547
-0.060346
-0.0615336
-0.0428075
-0.0440612
-0.0453137
-0.0465648
-0.0478144
-0.0490622
-0.0503081
-0.0515518
-0.0527932
-0.0540321
-0.0552683
-0.0565016
-0.0577319
-0.0589589
-0.0601825
-0.0614025
-0.0626187
-0.0434758
-0.0447608
-0.0460447
-0.0473272
-0.0486081
-0.0498871
-0.0511642
-0.052439
-0.0537115
-0.0549814
-0.0562486
-0.0575128
-0.0587738
-0.0600316
-0.0612859
-0.0625365
-0.0637833
-0.0441931
-0.0455116
-0.0468288
-0.0481446
-0.0494587
-0.0507709
-0.0520811
-0.053389
-0.0546945
-0.0559973
-0.0572974
-0.0585944
-0.0598882
-0.0611786
-0.0624655
-0.0637487
-0.065028
-0.0449611
-0.0463149
-0.0476674
-0.0490184
-0.0503677
-0.051715
-0.0530602
-0.0544031
-0.0557435
-0.0570811
-0.0584159
-0.0597476
-0.0610761
-0.0624011
-0.0637225
-0.0650401
-0.0663538
-0.0457796
-0.0471709
-0.0485608
-0.0499491
-0.0513355
-0.0527199
-0.0541021
-0.055482
-0.0568592
-0.0582336
-0.0596051
-0.0609734
-0.0623384
-0.0636999
-0.0650578
-0.0664117
-0.0677617
-0.0466518
-0.0480824
-0.0495115
-0.0509389
-0.0523644
-0.0537878
-0.0552089
-0.0566275
-0.0580435
-0.0594566
-0.0608666
-0.0622735
-0.0636769
-0.0650767
-0.0664728
-0.067865
-0.0692531
-0.0475786
-0.0490505
-0.0505207
-0.0519891
-0.0534556
-0.0549199
-0.0563818
-0.0578412
-0.0592977
-0.0607514
-0.0622019
-0.0636491
-0.0650928
-0.0665329
-0.0679691
-0.0694013
-0.0708294
-0.0485607
-0.0500759
-0.0515894
-0.053101
-0.0546105
-0.0561177
-0.0576224
-0.0591244
-0.0606236
-0.0621197
-0.0636126
-0.0651021
-0.0665879
-0.0680701
-0.0695483
-0.0710225
-0.0724924
-0.0495999
-0.0511607
-0.0527196
-0.0542764
-0.055831
-0.0573831
-0.0589326
-0.0604793
-0.0620229
-0.0635634
-0.0651006
-0.0666342
-0.0681642
-0.0696903
-0.0712123
-0.0727302
-0.0742438
-0.0506993
-0.0523077
-0.0539139
-0.055518
-0.0571196
-0.0587186
-0.0603148
-0.061908
-0.0634981
-0.0650849
-0.0666682
-0.0682478
-0.0698236
-0.0713955
-0.0729632
-0.0745267
-0.0760857
-0.0518603
-0.0535184
-0.0551741
-0.0568274
-0.0584781
-0.060126
-0.0617709
-0.0634126
-0.0650511
-0.0666861
-0.0683174
-0.0699449
-0.0715684
-0.0731879
-0.0748031
-0.0764139
-0.0780201
-0.0530858
-0.0547956
-0.0565029
-0.0582075
-0.0599093
-0.061608
-0.0633036
-0.0649958
-0.0666845
-0.0683695
-0.0700507
-0.071728
-0.073401
-0.0750699
-0.0767343
-0.0783941
-0.0800493
-0.0543779
-0.0561416
-0.0579026
-0.0596606
-0.0614155
-0.0631672
-0.0649154
-0.06666
-0.0684008
-0.0701378
-0.0718707
-0.0735994
-0.0753238
-0.0770438
-0.0787591
-0.0804698
-0.0821756
-0.0557397
-0.0575596
-0.0593763
-0.0611898
-0.0629998
-0.0648063
-0.0666091
-0.0684079
-0.0702028
-0.0719935
-0.07378
-0.075562
-0.0773395
-0.0791123
-0.0808803
-0.0826434
-0.0844014
-0.0571735
-0.0590517
-0.0609264
-0.0627975
-0.0646647
-0.0665281
-0.0683874
-0.0702425
-0.0720932
-0.0739396
-0.0757813
-0.0776184
-0.0794506
-0.081278
-0.0831002
-0.0849174
-0.0867293
-0.0586833
-0.0606219
-0.0625566
-0.0644872
-0.0664137
-0.0683359
-0.0702536
-0.0721667
-0.0740752
-0.0759789
-0.0778777
-0.0797715
-0.0816602
-0.0835436
-0.0854218
-0.0872945
-0.0891617
-0.060272
-0.0622732
-0.0642699
-0.0662622
-0.0682498
-0.0702327
-0.0722107
-0.0741838
-0.0761518
-0.0781146
-0.0800722
-0.0820243
-0.083971
-0.0859121
-0.0878476
-0.0897774
-0.0917013
-0.0619425
-0.0640085
-0.0660695
-0.0681255
-0.0701763
-0.0722219
-0.0742622
-0.076297
-0.0783262
-0.0803498
-0.0823678
-0.0843799
-0.0863861
-0.0883863
-0.0903806
-0.0923688
-0.0943508
-0.0636982
-0.0658313
-0.0679588
-0.0700807
-0.0721967
-0.074307
-0.0764113
-0.0785096
-0.0806018
-0.0826879
-0.0847677
-0.0868413
-0.0889085
-0.0909693
-0.0930236
-0.0950715
-0.0971127
-0.0655435
-0.0677459
-0.069942
-0.0721317
-0.074315
-0.0764917
-0.0786619
-0.0808254
-0.0829822
-0.0851323
-0.0872755
-0.0894119
-0.0915414
-0.093664
-0.0957796
-0.0978882
-0.0999898
-0.0674821
-0.069756
-0.0720228
-0.0742824
-0.0765348
-0.0787799
-0.0810176
-0.083248
-0.0854709
-0.0876864
-0.0898945
-0.092095
-0.094288
-0.0964735
-0.0986515
-0.100822
-0.102985
-0.0695186
-0.0718662
-0.0742057
-0.0765372
-0.0788604
-0.0811756
-0.0834825
-0.0857812
-0.0880718
-0.0903541
-0.0926282
-0.094894
-0.0971516
-0.099401
-0.101642
-0.103875
-0.1061
-0.0716569
-0.0740804
-0.0764947
-0.0788999
-0.081296
-0.0836828
-0.0860605
-0.0884291
-0.0907886
-0.0931389
-0.0954801
-0.0978123
-0.100135
-0.10245
-0.104755
-0.107051
-0.109338
-0.0739025
-0.0764039
-0.0788949
-0.0813756
-0.083846
-0.0863062
-0.0887561
-0.0911958
-0.0936253
-0.0960447
-0.0984541
-0.100853
-0.103243
-0.105622
-0.107992
-0.110352
-0.112702
-0.0762598
-0.0788411
-0.0814107
-0.0839686
-0.086515
-0.0890499
-0.0915733
-0.0940853
-0.096586
-0.0990754
-0.101554
-0.104021
-0.106477
-0.108922
-0.111356
-0.11378
-0.116193
-0.0787337
-0.0813969
-0.084047
-0.0866839
-0.0893077
-0.0919187
-0.0945168
-0.0971021
-0.0996747
-0.102235
-0.104783
-0.107318
-0.109841
-0.112352
-0.114851
-0.117338
-0.119814
-0.0813293
-0.0840765
-0.0868088
-0.0895262
-0.092229
-0.0949172
-0.097591
-0.10025
-0.102896
-0.105527
-0.108144
-0.110748
-0.113338
-0.115915
-0.118479
-0.121029
-0.123567
-0.0840528
-0.0868857
-0.0897019
-0.0925012
-0.0952841
-0.0980505
-0.100801
-0.103535
-0.106253
-0.108956
-0.111643
-0.114315
-0.116972
-0.119614
-0.122241
-0.124854
-0.127453
-0.0869097
-0.0898302
-0.0927317
-0.0956143
-0.0984782
-0.101324
-0.104151
-0.10696
-0.109752
-0.112526
-0.115283
-0.118022
-0.120745
-0.123452
-0.126142
-0.128816
-0.131474
-0.0899064
-0.0929161
-0.0959042
-0.098871
-0.101817
-0.104742
-0.107647
-0.110531
-0.113396
-0.116241
-0.119066
-0.121873
-0.124661
-0.12743
-0.130182
-0.132916
-0.135632
-0.0930497
-0.0961498
-0.0992257
-0.102278
-0.105306
-0.108311
-0.111293
-0.114252
-0.117189
-0.120104
-0.122998
-0.12587
-0.128722
-0.131553
-0.134364
-0.137155
-0.139927
-0.096346
-0.099538
-0.102703
-0.10584
-0.108951
-0.112036
-0.115095
-0.118129
-0.121137
-0.124121
-0.127081
-0.130017
-0.13293
-0.13582
-0.138688
-0.141535
-0.0998026
-0.103087
-0.106341
-0.109565
-0.112759
-0.115923
-0.119058
-0.122165
-0.125244
-0.128295
-0.131319
-0.134317
-0.137289
-0.140236
-0.143158
-0.146055
-0.103427
-0.106806
-0.110149
-0.113459
-0.116735
-0.119978
-0.123189
-0.126367
-0.129514
-0.13263
-0.135717
-0.138773
-0.141801
-0.144801
-0.147773
-0.150718
-0.107227
-0.1107
-0.114134
-0.117529
-0.120887
-0.124208
-0.127491
-0.13074
-0.133953
-0.137131
-0.140276
-0.143388
-0.146468
-0.149516
-0.152534
-0.155522
-0.111211
-0.114779
-0.118303
-0.121783
-0.125221
-0.128618
-0.131973
-0.135288
-0.138564
-0.141801
-0.145001
-0.148164
-0.151291
-0.154383
-0.157441
-0.160466
-0.115388
-0.11905
-0.122664
-0.126228
-0.129745
-0.133215
-0.136639
-0.140018
-0.143353
-0.146645
-0.149895
-0.153104
-0.156273
-0.159403
-0.162495
-0.165551
-0.119767
-0.123524
-0.127225
-0.130872
-0.134466
-0.138007
-0.141496
-0.144935
-0.148325
-0.151667
-0.154961
-0.15821
-0.161415
-0.164576
-0.167695
-0.170774
-0.124358
-0.128209
-0.131997
-0.135725
-0.139392
-0.143001
-0.146551
-0.150046
-0.153485
-0.156871
-0.160204
-0.163486
-0.166718
-0.169903
-0.173041
-0.176134
-0.129172
-0.133115
-0.136989
-0.140794
-0.144532
-0.148204
-0.151812
-0.155356
-0.158839
-0.162262
-0.165626
-0.168933
-0.172185
-0.175384
-0.178531
-0.181629
-0.134219
-0.138254
-0.142211
-0.14609
-0.149895
-0.153626
-0.157284
-0.160873
-0.164392
-0.167844
-0.171231
-0.174555
-0.177817
-0.18102
-0.184165
-0.187255
-0.139513
-0.143637
-0.147674
-0.151624
-0.155491
-0.159275
-0.162978
-0.166603
-0.170151
-0.173624
-0.177024
-0.180353
-0.183614
-0.186809
-0.189939
-0.193008
-0.145067
-0.149277
-0.15339
-0.157407
-0.16133
-0.165161
-0.168902
-0.172555
-0.176122
-0.179605
-0.183007
-0.186331
-0.189577
-0.19275
-0.195852
-0.198885
-0.150893
-0.155188
-0.159373
-0.163451
-0.167424
-0.171293
-0.175062
-0.178733
-0.182309
-0.185791
-0.189182
-0.192486
-0.195704
-0.19884
-0.201897
-0.204877
-0.157011
-0.161385
-0.165636
-0.169767
-0.173781
-0.17768
-0.181466
-0.185143
-0.188714
-0.19218
-0.195546
-0.198814
-0.201987
-0.205068
-0.208061
-0.210969
-0.163435
-0.167883
-0.172194
-0.176371
-0.180416
-0.184333
-0.188125
-0.191795
-0.195345
-0.19878
-0.202102
-0.205315
-0.208422
-0.211427
-0.214332
-0.217142
-0.170165
-0.174685
-0.179052
-0.18327
-0.18734
-0.191267
-0.195055
-0.198706
-0.202225
-0.205614
-0.208879
-0.212021
-0.215044
-0.217952
-0.220748
-0.223434
-0.177214
-0.181792
-0.1862
-0.190442
-0.194523
-0.198446
-0.202215
-0.205836
-0.209311
-0.212646
-0.215843
-0.218908
-0.221844
-0.224654
-0.227342
-0.22991
)
;

boundaryField
{
    inlet
    {
        type            zeroGradient;
    }
    outlet
    {
        type            fixedValue;
        value           nonuniform 0();
    }
    cylinder
    {
        type            zeroGradient;
    }
    top
    {
        type            symmetryPlane;
    }
    bottom
    {
        type            symmetryPlane;
    }
    defaultFaces
    {
        type            empty;
    }
    procBoundary1to0
    {
        type            processor;
        value           nonuniform List<scalar> 
261
(
0.0560519
0.0444806
0.0560519
0.0596886
0.0596886
0.0637017
0.0637017
0.0683887
0.0683887
0.0806893
0.0861065
0.0861065
0.091584
0.091584
0.105475
0.111828
0.111828
0.126592
0.133849
0.133849
0.141147
0.141147
0.157669
0.165874
0.165874
0.183285
0.200625
0.210659
0.210659
0.228797
0.239718
0.239718
0.258587
0.270362
0.270362
0.289865
0.309067
0.3225
0.3225
0.342117
0.361312
0.376237
0.376237
0.395562
0.414334
0.432517
0.449103
0.449103
0.466957
0.484087
0.50046
0.516044
0.533368
0.533368
0.547989
0.561693
0.574451
0.586238
0.59703
0.606806
0.615546
0.623232
0.636348
0.636348
0.642114
0.646741
0.65022
0.652542
0.653705
0.653704
0.652541
0.650218
0.646739
0.642111
0.636344
0.636344
0.623227
0.61554
0.6068
0.597024
0.58623
0.574443
0.561684
0.54798
0.533358
0.533358
0.516033
0.500449
0.484076
0.466945
0.44909
0.44909
0.432504
0.41432
0.395548
0.395548
0.380034
0.361297
0.342102
0.322484
0.322484
0.309052
0.28985
0.270346
0.270346
0.258571
0.239702
0.239702
0.228781
0.210643
0.210643
0.200609
0.183268
0.165857
0.165857
0.157653
0.157653
0.149471
0.133833
0.133833
0.126576
0.111811
0.111811
0.105459
0.0915678
0.0915678
0.0860907
0.0860907
0.0806738
0.0806738
0.0753182
0.0636862
0.0636862
0.0596732
0.0596732
0.0560368
0.0560368
0.0444653
0.0444806
0.0417443
0.0387208
0.0360745
0.0335919
0.0312697
0.0291011
0.0270724
0.0251726
0.0233913
0.0217189
0.0201465
0.018666
0.01727
0.0159516
0.0147046
0.0135232
0.0124023
0.0113373
0.0103238
0.00935818
0.00843689
0.00755688
0.00671544
0.00591008
0.00513865
0.00439919
0.00369
0.00300952
0.0023564
0.00172942
0.00172942
0.00319459
0.00253323
0.0018999
0.00129356
0.000713274
0.000158197
-0.000372442
-0.000879342
-0.00136314
-0.00182442
-0.00226369
-0.00268143
-0.00307804
-0.00345387
-0.00380924
-0.00414441
-0.00445962
-0.00475502
-0.00503075
-0.00528684
-0.0055233
-0.00574
-0.00593687
-0.00611335
-0.00626977
-0.00640375
-0.00651926
-0.00660337
-0.00668509
-0.00568223
-0.00560177
-0.00551378
-0.00539249
-0.00524966
-0.00508197
-0.00489163
-0.00574423
-0.00574423
-0.00552792
-0.00529188
-0.00503623
-0.00476096
-0.00446603
-0.0041513
-0.00381661
-0.00346173
-0.00308638
-0.00269025
-0.00227298
-0.00183417
-0.00137334
-0.00088997
-0.000383481
0.000146765
0.000701471
0.00128141
0.00188742
0.00252045
0.00318153
0.0038718
0.00459256
0.00534523
0.00613139
0.00695281
0.00781144
0.00870947
0.00964932
0.0106337
0.0116656
0.00934332
0.00934332
0.0103089
0.0113223
0.0123874
0.0135082
0.0146895
0.0159366
0.017255
0.018651
0.0201314
0.0217038
0.0233763
0.0251576
0.0270574
0.029086
0.0312546
0.0335767
0.0360593
0.0387056
0.0417291
0.0444653
)
;
    }
    procBoundary1to2
    {
        type            processor;
        value           nonuniform List<scalar> 
200
(
-0.307392
-0.308813
-0.308813
-0.309846
-0.309846
-0.310363
-0.312795
-0.312795
-0.312808
-0.312808
-0.312439
-0.312439
-0.311773
-0.311773
-0.310875
-0.310875
-0.309759
-0.309759
-0.308345
-0.308345
-0.306443
-0.306443
-0.303749
-0.303749
-0.298657
-0.293926
-0.293926
-0.287661
-0.287661
-0.279852
-0.279852
-0.271688
-0.261978
-0.261978
-0.251279
-0.251279
-0.242823
-0.232331
-0.251306
-0.242851
-0.232361
-0.251306
-0.262003
-0.279873
-0.262003
-0.271711
-0.279873
-0.287679
-0.299926
-0.287679
-0.293943
-0.299926
-0.303763
-0.303763
-0.306455
-0.306455
-0.308357
-0.308357
-0.30977
-0.30977
-0.310886
-0.310886
-0.311783
-0.311783
-0.31245
-0.31245
-0.312819
-0.312819
-0.312805
-0.312805
-0.312313
-0.312313
-0.309857
-0.308824
-0.308824
-0.307402
-0.232331
-0.225983
-0.219828
-0.213763
-0.207751
-0.201818
-0.195984
-0.190257
-0.190257
-0.187646
-0.182156
-0.176779
-0.17152
-0.166384
-0.161374
-0.156493
-0.151744
-0.147127
-0.142644
-0.138295
-0.134082
-0.130003
-0.126057
-0.122244
-0.118563
-0.115011
-0.111586
-0.108287
-0.105112
-0.102057
-0.0991217
-0.0963022
-0.0935963
-0.0910016
-0.0885155
-0.0861355
-0.083859
-0.0816837
-0.0796071
-0.077627
-0.0757412
-0.0739476
-0.0722443
-0.0706294
-0.0691012
-0.0676584
-0.0662996
-0.0650236
-0.0638296
-0.0638296
-0.0638969
-0.0628387
-0.0618634
-0.0609714
-0.060163
-0.0594398
-0.0588027
-0.0582544
-0.0577979
-0.0574332
-0.0571775
-0.0569985
-0.056992
-0.0571711
-0.0574269
-0.0567664
-0.0567664
-0.0572119
-0.0577466
-0.0583682
-0.0590738
-0.0598625
-0.0607329
-0.0616846
-0.0627173
-0.063831
-0.0650261
-0.0663033
-0.0676634
-0.0691075
-0.070637
-0.0722532
-0.073958
-0.0757529
-0.0776402
-0.0796217
-0.0816997
-0.0838765
-0.0861544
-0.0885358
-0.0910234
-0.0936194
-0.0963266
-0.0991474
-0.102084
-0.10514
-0.108317
-0.111617
-0.115042
-0.118595
-0.122278
-0.126091
-0.130038
-0.134117
-0.138331
-0.14268
-0.144359
-0.144359
-0.14893
-0.153637
-0.158481
-0.163459
-0.168571
-0.173814
-0.179184
-0.184678
-0.190292
-0.196018
-0.201852
-0.207784
-0.213796
-0.219859
-0.226014
-0.232361
)
;
    }
}


// ************************************************************************* //
