/*--------------------------------*- C++ -*----------------------------------*\
  =========                 |
  \\      /  F ield         | OpenFOAM: The Open Source CFD Toolbox
   \\    /   O peration     | Website:  https://openfoam.org
    \\  /    A nd           | Version:  7
     \\/     M anipulation  |
\*---------------------------------------------------------------------------*/
FoamFile
{
    version     2.0;
    format      ascii;
    class       volScalarField;
    location    "60";
    object      p;
}
// * * * * * * * * * * * * * * * * * * * * * * * * * * * * * * * * * * * * * //

dimensions      [0 2 -2 0 0 0 0];

internalField   nonuniform List<scalar> 
8500
(
-0.172222
-0.174623
-0.173546
-0.177164
-0.175934
-0.17451
-0.179852
-0.178455
-0.176891
-0.182693
-0.181115
-0.179402
-0.177333
-0.185693
-0.18392
-0.18205
-0.179819
-0.177316
-0.188855
-0.186874
-0.184839
-0.18244
-0.179769
-0.176935
-0.192186
-0.189982
-0.187773
-0.1852
-0.182357
-0.179357
-0.176272
-0.195689
-0.193248
-0.190857
-0.188104
-0.185084
-0.181914
-0.178666
-0.175394
-0.199365
-0.196674
-0.194095
-0.191155
-0.187954
-0.184611
-0.181195
-0.177756
-0.174314
-0.203218
-0.200263
-0.197489
-0.194358
-0.190971
-0.187451
-0.183862
-0.180247
-0.17662
-0.172964
-0.207249
-0.204017
-0.20104
-0.197714
-0.194137
-0.190436
-0.186668
-0.18287
-0.179043
-0.175162
-0.171171
-0.211457
-0.207935
-0.204751
-0.201225
-0.197455
-0.193567
-0.189614
-0.18562
-0.181578
-0.177448
-0.173167
-0.16866
-0.163856
-0.21584
-0.212018
-0.208621
-0.204892
-0.200925
-0.196846
-0.192699
-0.188496
-0.184219
-0.179814
-0.175211
-0.170332
-0.165108
-0.1595
-0.220397
-0.216263
-0.212649
-0.208713
-0.204546
-0.200271
-0.195919
-0.191493
-0.186957
-0.182249
-0.17729
-0.172002
-0.166325
-0.160235
-0.153742
-0.225122
-0.220667
-0.216833
-0.212688
-0.208317
-0.203838
-0.199271
-0.194602
-0.189783
-0.18474
-0.179388
-0.173654
-0.167491
-0.160894
-0.153895
-0.146567
-0.13899
-0.230011
-0.225226
-0.221169
-0.216813
-0.212234
-0.207544
-0.202747
-0.197814
-0.192683
-0.187269
-0.181486
-0.17527
-0.16859
-0.161462
-0.153945
-0.146132
-0.13812
-0.130062
-0.235055
-0.229934
-0.225652
-0.221083
-0.216291
-0.21138
-0.206338
-0.201117
-0.195642
-0.189819
-0.183567
-0.176832
-0.169604
-0.161926
-0.153882
-0.145583
-0.137142
-0.128711
-0.120235
-0.11237
-0.240245
-0.234782
-0.230274
-0.22549
-0.220481
-0.215339
-0.210032
-0.204496
-0.198641
-0.192372
-0.18561
-0.17832
-0.170519
-0.162274
-0.153695
-0.144912
-0.136049
-0.127254
-0.118493
-0.110353
-0.24557
-0.239761
-0.235027
-0.230027
-0.224795
-0.219408
-0.213816
-0.207934
-0.201662
-0.194904
-0.187593
-0.179716
-0.171316
-0.162492
-0.153375
-0.144111
-0.134834
-0.125686
-0.116645
-0.108241
-0.251016
-0.244858
-0.239899
-0.234682
-0.229219
-0.223574
-0.217671
-0.21141
-0.204682
-0.197394
-0.189495
-0.180999
-0.171981
-0.162568
-0.152913
-0.143174
-0.133491
-0.123999
-0.114687
-0.106027
-0.256567
-0.25006
-0.244878
-0.239442
-0.233741
-0.22782
-0.221579
-0.214903
-0.207677
-0.199816
-0.191292
-0.18215
-0.172497
-0.162489
-0.152298
-0.142093
-0.132015
-0.122188
-0.112612
-0.103703
-0.262206
-0.255351
-0.249947
-0.24429
-0.238342
-0.232126
-0.225518
-0.218388
-0.210621
-0.202145
-0.192962
-0.183149
-0.172849
-0.162244
-0.151523
-0.140861
-0.130397
-0.120247
-0.110413
-0.101263
-0.267911
-0.260712
-0.25509
-0.24921
-0.243004
-0.23647
-0.229462
-0.221838
-0.213486
-0.204357
-0.194482
-0.183979
-0.173023
-0.161821
-0.150578
-0.139469
-0.128632
-0.118168
-0.108086
-0.0986999
-0.273661
-0.266123
-0.260286
-0.25418
-0.247703
-0.240827
-0.233385
-0.225225
-0.216245
-0.206423
-0.195829
-0.184619
-0.173003
-0.16121
-0.149454
-0.137911
-0.126711
-0.115945
-0.105623
-0.096008
-0.27943
-0.27156
-0.265512
-0.259177
-0.252414
-0.245171
-0.237256
-0.228517
-0.218868
-0.208318
-0.196981
-0.185052
-0.172776
-0.160399
-0.148142
-0.136178
-0.124629
-0.113571
-0.103018
-0.0931811
-0.285191
-0.276998
-0.270743
-0.264175
-0.25711
-0.24947
-0.241045
-0.231684
-0.221324
-0.210014
-0.197914
-0.185261
-0.172327
-0.159377
-0.146633
-0.134262
-0.122378
-0.11104
-0.100264
-0.0902131
-0.290915
-0.282409
-0.275952
-0.269145
-0.26176
-0.253693
-0.244718
-0.234692
-0.223583
-0.211487
-0.198609
-0.185228
-0.171645
-0.158134
-0.144918
-0.132156
-0.119949
-0.108344
-0.0973566
-0.0870981
-0.296568
-0.287764
-0.281109
-0.274057
-0.266333
-0.257805
-0.248239
-0.237508
-0.225616
-0.212709
-0.199044
-0.184938
-0.170716
-0.15666
-0.142989
-0.129852
-0.117337
-0.105477
-0.0942878
-0.0838306
-0.302118
-0.293029
-0.286182
-0.278877
-0.270792
-0.261771
-0.251574
-0.240097
-0.227392
-0.213656
-0.199198
-0.184374
-0.169527
-0.154944
-0.140836
-0.127341
-0.114533
-0.102431
-0.0910516
-0.0804048
-0.307528
-0.298172
-0.291136
-0.28357
-0.275101
-0.265552
-0.254686
-0.242427
-0.228881
-0.214303
-0.199054
-0.183522
-0.168067
-0.152976
-0.138451
-0.124615
-0.11153
-0.0992006
-0.0876418
-0.0768154
-0.31276
-0.303155
-0.295935
-0.288098
-0.279222
-0.269111
-0.257536
-0.244463
-0.230054
-0.214627
-0.198591
-0.182367
-0.166324
-0.150746
-0.135825
-0.121667
-0.10832
-0.095778
-0.0840525
-0.0730571
-0.317776
-0.30794
-0.30054
-0.292423
-0.283114
-0.272406
-0.260087
-0.246171
-0.230883
-0.214605
-0.197793
-0.180895
-0.164286
-0.148245
-0.132948
-0.118488
-0.104897
-0.0921572
-0.0802777
-0.0691248
-0.322535
-0.312489
-0.304913
-0.296503
-0.286737
-0.275399
-0.262303
-0.247519
-0.231342
-0.214216
-0.196644
-0.179093
-0.161944
-0.145463
-0.129814
-0.115071
-0.101253
-0.0883316
-0.0763116
-0.0650136
-0.326995
-0.316762
-0.309013
-0.300298
-0.290049
-0.278049
-0.264147
-0.248476
-0.231404
-0.21344
-0.195126
-0.176948
-0.159285
-0.142391
-0.126412
-0.111408
-0.0973812
-0.0842953
-0.0721488
-0.0607189
-0.331112
-0.320715
-0.312796
-0.303765
-0.293008
-0.280316
-0.265581
-0.24901
-0.231045
-0.212257
-0.193225
-0.174448
-0.1563
-0.13902
-0.122736
-0.107492
-0.0932756
-0.0800423
-0.0677842
-0.0562365
-0.334844
-0.324307
-0.316221
-0.306859
-0.295571
-0.282159
-0.266573
-0.249093
-0.230242
-0.21065
-0.190927
-0.171582
-0.15298
-0.135342
-0.118778
-0.103316
-0.0889297
-0.0755673
-0.0632128
-0.0515622
-0.338147
-0.327494
-0.319245
-0.309539
-0.297696
-0.283542
-0.267087
-0.248697
-0.228973
-0.208601
-0.188219
-0.16834
-0.149315
-0.131348
-0.11453
-0.0988732
-0.0843377
-0.070865
-0.0584303
-0.0466924
-0.340979
-0.330235
-0.321823
-0.311762
-0.299343
-0.284426
-0.267092
-0.247797
-0.227219
-0.206096
-0.18509
-0.164711
-0.145296
-0.127031
-0.109986
-0.0941578
-0.0794941
-0.0659307
-0.0534324
-0.0416237
-0.343295
-0.332487
-0.323914
-0.313485
-0.300472
-0.284776
-0.266559
-0.246368
-0.22496
-0.203119
-0.181527
-0.160686
-0.140917
-0.122384
-0.10514
-0.089164
-0.074394
-0.0607602
-0.0482156
-0.0363533
-0.345054
-0.334206
-0.325475
-0.314667
-0.301043
-0.284557
-0.265458
-0.244388
-0.22218
-0.19966
-0.17752
-0.156257
-0.136169
-0.117401
-0.0999843
-0.0838866
-0.0690328
-0.0553495
-0.0427764
-0.0308788
-0.346215
-0.335353
-0.326465
-0.315267
-0.30102
-0.283737
-0.263764
-0.241838
-0.218864
-0.195705
-0.173062
-0.151416
-0.131046
-0.112074
-0.0945153
-0.0783211
-0.0634066
-0.0496952
-0.0371122
-0.0251978
-0.346736
-0.335887
-0.326844
-0.315248
-0.300368
-0.282288
-0.261453
-0.2387
-0.214998
-0.191246
-0.168143
-0.146156
-0.125543
-0.106401
-0.0887279
-0.0724634
-0.0575119
-0.0437944
-0.0312205
-0.0193085
-0.346581
-0.335769
-0.326573
-0.314572
-0.299054
-0.28018
-0.258504
-0.234957
-0.210572
-0.186273
-0.162757
-0.140473
-0.119653
-0.100375
-0.0826184
-0.0663102
-0.051346
-0.0376447
-0.0250993
-0.0132094
-0.345712
-0.334962
-0.325616
-0.313206
-0.297048
-0.277391
-0.254898
-0.230595
-0.205574
-0.180779
-0.156899
-0.134361
-0.113374
-0.0939933
-0.0761835
-0.0598588
-0.0449066
-0.0312443
-0.0187476
-0.0069012
-0.344095
-0.333433
-0.323939
-0.311117
-0.294321
-0.273896
-0.250618
-0.225604
-0.199998
-0.174758
-0.150563
-0.127816
-0.106701
-0.0872533
-0.0694209
-0.0531073
-0.0381918
-0.0245915
-0.012166
-0.000388232
-0.341699
-0.331148
-0.321511
-0.308277
-0.29085
-0.269678
-0.245651
-0.219973
-0.193836
-0.168206
-0.143746
-0.120836
-0.0996329
-0.080153
-0.0623291
-0.0460542
-0.0312004
-0.0176852
-0.00535494
0.00633036
-0.338494
-0.328077
-0.318302
-0.304658
-0.286613
-0.26472
-0.239985
-0.213696
-0.187085
-0.16112
-0.136447
-0.113418
-0.0921681
-0.0726914
-0.0549075
-0.0386993
-0.0239318
-0.0105251
0.00168974
0.0132816
-0.334453
-0.324195
-0.314285
-0.300238
-0.281591
-0.259009
-0.233612
-0.206768
-0.17974
-0.153498
-0.128664
-0.105564
-0.0843065
-0.0648686
-0.0471563
-0.0310431
-0.0163877
-0.00311333
0.00897784
0.0205196
-0.329554
-0.319476
-0.309439
-0.294998
-0.275768
-0.252533
-0.226526
-0.199185
-0.171803
-0.145341
-0.120398
-0.0972724
-0.0760487
-0.0566855
-0.0390769
-0.0230874
-0.00857103
0.00454624
0.016508
0.0280302
-0.323776
-0.3139
-0.303744
-0.288919
-0.269132
-0.245286
-0.218722
-0.190946
-0.163272
-0.136649
-0.111651
-0.0885461
-0.0673967
-0.0481443
-0.0306714
-0.0148347
-0.000484564
0.0124527
0.0242589
0.0355818
-0.317103
-0.307449
-0.297183
-0.28199
-0.261676
-0.237263
-0.210201
-0.182054
-0.154151
-0.127427
-0.102425
-0.0793878
-0.0583536
-0.0392478
-0.021943
-0.00628823
0.00786869
0.0206008
0.032231
0.0433216
-0.309521
-0.30011
-0.289743
-0.274201
-0.253392
-0.228463
-0.200963
-0.172512
-0.144445
-0.117677
-0.0927257
-0.0698019
-0.0489232
-0.0300001
-0.0128955
0.00254797
0.0164848
0.028988
0.0404139
0.0512677
-0.301021
-0.291871
-0.281416
-0.265544
-0.244279
-0.218886
-0.191013
-0.162324
-0.134158
-0.107408
-0.0825579
-0.0597936
-0.0391108
-0.0204062
-0.00353404
0.0116692
0.0253595
0.0376091
0.0488073
0.0594162
-0.291596
-0.282727
-0.272195
-0.256019
-0.234338
-0.208538
-0.180358
-0.1515
-0.1233
-0.0966246
-0.0719289
-0.0493694
-0.0289226
-0.0104725
0.00613571
0.02107
0.0344873
0.0464592
0.0574085
0.0677595
-0.281244
-0.272673
-0.262079
-0.245625
-0.223573
-0.197426
-0.169006
-0.140047
-0.111878
-0.0853373
-0.0608469
-0.0385373
-0.0183667
-0.000205453
0.0161069
0.0307437
0.0438622
0.0555326
0.0662132
0.0762902
-0.269966
-0.26171
-0.25107
-0.234367
-0.211991
-0.185558
-0.156967
-0.127978
-0.0999048
-0.0735559
-0.0493216
-0.0273066
-0.00745053
0.0103865
0.0263718
0.0406829
0.0534769
0.0648227
0.0752153
0.0850011
-0.257766
-0.249842
-0.239172
-0.222253
-0.199603
-0.172948
-0.144257
-0.115306
-0.0873925
-0.0612924
-0.0373641
-0.0156871
0.0038158
0.0212943
0.0369218
0.0508794
0.0633236
0.0743221
0.0844079
0.0938848
-0.244654
-0.237076
-0.226394
-0.209294
-0.186423
-0.159611
-0.130889
-0.102046
-0.0743552
-0.0485599
-0.0249863
-0.00369008
0.0154217
0.0325079
0.0477471
0.0613238
0.0733933
0.0840226
0.0937831
0.102933
-0.23064
-0.223424
-0.21275
-0.195505
-0.172466
-0.145564
-0.116883
-0.0882147
-0.0608087
-0.0353728
-0.0122017
0.00867192
0.0273555
0.0440162
0.0588372
0.0720062
0.0836766
0.0939149
0.103332
0.112139
-0.21574
-0.2089
-0.198254
-0.180902
-0.157752
-0.130827
-0.102256
-0.0738308
-0.04677
-0.0217469
0.00097522
0.0213854
0.0396045
0.0558073
0.0701808
0.0829155
0.0941626
0.103989
0.113044
0.121491
-0.199973
-0.193522
-0.182925
-0.165506
-0.142303
-0.115422
-0.0870321
-0.0589137
-0.0322582
-0.00769945
0.0145287
0.0344358
0.0521552
0.0678682
0.0817657
0.0940401
0.10484
0.114234
0.12291
0.130979
-0.183361
-0.177311
-0.166786
-0.149342
-0.126143
-0.0993741
-0.0712313
-0.0434866
-0.017293
0.00675136
0.0284418
0.0478075
0.064993
0.0801854
0.0935787
0.105367
0.115697
0.124637
0.132917
0.140591
-0.165929
-0.160292
-0.149861
-0.132434
-0.1093
-0.0827086
-0.0548798
-0.0275718
-0.0018957
0.021586
0.0426967
0.061484
0.0781025
0.0927444
0.105606
0.116884
0.12672
0.135186
0.143051
0.150312
-0.147705
-0.142491
-0.132178
-0.114814
-0.0918033
-0.0654499
-0.0380068
-0.0111942
0.0139111
0.0367837
0.0572746
0.0754479
0.0914676
0.10553
0.117834
0.128576
0.137895
0.145868
0.153299
-0.128719
-0.12394
-0.11377
-0.0965123
-0.0736758
-0.0476355
-0.0206383
0.00562028
0.0301036
0.052323
0.0721554
0.0896809
0.105071
0.118527
0.130248
0.14043
0.149208
0.156669
-0.109005
-0.104672
-0.0946695
-0.0775648
-0.0549531
-0.0292933
-0.00280422
0.0228443
0.0466568
0.0681809
0.0873184
0.104164
0.118896
0.131718
0.142831
0.152431
0.160646
-0.0885989
-0.0847231
-0.0749116
-0.0579906
-0.0356859
-0.0104573
0.0154645
0.0404494
0.0635449
0.0843339
0.102742
0.118877
0.132924
0.145088
0.155571
0.164564
-0.0675369
-0.0641305
-0.0545315
-0.0378462
-0.015898
0.00883775
0.0341353
0.0584059
0.0807407
0.100757
0.118404
0.1338
0.147136
0.158619
0.168449
0.176816
-0.0458558
-0.0429381
-0.0335722
-0.0171696
0.00437136
0.0285558
0.0531749
0.0766833
0.0982164
0.117425
0.13428
0.148911
0.161513
0.172294
0.181453
-0.023592
-0.0212004
-0.0120772
0.00400078
0.0250816
0.0486593
0.0725487
0.09525
0.115943
0.134312
0.150347
0.164188
0.176035
0.186095
-0.000809344
0.00105263
0.00990601
0.0256214
0.0461916
0.06911
0.0922212
0.114073
0.133891
0.15139
0.166579
0.179609
0.190682
0.200004
0.0224098
0.0238044
0.0323355
0.0476476
0.0676589
0.0898682
0.112156
0.13312
0.15203
0.168631
0.182952
0.195151
0.205431
0.0460571
0.0469793
0.0551637
0.070034
0.0894401
0.110894
0.132316
0.152356
0.170328
0.186007
0.199439
0.210788
0.220262
0.0700869
0.0705225
0.0783421
0.0927337
0.111491
0.132145
0.152663
0.171748
0.188754
0.203489
0.216012
0.226496
0.0944461
0.0943865
0.101822
0.1157
0.133766
0.153581
0.17316
0.191258
0.207276
0.221047
0.232645
0.11908
0.11852
0.125553
0.138883
0.15622
0.175159
0.193766
0.210853
0.225861
0.238651
0.24931
0.143935
0.142871
0.149483
0.162234
0.178807
0.196836
0.214443
0.230495
0.244475
0.25627
0.168956
0.167387
0.173561
0.185704
0.201481
0.218569
0.235151
0.250149
0.263086
0.273873
0.194088
0.192013
0.197734
0.209242
0.224193
0.240315
0.255851
0.269778
0.28166
0.219277
0.216696
0.221948
0.232798
0.246898
0.262031
0.276502
0.289345
0.300163
0.244467
0.241382
0.246152
0.256322
0.269548
0.283672
0.297065
0.308815
0.318562
0.269602
0.266015
0.270293
0.279764
0.292096
0.305197
0.3175
0.32815
0.294627
0.290542
0.294316
0.303074
0.314497
0.326561
0.337767
0.347314
0.319486
0.314907
0.318171
0.326201
0.336703
0.347723
0.357829
0.344126
0.339058
0.341805
0.349097
0.358669
0.368639
0.377644
0.368491
0.362941
0.365165
0.371712
0.380349
0.389269
0.397177
0.392527
0.386503
0.388202
0.393999
0.401699
0.409572
0.416182
0.409691
0.410865
0.415911
0.422675
0.429505
0.439404
0.432455
0.433105
0.4374
0.443234
0.449031
0.462141
0.454744
0.454872
0.458421
0.463333
0.484344
0.476509
0.476121
0.478931
0.482931
0.505963
0.497703
0.496805
0.498885
0.501989
0.526951
0.518278
0.516879
0.518242
0.520467
0.547262
0.53819
0.5363
0.53696
0.566851
0.557394
0.555025
0.555001
0.585676
0.575849
0.573016
0.572327
0.603696
0.593515
0.590232
0.588902
0.620871
0.610352
0.606637
0.60469
0.637164
0.626324
0.622196
0.652538
0.641397
0.636876
0.666962
0.655537
0.650645
0.680403
0.668714
0.663474
0.692833
0.680899
0.675335
0.704224
0.692066
0.686204
0.714551
0.70219
0.696057
0.723793
0.71125
0.704873
0.731929
0.719226
0.712634
0.738942
0.726102
0.744817
0.731861
0.749541
0.736492
0.753104
0.739985
0.755498
0.742333
0.756718
0.743529
0.756762
0.743573
0.75563
0.742464
0.753324
0.740203
0.749849
0.736798
0.745213
0.732253
0.739426
0.726581
0.7325
0.719793
0.713188
0.724451
0.711903
0.705512
0.715297
0.70293
0.696781
0.705056
0.692892
0.687013
0.693752
0.681811
0.676228
0.681409
0.669712
0.664451
0.668054
0.656621
0.651707
0.653717
0.642566
0.638021
0.638428
0.627579
0.623425
0.622221
0.611691
0.607949
0.605959
0.605131
0.594939
0.591627
0.590251
0.587196
0.577358
0.574493
0.573757
0.568455
0.558986
0.556585
0.55651
0.54895
0.539866
0.537941
0.538549
0.528722
0.520037
0.518602
0.51991
0.522066
0.507817
0.499545
0.49861
0.500632
0.503665
0.486281
0.478433
0.478007
0.480756
0.484683
0.464161
0.45675
0.456839
0.460325
0.46516
0.469855
0.441506
0.434542
0.435151
0.439382
0.445136
0.450848
0.418365
0.411859
0.412991
0.41797
0.424652
0.431394
0.394791
0.388751
0.390408
0.396136
0.403751
0.411531
0.370835
0.36527
0.36745
0.373926
0.382475
0.3913
0.399112
0.34655
0.341467
0.344167
0.351387
0.360869
0.370741
0.379648
0.321989
0.317395
0.320612
0.328567
0.338976
0.349895
0.359899
0.297208
0.293107
0.296835
0.305515
0.316843
0.328804
0.339906
0.349351
0.272262
0.268658
0.272888
0.282281
0.294516
0.30751
0.319705
0.33025
0.247204
0.244102
0.248824
0.258914
0.27204
0.286055
0.299337
0.310979
0.320623
0.222091
0.219493
0.224696
0.235464
0.249462
0.264483
0.27884
0.291573
0.302286
0.196979
0.194886
0.200556
0.211982
0.226829
0.242836
0.258255
0.272069
0.283843
0.293511
0.171922
0.170335
0.176458
0.188517
0.204187
0.221159
0.237622
0.252503
0.26533
0.276012
0.146976
0.145895
0.152455
0.16512
0.181585
0.199494
0.216979
0.232912
0.246779
0.258466
0.122195
0.121618
0.128598
0.141841
0.159069
0.177885
0.196368
0.213333
0.228224
0.240904
0.25146
0.0976344
0.0975576
0.10494
0.11873
0.136684
0.156375
0.175827
0.193801
0.209699
0.223358
0.23485
0.244355
0.0733478
0.0737663
0.0815324
0.095835
0.114479
0.135007
0.155395
0.174352
0.191237
0.205857
0.218271
0.228652
0.04939
0.0502952
0.0584256
0.073206
0.092497
0.113822
0.135112
0.155023
0.17287
0.188432
0.201751
0.212996
0.22237
0.0258138
0.0271915
0.0356683
0.0508898
0.0707844
0.0928632
0.115016
0.135848
0.15463
0.171112
0.185319
0.19741
0.207589
0.00266512
0.00451009
0.013309
0.028933
0.0493852
0.0721711
0.0951453
0.116862
0.13655
0.153927
0.169
0.18192
0.192889
0.202112
-0.0200479
-0.0176734
-0.00860468
0.00738133
0.0283429
0.0517861
0.0755362
0.0981001
0.118661
0.136905
0.152821
0.16655
0.178291
0.18825
-0.0422428
-0.0393422
-0.0300311
-0.0137208
0.00769965
0.0317479
0.0562256
0.0795941
0.100993
0.120074
0.136807
0.151324
0.163818
0.174496
0.183557
-0.0638561
-0.0604669
-0.0509223
-0.0343298
-0.0125032
0.0120947
0.0372487
0.0613771
0.0835748
0.103461
0.120984
0.136264
0.14949
0.160868
0.170598
0.178868
-0.0848511
-0.0809926
-0.0712351
-0.0544074
-0.0322252
-0.00713599
0.0186402
0.0434806
0.0664367
0.087093
0.105376
0.121392
0.135326
0.147383
0.157763
0.166659
0.174194
-0.105192
-0.100876
-0.0909268
-0.0739156
-0.051427
-0.025908
0.000433492
0.0259353
0.049606
0.0709951
0.0900047
0.106729
0.121347
0.13406
0.145068
0.154567
0.162687
-0.12484
-0.120079
-0.109962
-0.0927977
-0.070085
-0.0441869
-0.0173391
0.00877064
0.0331098
0.0551919
0.0748941
0.0922963
0.10757
0.120914
0.132529
0.142609
0.151289
0.158655
-0.143762
-0.138566
-0.128306
-0.111034
-0.0881485
-0.0619385
-0.0346463
-0.00798479
0.0169742
0.0397072
0.0600656
0.0781135
0.0940141
0.107963
0.120159
0.130797
0.140016
0.147893
0.155228
-0.161923
-0.156303
-0.145925
-0.128592
-0.105582
-0.0791349
-0.0514586
-0.0243037
0.00122393
0.0245637
0.0455399
0.0641995
0.0806968
0.0952233
0.107975
0.119147
0.12888
0.137249
0.145016
0.152181
-0.179293
-0.17326
-0.162787
-0.145436
-0.122363
-0.0957386
-0.06775
-0.0401601
-0.0141171
0.00978319
0.0313368
0.0505728
0.067635
0.08271
0.095991
0.107672
0.117897
0.126738
0.134917
0.142493
-0.195845
-0.18941
-0.178865
-0.161539
-0.138461
-0.111725
-0.083491
-0.0555293
-0.0290264
-0.0046138
0.0174754
0.0372507
0.0548448
0.0704384
0.0842216
0.0963862
0.107081
0.116372
0.124947
0.132916
-0.211552
-0.204729
-0.194134
-0.176873
-0.153849
-0.12707
-0.098656
-0.0703888
-0.0434825
-0.0186077
0.00397342
0.0242497
0.0423415
0.0584229
0.0726803
0.0853033
0.0964429
0.106165
0.115118
0.123462
-0.226394
-0.219195
-0.208571
-0.191416
-0.168502
-0.141747
-0.113224
-0.0847155
-0.0574659
-0.0321803
-0.00915219
0.0115855
0.0301398
0.0466772
0.0613801
0.0744356
0.0859966
0.0961294
0.105441
0.114144
-0.240351
-0.23279
-0.222158
-0.205147
-0.1824
-0.155735
-0.127172
-0.09849
-0.0709575
-0.0453143
-0.0218857
-0.000727398
0.0182532
0.0352142
0.0503334
0.0637948
0.0757531
0.086275
0.0959289
0.104974
-0.253408
-0.2455
-0.234878
-0.218049
-0.195522
-0.169014
-0.140482
-0.111694
-0.0839401
-0.0579941
-0.0342126
-0.0126754
0.00669434
0.0240458
0.0395514
0.0533919
0.0657231
0.0766125
0.08659
0.0959594
-0.265554
-0.257314
-0.246721
-0.230106
-0.207852
-0.181566
-0.153136
-0.12431
-0.0963982
-0.0702051
-0.0461195
-0.0242462
-0.00452501
0.0131831
0.0290449
0.043237
0.0559162
0.0671511
0.0774338
0.0871102
-0.276779
-0.268224
-0.257677
-0.241309
-0.219378
-0.193377
-0.165117
-0.136324
-0.108318
-0.0819341
-0.0575943
-0.0354282
-0.0153943
0.00263625
0.0188233
0.0333394
0.0463413
0.057899
0.0684681
0.0784339
-0.28708
-0.278227
-0.267741
-0.251649
-0.230088
-0.204434
-0.176414
-0.147722
-0.119685
-0.0931695
-0.068626
-0.0462118
-0.0259035
-0.00758572
0.00889541
0.0237073
0.0370063
0.0488638
0.0597
0.069938
-0.296456
-0.287321
-0.276911
-0.261122
-0.239975
-0.214728
-0.187015
-0.158492
-0.130491
-0.103901
-0.079205
-0.0565875
-0.0360449
-0.0174745
-0.000731002
0.0143482
0.0279184
0.0400519
0.0511355
0.0616297
-0.304908
-0.295512
-0.285189
-0.269728
-0.249036
-0.22425
-0.196911
-0.168626
-0.140725
-0.114119
-0.0893229
-0.0665476
-0.0458107
-0.0270233
-0.0100491
0.00526869
0.0190838
0.0314691
0.0427791
0.0535166
-0.312444
-0.302805
-0.292581
-0.277468
-0.257268
-0.232998
-0.206095
-0.178115
-0.150379
-0.123817
-0.0989729
-0.0760854
-0.0551945
-0.036226
-0.0190531
-0.00352571
0.0105079
0.0231204
0.0346333
0.0456069
-0.319072
-0.309211
-0.299097
-0.28435
-0.264675
-0.240969
-0.214564
-0.186955
-0.159448
-0.132989
-0.108149
-0.0851957
-0.0641912
-0.0450775
-0.0277382
-0.0120302
0.00219495
0.0150106
0.0266983
0.0379049
-0.324808
-0.314745
-0.304748
-0.290382
-0.271262
-0.248166
-0.222316
-0.195142
-0.167928
-0.14163
-0.116847
-0.0938742
-0.0727967
-0.0535737
-0.0361001
-0.0202409
-0.005851
0.00714311
0.0189844
0.0303927
-0.329666
-0.319423
-0.309552
-0.295578
-0.277038
-0.254593
-0.229352
-0.202674
-0.175815
-0.149738
-0.125064
-0.102118
-0.081008
-0.0617117
-0.0441358
-0.0281544
-0.013627
-0.000477485
0.0114899
0.0229093
-0.333668
-0.323267
-0.313529
-0.299956
-0.282016
-0.260257
-0.235676
-0.209552
-0.183109
-0.15731
-0.132798
-0.109925
-0.0888233
-0.0694894
-0.0518432
-0.0357682
-0.0211302
-0.00784983
0.00423953
0.0157075
-0.336836
-0.326301
-0.3167
-0.303534
-0.28621
-0.265169
-0.241294
-0.21578
-0.189811
-0.164347
-0.140049
-0.117295
-0.0962417
-0.0769058
-0.0592209
-0.0430806
-0.0283575
-0.01497
-0.00276602
0.00879451
-0.339198
-0.328552
-0.319093
-0.306336
-0.289639
-0.269343
-0.246215
-0.221362
-0.195924
-0.17085
-0.146818
-0.124227
-0.103263
-0.0839609
-0.0662686
-0.0500907
-0.0353074
-0.021836
-0.00953779
0.00211328
-0.340782
-0.330049
-0.320736
-0.308389
-0.292326
-0.272794
-0.250449
-0.226306
-0.201452
-0.176823
-0.153106
-0.130725
-0.10989
-0.0906555
-0.0729869
-0.0567991
-0.0419802
-0.0284482
-0.0160801
-0.00436238
-0.341621
-0.330825
-0.321661
-0.309721
-0.294295
-0.275543
-0.254011
-0.230622
-0.206402
-0.182269
-0.158917
-0.13679
-0.116123
-0.0969915
-0.0793772
-0.063207
-0.0483774
-0.0348077
-0.0223922
-0.0106326
-0.341748
-0.330915
-0.321903
-0.310365
-0.295574
-0.277611
-0.256917
-0.23432
-0.210782
-0.187195
-0.164255
-0.142427
-0.121966
-0.102972
-0.085442
-0.0693164
-0.0545006
-0.0409159
-0.0284732
-0.0166931
-0.3412
-0.330356
-0.321497
-0.310354
-0.296192
-0.279023
-0.259187
-0.237415
-0.214602
-0.191608
-0.169127
-0.147639
-0.127423
-0.1086
-0.0911843
-0.0751299
-0.0603521
-0.0467747
-0.0343241
-0.022543
-0.340016
-0.329185
-0.320482
-0.309726
-0.296184
-0.279807
-0.260842
-0.239922
-0.217873
-0.195516
-0.173539
-0.152433
-0.1325
-0.11388
-0.096608
-0.0806509
-0.0659346
-0.0523864
-0.0399468
-0.0281838
-0.338235
-0.327445
-0.318899
-0.30852
-0.295584
-0.279993
-0.261905
-0.24186
-0.22061
-0.198931
-0.177499
-0.156816
-0.137201
-0.118817
-0.101718
-0.0858832
-0.0712515
-0.0577538
-0.0453438
-0.0336175
-0.335899
-0.325174
-0.316788
-0.306774
-0.294429
-0.279612
-0.262403
-0.24325
-0.222826
-0.201862
-0.181016
-0.160795
-0.141534
-0.123418
-0.106518
-0.0908314
-0.0763068
-0.0628804
-0.0505176
-0.038846
-0.33305
-0.322417
-0.314192
-0.304531
-0.292757
-0.278699
-0.262363
-0.244112
-0.224539
-0.204324
-0.184101
-0.164378
-0.145506
-0.127688
-0.111016
-0.0955007
-0.0811048
-0.0677698
-0.0554716
-0.0438718
-0.329732
-0.319214
-0.311153
-0.301833
-0.29061
-0.277289
-0.261817
-0.244471
-0.225768
-0.20633
-0.186764
-0.167574
-0.149124
-0.131635
-0.115217
-0.0998967
-0.0856505
-0.0724264
-0.0602093
-0.0486976
-0.325987
-0.31561
-0.307715
-0.298722
-0.288027
-0.275421
-0.260796
-0.244354
-0.226532
-0.207895
-0.189017
-0.170395
-0.152398
-0.135267
-0.119128
-0.104025
-0.0899493
-0.0768549
-0.0647347
-0.0533268
-0.321859
-0.311647
-0.30392
-0.295243
-0.285052
-0.273132
-0.259334
-0.243787
-0.226854
-0.209037
-0.190875
-0.172849
-0.155336
-0.13859
-0.122756
-0.107894
-0.094007
-0.0810602
-0.0690523
-0.0577628
-0.317391
-0.307367
-0.299812
-0.291437
-0.281725
-0.270462
-0.257465
-0.242799
-0.226756
-0.209774
-0.19235
-0.174949
-0.157948
-0.141615
-0.126109
-0.111508
-0.0978297
-0.0850479
-0.0731668
-0.0620097
-0.312626
-0.302812
-0.295432
-0.287348
-0.278089
-0.267452
-0.255226
-0.241422
-0.226263
-0.210124
-0.193458
-0.176706
-0.160245
-0.144349
-0.129194
-0.114875
-0.101424
-0.0888235
-0.0770832
-0.0660715
-0.307606
-0.298022
-0.290822
-0.283016
-0.274187
-0.264142
-0.252654
-0.239687
-0.225401
-0.210109
-0.194214
-0.178134
-0.162236
-0.146802
-0.132021
-0.118004
-0.104796
-0.0923932
-0.080807
-0.0699529
-0.302371
-0.293037
-0.28602
-0.278483
-0.270058
-0.260571
-0.249785
-0.237627
-0.224197
-0.209749
-0.194637
-0.179246
-0.163933
-0.148983
-0.134598
-0.120901
-0.107954
-0.0957632
-0.0843438
-0.0736586
-0.29696
-0.287894
-0.281066
-0.273788
-0.265743
-0.256779
-0.246658
-0.235275
-0.22268
-0.209068
-0.194742
-0.180055
-0.165347
-0.150902
-0.136933
-0.123574
-0.110904
-0.0989399
-0.0876992
-0.0771934
-0.291411
-0.28263
-0.275994
-0.268967
-0.26128
-0.252805
-0.243309
-0.232665
-0.220878
-0.208088
-0.194549
-0.180576
-0.166489
-0.152569
-0.139034
-0.126032
-0.113653
-0.10193
-0.0908793
-0.0805625
-0.285761
-0.277279
-0.27084
-0.264057
-0.256706
-0.248687
-0.239776
-0.229831
-0.218821
-0.206835
-0.194078
-0.180825
-0.167373
-0.153994
-0.140911
-0.128283
-0.11621
-0.10474
-0.0938901
-0.0837713
-0.280042
-0.271872
-0.265635
-0.259089
-0.252056
-0.24446
-0.236094
-0.226808
-0.216539
-0.205334
-0.193348
-0.180817
-0.16801
-0.155188
-0.142574
-0.130333
-0.118581
-0.107377
-0.0967379
-0.0868251
-0.274286
-0.26644
-0.260409
-0.254096
-0.247362
-0.240159
-0.232299
-0.223628
-0.214063
-0.20361
-0.192381
-0.180569
-0.168413
-0.15616
-0.144029
-0.132193
-0.120773
-0.109847
-0.0994289
-0.0897294
-0.268524
-0.26101
-0.25519
-0.249105
-0.242655
-0.235816
-0.228423
-0.220325
-0.211423
-0.201691
-0.191198
-0.180097
-0.168596
-0.156922
-0.145288
-0.133868
-0.122795
-0.112158
-0.101969
-0.09249
-0.262783
-0.255608
-0.250002
-0.244142
-0.237961
-0.231461
-0.224497
-0.21693
-0.208649
-0.199602
-0.189821
-0.17942
-0.168573
-0.157484
-0.146357
-0.135368
-0.124653
-0.114316
-0.104365
-0.0951127
-0.257087
-0.250256
-0.244869
-0.239231
-0.233306
-0.22712
-0.220553
-0.213474
-0.20577
-0.19737
-0.188273
-0.178555
-0.168356
-0.157858
-0.147248
-0.1367
-0.126355
-0.116328
-0.106623
-0.0976032
-0.251459
-0.244975
-0.239809
-0.234391
-0.228713
-0.22282
-0.216615
-0.209985
-0.202816
-0.195022
-0.186577
-0.177521
-0.167962
-0.158054
-0.147968
-0.137872
-0.127907
-0.1182
-0.108749
-0.0999677
-0.245919
-0.239784
-0.234841
-0.229642
-0.2242
-0.218581
-0.21271
-0.20649
-0.199813
-0.192584
-0.184755
-0.176337
-0.167405
-0.158084
-0.148527
-0.138891
-0.129317
-0.119939
-0.110748
-0.102213
-0.240485
-0.234698
-0.229981
-0.224998
-0.219786
-0.214423
-0.20886
-0.203014
-0.196787
-0.190081
-0.182832
-0.175024
-0.166701
-0.157961
-0.148933
-0.139765
-0.13059
-0.121551
-0.112628
-0.104344
-0.235173
-0.229732
-0.22524
-0.220473
-0.215483
-0.210363
-0.205083
-0.199578
-0.193762
-0.187538
-0.180829
-0.173599
-0.165865
-0.157695
-0.149197
-0.140502
-0.131734
-0.123043
-0.114394
-0.10637
-0.229996
-0.224897
-0.22063
-0.216078
-0.211305
-0.206415
-0.201396
-0.196203
-0.19076
-0.184977
-0.178769
-0.172084
-0.164915
-0.157301
-0.149328
-0.141108
-0.132755
-0.12442
-0.116051
-0.108296
-0.224965
-0.220202
-0.21616
-0.211821
-0.20726
-0.202589
-0.197814
-0.192906
-0.187802
-0.182419
-0.176673
-0.170498
-0.163865
-0.156791
-0.149336
-0.141592
-0.133659
-0.125689
-0.22009
-0.215656
-0.211837
-0.207709
-0.203355
-0.198895
-0.194348
-0.1897
-0.184904
-0.179886
-0.174561
-0.168859
-0.162733
-0.156179
-0.14923
-0.141961
-0.134452
-0.215378
-0.211264
-0.207666
-0.203747
-0.199598
-0.19534
-0.191007
-0.186599
-0.182082
-0.177393
-0.172453
-0.167187
-0.161536
-0.155477
-0.149021
-0.210835
-0.207032
-0.203651
-0.199938
-0.195989
-0.191928
-0.187798
-0.183612
-0.179349
-0.174957
-0.170366
-0.165498
-0.16029
-0.1547
-0.206464
-0.202961
-0.199793
-0.196284
-0.192532
-0.188662
-0.184725
-0.180746
-0.176714
-0.172591
-0.168315
-0.163811
-0.202269
-0.199054
-0.196094
-0.192786
-0.189227
-0.185544
-0.181792
-0.178005
-0.174187
-0.170307
-0.166314
-0.198249
-0.195312
-0.192554
-0.189441
-0.186073
-0.182571
-0.178998
-0.175394
-0.171772
-0.168113
-0.194406
-0.191733
-0.189171
-0.18625
-0.183068
-0.179744
-0.176343
-0.172913
-0.169473
-0.190738
-0.188315
-0.185943
-0.183209
-0.180209
-0.177059
-0.173826
-0.170562
-0.187243
-0.185057
-0.182867
-0.180314
-0.177493
-0.174512
-0.171443
-0.183917
-0.181956
-0.179939
-0.177562
-0.174914
-0.1721
-0.180758
-0.179006
-0.177156
-0.174948
-0.172469
-0.17776
-0.176204
-0.174513
-0.172468
-0.174918
-0.173545
-0.172004
-0.172228
-0.171024
-0.169682
-0.168636
-0.167275
-0.0541814
-0.0582698
-0.0622024
-0.0659828
-0.069615
-0.0731028
-0.0764501
-0.0796606
-0.0827383
-0.0856869
-0.0885097
-0.0912101
-0.093791
-0.0962551
-0.0986046
-0.100842
-0.0440207
-0.048015
-0.0518788
-0.0556149
-0.0592264
-0.0627162
-0.0660876
-0.0693436
-0.0724873
-0.0755218
-0.0784503
-0.0812758
-0.0840013
-0.0866297
-0.0891641
-0.0916076
-0.0347259
-0.0386105
-0.0423862
-0.0460556
-0.0496212
-0.0530857
-0.0564518
-0.0597221
-0.0628994
-0.0659866
-0.0689866
-0.0719024
-0.074737
-0.0774937
-0.0801759
-0.0827871
-0.0262537
-0.0300222
-0.0336997
-0.0372885
-0.0407908
-0.0442086
-0.0475444
-0.0508003
-0.0539789
-0.0570825
-0.0601135
-0.0630746
-0.0659683
-0.0687973
-0.0715644
-0.0742724
-0.0185246
-0.0221702
-0.0257397
-0.029235
-0.0326579
-0.0360103
-0.039294
-0.0425111
-0.0456635
-0.0487532
-0.0517824
-0.0547529
-0.0576672
-0.0605272
-0.0633352
-0.0660936
-0.011452
-0.0149707
-0.0184257
-0.0218186
-0.025151
-0.0284243
-0.0316403
-0.0348006
-0.0379068
-0.0409607
-0.0439639
-0.0469183
-0.0498257
-0.0526879
-0.0555069
-0.0582847
-0.00496929
-0.00835899
-0.0116954
-0.0149798
-0.0182135
-0.0213979
-0.0245343
-0.0276242
-0.0306689
-0.0336699
-0.0366286
-0.0395466
-0.0424253
-0.0452664
-0.0480715
-0.0508423
-0.0535804
0.000980402
-0.00227928
-0.00549433
-0.00866589
-0.0117951
-0.014883
-0.0179309
-0.0209398
-0.0239111
-0.0268458
-0.0297452
-0.0326105
-0.0354431
-0.0382442
-0.0410151
-0.0437573
-0.0464721
0.00644745
0.00331772
0.000225311
-0.00283073
-0.00585136
-0.00883753
-0.0117902
-0.0147104
-0.0175991
-0.0204573
-0.023286
-0.0260863
-0.0288592
-0.0316057
-0.034327
-0.0370242
-0.0396984
0.0114788
0.0084774
0.00550729
0.00256767
-0.0003423
-0.00322345
-0.0060766
-0.00890259
-0.0117023
-0.0144765
-0.0172261
-0.019952
-0.0226549
-0.0253359
-0.0279958
-0.0306355
-0.033256
0.0161115
0.0132366
0.010388
0.00756489
0.00476659
0.00199238
-0.000758448
-0.0034866
-0.00619279
-0.00887773
-0.0115421
-0.0141868
-0.0168123
-0.0194195
-0.0220091
-0.0245818
-0.0271385
0.0203803
0.0176296
0.0149009
0.0121934
0.0095067
0.00684007
0.00419295
0.00156475
-0.00104515
-0.00363735
-0.00621244
-0.00877105
-0.0113138
-0.0138412
-0.016354
-0.0188528
-0.0213382
0.0243197
0.0216897
0.019078
0.0164842
0.0139078
0.0113481
0.00880476
0.00627718
0.00376486
0.0012673
-0.00121603
-0.00368564
-0.00614205
-0.00858577
-0.0110173
-0.0134372
-0.015846
0.0279552
0.0254425
0.0229451
0.0204627
0.0179947
0.0155408
0.0131005
0.0106734
0.00825891
0.00585673
0.00346639
0.00108743
-0.00128057
-0.00363805
-0.00598545
-0.00832321
-0.0106518
0.0313133
0.028914
0.0265276
0.0241537
0.0217919
0.0194418
0.017103
0.0147752
0.0124579
0.0101509
0.00785363
0.00556585
0.00328714
0.00101713
-0.00124455
-0.00349827
-0.00574441
0.0344159
0.0321262
0.0298473
0.0275788
0.0253203
0.0230716
0.0208324
0.0186022
0.0163808
0.0141679
0.0119631
0.00976619
0.00757675
0.00539448
0.00321908
0.00105023
-0.00111241
0.0372851
0.0351008
0.0329254
0.0307587
0.0286004
0.0264502
0.0243079
0.0221732
0.0200458
0.0179254
0.0158118
0.0137046
0.0116036
0.00950856
0.00741916
0.00533513
0.00325619
0.0399394
0.037856
0.0357802
0.0337116
0.0316501
0.0295954
0.0275472
0.0255054
0.0234696
0.0214396
0.0194153
0.0173963
0.0153824
0.0133734
0.0113691
0.00936912
0.00737335
0.0423944
0.040408
0.0384279
0.0364539
0.0344857
0.0325232
0.0305662
0.0286144
0.0266677
0.0247258
0.0227885
0.0208557
0.0189271
0.0170025
0.0150818
0.0131647
0.011251
0.0446657
0.0427722
0.040884
0.0390008
0.0371225
0.0352489
0.0333799
0.0315152
0.0296547
0.0277982
0.0259456
0.0240966
0.0222511
0.020409
0.01857
0.016734
0.0149008
0.0467682
0.0449635
0.0431632
0.0413671
0.039575
0.0377868
0.0360024
0.0342217
0.0324444
0.0306705
0.0288997
0.027132
0.0253673
0.0236053
0.0218459
0.020089
0.0183344
0.0487146
0.0469946
0.0452783
0.0435654
0.0418559
0.0401497
0.0384466
0.0367466
0.0350494
0.0333551
0.0316634
0.0299743
0.0282876
0.0266032
0.024921
0.0232409
0.0215627
0.0505174
0.048878
0.0472417
0.0456082
0.0439777
0.0423498
0.0407247
0.039102
0.0374818
0.035864
0.0342484
0.032635
0.0310236
0.0294142
0.0278066
0.0262008
0.0245966
0.052186
0.0506235
0.0490635
0.047506
0.0459509
0.044398
0.0428474
0.041299
0.0397526
0.0382082
0.0366657
0.0351251
0.0335862
0.0320489
0.0305133
0.0289792
0.0274464
0.0537293
0.0522401
0.0507531
0.0492681
0.0477851
0.046304
0.0448248
0.0433473
0.0418717
0.0403977
0.0389254
0.0374546
0.0359853
0.0345175
0.033051
0.0315859
0.030122
0.0551587
0.0537392
0.0523214
0.0509054
0.049491
0.0480782
0.0466671
0.0452575
0.0438493
0.0424427
0.0410374
0.0396335
0.038231
0.0368297
0.0354296
0.0340307
0.032633
0.0564807
0.0551275
0.0537757
0.0524253
0.0510763
0.0497288
0.0483825
0.0470376
0.045694
0.0443517
0.0430106
0.0416707
0.040332
0.0389944
0.037658
0.0363226
0.0349882
0.0577039
0.0564136
0.0551244
0.0538365
0.0525498
0.0512642
0.0499799
0.0486966
0.0474145
0.0461336
0.0448537
0.0435749
0.0422972
0.0410205
0.0397448
0.0384702
0.0371965
0.0588351
0.0576045
0.0563749
0.0551462
0.0539187
0.0526921
0.0514666
0.050242
0.0490185
0.047796
0.0465745
0.0453539
0.0441344
0.0429158
0.0416982
0.0404816
0.0392659
0.0598808
0.0587068
0.0575336
0.0563613
0.0551899
0.0540194
0.0528498
0.0516811
0.0505133
0.0493465
0.0481805
0.0470155
0.0458514
0.0446882
0.043526
0.0423647
0.0412043
0.0608463
0.059726
0.0586065
0.0574877
0.0563697
0.0552525
0.054136
0.0530204
0.0519057
0.0507917
0.0496786
0.0485664
0.0474551
0.0463447
0.0452352
0.0441266
0.0430189
0.0617374
0.0606681
0.0595995
0.0585315
0.0574641
0.0563975
0.0553316
0.0542664
0.053202
0.0521383
0.0510755
0.0500135
0.0489524
0.0478922
0.0468328
0.0457744
0.0447168
0.0625594
0.0615385
0.060518
0.0594981
0.0584788
0.0574601
0.0564421
0.0554248
0.0544082
0.0533923
0.0523772
0.051363
0.0503495
0.0493369
0.0483252
0.0473145
0.0463046
0.0633169
0.0623416
0.0613669
0.0603926
0.0594188
0.0584456
0.0574731
0.0565011
0.0555299
0.0545593
0.0535895
0.0526205
0.0516524
0.050685
0.0497186
0.048753
0.0477885
0.0640142
0.0630823
0.0621508
0.0612197
0.0602891
0.059359
0.0584295
0.0575005
0.0565723
0.0556447
0.0547179
0.0537918
0.0528665
0.0519421
0.0510186
0.050096
0.0491743
0.0646554
0.0637644
0.0628739
0.0619837
0.0610939
0.0602046
0.0593159
0.0584277
0.0575402
0.0566533
0.0557672
0.0548818
0.0539972
0.0531134
0.0522306
0.0513486
0.0504677
0.0652443
0.0643922
0.0635403
0.0626888
0.0618377
0.060987
0.0601368
0.0592872
0.0584382
0.0575899
0.0567422
0.0558953
0.0550492
0.054204
0.0533596
0.0525162
0.0516738
0.0657846
0.064969
0.0641537
0.0633388
0.0625242
0.06171
0.0608964
0.0600832
0.0592707
0.0584588
0.0576475
0.056837
0.0560274
0.0552185
0.0544106
0.0536036
0.0527976
0.066279
0.0654981
0.0647174
0.063937
0.0631569
0.0623773
0.0615981
0.0608194
0.0600413
0.0592639
0.0584871
0.057711
0.0569358
0.0561613
0.0553878
0.0546153
0.0538437
0.0667308
0.0659826
0.0652346
0.0644868
0.0637394
0.0629924
0.0622457
0.0614996
0.0607541
0.0600091
0.0592648
0.0585213
0.0577785
0.0570366
0.0562956
0.0555555
0.0548164
0.0671431
0.0664257
0.0657085
0.0649915
0.0642748
0.0635585
0.0628426
0.0621272
0.0614124
0.0606981
0.0599845
0.0592716
0.0585595
0.0578482
0.0571378
0.0564283
0.0557199
0.0675184
0.06683
0.0661418
0.0654538
0.0647661
0.0640788
0.0633919
0.0627054
0.0620194
0.0613341
0.0606494
0.0599654
0.0592821
0.0585997
0.0579181
0.0572375
0.0565579
0.0678592
0.0671981
0.0665373
0.0658766
0.0652162
0.0645561
0.0638964
0.0632372
0.0625784
0.0619203
0.0612627
0.0606059
0.0599498
0.0592945
0.0586401
0.0579866
0.0573342
0.0681679
0.0675325
0.0668973
0.0662623
0.0656275
0.0649931
0.064359
0.0637253
0.0630921
0.0624595
0.0618275
0.0611962
0.0605657
0.0599359
0.0593069
0.0586789
0.0580519
0.0684466
0.0678354
0.0672243
0.0666133
0.0660026
0.0653922
0.0647821
0.0641725
0.0635633
0.0629547
0.0623466
0.0617392
0.0611326
0.0605267
0.0599216
0.0593175
0.0587143
0.0686976
0.068109
0.0675204
0.066932
0.0663438
0.0657559
0.0651683
0.0645811
0.0639944
0.0634082
0.0628226
0.0622376
0.0616533
0.0610698
0.060487
0.0599052
0.0593243
0.0689227
0.0683551
0.0677877
0.0672203
0.0666532
0.0660863
0.0655197
0.0649535
0.0643878
0.0638225
0.0632578
0.0626937
0.0621303
0.0615676
0.0610057
0.0604447
0.0598846
0.0593254
0.0691238
0.0685759
0.0680281
0.0674803
0.0669328
0.0663855
0.0658385
0.0652918
0.0647456
0.0641998
0.0636546
0.0631099
0.0625659
0.0620227
0.0614802
0.0609385
0.0603977
0.0598578
0.0693028
0.0687732
0.0682435
0.067714
0.0671846
0.0666555
0.0661266
0.0655981
0.0650699
0.0645423
0.0640151
0.0634885
0.0629625
0.0624372
0.0619126
0.0613888
0.0608659
0.0603438
0.069461
0.0689482
0.0684354
0.0679227
0.0674102
0.0668978
0.0663857
0.0658739
0.0653625
0.0648515
0.064341
0.0638311
0.0633217
0.062813
0.0623049
0.0617977
0.0612912
0.0607856
0.0696001
0.0691028
0.0686055
0.0681083
0.0676112
0.0671143
0.0666176
0.0661212
0.0656252
0.0651295
0.0646344
0.0641397
0.0636455
0.063152
0.0626592
0.062167
0.0616757
0.0611851
0.0697214
0.0692383
0.0687551
0.068272
0.0677891
0.0673063
0.0668237
0.0663413
0.0658593
0.0653776
0.0648964
0.0644157
0.0639354
0.0634558
0.0629767
0.0624984
0.0620208
0.0615439
0.0698265
0.0693562
0.0688859
0.0684156
0.0679454
0.0674754
0.0670055
0.0665359
0.0660665
0.0655976
0.0651289
0.0646608
0.0641931
0.063726
0.0632594
0.0627935
0.0623282
0.0618637
0.0699158
0.0694571
0.0689982
0.0685394
0.0680807
0.0676221
0.0671637
0.0667054
0.0662475
0.0657898
0.0653325
0.0648756
0.0644191
0.0639632
0.0635077
0.0630529
0.0625987
0.0621452
0.0699917
0.0695431
0.0690944
0.0686458
0.0681972
0.0677486
0.0673003
0.0668521
0.0664041
0.0659564
0.065509
0.065062
0.0646154
0.0641692
0.0637236
0.0632784
0.0628339
0.0623899
0.0700529
0.0696131
0.0691733
0.0687335
0.0682936
0.0678539
0.0674143
0.0669748
0.0665355
0.0660965
0.0656578
0.0652193
0.0647813
0.0643436
0.0639064
0.0634696
0.0630334
0.0625977
0.0701035
0.0696711
0.0692386
0.0688061
0.0683736
0.0679412
0.0675088
0.0670766
0.0666445
0.0662126
0.065781
0.0653497
0.0649186
0.064488
0.0640577
0.0636278
0.0631984
0.0627695
0.0701386
0.0697123
0.069286
0.0688597
0.0684333
0.068007
0.0675807
0.0671546
0.0667285
0.0663027
0.065877
0.0654515
0.0650264
0.0646015
0.0641769
0.0637527
0.0633289
0.0629055
0.0701659
0.0697439
0.0693218
0.0688997
0.0684775
0.0680553
0.0676332
0.0672111
0.0667891
0.0663673
0.0659456
0.0655241
0.0651028
0.0646818
0.064261
0.0638406
0.0634204
0.0630007
0.0701759
0.0697576
0.0693392
0.0689207
0.0685022
0.0680836
0.0676651
0.0672466
0.0668282
0.0664098
0.0659915
0.0655733
0.0651553
0.0647374
0.0643198
0.0639023
0.063485
0.063068
0.139268
0.130353
0.12156
0.112897
0.104372
0.0959897
0.0877574
0.0796799
0.071762
0.0640077
0.0564201
0.0490004
0.0417488
0.0346657
0.02784
0.021005
0.0144142
0.00806917
0.00191593
-0.00406354
-0.00986604
-0.0154884
-0.0209313
-0.0261966
-0.0312864
-0.0362025
-0.0409474
-0.0455235
-0.0499338
0.135074
0.126923
0.118893
0.110986
0.103207
0.0955585
0.088044
0.0806661
0.0734273
0.0663294
0.059374
0.0525625
0.0458985
0.0393906
0.0330731
0.0269143
0.020847
0.0149476
0.00921982
0.00364504
-0.00178204
-0.00705957
-0.0121869
-0.0171654
-0.0219969
-0.0266834
-0.0312268
-0.0356292
-0.0398929
0.131672
0.124207
0.116852
0.109607
0.102477
0.0954637
0.0885702
0.0817985
0.0751505
0.0686282
0.0622332
0.0559675
0.0498338
0.0438367
0.0379831
0.0323335
0.0266775
0.0211594
0.0158046
0.01059
0.00550235
0.000540613
-0.00429435
-0.00900349
-0.0135887
-0.018052
-0.0223953
-0.0266206
-0.0307301
0.128608
0.121756
0.115005
0.108356
0.101811
0.0953712
0.089039
0.0828152
0.0767012
0.0706978
0.0648062
0.0590274
0.0533629
0.0478147
0.0423859
0.0370869
0.0318761
0.0267458
0.0217359
0.0168476
0.0120704
0.00739983
0.00283545
-0.00162336
-0.00597812
-0.0102306
-0.0143826
-0.0184359
-0.0223923
0.125859
0.119563
0.113359
0.107247
0.101229
0.0953044
0.0894753
0.083742
0.0781049
0.0725645
0.0671211
0.0617748
0.0565252
0.0513716
0.0463128
0.0413491
0.036536
0.0317436
0.0270485
0.0224646
0.0179764
0.013576
0.00926353
0.00503946
0.00090286
-0.00314794
-0.00711455
-0.0109985
-0.0148013
0.123375
0.117581
0.111872
0.106244
0.1007
0.0952393
0.0898624
0.0845696
0.079361
0.074237
0.0691978
0.0642441
0.059377
0.0545992
0.0499159
0.0453335
0.0408616
0.0362759
0.0318354
0.0275292
0.0233092
0.0191596
0.0150814
0.0110772
0.00714664
0.00328826
-0.000499453
-0.00421784
-0.00786824
0.121117
0.115779
0.110516
0.105325
0.100208
0.0951648
0.0901946
0.0852975
0.0804735
0.0757221
0.0710427
0.0664345
0.0618959
0.0574243
0.053015
0.0486628
0.0443663
0.0402986
0.0362038
0.0321368
0.0281407
0.0242164
0.0203567
0.0165591
0.0128232
0.00914798
0.0055324
0.00197515
-0.001525
0.119054
0.114128
0.109267
0.104471
0.09974
0.0950729
0.0904696
0.0859301
0.0814539
0.0770405
0.0726895
0.0684003
0.0641726
0.060006
0.0559009
0.0518594
0.0478839
0.0439883
0.040102
0.0362681
0.0325004
0.0287927
0.0251386
0.0215365
0.0179862
0.0144871
0.0110381
0.007638
0.0042858
0.117157
0.112603
0.108107
0.103668
0.0992852
0.0949584
0.0906873
0.0864715
0.0823105
0.078204
0.0741516
0.0701531
0.0662086
0.0623184
0.0584838
0.054707
0.0509901
0.0473361
0.0436138
0.0399823
0.0364323
0.0329336
0.0294761
0.0260603
0.0226876
0.0193576
0.0160696
0.0128225
0.00961541
0.115401
0.111185
0.107019
0.102903
0.0988365
0.0948181
0.0908479
0.0869253
0.0830498
0.0792209
0.0754379
0.0717
0.0680064
0.0643556
0.0607458
0.0571737
0.0536365
0.0501337
0.0467758
0.0433999
0.040036
0.0367127
0.0334321
0.0301898
0.0269839
0.0238137
0.020679
0.0175788
0.0145123
0.113768
0.109858
0.105992
0.10217
0.0983894
0.094651
0.0909542
0.0872984
0.0836831
0.0801078
0.0765719
0.0730748
0.069616
0.0661951
0.0628118
0.0594661
0.0561594
0.0528934
0.0496769
0.0464697
0.0432868
0.0401398
0.037029
0.0339511
0.0309041
0.0278874
0.0249005
0.0219427
0.0190132
0.112242
0.10861
0.105016
0.10146
0.0979406
0.0944572
0.0910095
0.0875971
0.0842195
0.0808763
0.0775668
0.0742908
0.0710477
0.0678373
0.0646591
0.061513
0.058399
0.0553168
0.052269
0.0492256
0.0462165
0.043242
0.0402964
0.0373768
0.0344826
0.0316136
0.0287694
0.0259496
0.0231534
0.110808
0.107429
0.104083
0.10077
0.0974879
0.0942371
0.0910169
0.087827
0.0846668
0.081536
0.078434
0.0753604
0.0723149
0.0692969
0.066306
0.0633418
0.0604041
0.0574925
0.0546076
0.0517419
0.0488984
0.04608
0.0432855
0.0405134
0.0377628
0.0350334
0.0323249
0.0296367
0.0269685
0.109454
0.106307
0.103187
0.100095
0.0970303
0.0939921
0.09098
0.0879938
0.0850329
0.082097
0.0791856
0.0762983
0.0734345
0.0705939
0.0677758
0.0649797
0.0622048
0.0594509
0.0567181
0.0540263
0.0513401
0.0486665
0.0460127
0.0433795
0.0407652
0.0381689
0.0355902
0.0330286
0.0304837
0.108173
0.105236
0.102323
0.0994336
0.0965675
0.093724
0.0909029
0.0881037
0.0853262
0.0825698
0.0798343
0.0771193
0.0744243
0.0717491
0.0690932
0.0664564
0.0638384
0.0612392
0.058659
0.0561014
0.0535526
0.051018
0.0485006
0.0460003
0.0435159
0.0410466
0.038592
0.0361519
0.0337258
0.106955
0.104211
0.101487
0.0987834
0.0960995
0.0934349
0.0907892
0.0881623
0.0855536
0.082963
0.0803901
0.0778345
0.075296
0.0727742
0.0702688
0.0677796
0.0653061
0.0628481
0.0604053
0.0579788
0.0555581
0.053155
0.0507688
0.0483962
0.046036
0.043688
0.0413522
0.0390285
0.0367165
0.105794
0.103227
0.100676
0.0981433
0.0956269
0.0931268
0.0906428
0.0881746
0.0857219
0.0832845
0.0808621
0.0784543
0.0760611
0.0736822
0.0713174
0.0689667
0.06663
0.0643077
0.0619998
0.0597063
0.0573966
0.055111
0.0528462
0.0505937
0.0483507
0.0461175
0.0438946
0.0416817
0.0394787
0.104685
0.102279
0.0998888
0.0975125
0.0951503
0.0928018
0.0904669
0.0881452
0.0858366
0.0835407
0.0812573
0.0789862
0.076727
0.0744794
0.072243
0.0700174
0.0678021
0.0655962
0.0633993
0.0612117
0.0590634
0.0569093
0.0547557
0.0526113
0.0504773
0.0483529
0.0462371
0.0441297
0.0420305
0.103622
0.101366
0.0991225
0.0968907
0.0946707
0.0924623
0.0902652
0.0880792
0.0859042
0.0837398
0.081586
0.0794425
0.077309
0.0751854
0.0730716
0.0709672
0.0688723
0.0667868
0.0647109
0.0626447
0.0605915
0.0585409
0.0564951
0.0544573
0.0524282
0.0504072
0.0483936
0.046387
0.0443874
0.102603
0.100485
0.0983762
0.0962779
0.0941894
0.0921105
0.0900411
0.0879809
0.0859299
0.0838879
0.0818546
0.0798299
0.0778137
0.0758058
0.073806
0.0718142
0.0698302
0.0678539
0.0658853
0.0639241
0.0619715
0.0600232
0.058081
0.0561457
0.0542172
0.0522951
0.050379
0.0484689
0.0465645
0.101624
0.0996321
0.0976488
0.0956739
0.0937071
0.0917483
0.0897973
0.0878541
0.0859184
0.0839901
0.0820691
0.0801553
0.0782485
0.0763485
0.0744554
0.0725688
0.0706887
0.0688149
0.0669472
0.0650854
0.06323
0.0613772
0.0595321
0.0576939
0.055861
0.0540328
0.0522095
0.050391
0.0485773
0.100681
0.098807
0.0969396
0.095079
0.093225
0.0913776
0.0895367
0.0877021
0.0858737
0.0840515
0.0822353
0.080425
0.0786207
0.0768221
0.0750293
0.0732423
0.0714611
0.0696858
0.0679165
0.0661535
0.0643964
0.0626212
0.0608615
0.059114
0.0573718
0.0556327
0.0538972
0.0521657
0.0504382
0.0997736
0.0980078
0.0962477
0.094493
0.0927438
0.0909999
0.0892612
0.0875276
0.085799
0.0840754
0.0823567
0.0806427
0.0789333
0.0772284
0.0755279
0.0738316
0.0721391
0.0704504
0.0687648
0.0670823
0.0654031
0.063749
0.062088
0.0604241
0.0587633
0.0571071
0.0554547
0.0538057
0.0521599
0.0988983
0.0972332
0.0955726
0.0939164
0.0922645
0.0906169
0.0889735
0.0873341
0.0856989
0.0840676
0.0824402
0.0808167
0.079197
0.077581
0.0759687
0.0743601
0.072755
0.0711535
0.0695557
0.0679617
0.0663715
0.0647875
0.0632034
0.0616202
0.0600399
0.0584632
0.0568897
0.0553191
0.0537512
0.0980536
0.096482
0.0949139
0.0933493
0.0917881
0.0902302
0.0886756
0.0871243
0.0855761
0.0840312
0.0824893
0.0809505
0.0794148
0.0778821
0.0763523
0.0748255
0.0733015
0.0717803
0.070262
0.0687465
0.0672338
0.0657246
0.0642171
0.0627115
0.0612084
0.0597079
0.0582098
0.0567141
0.0552206
0.0972379
0.0957532
0.0942713
0.092792
0.0913152
0.0898411
0.0883694
0.0869002
0.0854336
0.0839694
0.0825076
0.0810483
0.0795913
0.0781367
0.0766844
0.0752344
0.0737868
0.0723413
0.0708982
0.0694572
0.0680185
0.0665824
0.0651475
0.0637146
0.0622838
0.060855
0.0594281
0.0580031
0.05658
0.0964498
0.0950461
0.0936443
0.0922445
0.0908466
0.0894505
0.0880564
0.0866641
0.0852736
0.0838851
0.0824983
0.0811134
0.0797303
0.0783491
0.0769696
0.0755919
0.074216
0.0728418
0.0714694
0.0700988
0.0687298
0.0673627
0.0659964
0.064632
0.0632696
0.0619088
0.0605495
0.0591917
0.0578355
0.0956879
0.0943596
0.0930326
0.091707
0.0903826
0.0890596
0.0877379
0.0864175
0.0850985
0.0837808
0.0824644
0.0811494
0.0798357
0.0785234
0.0772124
0.0759028
0.0745946
0.0732877
0.0719822
0.0706781
0.0693754
0.0680742
0.0667715
0.0654715
0.0641738
0.0628775
0.0615823
0.0602883
0.0589955
0.094951
0.093693
0.0924358
0.0911795
0.0899239
0.0886692
0.0874153
0.0861623
0.0849101
0.0836588
0.0824085
0.081159
0.0799105
0.0786629
0.0774162
0.0761705
0.0749258
0.073682
0.0724393
0.0711974
0.0699566
0.0687168
0.0674783
0.0662405
0.0650037
0.0637679
0.0625332
0.0612995
0.0600668
0.0942381
0.0930457
0.0918537
0.0906621
0.0894709
0.0882801
0.0870897
0.0858998
0.0847103
0.0835214
0.082333
0.0811451
0.0799578
0.0787711
0.077585
0.0763995
0.0752146
0.0740304
0.0728468
0.0716639
0.0704817
0.0693002
0.0681221
0.0669432
0.065764
0.0645855
0.063408
0.0622314
0.0610557
0.0935481
0.0924171
0.091286
0.090155
0.089024
0.087893
0.0867622
0.0856315
0.0845009
0.0833705
0.0822404
0.0811104
0.0799808
0.0788515
0.0777225
0.0765939
0.0754657
0.0743379
0.0732105
0.0720837
0.0709573
0.0698316
0.068707
0.0675824
0.0664581
0.0653343
0.0642113
0.0630889
0.0619672
0.0928802
0.0918065
0.0907324
0.0896581
0.0885836
0.0875087
0.0864337
0.0853585
0.0842832
0.0832079
0.0821324
0.081057
0.0799816
0.0789063
0.0778311
0.076756
0.0756811
0.0746063
0.0735319
0.0724577
0.0713838
0.0703103
0.0692374
0.0681646
0.0670922
0.0660202
0.0649487
0.0638777
0.0628073
0.0922335
0.0912134
0.0901928
0.0891716
0.0881499
0.0871277
0.0861051
0.0850821
0.0840587
0.083035
0.0820111
0.0809869
0.0799625
0.0789381
0.0779135
0.0768888
0.0758642
0.0748395
0.073815
0.0727905
0.0717662
0.0707421
0.0697183
0.0686946
0.0676711
0.066648
0.0656252
0.0646029
0.0635809
0.0925761
0.0916073
0.0906375
0.0896669
0.0886955
0.0877234
0.0867506
0.0857771
0.0848031
0.0838285
0.0828534
0.0818778
0.0809019
0.0799256
0.078949
0.0779721
0.076995
0.0760177
0.0750403
0.0740628
0.0730853
0.0721078
0.0711303
0.070153
0.0691756
0.0681985
0.0672216
0.0662449
0.0652686
0.0642925
0.0919225
0.0910009
0.0900782
0.0891545
0.0882298
0.0873042
0.0863777
0.0854504
0.0845224
0.0835936
0.0826642
0.0817342
0.0808037
0.0798726
0.0789411
0.0780091
0.0770768
0.0761443
0.0752114
0.0742783
0.0733451
0.0724118
0.0714784
0.0705451
0.0696115
0.0686781
0.0677449
0.0668118
0.065879
0.0649465
0.0912912
0.0904138
0.0895352
0.0886554
0.0877745
0.0868926
0.0860096
0.0851257
0.0842409
0.0833553
0.0824688
0.0815816
0.0806938
0.0798053
0.0789163
0.0780267
0.0771367
0.0762462
0.0753554
0.0744643
0.073573
0.0726814
0.0717897
0.0708979
0.0700053
0.0691132
0.0682213
0.0673296
0.066438
0.0655466
0.0906814
0.0898455
0.0890082
0.0881696
0.0873298
0.0864889
0.0856468
0.0848036
0.0839594
0.0831143
0.0822682
0.0814214
0.0805737
0.0797253
0.0788763
0.0780266
0.0771764
0.0763256
0.0754745
0.0746229
0.073771
0.0729188
0.0720663
0.0712137
0.0703607
0.0695077
0.0686548
0.0678021
0.0669493
0.0660967
0.0900926
0.0892955
0.088497
0.087697
0.0868958
0.0860933
0.0852895
0.0844846
0.0836786
0.0828716
0.0820635
0.0812545
0.0804447
0.079634
0.0788226
0.0780105
0.0771977
0.0763844
0.0755705
0.0747561
0.0739413
0.0731261
0.0723106
0.0714949
0.0706801
0.0698645
0.0690484
0.0682323
0.0674162
0.0666003
0.0895242
0.0887635
0.0880013
0.0872376
0.0864726
0.0857061
0.0849384
0.0841695
0.0833994
0.0826281
0.0818558
0.0810826
0.0803083
0.0795332
0.0787573
0.0779806
0.0772032
0.0764252
0.0756466
0.0748674
0.0740878
0.0733078
0.0725274
0.0717468
0.0709662
0.0701851
0.0694039
0.0686226
0.0678413
0.0670601
0.0889758
0.0882493
0.0875211
0.0867914
0.0860603
0.0853278
0.0845939
0.0838587
0.0831223
0.0823847
0.081646
0.0809063
0.0801656
0.0794239
0.0786813
0.077938
0.0771939
0.0764491
0.0757036
0.0749576
0.0742111
0.0734641
0.0727167
0.071969
0.0712211
0.070473
0.0697246
0.0689761
0.0682277
0.0674792
0.0884472
0.0877526
0.0870564
0.0863586
0.0856593
0.0849585
0.0842564
0.0835529
0.0828482
0.0821422
0.0814351
0.0807269
0.0800176
0.0793074
0.0785963
0.0778843
0.0771715
0.076458
0.0757438
0.075029
0.0743136
0.0735977
0.0728815
0.0721648
0.0714479
0.0707307
0.0700133
0.0692958
0.0685782
0.0678606
0.0879381
0.0872734
0.0866071
0.0859392
0.0852697
0.0845988
0.0839264
0.0832527
0.0825777
0.0819014
0.0812239
0.0805453
0.0798657
0.079185
0.0785034
0.0778208
0.0771375
0.0764534
0.0757686
0.0750831
0.0743971
0.0737105
0.0730235
0.0723361
0.0716484
0.0709604
0.0702722
0.0695838
0.0688953
0.0682068
0.0874485
0.0868118
0.0861734
0.0855335
0.084892
0.084249
0.0836045
0.0829587
0.0823115
0.081663
0.0810134
0.0803626
0.0797107
0.0790578
0.0784038
0.077749
0.0770934
0.0764369
0.0757797
0.0751219
0.0744634
0.0738044
0.0731449
0.072485
0.0718248
0.0711642
0.0705034
0.0698425
0.0691814
0.0685203
0.0869783
0.0863678
0.0857556
0.0851418
0.0845264
0.0839095
0.0832912
0.0826715
0.0820504
0.081428
0.0808044
0.0801797
0.0795538
0.0789269
0.078299
0.0776702
0.0770405
0.07641
0.0757787
0.0751468
0.0745142
0.0738811
0.0732474
0.0726134
0.0719789
0.0713442
0.0707092
0.070074
0.0694386
0.0688032
0.0865276
0.0859416
0.0853538
0.0847644
0.0841735
0.083581
0.0829871
0.0823918
0.0817951
0.0811971
0.0805979
0.0799976
0.0793961
0.0787935
0.07819
0.0775855
0.0769801
0.0763739
0.075767
0.0751593
0.074551
0.0739422
0.0733328
0.072723
0.0721127
0.0715022
0.0708913
0.0702803
0.0696691
0.0690579
0.0860968
0.0855335
0.0849685
0.0844019
0.0838337
0.083264
0.0826929
0.0821203
0.0815465
0.0809713
0.0803949
0.0798173
0.0792386
0.0786588
0.078078
0.0774963
0.0769137
0.0763302
0.075746
0.0751611
0.0745755
0.0739894
0.0734027
0.0728155
0.072228
0.0716401
0.0710519
0.0704635
0.0698749
0.0692863
0.0856862
0.085144
0.0846001
0.0840547
0.0835077
0.0829592
0.0824093
0.0818579
0.0813053
0.0807513
0.0801961
0.0796397
0.0790822
0.0785237
0.0779642
0.0774037
0.0768423
0.0762801
0.0757171
0.0751534
0.074589
0.0740241
0.0734586
0.0728926
0.0723263
0.0717594
0.0711924
0.0706252
0.0700578
0.0694903
0.0852962
0.0847736
0.0842493
0.0837235
0.0831961
0.0826673
0.082137
0.0816054
0.0810724
0.0805382
0.0800027
0.0794661
0.0789283
0.0783895
0.0778498
0.077309
0.0767674
0.0762249
0.0756817
0.0751378
0.0745932
0.074048
0.0735023
0.0729561
0.0724095
0.0718622
0.0713147
0.0707672
0.0702195
0.0696717
0.0849273
0.0844228
0.0839167
0.0834089
0.0828997
0.0823891
0.081877
0.0813635
0.0808488
0.0803327
0.0798155
0.0792971
0.0787776
0.0782571
0.0777356
0.0772131
0.0766898
0.0761656
0.0756407
0.075115
0.0745887
0.0740618
0.0735343
0.0730064
0.072478
0.0719497
0.0714209
0.0708916
0.0703621
0.0698325
0.0845805
0.0840925
0.083603
0.0831119
0.0826194
0.0821254
0.0816301
0.0811334
0.0806354
0.0801362
0.0796358
0.0791342
0.0786316
0.078128
0.0776233
0.0771178
0.0766114
0.0761041
0.0755961
0.0750874
0.074578
0.0740681
0.0735576
0.0730466
0.0725352
0.0720235
0.0715114
0.0709991
0.0704865
0.0699738
0.0842564
0.0837836
0.0833092
0.0828334
0.0823561
0.0818773
0.0813973
0.0809159
0.0804333
0.0799494
0.0794644
0.0789783
0.0784911
0.0780029
0.0775138
0.0770237
0.0765328
0.0760411
0.0755486
0.0750555
0.0745616
0.0740672
0.0735723
0.0730769
0.072581
0.0720848
0.0715883
0.0710915
0.0705945
0.0700974
0.0839561
0.083497
0.0830363
0.0825742
0.0821107
0.0816458
0.0811796
0.0807121
0.0802434
0.0797735
0.0793025
0.0788305
0.0783573
0.0778832
0.0774082
0.0769322
0.0764554
0.0759779
0.0754996
0.0750206
0.074541
0.0740608
0.07358
0.0730988
0.0726172
0.0721352
0.0716529
0.0711703
0.0706874
0.0702045
0.0836808
0.0832338
0.0827855
0.0823357
0.0818845
0.0814321
0.0809783
0.0805233
0.0800672
0.0796099
0.0791515
0.078692
0.0782316
0.0777702
0.0773078
0.0768446
0.0763806
0.0759159
0.0754504
0.0749842
0.0745174
0.0740501
0.0735822
0.0731138
0.0726451
0.0721759
0.0717065
0.0712368
0.0707668
0.0702967
0.0834314
0.0829952
0.0825576
0.0821187
0.0816784
0.0812369
0.0807942
0.0803503
0.0799053
0.0794591
0.0790119
0.0785637
0.0781145
0.0776644
0.0772134
0.0767616
0.076309
0.0758556
0.0754016
0.0749469
0.0744916
0.0740357
0.0735793
0.0731225
0.0726653
0.0722077
0.0717497
0.0712916
0.0708331
0.0703745
0.0832099
0.082783
0.0823548
0.0819253
0.0814945
0.0810626
0.0806295
0.0801952
0.0797599
0.0793235
0.0788861
0.0784477
0.0780084
0.0775682
0.0771272
0.0766854
0.0762428
0.0757995
0.0753555
0.0749109
0.0744657
0.07402
0.0735738
0.0731271
0.0726801
0.0722326
0.0717849
0.0713369
0.0708887
0.0704403
0.0830167
0.0825975
0.0821771
0.0817555
0.0813327
0.0809088
0.0804837
0.0800576
0.0796305
0.0792024
0.0787733
0.0783433
0.0779124
0.0774807
0.0770482
0.0766149
0.076181
0.0757463
0.075311
0.0748751
0.0744387
0.0740017
0.0735643
0.0731264
0.0726882
0.0722496
0.0718107
0.0713715
0.0709322
0.0704926
0.0828559
0.082443
0.0820289
0.0816137
0.0811974
0.0807801
0.0803617
0.0799423
0.0795219
0.0791006
0.0786785
0.0782554
0.0778316
0.0774069
0.0769815
0.0765554
0.0761286
0.0757012
0.0752731
0.0748445
0.0744154
0.0739858
0.0735557
0.0731252
0.0726944
0.0722632
0.0718317
0.0713999
0.0709679
0.0705358
0.0827247
0.0823163
0.0819068
0.0814963
0.0810847
0.0806722
0.0802588
0.0798444
0.0794292
0.0790131
0.0785962
0.0781785
0.0777601
0.0773409
0.0769211
0.0765006
0.0760795
0.0756579
0.0752356
0.0748129
0.0743897
0.073966
0.0735419
0.0731175
0.0726927
0.0722676
0.0718422
0.0714166
0.0709907
0.0705647
0.0826343
0.082229
0.0818227
0.0814154
0.0810073
0.0805982
0.0801883
0.0797775
0.0793659
0.0789536
0.0785405
0.0781267
0.0777121
0.077297
0.0768811
0.0764647
0.0760477
0.0756301
0.0752121
0.0747935
0.0743745
0.073955
0.0735352
0.073115
0.0726945
0.0722736
0.0718525
0.0714311
0.0710096
0.0705878
0.0825694
0.0821647
0.0817592
0.0813529
0.0809458
0.080538
0.0801295
0.0797203
0.0793104
0.0788999
0.0784888
0.0780771
0.0776648
0.077252
0.0768387
0.0764249
0.0760107
0.075596
0.0751809
0.0747654
0.0743495
0.0739333
0.0735168
0.0730999
0.0726828
0.0722655
0.0718479
0.0714302
0.0710122
0.0705941
0.0816909
0.0812835
0.0808754
0.0804664
0.0800566
0.0796461
0.0792349
0.0788231
0.0784105
0.0779973
0.0775835
0.0771692
0.0767543
0.0763388
0.0759228
0.0755064
0.0750895
0.0746722
0.0742545
0.0738364
0.073418
0.0729992
0.0725801
0.0721608
0.0717412
0.0713214
0.0709014
0.0704812
0.0700608
0.0696404
0.0692198
0.0817558
0.0813479
0.080939
0.0805291
0.0801184
0.0797068
0.0792942
0.0788809
0.0784667
0.0780518
0.0776361
0.0772196
0.0768025
0.0763847
0.0759663
0.0755473
0.0751277
0.0747075
0.0742869
0.0738657
0.0734441
0.0730221
0.0725998
0.072177
0.071754
0.0713306
0.070907
0.0704832
0.0700592
0.069635
0.0692107
0.0818479
0.0814369
0.0810248
0.0806117
0.0801975
0.0797824
0.0793663
0.0789493
0.0785314
0.0781127
0.0776931
0.0772727
0.0768516
0.0764298
0.0760073
0.0755841
0.0751603
0.0747359
0.074311
0.0738856
0.0734596
0.0730333
0.0726065
0.0721794
0.0717519
0.0713242
0.0708961
0.0704679
0.0700394
0.0696108
0.069182
0.0819818
0.0815663
0.0811495
0.0807317
0.0803127
0.0798926
0.0794715
0.0790493
0.0786262
0.0782022
0.0777772
0.0773514
0.0769247
0.0764972
0.076069
0.07564
0.0752104
0.0747801
0.0743492
0.0739178
0.0734858
0.0730533
0.0726203
0.072187
0.0717532
0.0713192
0.0708848
0.0704502
0.0700154
0.0695804
0.0691452
0.0821469
0.0817249
0.0813017
0.0808773
0.0804516
0.0800248
0.0795969
0.0791679
0.0787378
0.0783068
0.0778747
0.0774417
0.0770078
0.0765731
0.0761375
0.0757012
0.0752642
0.0748264
0.074388
0.073949
0.0735095
0.0730694
0.0726288
0.0721878
0.0717464
0.0713046
0.0708626
0.0704203
0.0699777
0.069535
0.0690921
0.0823459
0.081916
0.0814848
0.0810523
0.0806185
0.0801834
0.0797472
0.0793098
0.0788713
0.0784317
0.0779911
0.0775495
0.0771069
0.0766634
0.0762191
0.0757739
0.0753279
0.0748813
0.0744339
0.0739859
0.0735373
0.0730881
0.0726384
0.0721882
0.0717377
0.0712867
0.0708355
0.0703839
0.0699322
0.0694802
0.0690281
0.0825749
0.0821355
0.0816947
0.0812525
0.0808089
0.0803641
0.079918
0.0794706
0.0790221
0.0785725
0.0781218
0.07767
0.0772172
0.0767635
0.0763088
0.0758533
0.075397
0.0749399
0.0744821
0.0740236
0.0735644
0.0731047
0.0726445
0.0721838
0.0717226
0.0712611
0.0707992
0.070337
0.0698746
0.069412
0.0689492
0.0828339
0.0823835
0.0819316
0.0814782
0.0810234
0.0805673
0.0801098
0.0796511
0.0791911
0.07873
0.0782677
0.0778043
0.0773399
0.0768744
0.0764081
0.0759408
0.0754727
0.0750037
0.074534
0.0740636
0.0735926
0.0731209
0.0726487
0.072176
0.0717028
0.0712292
0.0707553
0.0702811
0.0698066
0.069332
0.0688572
0.0831212
0.0826582
0.0821936
0.0817276
0.0812601
0.0807911
0.0803208
0.0798492
0.0793763
0.0789022
0.0784269
0.0779504
0.0774729
0.0769943
0.0765148
0.0760343
0.0755529
0.0750707
0.0745877
0.074104
0.0736196
0.0731345
0.0726489
0.0721628
0.0716762
0.0711892
0.0707019
0.0702142
0.0697263
0.0692382
0.0687499
0.082959
0.0824804
0.0820001
0.0815184
0.0810352
0.0805506
0.0800647
0.0795774
0.0790888
0.078599
0.0781081
0.077616
0.0771229
0.0766287
0.0761336
0.0756376
0.0751407
0.074643
0.0741445
0.0736454
0.0731456
0.0726452
0.0721443
0.0716428
0.071141
0.0706388
0.0701363
0.0696336
0.0691306
0.0686275
0.083285
0.0827907
0.0822948
0.0817974
0.0812985
0.0807981
0.0802964
0.0797932
0.0792888
0.0787831
0.0782762
0.0777681
0.077259
0.0767488
0.0762376
0.0757255
0.0752125
0.0746987
0.074184
0.0736687
0.0731527
0.0726361
0.072119
0.0716014
0.0710833
0.0705649
0.0700461
0.0695271
0.0690079
0.0684885
0.0836355
0.0831241
0.0826111
0.0820965
0.0815804
0.0810628
0.0805437
0.0800233
0.0795015
0.0789784
0.0784541
0.0779287
0.0774021
0.0768744
0.0763457
0.075816
0.0752855
0.0747541
0.0742219
0.073689
0.0731554
0.0726212
0.0720864
0.0715511
0.0710154
0.0704794
0.069943
0.0694063
0.0688694
0.0683323
0.08401
0.08348
0.0829484
0.0824151
0.0818803
0.0813439
0.0808061
0.0802668
0.0797262
0.0791843
0.0786411
0.0780967
0.0775512
0.0770046
0.0764569
0.0759083
0.0753587
0.0748083
0.0742571
0.0737051
0.0731525
0.0725992
0.0720453
0.0714909
0.0709361
0.0703811
0.0698256
0.0692698
0.0687138
0.0681576
0.0844082
0.083858
0.0833062
0.0827527
0.0821976
0.081641
0.0810829
0.0805233
0.0799624
0.0794001
0.0788365
0.0782717
0.0777058
0.0771387
0.0765706
0.0760015
0.0754315
0.0748606
0.0742889
0.0737164
0.0731432
0.0725694
0.071995
0.0714201
0.0708447
0.070269
0.069693
0.0691166
0.06854
0.0679633
0.0848296
0.0842578
0.0836842
0.0831089
0.082532
0.0819536
0.0813736
0.0807922
0.0802093
0.0796252
0.0790397
0.078453
0.0778651
0.0772761
0.076686
0.0760949
0.0755029
0.07491
0.0743163
0.0737218
0.0731266
0.0725308
0.0719344
0.0713374
0.0707401
0.070142
0.0695438
0.0689454
0.0683467
0.067748
0.0852742
0.084679
0.084082
0.0834834
0.0828831
0.0822812
0.0816778
0.0810729
0.0804665
0.0798589
0.0792499
0.0786397
0.0780283
0.0774157
0.0768021
0.0761875
0.0755719
0.0749555
0.0743382
0.0737201
0.0731014
0.0724819
0.0718619
0.0712414
0.0706204
0.0699989
0.0693772
0.0687552
0.0681329
0.0675105
0.0857419
0.0851217
0.0844996
0.0838759
0.0832505
0.0826235
0.081995
0.081365
0.0807335
0.0801008
0.0794666
0.0788313
0.0781948
0.0775571
0.0769183
0.0762786
0.0756379
0.0749962
0.0743538
0.0737106
0.0730667
0.0724221
0.0717769
0.0711312
0.0704851
0.0698385
0.0691916
0.0685444
0.067897
0.0672494
0.0862327
0.0855857
0.0849368
0.0842862
0.083634
0.0829802
0.0823249
0.0816681
0.0810098
0.0803502
0.0796893
0.0790271
0.0783638
0.0776993
0.0770337
0.0763671
0.0756996
0.0750312
0.074362
0.073692
0.0730212
0.0723499
0.0716779
0.0710054
0.0703325
0.0696592
0.0689854
0.0683115
0.0676373
0.0669629
0.0867468
0.086071
0.0853935
0.0847143
0.0840335
0.0833511
0.0826671
0.0819817
0.0812949
0.0806067
0.0799172
0.0792265
0.0785346
0.0778415
0.0771475
0.0764524
0.0757563
0.0750594
0.0743617
0.0736632
0.072964
0.0722641
0.0715637
0.0708627
0.0701614
0.0694595
0.0687574
0.0680549
0.0673523
0.0666495
0.0872842
0.0865779
0.0858699
0.0851601
0.0844488
0.0837359
0.0830214
0.0823056
0.0815883
0.0808697
0.0801498
0.0794287
0.0787064
0.077983
0.0772586
0.0765332
0.0758068
0.0750796
0.0743516
0.0736229
0.0728934
0.0721633
0.0714327
0.0707015
0.0699699
0.0692379
0.0685055
0.0677729
0.06704
0.066307
0.0878454
0.0871065
0.0863659
0.0856236
0.0848797
0.0841344
0.0833875
0.0826392
0.0818896
0.0811386
0.0803864
0.079633
0.0788785
0.0781229
0.0773662
0.0766086
0.0758501
0.0750908
0.0743307
0.0735699
0.0728083
0.0720462
0.0712835
0.0705204
0.0697568
0.0689929
0.0682285
0.0674639
0.066699
0.0659341
0.0884305
0.0876569
0.0868816
0.0861047
0.0853263
0.0845463
0.083765
0.0829822
0.0821982
0.0814128
0.0806263
0.0798386
0.0790498
0.0782599
0.0774691
0.0766773
0.0758847
0.0750913
0.0742971
0.0735022
0.0727067
0.0719105
0.0711139
0.0703168
0.0695194
0.0687216
0.0679234
0.0671249
0.0663262
0.0655274
0.0890402
0.0882296
0.0874174
0.0866036
0.0857884
0.0849717
0.0841537
0.0833343
0.0825137
0.0816919
0.0808689
0.0800448
0.0792197
0.0783936
0.0775666
0.0767387
0.07591
0.0750805
0.0742503
0.0734195
0.0725882
0.0717563
0.0709239
0.0700911
0.0692583
0.0684246
0.0675903
0.0667557
0.0659211
0.0650864
0.0896748
0.0888248
0.0879732
0.0871202
0.0862659
0.0854101
0.0845531
0.0836948
0.0828353
0.0819747
0.081113
0.0802502
0.0793865
0.0785218
0.0776562
0.0767898
0.0759226
0.0750546
0.0741859
0.0733166
0.0724466
0.071576
0.0707048
0.0698334
0.0689667
0.0680968
0.0672245
0.0663518
0.0654792
0.0646067
0.090335
0.089443
0.0885496
0.0876549
0.0867589
0.0858616
0.0849632
0.0840637
0.083163
0.0822614
0.0813587
0.0804551
0.0795507
0.0786454
0.0777394
0.0768327
0.0759253
0.0750173
0.0741088
0.0731998
0.0722904
0.0713807
0.0704706
0.06956
0.068644
0.0677306
0.0668193
0.0659081
0.0649964
0.0640843
0.0910211
0.0900844
0.0891464
0.0882073
0.087267
0.0863256
0.0853831
0.0844396
0.0834951
0.0825498
0.0816035
0.0806564
0.0797086
0.07876
0.0778108
0.0768608
0.0759103
0.0749593
0.0740077
0.0730556
0.0721032
0.0711503
0.0701971
0.0692436
0.0682896
0.0673357
0.066382
0.0654282
0.0644741
0.06352
0.091734
0.0907497
0.0897643
0.0887778
0.0877904
0.086802
0.0858128
0.0848227
0.0838317
0.08284
0.0818476
0.0808545
0.0798608
0.0788665
0.0778716
0.0768763
0.0758804
0.0748841
0.0738875
0.0728905
0.0718931
0.0708956
0.0698977
0.0688998
0.0679014
0.0669029
0.0659044
0.0649058
0.0639073
0.0629088
0.0924743
0.0914392
0.0904032
0.0893664
0.0883288
0.0872905
0.0862515
0.0852118
0.0841715
0.0831306
0.0820892
0.0810472
0.0800048
0.078962
0.0779187
0.0768751
0.0758312
0.074787
0.0737425
0.0726978
0.071653
0.0706079
0.0695628
0.0685177
0.0674723
0.0664269
0.0653815
0.0643362
0.0632909
0.0622457
0.0932429
0.0921536
0.0910637
0.0899732
0.0888822
0.0877908
0.0866988
0.0856064
0.0845137
0.0834205
0.0823271
0.0812333
0.0801393
0.079045
0.0779506
0.0768559
0.0757612
0.0746663
0.0735713
0.0724763
0.0713812
0.0702861
0.0691911
0.0680964
0.0670015
0.0659065
0.0648117
0.063717
0.0626225
0.0615282
0.0940404
0.0928934
0.0917459
0.0905983
0.0894504
0.0883023
0.087154
0.0860056
0.084857
0.0837084
0.0825597
0.0814109
0.0802622
0.0791134
0.0779646
0.0768159
0.0756673
0.0745188
0.0733703
0.0722221
0.0710739
0.069926
0.0687784
0.0676314
0.0664842
0.065337
0.06419
0.0630433
0.0618969
0.0607509
0.094868
0.0936591
0.0924503
0.0912416
0.090033
0.0888246
0.0876164
0.0864083
0.0852004
0.0839928
0.0827854
0.0815782
0.0803714
0.0791648
0.0779585
0.0767525
0.0755468
0.0743415
0.0731365
0.0719319
0.0707276
0.0695237
0.0683203
0.0671192
0.0659172
0.0647147
0.0635126
0.062311
0.0611101
0.0599095
0.0957264
0.0944515
0.093177
0.0919032
0.0906299
0.0893572
0.088085
0.0868134
0.0855424
0.084272
0.0830023
0.0817331
0.0804646
0.0791966
0.0779293
0.0766627
0.0753966
0.0741312
0.0728663
0.071602
0.0703384
0.0690752
0.0678128
0.0665535
0.0652934
0.064033
0.0627732
0.0615142
0.0602558
0.0589981
0.0966168
0.0952712
0.0939266
0.092583
0.0912406
0.0898992
0.0885589
0.0872197
0.0858815
0.0845443
0.0832082
0.0818732
0.0805392
0.0792063
0.0778744
0.0765436
0.0752138
0.0738851
0.0725574
0.0712308
0.0699053
0.068581
0.0672577
0.0659313
0.0646078
0.0632868
0.0619668
0.0606474
0.0593288
0.0580109
0.0975403
0.096119
0.0946992
0.0932811
0.0918648
0.09045
0.0890369
0.0876254
0.0862155
0.0848072
0.0834005
0.0819953
0.0805916
0.0791895
0.0777888
0.0763897
0.074992
0.0735957
0.0722009
0.0708074
0.0694153
0.0680246
0.0666353
0.0652464
0.0638591
0.0624735
0.0610891
0.0597058
0.0583236
0.0569425
0.0984983
0.0969957
0.0954954
0.0939975
0.092502
0.0910088
0.0895179
0.0880293
0.0865429
0.0850587
0.0835767
0.0820968
0.0806191
0.0791434
0.0776698
0.0761982
0.0747286
0.073261
0.0717952
0.0703314
0.0688694
0.0674094
0.0659514
0.0644944
0.063039
0.0615852
0.0601331
0.0586825
0.0572334
0.0557858
0.0994923
0.0979023
0.0963155
0.094732
0.0931517
0.0915746
0.0900005
0.0884294
0.0868613
0.0852961
0.0837339
0.0821744
0.0806178
0.0790639
0.0775127
0.0759641
0.0744181
0.0728746
0.0713337
0.0697952
0.0682592
0.0667256
0.0651952
0.063666
0.0621384
0.0606129
0.0590896
0.0575684
0.0560491
0.0545316
0.100524
0.0988399
0.0971602
0.0954848
0.0938135
0.0921464
0.0904832
0.0888239
0.0871684
0.0855168
0.0838688
0.0822245
0.0805838
0.0789466
0.0773128
0.0756824
0.0740553
0.0724315
0.070811
0.0691937
0.0675798
0.0659693
0.0643647
0.0627596
0.0611552
0.0595533
0.0579546
0.0563587
0.0547653
0.0531743
0.101595
0.0998098
0.0980301
0.0962558
0.0944869
0.0927231
0.0909643
0.0892105
0.0874615
0.0857174
0.0839779
0.082243
0.0805126
0.0787865
0.0770647
0.0753469
0.0736331
0.071923
0.0702163
0.0685127
0.0668121
0.0651147
0.0634389
0.0617572
0.0600729
0.0583915
0.0567141
0.0550403
0.0533695
0.0517015
0.102707
0.100813
0.0989258
0.0970451
0.095171
0.0933034
0.091442
0.0895869
0.0877378
0.0858947
0.0840575
0.0822261
0.0804003
0.0785801
0.0767654
0.0749562
0.0731524
0.071354
0.0695611
0.0677739
0.0659922
0.064216
0.0624245
0.0606467
0.0588801
0.0571183
0.0553595
0.0536038
0.0518518
0.0501035
0.103864
0.101852
0.0998482
0.0978528
0.0958654
0.0938859
0.0919141
0.08995
0.0879933
0.0860439
0.0841017
0.0821665
0.0802383
0.0783167
0.0764018
0.0744934
0.0725913
0.0706954
0.0688055
0.0669215
0.0650432
0.0631711
0.0613014
0.0594389
0.0575829
0.0557319
0.0538853
0.0520432
0.0502056
0.0483725
0.102928
0.100799
0.0986791
0.0965695
0.0944694
0.0923788
0.0902973
0.088225
0.0861615
0.0841067
0.0820605
0.0800226
0.0779929
0.0759713
0.0739576
0.0719516
0.0699532
0.0679622
0.0659787
0.0640024
0.0620345
0.0600706
0.0581124
0.0561608
0.0542158
0.0522769
0.0503438
0.0484163
0.0464942
0.104044
0.101778
0.0995247
0.0972828
0.0950526
0.0928337
0.0906258
0.0884289
0.0862427
0.084067
0.0819016
0.0797462
0.0776006
0.0754647
0.0733383
0.0712212
0.0691133
0.0670148
0.0649259
0.062847
0.0607815
0.0587172
0.0566565
0.0546036
0.0525594
0.0505233
0.0484943
0.0464722
0.0444568
0.105203
0.102789
0.10039
0.0980051
0.095634
0.0932765
0.0909323
0.0886011
0.0862828
0.0839771
0.0816836
0.0794021
0.0771323
0.0748738
0.0726261
0.0703887
0.0681608
0.0659415
0.0637298
0.0615262
0.0593762
0.0572134
0.0550471
0.0528894
0.0507427
0.0486053
0.0464764
0.0443558
0.0422432
0.106408
0.103833
0.101276
0.0987359
0.0962122
0.0937046
0.0912129
0.0887369
0.0862762
0.0838306
0.0813999
0.0789838
0.0765821
0.0741947
0.0718214
0.0694624
0.0671178
0.0647883
0.0624741
0.0601751
0.0578428
0.0555425
0.0532682
0.0510065
0.0487534
0.0465096
0.0442759
0.0420522
0.0398382
0.107663
0.104913
0.102184
0.0994752
0.0967856
0.0941151
0.0914635
0.0888303
0.0862154
0.0836183
0.0810388
0.0784765
0.0759311
0.0734023
0.0708898
0.0683932
0.0659122
0.0634464
0.0609952
0.0585601
0.0561314
0.0537207
0.0513268
0.0489464
0.0465781
0.044222
0.0418781
0.0395462
0.0372259
0.108974
0.106033
0.103117
0.100224
0.0973534
0.0945058
0.0916804
0.0888769
0.0860948
0.0833339
0.0805936
0.0778737
0.0751738
0.0724935
0.0698324
0.0671904
0.0645671
0.0619626
0.0593773
0.0568151
0.0542611
0.0517205
0.049197
0.0466908
0.0442006
0.0417256
0.0392654
0.0368196
0.034388
0.110347
0.107197
0.104076
0.100982
0.0979148
0.0948743
0.0918599
0.0888712
0.0859077
0.0829692
0.080055
0.0771649
0.0742982
0.0714545
0.0686332
0.0658337
0.0630551
0.0602968
0.0575591
0.0548673
0.0521791
0.0495023
0.0468455
0.0442092
0.0415921
0.038993
0.0364116
0.0338474
0.0313002
0.111789
0.108411
0.105065
0.101751
0.0984693
0.0952182
0.0919976
0.0888072
0.0856465
0.0825151
0.0794126
0.0763384
0.0732923
0.0702738
0.0672827
0.0643186
0.0613815
0.0584714
0.0555889
0.052715
0.0498684
0.0470501
0.0442559
0.0414838
0.0387332
0.0360039
0.0332957
0.0306082
0.0279408
0.113311
0.109681
0.106089
0.102535
0.0990171
0.0955355
0.0920895
0.0886787
0.0853027
0.0819609
0.078653
0.0753784
0.0721368
0.0689278
0.065751
0.0626064
0.0594936
0.0564125
0.0533658
0.0503267
0.0473204
0.0443481
0.0414048
0.0384879
0.0355966
0.0327308
0.0298902
0.0270742
0.0242823
0.114922
0.111016
0.107154
0.103336
0.0995592
0.0958247
0.0921317
0.0884797
0.0848681
0.0812965
0.0777643
0.074271
0.0708159
0.0673987
0.0640191
0.0606774
0.0573752
0.0541144
0.050905
0.0477037
0.044525
0.0413821
0.0382761
0.0352036
0.0321625
0.029152
0.0261718
0.0232211
0.0202994
0.116637
0.112427
0.108268
0.104158
0.100097
0.0960852
0.092121
0.0882045
0.0843351
0.0805123
0.0767354
0.0730036
0.069316
0.0656712
0.0620668
0.0584996
0.0549659
0.0514653
0.0481243
0.0447591
0.0414027
0.0380871
0.0348149
0.0315815
0.0283848
0.0252243
0.0220997
0.0190103
0.0159551
0.118472
0.113927
0.10944
0.105009
0.100635
0.0963166
0.092054
0.0878467
0.0836942
0.0795964
0.0755528
0.0715633
0.067628
0.0637476
0.0599234
0.0561585
0.0524553
0.0488173
0.0450903
0.0414643
0.0379261
0.03444
0.0309945
0.0275908
0.0242305
0.0209137
0.0176394
0.0144066
0.0112146
0.120446
0.115531
0.110681
0.105897
0.101176
0.0965199
0.0919276
0.087399
0.0829338
0.0785315
0.0741916
0.0699137
0.0656973
0.0615422
0.0574485
0.0534184
0.049454
0.0455711
0.0416983
0.0378781
0.0341245
0.0304312
0.0267918
0.0232049
0.0196705
0.0161879
0.0127561
0.00937396
0.00604054
0.122584
0.117259
0.112009
0.106832
0.101729
0.0966984
0.0917415
0.086858
0.0820476
0.0773098
0.0726442
0.0680499
0.0635253
0.0590677
0.0546725
0.0503342
0.0460515
0.0420012
0.0379231
0.0338723
0.0298929
0.0259856
0.0221438
0.0183646
0.0146478
0.0109925
0.00739762
0.00386194
0.000384311
0.124912
0.119135
0.113441
0.10783
0.102302
0.096857
0.0914962
0.0862195
0.0810272
0.0759196
0.0708969
0.06596
0.06111
0.0563497
0.0516848
0.0471221
0.0426723
0.0380981
0.0336741
0.0293873
0.0251875
0.0210582
0.017001
0.0130185
0.00911038
0.00527529
0.00151178
-0.00218143
-0.00580559
0.127465
0.121187
0.115002
0.108909
0.102909
0.0970039
0.0911936
0.0854792
0.0798611
0.0743399
0.0689157
0.0635888
0.0583586
0.053224
0.0481835
0.0432366
0.038447
0.0336779
0.0290054
0.0244444
0.0199792
0.0156024
0.0113141
0.00711508
0.00300432
-0.00101974
-0.00495863
-0.00881378
-0.0125867
0.130279
0.123449
0.116719
0.110092
0.103568
0.09715
0.0908395
0.0846375
0.0785454
0.0725641
0.0666949
0.060939
0.055298
0.0497748
0.0443731
0.0391047
0.0339047
0.0287951
0.023811
0.0189488
0.0141976
0.00955354
0.00501652
0.000585934
-0.00373971
-0.00796213
-0.012083
-0.016104
-0.0200268
0.133405
0.125965
0.118634
0.111414
0.104308
0.0973196
0.0904508
0.0837038
0.0770807
0.0705833
0.0642134
0.0579728
0.0518638
0.0458903
0.0400583
0.0344347
0.0288112
0.0233231
0.0179967
0.0128105
0.00775197
0.00282015
-0.0019841
-0.00666169
-0.0112145
-0.0156443
-0.019953
-0.0241426
-0.0282149
0.136865
0.128742
0.12074
0.112861
0.105109
0.0974886
0.090002
0.082652
0.0754412
0.0683715
0.0614446
0.0546624
0.0480292
0.0415551
0.0352764
0.0291342
0.0230938
0.0172257
0.0115291
0.00598562
0.00059065
-0.00465389
-0.0097474
-0.0146912
-0.0194871
-0.0241368
-0.0286423
-0.0330055
-0.0372288
0.141117
0.132233
0.123471
0.114839
0.106345
0.0979941
0.089793
0.0817467
0.07386
0.0661368
0.05858
0.0511903
0.0439671
0.0369095
0.0301187
0.0233266
0.0167726
0.0104612
0.00434158
-0.00160325
-0.00737026
-0.0129564
-0.0183623
-0.0235898
-0.0286407
-0.0335169
-0.0382207
-0.0427546
-0.0471212
0.0687992
0.0683785
0.0679577
0.067537
0.0671163
0.0666956
0.066275
0.0658545
0.0654341
0.0650139
0.0645938
0.0641739
0.0637542
0.0633347
0.0629155
0.0624966
0.0620779
0.0687863
0.0683618
0.0679373
0.0675128
0.0670883
0.0666639
0.0662396
0.0658154
0.0653914
0.0649676
0.064544
0.0641207
0.0636976
0.0632749
0.0628525
0.0624304
0.0620088
0.0687532
0.0683243
0.0678954
0.0674666
0.0670377
0.066609
0.0661804
0.065752
0.0653237
0.0648957
0.0644679
0.0640404
0.0636133
0.0631865
0.0627601
0.0623341
0.0619086
0.06871
0.0682747
0.0678394
0.0674041
0.0669689
0.0665338
0.0660988
0.065664
0.0652295
0.0647952
0.0643612
0.0639275
0.0634942
0.0630613
0.0626289
0.062197
0.0617656
0.0686492
0.0682062
0.0677632
0.0673202
0.0668773
0.0664346
0.065992
0.0655496
0.0651075
0.0646657
0.0642242
0.0637831
0.0633424
0.0629021
0.0624624
0.0620232
0.0615846
0.0685759
0.0681237
0.0676714
0.0672192
0.0667671
0.0663152
0.0658634
0.0654119
0.0649606
0.0645097
0.0640591
0.0636089
0.0631592
0.06271
0.0622614
0.0618133
0.0613659
0.0684864
0.0680235
0.0675607
0.0670978
0.0666351
0.0661726
0.0657102
0.0652482
0.0647864
0.0643249
0.0638639
0.0634033
0.0629432
0.0624837
0.0620247
0.0615664
0.0611087
0.0683823
0.0679073
0.0674324
0.0669576
0.0664828
0.0660083
0.0655339
0.0650599
0.0645861
0.0641127
0.0636398
0.0631673
0.0626954
0.062224
0.0617532
0.0612832
0.0608138
0.0682616
0.0677732
0.0672848
0.0667965
0.0663084
0.0658204
0.0653327
0.0648452
0.0643581
0.0638714
0.0633851
0.0628993
0.0624141
0.0619295
0.0614456
0.0609623
0.0604798
0.0681243
0.0676211
0.0671179
0.0666147
0.0661117
0.0656089
0.0651064
0.0646041
0.0641022
0.0636008
0.0630998
0.0625993
0.0620994
0.0616001
0.0611015
0.0606036
0.0601065
0.0679691
0.0674496
0.0669301
0.0664108
0.0658915
0.0653725
0.0648537
0.0643353
0.0638172
0.0632995
0.0627823
0.0622657
0.0617497
0.0612343
0.0607196
0.0602057
0.0596926
0.0677952
0.067258
0.0667209
0.0661838
0.0656469
0.0651103
0.0645738
0.0640377
0.063502
0.0629667
0.062432
0.0618977
0.0613641
0.0608312
0.060299
0.0597675
0.0592369
0.0676014
0.0670451
0.0664888
0.0659327
0.0653767
0.0648209
0.0642654
0.0637102
0.0631554
0.062601
0.0620472
0.0614939
0.0609412
0.0603893
0.059838
0.0592876
0.058738
0.0673864
0.0668096
0.0662328
0.065656
0.0650795
0.0645031
0.063927
0.0633513
0.0627759
0.062201
0.0616266
0.0610528
0.0604796
0.0599071
0.0593354
0.0587644
0.0581943
0.0671491
0.0665502
0.0659513
0.0653525
0.0647538
0.0641554
0.0635572
0.0629594
0.062362
0.061765
0.0611686
0.0605727
0.0599775
0.0593829
0.0587891
0.0581961
0.057604
0.066888
0.0662655
0.065643
0.0650206
0.0643984
0.0637763
0.0631546
0.0625331
0.0619121
0.0612915
0.0606714
0.0600519
0.0594331
0.0588149
0.0581975
0.0575809
0.0569651
0.0666017
0.065954
0.0653063
0.0646588
0.0640113
0.0633641
0.0627171
0.0620705
0.0614243
0.0607785
0.0601332
0.0594885
0.0588444
0.058201
0.0575583
0.0569165
0.0562755
0.0662884
0.0656139
0.0649395
0.0642651
0.0635908
0.0629168
0.062243
0.0615696
0.0608965
0.0602239
0.0595518
0.0588802
0.0582092
0.057539
0.0568694
0.0562007
0.0555327
0.0659465
0.0652436
0.0645406
0.0638378
0.0631351
0.0624325
0.0617303
0.0610283
0.0603268
0.0596256
0.058925
0.0582248
0.0575253
0.0568265
0.0561283
0.055431
0.0547344
0.0655739
0.0648408
0.0641077
0.0633746
0.0626417
0.061909
0.0611765
0.0604443
0.0597125
0.0589811
0.0582502
0.0575198
0.05679
0.0560608
0.0553323
0.0546046
0.0538777
0.065169
0.0644038
0.0636387
0.0628737
0.0621088
0.061344
0.0605795
0.0598153
0.0590515
0.0582881
0.0575251
0.0567626
0.0560007
0.0552394
0.0544788
0.0537189
0.0529597
0.0647285
0.0639296
0.0631307
0.0623318
0.0615331
0.0607346
0.0599362
0.0591382
0.0583405
0.0575432
0.0567463
0.05595
0.0551541
0.0543588
0.0535642
0.0527703
0.0519771
0.0642517
0.0634169
0.0625822
0.0617475
0.060913
0.0600787
0.0592446
0.0584108
0.0575773
0.0567441
0.0559114
0.0550792
0.0542475
0.0534163
0.0525858
0.0517559
0.0509267
0.0637342
0.0628617
0.0619892
0.0611168
0.0602445
0.0593725
0.0585006
0.0576291
0.0567578
0.0558869
0.0550165
0.0541464
0.0532769
0.0524079
0.0515394
0.0506716
0.0498044
0.0631722
0.0622601
0.0613481
0.0604361
0.0595242
0.0586125
0.057701
0.0567898
0.0558788
0.0549682
0.054058
0.0531482
0.0522388
0.0513299
0.0504216
0.0495138
0.0486066
0.0625658
0.0616117
0.0606577
0.0597038
0.05875
0.0577964
0.056843
0.0558898
0.054937
0.0539845
0.0530323
0.0520806
0.0511292
0.0501784
0.049228
0.0482781
0.0473288
0.0619103
0.0609119
0.0599136
0.0589155
0.0579175
0.0569198
0.0559223
0.0549251
0.0539281
0.0529315
0.0519353
0.0509394
0.0499439
0.0489489
0.0479543
0.0469603
0.0459667
0.0612007
0.0601557
0.059111
0.0580664
0.0570221
0.055978
0.0549341
0.0538905
0.0528473
0.0518044
0.0507618
0.0497196
0.0486778
0.0476364
0.0465955
0.045555
0.044515
0.0604341
0.0593401
0.0582464
0.057153
0.0560598
0.054967
0.0538744
0.0527821
0.0516902
0.0505987
0.0495075
0.0484166
0.0473262
0.0462362
0.0451466
0.0440574
0.0429686
0.0596051
0.0584596
0.0573145
0.0561697
0.0550253
0.0538812
0.0527375
0.0515942
0.0504512
0.0493086
0.0481664
0.0470246
0.0458832
0.0447422
0.0436016
0.0424614
0.0413217
0.0587094
0.0575098
0.0563106
0.0551119
0.0539136
0.0527157
0.0515183
0.0503214
0.0491249
0.0479288
0.0467332
0.045538
0.0443432
0.0431488
0.0419549
0.0407614
0.0395682
0.057741
0.0564844
0.0552285
0.0539732
0.0527184
0.0514642
0.0502106
0.0489574
0.0477049
0.0464528
0.0452013
0.0439502
0.0426996
0.0414494
0.0401997
0.0389504
0.0377015
0.0566939
0.0553777
0.0540622
0.0527475
0.0514336
0.0501203
0.0488078
0.0474959
0.0461846
0.044874
0.043564
0.0422545
0.0409456
0.0396372
0.0383293
0.0370218
0.0357148
0.0555624
0.0541834
0.0528055
0.0514285
0.0500524
0.0486772
0.047303
0.0459295
0.0445569
0.0431851
0.0418139
0.0404435
0.0390737
0.0377046
0.036336
0.0349679
0.0336004
0.0543395
0.0528946
0.051451
0.0500086
0.0485675
0.0471276
0.0456887
0.0442509
0.0428142
0.0413784
0.0399435
0.0385095
0.0370763
0.0356438
0.0342121
0.032781
0.0313505
0.053016
0.051502
0.0499897
0.048479
0.0469699
0.0454622
0.0439559
0.042451
0.0409474
0.039445
0.0379437
0.0364435
0.0349443
0.0334461
0.0319488
0.0304522
0.0289565
0.0515855
0.049999
0.0484146
0.0468322
0.0452518
0.0436733
0.0420966
0.0405216
0.0389482
0.0373763
0.0358059
0.0342369
0.0326692
0.0311027
0.0295373
0.0279729
0.0264095
0.0500364
0.0483741
0.0467143
0.0450572
0.0434025
0.0417501
0.0401
0.038452
0.036806
0.035162
0.0335198
0.0318794
0.0302406
0.0286034
0.0269676
0.0253331
0.0236999
0.0483586
0.046617
0.0448787
0.0431436
0.0414114
0.0396821
0.0379556
0.0362318
0.0345105
0.0327916
0.0310751
0.0293607
0.0276484
0.0259381
0.0242296
0.0225229
0.0208178
0.0465437
0.044719
0.0428983
0.0410815
0.0392684
0.0374589
0.0356529
0.0338502
0.0320507
0.0302542
0.0284606
0.0266698
0.0248816
0.0230959
0.0213126
0.0195315
0.0177525
0.0445775
0.0426659
0.0407592
0.0388573
0.03696
0.0350672
0.0331786
0.0312942
0.0294137
0.027537
0.025664
0.0237944
0.0219281
0.020065
0.0182049
0.0163476
0.014493
0.042448
0.0404454
0.038449
0.0364584
0.0344735
0.0324941
0.03052
0.028551
0.0265868
0.0246274
0.0226725
0.020722
0.0187755
0.0168331
0.0148944
0.0129593
0.0110277
0.0401384
0.0380413
0.0359516
0.033869
0.0317934
0.0297244
0.0276619
0.0256057
0.0235555
0.021511
0.0194722
0.0174387
0.0154104
0.0133871
0.0113685
0.00935438
0.0376336
0.0354381
0.0332516
0.0310736
0.0289041
0.0267427
0.0245891
0.0224431
0.0203046
0.0181731
0.0160485
0.0139305
0.0118189
0.00971342
0.00761385
0.00551996
0.034917
0.0326191
0.0303319
0.0280552
0.0257886
0.0235319
0.0212847
0.0190468
0.0168179
0.0145977
0.0123858
0.0101821
0.00798619
0.00579787
0.00361685
0.00144287
0.0319701
0.0295656
0.0271741
0.0247952
0.0224286
0.020074
0.0177309
0.0153991
0.0130782
0.0107678
0.00846775
0.00617758
0.00389699
0.00162568
-0.000636662
-0.00289035
0.0287694
0.0262547
0.0237557
0.0212718
0.0188027
0.0163481
0.0139074
0.0114803
0.00906637
0.00666529
0.00427663
0.00190001
-0.000464932
-0.00281857
-0.00516128
-0.00749341
0.0252931
0.0226646
0.0200548
0.0174633
0.0148895
0.0123331
0.00979345
0.00727023
0.00476293
0.0022711
-0.000205707
-0.00266794
-0.00511603
-0.00755043
-0.00997156
-0.0123798
0.0215138
0.0187682
0.0160451
0.0133438
0.0106638
0.00800456
0.00536555
0.00274623
0.000146058
-0.0024355
-0.00499896
-0.00754486
-0.0100737
-0.012586
-0.0150824
-0.0175632
0.0174058
0.0145398
0.0117006
0.00888765
0.00610025
0.00333778
0.000599577
-0.00211499
-0.00480655
-0.00747574
-0.0101232
-0.0127495
-0.0153554
-0.0179414
-0.0205082
-0.0230563
0.0129336
0.00994492
0.0069883
0.00406301
0.00116829
-0.00169661
-0.00453246
-0.00733999
-0.01012
-0.0128731
-0.0156003
-0.0183021
-0.0209794
-0.0236329
-0.0262634
-0.0288716
0.00806245
0.0049494
0.00187458
-0.00116287
-0.00416383
-0.00712918
-0.0100598
-0.0129566
-0.0158204
-0.0186521
-0.0214527
-0.024223
-0.026964
-0.0296766
-0.0323618
-0.0350203
0.00275483
-0.00048417
-0.00367749
-0.00682616
-0.00993121
-0.0129937
-0.0160146
-0.0189951
-0.0219362
-0.024839
-0.0277046
-0.030534
-0.0333285
-0.0360891
-0.038817
-0.0415133
-0.00303643
-0.00640145
-0.00971195
-0.0129692
-0.0161743
-0.0193286
-0.0224333
-0.0254896
-0.028499
-0.0314625
-0.0343817
-0.0372578
-0.0400921
-0.0428862
-0.0456413
-0.0483591
-0.009362
-0.012852
-0.016277
-0.0196385
-0.0229378
-0.0261765
-0.029356
-0.0324778
-0.0355434
-0.0385545
-0.0415125
-0.0444191
-0.0472759
-0.0500845
-0.0528468
-0.0555645
-0.0162788
-0.0198918
-0.0234273
-0.0268869
-0.0302725
-0.0335857
-0.0368283
-0.040002
-0.0431088
-0.0461505
-0.0491289
-0.0520459
-0.0549035
-0.0577037
-0.0604484
-0.0631398
-0.0238533
-0.0275854
-0.0312251
-0.0347742
-0.0382349
-0.0416093
-0.0448994
-0.0481074
-0.0512355
-0.054286
-0.0572611
-0.0601632
-0.0629947
-0.0657579
-0.0684556
-0.0710902
-0.0321722
-0.0360167
-0.0397507
-0.0433766
-0.0468967
-0.0503136
-0.0536298
-0.0568478
-0.0599702
-0.0629996
-0.0659389
-0.0687906
-0.0715578
-0.0742433
-0.0768504
-0.0793823
-0.0413145
-0.0452653
-0.0490838
-0.0527727
-0.0563349
-0.0597733
-0.0630908
-0.0662904
-0.0693749
-0.0723474
-0.0752105
-0.0779672
-0.0806202
-0.0831722
-0.085626
-0.0879843
-0.0513237
-0.0553653
-0.0592494
-0.0629795
-0.0665592
-0.0699922
-0.0732824
-0.0764332
-0.0794484
-0.0823313
-0.0850852
-0.0877132
-0.0902179
-0.0926018
-0.0948667
-0.0970144
)
;

boundaryField
{
    inlet
    {
        type            zeroGradient;
    }
    outlet
    {
        type            fixedValue;
        value           nonuniform 0();
    }
    cylinder
    {
        type            zeroGradient;
    }
    top
    {
        type            symmetryPlane;
    }
    bottom
    {
        type            symmetryPlane;
    }
    defaultFaces
    {
        type            empty;
    }
    procBoundary1to0
    {
        type            processor;
        value           nonuniform List<scalar> 
261
(
0.160127
0.148296
0.160127
0.163646
0.163646
0.167573
0.167573
0.172193
0.172193
0.183836
0.189172
0.189172
0.194565
0.194565
0.207771
0.214002
0.214002
0.228069
0.235151
0.235151
0.242251
0.242251
0.258025
0.265978
0.265978
0.282621
0.29143
0.29143
0.308909
0.32628
0.336822
0.336822
0.354912
0.366272
0.366272
0.384988
0.403426
0.416387
0.416387
0.435239
0.453696
0.46811
0.46811
0.486704
0.504777
0.522292
0.538327
0.538327
0.555534
0.572052
0.587848
0.602889
0.61966
0.61966
0.633779
0.647018
0.659351
0.670751
0.681195
0.690661
0.699129
0.706583
0.719323
0.719323
0.724926
0.729431
0.732828
0.735112
0.736276
0.736319
0.73524
0.733042
0.729729
0.72531
0.719792
0.719792
0.707119
0.699747
0.69136
0.681976
0.671614
0.660296
0.648044
0.634886
0.620847
0.620847
0.604105
0.589141
0.573422
0.556981
0.539851
0.539851
0.523819
0.506377
0.488376
0.488376
0.473384
0.455427
0.437038
0.418255
0.418255
0.405268
0.386895
0.368244
0.368244
0.356852
0.338823
0.338823
0.328245
0.310932
0.310932
0.301196
0.284661
0.268073
0.268073
0.260076
0.260076
0.252083
0.23721
0.23721
0.230083
0.216063
0.216063
0.209785
0.196624
0.196624
0.191182
0.191182
0.185797
0.185797
0.180477
0.169521
0.169521
0.165538
0.165538
0.161961
0.161961
0.150113
0.148296
0.143342
0.139243
0.135559
0.132247
0.12925
0.126529
0.124045
0.121768
0.119668
0.117722
0.115911
0.114219
0.11263
0.111134
0.10972
0.108379
0.107105
0.105891
0.104732
0.103624
0.102563
0.101545
0.100568
0.0996285
0.0987251
0.0978553
0.0970174
0.0962097
0.0954307
0.094679
0.0939534
0.0932528
0.0932528
0.0935439
0.0928429
0.0921672
0.0915158
0.0908881
0.0902832
0.0897007
0.08914
0.088601
0.0880833
0.087587
0.0871119
0.0866584
0.0862266
0.085817
0.0854302
0.0850668
0.0847277
0.0844138
0.0841263
0.0838661
0.0836355
0.0834346
0.0832676
0.083132
0.0830387
0.0829732
0.0820974
0.0821627
0.0822578
0.0823961
0.0825675
0.0827743
0.0830128
0.0832829
0.0835826
0.0834361
0.0834361
0.0837776
0.0841451
0.0845382
0.0849565
0.0853997
0.0858676
0.0863604
0.086878
0.0874206
0.0879887
0.0885824
0.0892024
0.0898491
0.0905231
0.0912253
0.0919563
0.092717
0.0935083
0.0943313
0.095187
0.0960766
0.0970015
0.0979631
0.098963
0.100003
0.101085
0.102211
0.103385
0.104608
0.105884
0.105068
0.105068
0.106322
0.107631
0.108999
0.110433
0.111939
0.113524
0.1152
0.116978
0.118871
0.120897
0.123074
0.125427
0.127982
0.130772
0.133834
0.137208
0.140952
0.145105
0.150113
)
;
    }
    procBoundary1to2
    {
        type            processor;
        value           nonuniform List<scalar> 
199
(
-0.169954
-0.171286
-0.171286
-0.172255
-0.172255
-0.172744
-0.174977
-0.174977
-0.174993
-0.174993
-0.174644
-0.174644
-0.17401
-0.17401
-0.173161
-0.173161
-0.172125
-0.172125
-0.170863
-0.170863
-0.169236
-0.169236
-0.167003
-0.167003
-0.162585
-0.158701
-0.158701
-0.153495
-0.153495
-0.146896
-0.146896
-0.139756
-0.131314
-0.131314
-0.121878
-0.121878
-0.1143
-0.102968
-0.117605
-0.110133
-0.0990462
-0.117605
-0.126855
-0.142223
-0.126855
-0.135141
-0.142223
-0.148721
-0.15901
-0.148721
-0.153861
-0.15901
-0.162139
-0.162139
-0.164375
-0.164375
-0.166016
-0.166016
-0.167293
-0.167293
-0.168339
-0.168339
-0.16919
-0.16919
-0.169818
-0.169818
-0.170152
-0.170152
-0.170116
-0.170116
-0.169626
-0.169626
-0.167371
-0.166374
-0.166374
-0.165
-0.102968
-0.0939633
-0.0853313
-0.0769244
-0.0688048
-0.0610234
-0.0610234
-0.0562878
-0.0491609
-0.0423507
-0.0358582
-0.0296798
-0.0238107
-0.0182441
-0.0129716
-0.00798335
-0.00326914
0.00118208
0.00538152
0.0093405
0.0130703
0.0165819
0.0198863
0.0229939
0.025915
0.0286593
0.0312363
0.0336549
0.0359238
0.0380512
0.0400448
0.0419122
0.0436603
0.0452957
0.0468249
0.0482537
0.0495878
0.0508324
0.0519927
0.0530732
0.0540784
0.0550125
0.0558794
0.0566827
0.0574259
0.0581121
0.0587444
0.0587444
0.0587673
0.0593189
0.0598228
0.0602809
0.0606955
0.0610679
0.0614
0.0616923
0.0619467
0.0621627
0.0623411
0.0624826
0.0625813
0.0626513
0.0616596
0.0615877
0.0614836
0.0613347
0.0611466
0.0609191
0.0606518
0.0603452
0.0599981
0.0596103
0.0591803
0.0587072
0.0581893
0.0576252
0.0570128
0.0563503
0.0556354
0.0548657
0.0540388
0.0531516
0.0522014
0.0511847
0.0500982
0.0489379
0.0477
0.0463801
0.0449737
0.0434754
0.0418803
0.0401823
0.0383754
0.036453
0.0344082
0.0322333
0.0299206
0.0274614
0.024847
0.0220679
0.0191141
0.0159755
0.0126409
0.00909934
0.00734466
0.00734466
0.00343152
-0.000724337
-0.00513567
-0.0098153
-0.0147757
-0.020029
-0.0255865
-0.0314583
-0.0376534
-0.0441794
-0.051041
-0.0582394
-0.0657799
-0.0736645
-0.0818427
-0.0902501
-0.0990462
)
;
    }
}


// ************************************************************************* //
