/*--------------------------------*- C++ -*----------------------------------*\
  =========                 |
  \\      /  F ield         | OpenFOAM: The Open Source CFD Toolbox
   \\    /   O peration     | Website:  https://openfoam.org
    \\  /    A nd           | Version:  7
     \\/     M anipulation  |
\*---------------------------------------------------------------------------*/
FoamFile
{
    version     2.0;
    format      ascii;
    class       volScalarField;
    location    "35";
    object      p;
}
// * * * * * * * * * * * * * * * * * * * * * * * * * * * * * * * * * * * * * //

dimensions      [0 2 -2 0 0 0 0];

internalField   nonuniform List<scalar> 
8500
(
0.104921
0.108392
0.114904
0.112271
0.118921
0.124928
0.116865
0.123374
0.129508
0.134957
0.128624
0.134551
0.140137
0.144958
0.13395
0.140464
0.145794
0.1508
0.154904
0.13934
0.146517
0.152372
0.1571
0.161491
0.164704
0.152675
0.15916
0.164345
0.168482
0.172168
0.174083
0.15892
0.166085
0.171869
0.176394
0.179969
0.182766
0.182762
0.173122
0.179551
0.184632
0.188527
0.191568
0.193288
0.191292
0.180234
0.187367
0.193053
0.197435
0.20072
0.203183
0.203697
0.202168
0.187372
0.195295
0.201634
0.20657
0.210253
0.212916
0.214754
0.214551
0.213602
0.203292
0.210363
0.215899
0.220081
0.223062
0.225084
0.22628
0.225513
0.224602
0.211298
0.219202
0.225412
0.230138
0.233561
0.235836
0.237204
0.237765
0.236484
0.235371
0.228091
0.235074
0.240418
0.24433
0.246988
0.248552
0.249259
0.249185
0.247391
0.245953
0.236966
0.244826
0.250884
0.255356
0.258449
0.260339
0.261188
0.261227
0.260519
0.258199
0.25636
0.254598
0.261474
0.266603
0.270201
0.272472
0.273593
0.273724
0.27309
0.271746
0.268886
0.266601
0.272116
0.278006
0.282204
0.284928
0.286377
0.286728
0.286138
0.284829
0.282846
0.279437
0.276676
0.282744
0.289491
0.294394
0.297662
0.299511
0.30014
0.299721
0.298412
0.296427
0.293803
0.289839
0.286582
0.300982
0.30669
0.310609
0.312951
0.313928
0.313739
0.312553
0.310526
0.307865
0.304602
0.30008
0.296314
0.312437
0.31901
0.323683
0.326623
0.328043
0.328154
0.327151
0.325202
0.322461
0.319127
0.315227
0.310148
0.305865
0.331301
0.336796
0.34044
0.342408
0.342913
0.342165
0.340355
0.337649
0.334198
0.330197
0.325665
0.320031
0.315225
0.349882
0.354307
0.356932
0.357937
0.357536
0.355937
0.353329
0.349874
0.345721
0.341058
0.335899
0.329718
0.324386
0.362949
0.368144
0.37151
0.373128
0.373182
0.371887
0.369448
0.366052
0.361857
0.357011
0.351694
0.345918
0.339195
0.333337
0.381942
0.386054
0.388375
0.388999
0.388117
0.385941
0.382675
0.378502
0.373579
0.36805
0.36209
0.355705
0.348451
0.342069
0.400534
0.403577
0.40487
0.404518
0.402715
0.399673
0.395595
0.39066
0.385022
0.378823
0.37223
0.365249
0.357474
0.35057
0.41506
0.418687
0.420682
0.420966
0.419656
0.416951
0.413061
0.408187
0.402505
0.396167
0.389311
0.382098
0.374534
0.366249
0.358831
0.433784
0.436369
0.437336
0.436632
0.434386
0.430799
0.426081
0.420429
0.414018
0.406996
0.399498
0.391681
0.383548
0.374767
0.36684
0.45198
0.453544
0.453507
0.45184
0.448682
0.444235
0.43871
0.432301
0.425179
0.417491
0.40937
0.400963
0.392277
0.383013
0.374587
0.469611
0.470179
0.469166
0.466562
0.462517
0.457236
0.450927
0.443782
0.435971
0.427637
0.418909
0.40993
0.400708
0.390976
0.382061
0.485761
0.486642
0.486244
0.484282
0.480771
0.475867
0.469778
0.46271
0.454853
0.446375
0.437415
0.4281
0.418569
0.408828
0.398645
0.389253
0.503077
0.50304
0.501706
0.498829
0.494441
0.488708
0.481838
0.474038
0.465496
0.456374
0.44681
0.43693
0.426865
0.416625
0.406008
0.396152
0.519696
0.518773
0.516537
0.512777
0.507547
0.501016
0.493397
0.484893
0.475691
0.46595
0.455807
0.445384
0.434806
0.424088
0.413053
0.402749
0.535585
0.533809
0.530707
0.526102
0.520063
0.51277
0.504432
0.495255
0.485421
0.475089
0.464391
0.453447
0.442379
0.431203
0.419771
0.409034
0.550712
0.54812
0.544191
0.538778
0.531969
0.523947
0.514925
0.505106
0.49467
0.483773
0.472547
0.461108
0.449573
0.437961
0.42615
0.414998
0.567588
0.565046
0.561677
0.556961
0.550782
0.54324
0.534528
0.524857
0.514428
0.503421
0.49199
0.480262
0.468353
0.456375
0.444351
0.432181
0.420633
0.581782
0.578558
0.574454
0.568994
0.56209
0.553858
0.544493
0.534209
0.523206
0.51166
0.499723
0.487523
0.475171
0.462775
0.450363
0.437854
0.425931
0.595088
0.591221
0.586425
0.580266
0.572682
0.563801
0.553824
0.542965
0.531423
0.519372
0.506962
0.494318
0.481551
0.468762
0.455986
0.443161
0.430883
0.607479
0.603011
0.597568
0.590756
0.582537
0.573052
0.562504
0.55111
0.539065
0.526543
0.513692
0.500636
0.487481
0.474328
0.461213
0.448092
0.435484
0.618928
0.613902
0.60786
0.600443
0.591638
0.581593
0.570518
0.558628
0.546119
0.533162
0.519903
0.506465
0.492953
0.479462
0.466034
0.452642
0.439725
0.629413
0.623874
0.617282
0.60931
0.599966
0.589409
0.577851
0.565507
0.552572
0.539217
0.525585
0.511797
0.497956
0.484157
0.470442
0.456801
0.443601
0.638912
0.632907
0.625814
0.617339
0.607507
0.596485
0.584489
0.571734
0.558413
0.544696
0.530726
0.516621
0.502484
0.488404
0.47443
0.460563
0.447105
0.647405
0.640981
0.633441
0.624516
0.614246
0.602808
0.59042
0.577297
0.563632
0.549592
0.535318
0.52093
0.506527
0.492198
0.477992
0.463923
0.450234
0.654874
0.648082
0.640147
0.630825
0.620171
0.608367
0.595634
0.582187
0.568218
0.553894
0.539354
0.524717
0.510081
0.49553
0.481121
0.466875
0.452982
0.667667
0.661306
0.654195
0.64592
0.636256
0.62527
0.613151
0.600121
0.586395
0.572165
0.557596
0.542827
0.527974
0.513137
0.498397
0.483812
0.469414
0.455344
0.67327
0.666685
0.659308
0.650747
0.640797
0.629534
0.617151
0.603873
0.589913
0.575465
0.56069
0.545729
0.530698
0.515692
0.500794
0.486062
0.471536
0.457319
0.677767
0.671002
0.663411
0.654621
0.64444
0.632955
0.62036
0.606882
0.592736
0.578111
0.563173
0.548058
0.532882
0.517741
0.502716
0.487866
0.473238
0.458902
0.681148
0.674248
0.666495
0.657533
0.647179
0.635526
0.622772
0.609144
0.594857
0.5801
0.565038
0.549807
0.534523
0.519281
0.50416
0.489222
0.474516
0.460091
0.683405
0.676415
0.668554
0.659477
0.649008
0.637242
0.624382
0.610654
0.596273
0.581428
0.566283
0.550976
0.535619
0.520309
0.505124
0.490127
0.47537
0.460885
0.684535
0.677499
0.669585
0.660449
0.649923
0.638101
0.625188
0.61141
0.596981
0.582093
0.566907
0.55156
0.536167
0.520823
0.505606
0.49058
0.475797
0.461282
0.684535
0.677499
0.669584
0.660449
0.649922
0.638101
0.625188
0.611409
0.596981
0.582092
0.566906
0.55156
0.536167
0.520823
0.505606
0.490579
0.475797
0.461282
0.683404
0.676414
0.668553
0.659476
0.649007
0.637241
0.624381
0.610653
0.596272
0.581427
0.566283
0.550975
0.535618
0.520308
0.505123
0.490126
0.475369
0.460884
0.681145
0.674246
0.666493
0.657531
0.647177
0.635524
0.622771
0.609142
0.594855
0.580099
0.565037
0.549806
0.534522
0.51928
0.504159
0.489221
0.474515
0.46009
0.677764
0.670999
0.663408
0.654618
0.644438
0.632952
0.620358
0.60688
0.592733
0.578109
0.563171
0.548056
0.53288
0.51774
0.502714
0.487865
0.473236
0.458901
0.673266
0.666682
0.659305
0.650744
0.640794
0.629531
0.617148
0.60387
0.589911
0.575462
0.560688
0.545727
0.530696
0.51569
0.500792
0.48606
0.471534
0.457317
0.667662
0.661301
0.654191
0.645916
0.636252
0.625266
0.613148
0.600118
0.586392
0.572162
0.557593
0.542824
0.527972
0.513135
0.498395
0.48381
0.469412
0.455342
0.654869
0.648077
0.640142
0.63082
0.620166
0.608363
0.59563
0.582183
0.568215
0.553891
0.539351
0.524714
0.510078
0.495528
0.481118
0.466872
0.452979
0.647398
0.640975
0.633435
0.62451
0.614241
0.602804
0.590416
0.577293
0.563628
0.549588
0.535315
0.520926
0.506524
0.492194
0.477989
0.46392
0.450231
0.638904
0.6329
0.625808
0.617333
0.607501
0.59648
0.584484
0.571729
0.558409
0.544692
0.530721
0.516617
0.50248
0.488401
0.474427
0.46056
0.447102
0.629405
0.623867
0.617274
0.609303
0.59996
0.589403
0.577845
0.565502
0.552567
0.539212
0.52558
0.511792
0.497952
0.484153
0.470438
0.456797
0.443597
0.618919
0.613894
0.607852
0.600436
0.59163
0.581586
0.570512
0.558622
0.546113
0.533157
0.519898
0.50646
0.492948
0.479458
0.46603
0.452637
0.439721
0.607469
0.603001
0.597559
0.590747
0.582529
0.573044
0.562497
0.551103
0.539059
0.526537
0.513687
0.50063
0.487476
0.474323
0.461208
0.448088
0.435479
0.595077
0.591211
0.586416
0.580257
0.572673
0.563793
0.553816
0.542958
0.531416
0.519365
0.506956
0.494312
0.481545
0.468757
0.455981
0.443156
0.430879
0.581771
0.578547
0.574444
0.568984
0.562081
0.553849
0.544484
0.534201
0.523198
0.511653
0.499717
0.487517
0.475165
0.462769
0.450357
0.437848
0.425926
0.567576
0.565034
0.561666
0.55695
0.550772
0.543231
0.534519
0.524848
0.51442
0.503414
0.491982
0.480255
0.468347
0.456368
0.444345
0.432175
0.420628
0.550699
0.548108
0.544179
0.538768
0.531959
0.523937
0.514916
0.505097
0.494662
0.483765
0.47254
0.461101
0.449566
0.437955
0.426143
0.414992
0.535572
0.533797
0.530695
0.526091
0.520053
0.512759
0.504423
0.495246
0.485412
0.47508
0.464383
0.45344
0.442372
0.431196
0.419764
0.409027
0.519682
0.518759
0.516524
0.512765
0.507535
0.501005
0.493386
0.484883
0.475681
0.465941
0.455799
0.445375
0.434798
0.42408
0.413046
0.402742
0.503062
0.503026
0.501693
0.498816
0.494429
0.488696
0.481827
0.474028
0.465486
0.456364
0.446801
0.436921
0.426856
0.416617
0.406
0.396145
0.485745
0.486627
0.486229
0.484269
0.480758
0.475855
0.469766
0.462699
0.454843
0.446365
0.437405
0.428091
0.41856
0.40882
0.398637
0.389245
0.469595
0.470164
0.469151
0.466548
0.462504
0.457223
0.450915
0.443771
0.43596
0.427627
0.418899
0.409921
0.400699
0.390968
0.382053
0.451963
0.453528
0.453492
0.451825
0.448668
0.444222
0.438697
0.432289
0.425168
0.417481
0.409359
0.400953
0.392267
0.383004
0.374578
0.433766
0.436352
0.43732
0.436617
0.434372
0.430785
0.426068
0.420416
0.414006
0.406985
0.399488
0.391671
0.383538
0.374757
0.366831
0.41867
0.420665
0.42095
0.419641
0.416936
0.413047
0.408174
0.402493
0.396155
0.389299
0.382088
0.374524
0.36624
0.358821
0.400515
0.40356
0.404853
0.404502
0.4027
0.399659
0.395581
0.390647
0.38501
0.378811
0.372219
0.365238
0.357463
0.35056
0.381923
0.386035
0.388357
0.388983
0.388101
0.385926
0.382661
0.378488
0.373566
0.368038
0.362078
0.355694
0.348441
0.342058
0.362929
0.368125
0.371492
0.37311
0.373166
0.371871
0.369433
0.366038
0.361844
0.356998
0.351682
0.345906
0.339184
0.333326
0.349862
0.354288
0.356914
0.35792
0.35752
0.355922
0.353314
0.34986
0.345708
0.341045
0.335887
0.329706
0.324374
0.33128
0.336776
0.340421
0.342391
0.342896
0.342149
0.34034
0.337635
0.334184
0.330184
0.325652
0.320019
0.315213
0.312415
0.31899
0.323663
0.326604
0.328025
0.328137
0.327135
0.325187
0.322446
0.319114
0.315214
0.310135
0.305853
0.300961
0.306669
0.31059
0.312932
0.313911
0.313722
0.312537
0.310511
0.307851
0.304589
0.300067
0.296302
0.282722
0.28947
0.294374
0.297643
0.299493
0.300123
0.299705
0.298396
0.296412
0.293789
0.289825
0.286569
0.272095
0.277985
0.282185
0.284909
0.286359
0.286711
0.286122
0.284814
0.282831
0.279423
0.276663
0.254575
0.261452
0.266582
0.270181
0.272454
0.273576
0.273707
0.273074
0.27173
0.268871
0.266587
0.244804
0.250863
0.255336
0.25843
0.260321
0.261171
0.26121
0.260503
0.258184
0.256346
0.228068
0.235053
0.240398
0.24431
0.246969
0.248534
0.249241
0.249169
0.247375
0.245938
0.211275
0.219179
0.225391
0.230118
0.233541
0.235817
0.237187
0.237748
0.236467
0.235355
0.203268
0.210341
0.215877
0.22006
0.223043
0.225065
0.226263
0.225496
0.224586
0.195272
0.201612
0.20655
0.210234
0.212897
0.214736
0.214534
0.213586
0.18021
0.187344
0.193032
0.197414
0.200701
0.203165
0.203679
0.202151
0.173098
0.179529
0.184611
0.188507
0.191549
0.193269
0.191274
0.158897
0.166062
0.171847
0.176373
0.17995
0.182748
0.182744
0.152652
0.159138
0.164324
0.168461
0.172149
0.174064
0.139317
0.146495
0.15235
0.157079
0.161471
0.164685
0.133926
0.140441
0.145772
0.150779
0.154885
0.128601
0.134529
0.140116
0.144938
0.123351
0.129487
0.134937
0.112248
0.118899
0.124907
0.108369
0.114882
0.104899
0.185375
0.176544
0.167353
0.158421
0.14919
0.139747
0.130308
0.120907
0.111542
0.102237
0.0930188
0.17705
0.168106
0.158007
0.14909
0.140385
0.13147
0.122574
0.113812
0.105156
0.0965891
0.0881267
0.167331
0.158555
0.148536
0.140002
0.132011
0.123851
0.115656
0.1076
0.0996729
0.0918357
0.08409
0.157348
0.149066
0.139658
0.131732
0.124434
0.11699
0.109468
0.102058
0.0947784
0.0875884
0.0804806
0.148003
0.140343
0.13166
0.124341
0.11764
0.110818
0.103903
0.0970817
0.0903857
0.0837799
0.0772512
0.13948
0.132404
0.124422
0.117667
0.111491
0.10522
0.0988618
0.0925826
0.0864213
0.0803477
0.074346
0.131694
0.125142
0.117819
0.111597
0.105902
0.100133
0.0942856
0.0885073
0.0828362
0.077247
0.0717239
0.124571
0.118502
0.111794
0.106074
0.100823
0.0955107
0.0901304
0.0848104
0.0795865
0.074437
0.0693473
0.118063
0.112446
0.106303
0.101045
0.0962024
0.0913062
0.0863504
0.0814478
0.0766305
0.0718801
0.0671831
0.112121
0.106923
0.101297
0.0964616
0.0919909
0.0874731
0.082903
0.0783799
0.0739323
0.069544
0.065203
0.106693
0.101882
0.0967255
0.0922746
0.0881435
0.08397
0.0797506
0.0755725
0.0714607
0.0674012
0.0633834
0.101728
0.0972732
0.0925432
0.0884423
0.0846208
0.0807608
0.0768602
0.0729956
0.0691891
0.0654285
0.0617041
0.0971814
0.0930539
0.08871
0.0849272
0.081388
0.0778134
0.0742027
0.0706232
0.0670945
0.0636056
0.0601482
0.0930107
0.0891842
0.08519
0.0816963
0.0784145
0.0750998
0.0717528
0.0684328
0.0651569
0.0619155
0.0587012
0.0891788
0.0856287
0.0819512
0.07872
0.0756729
0.0725952
0.0694884
0.0664048
0.0633593
0.0603435
0.057351
0.0856523
0.0823557
0.078965
0.0759723
0.0731396
0.070278
0.0673902
0.0645222
0.061687
0.0588773
0.0560873
0.082401
0.0793371
0.0762062
0.0734305
0.0707935
0.0681294
0.0654415
0.0627704
0.0601274
0.0575061
0.0549015
0.0793981
0.0765477
0.0736525
0.0710744
0.0686164
0.066133
0.0636278
0.0611366
0.0586696
0.056221
0.0537864
0.0766199
0.0739656
0.0712843
0.0688862
0.0665923
0.0642743
0.0619363
0.0596101
0.0573043
0.0550142
0.0527358
0.0740453
0.071571
0.0690842
0.0668505
0.0647069
0.0625407
0.060356
0.0581811
0.0560236
0.0538791
0.0517443
0.0716554
0.0693467
0.067037
0.0649535
0.0629481
0.0609212
0.0588773
0.0568414
0.0548202
0.0528098
0.0508074
0.0694337
0.0672774
0.0651291
0.0631832
0.0613048
0.0594061
0.0574918
0.0555839
0.0536882
0.0518015
0.0499212
0.0673655
0.0653495
0.0633487
0.0615289
0.0597675
0.057987
0.056192
0.054402
0.0526222
0.0508498
0.0490825
0.0654376
0.0635511
0.0616852
0.0599812
0.0583277
0.0566562
0.0549713
0.0532902
0.0516176
0.0499509
0.0482882
0.0636385
0.0618715
0.0601291
0.0585318
0.0569779
0.0554072
0.053824
0.0522436
0.0506702
0.0491014
0.0475357
0.0619576
0.0603011
0.0586722
0.0571731
0.0557114
0.0542339
0.0527448
0.0512577
0.0497762
0.0482983
0.0468226
0.0603859
0.0588316
0.0573069
0.0558984
0.0545222
0.0531311
0.0517291
0.0503285
0.0489323
0.0475389
0.0461469
0.0589148
0.0574552
0.0560265
0.0547018
0.0534048
0.0520938
0.0507728
0.0494524
0.0481355
0.0468206
0.0455066
0.0575371
0.0561653
0.054825
0.0535778
0.0523544
0.0511179
0.049872
0.0486262
0.0473831
0.0461414
0.0449
0.0562458
0.0549556
0.053697
0.0525215
0.0513665
0.0501993
0.0490232
0.0478469
0.0466726
0.045499
0.0443254
0.055035
0.0538206
0.0526374
0.0515286
0.0504372
0.0493345
0.0482235
0.0471118
0.0460016
0.0448916
0.0437813
0.053899
0.0527552
0.0516418
0.0505949
0.0495628
0.0485201
0.0474697
0.0464184
0.0453679
0.0443174
0.0432662
0.0528329
0.0517548
0.0507061
0.0497166
0.0487398
0.0477532
0.0467593
0.0457643
0.0447697
0.0437748
0.0427788
0.0518321
0.0508152
0.0498264
0.0488905
0.0479653
0.0470309
0.0460899
0.0451475
0.0442051
0.043262
0.0508923
0.0499325
0.0489994
0.0481133
0.0472363
0.0463508
0.045459
0.0445657
0.0436722
0.0427778
0.0500097
0.0491033
0.0482218
0.0473822
0.0465502
0.0457104
0.0448647
0.0440174
0.0431695
0.0423206
0.0491809
0.0483242
0.0474908
0.0466945
0.0459046
0.0451075
0.0443049
0.0435005
0.0426955
0.0418892
0.0484026
0.0475923
0.0468037
0.0460478
0.0452973
0.0445401
0.0437777
0.0430136
0.0422486
0.0414823
0.0476719
0.046905
0.0461579
0.0454398
0.0447261
0.0440062
0.0432816
0.0425551
0.0418276
0.0410988
0.046986
0.0462596
0.0455513
0.0448684
0.0441891
0.0435042
0.0428148
0.0421236
0.0414312
0.0407375
0.0463425
0.0456539
0.0449817
0.0443317
0.0436846
0.0430323
0.042376
0.0417177
0.0410583
0.0403974
0.0457392
0.0450859
0.0444472
0.0438279
0.0432109
0.0425892
0.0419637
0.0413363
0.0407076
0.0400774
0.045174
0.0445536
0.0439462
0.0433555
0.0427666
0.0421734
0.0415767
0.0409781
0.0403782
0.0397768
0.0446452
0.0440554
0.0434769
0.0429129
0.0423503
0.0417837
0.0412139
0.0406422
0.0400692
0.0394947
0.044151
0.0435897
0.0430381
0.042499
0.0419608
0.0414191
0.0408742
0.0403277
0.0397797
0.0392302
0.04369
0.0431551
0.0426285
0.0421124
0.0415971
0.0410784
0.0405568
0.0400336
0.0395089
0.0389828
0.043261
0.0427505
0.0422471
0.0417524
0.0412581
0.0407608
0.0402609
0.0397593
0.0392563
0.0387519
0.0428629
0.042375
0.0418928
0.0414178
0.0409431
0.0404656
0.0399856
0.039504
0.0390211
0.0385368
0.0424949
0.0420276
0.041565
0.0411082
0.0406514
0.0401921
0.0397305
0.0392674
0.038803
0.0383372
0.0421562
0.0417077
0.0412629
0.0408228
0.0403824
0.0399398
0.0394951
0.0390489
0.0386014
0.0381526
0.0418463
0.0414149
0.0409863
0.0405613
0.0401359
0.0397084
0.0392791
0.0388482
0.0384162
0.0379828
0.0415649
0.0411489
0.0407348
0.0403234
0.0399114
0.0394976
0.0390821
0.0386651
0.038247
0.0378276
0.041312
0.0409095
0.0405083
0.040109
0.039709
0.0393074
0.0389041
0.0384996
0.0380939
0.037687
0.0410875
0.0406968
0.0403068
0.0399181
0.0395286
0.0391376
0.0387451
0.0383514
0.0379566
0.0375607
0.040892
0.0405114
0.040131
0.0397512
0.0393707
0.0389888
0.0386056
0.0382212
0.0378358
0.0374493
0.0407256
0.0403531
0.0399805
0.0396081
0.0392349
0.0388605
0.0384849
0.0381083
0.0377306
0.0373521
0.0405901
0.040224
0.0398575
0.0394909
0.0391235
0.038755
0.0383855
0.038015
0.0376436
0.0372713
0.0404845
0.0401226
0.0397602
0.0393975
0.0390341
0.0386697
0.0383044
0.0379382
0.0375712
0.0372035
0.0404141
0.0400548
0.0396949
0.0393345
0.0389735
0.0386117
0.0382491
0.0378857
0.0375217
0.037157
0.0403745
0.0400148
0.0396546
0.039294
0.0389328
0.038571
0.0382085
0.0378454
0.0374818
0.0371176
0.175459
0.176193
0.177642
0.179704
0.182327
0.185455
0.189045
0.193053
0.197439
0.202158
0.207162
0.212397
0.217802
0.223304
0.22882
0.23425
0.23948
0.244374
0.248784
0.252525
0.255415
0.257214
0.257718
0.256607
0.253715
0.248557
0.241193
0.230569
0.21759
0.19832
0.174728
0.17544
0.176844
0.178842
0.181379
0.184398
0.187854
0.191701
0.195894
0.200385
0.205122
0.210047
0.215094
0.220183
0.225228
0.230122
0.234749
0.238969
0.242632
0.245556
0.247564
0.248424
0.247951
0.245846
0.241972
0.235898
0.227694
0.216521
0.203244
0.186552
0.173945
0.174635
0.175991
0.17792
0.180362
0.183263
0.186573
0.190246
0.194233
0.198481
0.202938
0.207538
0.212212
0.216877
0.221443
0.2258
0.229831
0.233395
0.236348
0.238513
0.239725
0.239767
0.238478
0.235592
0.231013
0.224372
0.215801
0.204691
0.191955
0.176795
0.17311
0.173775
0.175079
0.176934
0.179277
0.182053
0.185211
0.188701
0.192472
0.196469
0.200634
0.204899
0.209191
0.213424
0.217504
0.221322
0.224758
0.227675
0.229933
0.231364
0.231815
0.23109
0.229052
0.225469
0.220281
0.213196
0.204374
0.1934
0.181005
0.166575
0.17222
0.172859
0.174109
0.175886
0.178126
0.180772
0.183772
0.187073
0.190622
0.194361
0.198228
0.202152
0.206058
0.209858
0.213454
0.216738
0.219592
0.221881
0.223473
0.224208
0.223951
0.222524
0.219813
0.215627
0.209931
0.202508
0.193515
0.182668
0.170544
0.156739
0.171274
0.171886
0.17308
0.174776
0.176908
0.179419
0.182256
0.185363
0.188684
0.192159
0.195723
0.199304
0.202822
0.206189
0.209308
0.212068
0.214358
0.216046
0.217007
0.217097
0.216193
0.214141
0.210848
0.206163
0.200069
0.192416
0.18335
0.172682
0.160906
0.147764
0.170271
0.170854
0.17199
0.173602
0.175623
0.177995
0.180662
0.183569
0.186657
0.189864
0.193121
0.196356
0.199487
0.202425
0.205074
0.207325
0.209071
0.210187
0.210559
0.210054
0.208566
0.205965
0.202178
0.197089
0.190701
0.182912
0.173866
0.163442
0.152076
0.139591
0.169208
0.169762
0.170838
0.172363
0.174269
0.176497
0.178991
0.181694
0.184544
0.187478
0.190427
0.193315
0.196061
0.198576
0.200765
0.202524
0.203749
0.204326
0.204149
0.203101
0.201092
0.198014
0.193814
0.188408
0.181813
0.173969
0.165014
0.154882
0.143949
0.1321
0.168086
0.16861
0.169624
0.171058
0.172845
0.174926
0.177244
0.179738
0.182347
0.185006
0.187645
0.190188
0.192553
0.194653
0.196395
0.19768
0.198411
0.198482
0.197799
0.196261
0.193791
0.190305
0.185767
0.18012
0.173393
0.165561
0.156754
0.146945
0.136458
0.125225
0.166903
0.167395
0.168345
0.169687
0.171353
0.173283
0.17542
0.177702
0.180069
0.182452
0.184781
0.186981
0.188972
0.190666
0.191977
0.192811
0.193075
0.192677
0.191531
0.189554
0.186682
0.182853
0.178045
0.172225
0.165433
0.157667
0.149052
0.139588
0.129553
0.11892
0.165659
0.166118
0.167003
0.168249
0.169791
0.171567
0.173521
0.17559
0.177712
0.179819
0.181841
0.183703
0.185327
0.186629
0.187526
0.187931
0.187759
0.186928
0.185364
0.182998
0.179781
0.175669
0.170653
0.164721
0.157918
0.150264
0.141874
0.13277
0.123192
0.113138
0.164351
0.164777
0.165595
0.166744
0.168159
0.16978
0.171549
0.173403
0.17528
0.177112
0.178831
0.180362
0.181629
0.182553
0.183056
0.183056
0.182479
0.181252
0.179313
0.176607
0.173099
0.168759
0.163591
0.157599
0.150833
0.143327
0.135188
0.126454
0.117328
0.107832
0.162981
0.163372
0.164122
0.165173
0.16646
0.167923
0.169505
0.171144
0.172777
0.174337
0.175757
0.176965
0.177887
0.178449
0.178578
0.178201
0.17725
0.175665
0.173394
0.170395
0.166644
0.162128
0.156857
0.15085
0.144161
0.136831
0.128962
0.120601
0.111919
0.102956
0.161547
0.161903
0.162585
0.163535
0.164693
0.165998
0.167393
0.168817
0.170207
0.1715
0.172628
0.173522
0.174112
0.17433
0.174107
0.173379
0.172087
0.17018
0.167618
0.164371
0.160424
0.155776
0.150447
0.144464
0.137882
0.130752
0.123164
0.115175
0.106927
0.0984717
0.160049
0.160371
0.160982
0.161832
0.162859
0.164005
0.165213
0.166424
0.167576
0.168606
0.169449
0.17004
0.170314
0.170205
0.169654
0.168603
0.167002
0.16481
0.161997
0.158541
0.154441
0.149703
0.144353
0.138426
0.131978
0.125064
0.117765
0.110142
0.102314
0.094341
0.158489
0.158774
0.159316
0.160064
0.16096
0.161948
0.162971
0.163971
0.164888
0.165662
0.16623
0.16653
0.166502
0.166088
0.165232
0.163885
0.162007
0.159565
0.156537
0.152913
0.148697
0.143905
0.138567
0.132724
0.12643
0.119743
0.112736
0.105473
0.0980486
0.0905308
0.156865
0.157115
0.157586
0.158233
0.158998
0.159828
0.160668
0.16146
0.162148
0.162673
0.162976
0.162999
0.162687
0.161987
0.160851
0.159237
0.157112
0.154453
0.151246
0.147488
0.143191
0.138377
0.13308
0.127342
0.121219
0.114766
0.108051
0.101136
0.0940991
0.087011
0.155179
0.155392
0.155794
0.156339
0.156975
0.157649
0.158308
0.158898
0.159363
0.159647
0.159696
0.159457
0.158878
0.157913
0.156521
0.154667
0.152326
0.149481
0.146127
0.142269
0.137922
0.133114
0.12788
0.122266
0.116324
0.11011
0.103683
0.0971054
0.0904384
0.0837547
0.153432
0.153609
0.153941
0.154385
0.154893
0.155414
0.155896
0.156288
0.156537
0.156591
0.156398
0.155911
0.155084
0.153875
0.152251
0.150184
0.147655
0.144656
0.141185
0.137255
0.132886
0.128107
0.122957
0.117481
0.111728
0.105753
0.0996093
0.0933563
0.0870413
0.0807377
0.151624
0.151766
0.152028
0.152374
0.152756
0.153125
0.153435
0.153635
0.153676
0.15351
0.15309
0.152371
0.151313
0.149883
0.14805
0.145796
0.143107
0.13998
0.136421
0.132446
0.128077
0.123349
0.118298
0.11297
0.107412
0.101676
0.0958078
0.0898661
0.083885
0.0779382
0.149758
0.149865
0.150059
0.150307
0.150565
0.150788
0.15093
0.150945
0.150788
0.150413
0.149777
0.148843
0.147574
0.145943
0.143926
0.141509
0.138686
0.135458
0.131835
0.127838
0.123491
0.11883
0.113892
0.10872
0.103359
0.0978584
0.092258
0.0866138
0.0809491
0.0753368
0.147835
0.147907
0.148035
0.148187
0.148324
0.148405
0.148385
0.148224
0.147877
0.147305
0.146469
0.145336
0.143875
0.142064
0.139885
0.137329
0.134395
0.13109
0.127427
0.123428
0.119122
0.114542
0.109726
0.104716
0.0995525
0.0942829
0.0889412
0.0835805
0.0782151
0.0729164
0.145858
0.145896
0.145958
0.146017
0.146038
0.145981
0.145806
0.145476
0.14495
0.144194
0.143172
0.141856
0.140222
0.138251
0.135932
0.13326
0.130238
0.126877
0.123194
0.119212
0.114961
0.110474
0.105788
0.100944
0.0959768
0.0909325
0.0858399
0.080749
0.0756664
0.0706615
0.143829
0.143834
0.143833
0.143802
0.143709
0.14352
0.143198
0.142707
0.142014
0.141085
0.139893
0.138412
0.136622
0.134512
0.132073
0.129306
0.126217
0.12282
0.119134
0.115185
0.111002
0.106618
0.102067
0.0973894
0.0926169
0.0877917
0.0829381
0.0781035
0.0732877
0.0685581
0.141751
0.141724
0.141661
0.141543
0.141343
0.141027
0.140564
0.139923
0.139073
0.137986
0.136638
0.135008
0.133081
0.13085
0.128311
0.125468
0.122331
0.118916
0.115244
0.111342
0.107237
0.102963
0.0985519
0.0940407
0.0894591
0.0848458
0.0802212
0.0756297
0.0710658
0.0665941
0.139627
0.139569
0.139447
0.139246
0.138942
0.138507
0.137912
0.137131
0.136135
0.134903
0.133413
0.13165
0.129605
0.127271
0.12465
0.12175
0.118582
0.115165
0.111521
0.107676
0.103658
0.0994997
0.0952306
0.0908851
0.0864902
0.0820814
0.0776758
0.0733148
0.0689882
0.0647583
0.137461
0.137373
0.137195
0.136915
0.136513
0.135965
0.135246
0.134334
0.133205
0.131841
0.130225
0.128345
0.126197
0.123778
0.121093
0.118152
0.114969
0.111564
0.107959
0.104182
0.100258
0.0962192
0.0920929
0.0879111
0.083698
0.0794862
0.0752896
0.0711467
0.0670439
0.0630408
0.135256
0.13514
0.134909
0.134554
0.134059
0.133405
0.132572
0.13154
0.130289
0.128806
0.127078
0.125097
0.122862
0.120374
0.117641
0.114674
0.11149
0.10811
0.104555
0.100853
0.097029
0.0931123
0.0891288
0.0851079
0.0810711
0.0770485
0.0730512
0.0691149
0.0652231
0.0614326
0.133017
0.132874
0.132592
0.132167
0.131586
0.130834
0.129895
0.128753
0.127393
0.125804
0.123978
0.121911
0.119604
0.117062
0.114295
0.111317
0.108144
0.104799
0.101304
0.0976832
0.0939631
0.0901702
0.0863285
0.082465
0.078599
0.0747579
0.0709503
0.0672095
0.0635166
0.0599257
0.130748
0.13058
0.130251
0.12976
0.129099
0.128257
0.127221
0.125979
0.124521
0.122839
0.120929
0.11879
0.116426
0.113844
0.111057
0.108079
0.10493
0.101629
0.0981998
0.0946666
0.091053
0.0873844
0.0836828
0.079973
0.0762719
0.0726046
0.0689776
0.0654216
0.0619163
0.0585127
0.128453
0.128262
0.127889
0.127337
0.126603
0.125678
0.124555
0.123224
0.12168
0.119917
0.117936
0.115738
0.11333
0.110722
0.107926
0.104961
0.101843
0.0985954
0.0952387
0.0917966
0.0882915
0.084747
0.0811832
0.0776228
0.0740806
0.0705795
0.0671242
0.063743
0.0604146
0.0571872
0.126138
0.125925
0.125512
0.124905
0.124103
0.123104
0.121902
0.120493
0.118873
0.117042
0.115002
0.112758
0.110319
0.107696
0.104904
0.10196
0.0988833
0.0956946
0.0924152
0.0890673
0.0856717
0.0822504
0.0788216
0.075406
0.0720167
0.0686743
0.0653822
0.0621665
0.0590049
0.055943
0.123808
0.123576
0.123126
0.122468
0.121606
0.12054
0.119268
0.117791
0.116107
0.114219
0.112132
0.109854
0.107394
0.104767
0.101988
0.099075
0.0960464
0.0929227
0.0897245
0.0864727
0.0831869
0.0798872
0.0765902
0.0733148
0.0700723
0.0668815
0.0637445
0.0606851
0.057681
0.0547747
0.121469
0.121218
0.120735
0.120032
0.119116
0.11799
0.116659
0.115122
0.113385
0.111451
0.109328
0.107026
0.104558
0.101937
0.0991796
0.0963043
0.0933298
0.0902757
0.0871615
0.0840072
0.0808306
0.0776506
0.074482
0.0713419
0.0682403
0.065194
0.0622042
0.0592928
0.0564372
0.0536773
0.119125
0.118859
0.118346
0.117603
0.116639
0.115462
0.114078
0.112493
0.110711
0.108742
0.106594
0.104279
0.101811
0.0992042
0.0964766
0.0936459
0.0907305
0.0877496
0.0847216
0.0816652
0.078597
0.0755341
0.0724902
0.0694806
0.066514
0.0636054
0.0607554
0.0579837
0.0552684
0.0526464
0.116784
0.116503
0.115964
0.115186
0.11418
0.11296
0.111533
0.109907
0.108091
0.106096
0.103932
0.101613
0.0991535
0.0965695
0.0938782
0.0910976
0.0882456
0.0853406
0.0824002
0.0794415
0.0764803
0.0735319
0.0706087
0.0677246
0.0648871
0.0621098
0.0593923
0.0567529
0.0541699
0.0516777
0.11445
0.114157
0.113596
0.112787
0.111747
0.110489
0.109027
0.107369
0.105528
0.103516
0.101345
0.0990303
0.0965873
0.0940325
0.0913833
0.0886573
0.085872
0.083045
0.0801927
0.0773313
0.074475
0.0716381
0.0688317
0.0660681
0.0633541
0.0607016
0.0581099
0.0555955
0.0531374
0.0507675
0.112131
0.111827
0.111247
0.110412
0.109343
0.108056
0.106565
0.104884
0.103026
0.101005
0.0988351
0.0965322
0.0941125
0.0915929
0.0889906
0.086323
0.083607
0.0808592
0.0780951
0.0753297
0.0725763
0.0698477
0.0671538
0.0645059
0.0619097
0.0593759
0.0569034
0.0545071
0.052167
0.0499123
0.109832
0.10952
0.108923
0.108068
0.106975
0.105664
0.104153
0.102456
0.100589
0.0985662
0.0964045
0.0941201
0.0917296
0.0892501
0.0866988
0.0840926
0.0814476
0.0787796
0.0761033
0.0734326
0.0707794
0.0681556
0.0655702
0.063033
0.0605492
0.0581282
0.0557686
0.053484
0.0512552
0.0491089
0.10756
0.107241
0.106632
0.105759
0.104649
0.103321
0.101795
0.100089
0.0982193
0.0962023
0.0940552
0.091795
0.0894388
0.0870038
0.0845067
0.081964
0.0793912
0.0768032
0.0742137
0.0716357
0.06908
0.0665575
0.0640762
0.0616449
0.0592681
0.0569543
0.0547016
0.0525224
0.0503985
0.0483544
0.105322
0.104997
0.104378
0.103493
0.102369
0.10103
0.0994963
0.0977874
0.0959214
0.0939161
0.0917892
0.0895582
0.0872407
0.0848534
0.0824131
0.0799354
0.0774353
0.0749269
0.0724229
0.0699353
0.0674742
0.0650492
0.0626677
0.0603376
0.0580626
0.0558503
0.0536988
0.051619
0.0495941
0.0476461
0.103124
0.102794
0.102168
0.101275
0.100143
0.0987972
0.0972611
0.095555
0.0936984
0.09171
0.0896081
0.0874108
0.0851353
0.0827986
0.0804167
0.0780049
0.0755776
0.0731478
0.0707276
0.068328
0.0659582
0.0636271
0.0613411
0.0591073
0.056929
0.0548129
0.052757
0.050771
0.0488392
0.0469817
0.100972
0.10064
0.10001
0.0991113
0.0979749
0.0966277
0.0950941
0.0933959
0.0915536
0.0895867
0.087514
0.0853537
0.083123
0.0808388
0.0785166
0.0761711
0.073816
0.0714636
0.0691251
0.0668107
0.0645289
0.0622876
0.0600928
0.0579507
0.0558641
0.0538389
0.0518732
0.0499756
0.0481315
0.0463589
0.0988745
0.0985409
0.0979081
0.0970079
0.0958711
0.0945266
0.0929999
0.091314
0.0894903
0.0875488
0.0855086
0.083388
0.0812044
0.078974
0.076712
0.0744326
0.0721486
0.0698719
0.0676127
0.0653805
0.0631832
0.0610279
0.0589199
0.0568648
0.054865
0.0529257
0.051045
0.0492304
0.0474688
0.0457759
0.0968371
0.0965031
0.0958701
0.0949709
0.0938372
0.0924991
0.0909831
0.0893134
0.0875117
0.0855987
0.0835938
0.0815151
0.0793798
0.0772039
0.0750021
0.072788
0.0705738
0.0683707
0.0661882
0.0640351
0.0619186
0.0598452
0.0578196
0.0558468
0.053929
0.0520706
0.0502699
0.0485333
0.046849
0.0452309
0.094867
0.0945336
0.0939023
0.0930065
0.0918789
0.0905503
0.0890484
0.0873979
0.0856212
0.0837392
0.0817714
0.079736
0.0776499
0.0755286
0.0733865
0.0712366
0.0690904
0.0669584
0.0648497
0.0627723
0.0607328
0.0587372
0.0567896
0.0548946
0.053054
0.0512717
0.0495459
0.0478825
0.0462706
0.0447224
0.0929711
0.0926391
0.0920112
0.0911209
0.0900019
0.0886856
0.0872004
0.0855716
0.0838221
0.081973
0.0800437
0.0780523
0.0760155
0.0739485
0.071865
0.0697776
0.0676972
0.0656337
0.0635956
0.0615904
0.059624
0.0577019
0.055828
0.0540061
0.052238
0.0505269
0.0488714
0.0472763
0.0457319
0.0442489
0.0911566
0.0908268
0.0902034
0.0893205
0.0882121
0.0869102
0.0854437
0.0838386
0.0821179
0.0803028
0.0784128
0.0764656
0.0744778
0.072464
0.0704376
0.0684106
0.0663935
0.0643956
0.0624247
0.0604878
0.0585905
0.0567377
0.0549329
0.0531797
0.0514794
0.0498349
0.0482448
0.0467133
0.0452319
0.0438095
0.0894305
0.0891034
0.0884857
0.0876116
0.0865154
0.0852295
0.0837834
0.0822032
0.0805123
0.0787318
0.076881
0.0749777
0.0730379
0.0710759
0.0691047
0.0671358
0.065179
0.0632433
0.061336
0.0594635
0.0576311
0.0558433
0.0541032
0.052414
0.0507768
0.0491943
0.047665
0.0461925
0.0447694
0.0434032
0.0878002
0.0874763
0.0868651
0.0860008
0.0849179
0.0836492
0.0822244
0.0806699
0.0790091
0.0772631
0.0754512
0.0735908
0.0716975
0.0697854
0.067867
0.0659532
0.0640536
0.0621766
0.060329
0.0585169
0.0567452
0.0550179
0.0533379
0.051708
0.0501294
0.0486041
0.047131
0.045713
0.0443436
0.0430292
0.0862731
0.0859528
0.0853485
0.0844947
0.0834259
0.082175
0.0807719
0.0792432
0.0776123
0.0759003
0.0741262
0.0723071
0.0704585
0.0685939
0.0667254
0.0648637
0.0630178
0.0611955
0.0594037
0.0576477
0.0559321
0.0542608
0.0526363
0.0510612
0.0495364
0.0480637
0.0466422
0.0452742
0.0439541
0.042687
0.0848569
0.0845403
0.0839434
0.0831004
0.0820459
0.080813
0.0794316
0.0779282
0.0763265
0.0746473
0.0729094
0.0711296
0.0693232
0.0675033
0.0656816
0.0638683
0.0620722
0.0603008
0.0585603
0.0568559
0.055192
0.053572
0.0519983
0.0504732
0.0489975
0.0475728
0.0461983
0.0448757
0.0436003
0.0423764
0.0835596
0.0832467
0.0826572
0.0818251
0.0807848
0.0795695
0.0782091
0.0767302
0.0751563
0.0735081
0.0718043
0.0700615
0.0682943
0.0665158
0.0647373
0.0629686
0.0612182
0.0594932
0.0577996
0.0561422
0.0545252
0.0529517
0.051424
0.049944
0.0485127
0.0471313
0.0457991
0.0445174
0.0432824
0.0420971
0.0823895
0.0820803
0.0814979
0.0806763
0.0796497
0.0784512
0.0771107
0.0756549
0.074107
0.0724877
0.0708154
0.0691064
0.0673751
0.0656344
0.0638951
0.0621668
0.0604576
0.0587744
0.0571228
0.0555076
0.0539325
0.0524006
0.0509139
0.0494743
0.0480825
0.0467396
0.0454449
0.0441996
0.0430004
0.0418495
0.0813553
0.0810495
0.0804739
0.0796621
0.0786483
0.0774654
0.0761432
0.0747085
0.0731842
0.0715911
0.0699472
0.0682686
0.0665695
0.0648623
0.0631579
0.0614654
0.0597926
0.0581463
0.0565318
0.0549537
0.0534154
0.0519199
0.0504691
0.0490647
0.0477075
0.0463982
0.0451364
0.0439227
0.0427547
0.0416338
0.0804662
0.0801635
0.079594
0.0787911
0.0777888
0.0766198
0.075314
0.0738978
0.0723944
0.0708242
0.0692051
0.067553
0.0658818
0.0642038
0.0625294
0.0608677
0.0592263
0.0576117
0.0560289
0.0544825
0.0529757
0.0515113
0.0500912
0.0487168
0.0473889
0.0461082
0.0448743
0.0436877
0.0425461
0.0414505
0.079732
0.079432
0.0788677
0.0780724
0.0770799
0.0759228
0.0746309
0.0732305
0.0717446
0.0701936
0.0685953
0.0669653
0.0653173
0.0636635
0.0620141
0.0603779
0.0587624
0.0571738
0.0556172
0.0540968
0.0526159
0.0511771
0.0497821
0.0484323
0.0471285
0.0458713
0.0446602
0.0434955
0.0423757
0.0413011
0.0791633
0.0788654
0.0783052
0.0775161
0.0765315
0.0753838
0.0741028
0.0727148
0.0712427
0.0697068
0.0681247
0.0665119
0.0648821
0.0632471
0.061617
0.0600006
0.0584052
0.0568368
0.0553004
0.0538002
0.0523393
0.0509201
0.0495445
0.0482137
0.0469284
0.0456892
0.0444957
0.043348
0.0422447
0.0411858
0.0787715
0.078475
0.0779177
0.0771329
0.0761538
0.0750128
0.0737394
0.07236
0.0708976
0.0693722
0.0678014
0.0662005
0.0645833
0.0629612
0.0613446
0.0597418
0.0581602
0.0566057
0.0550832
0.0535968
0.0521496
0.050744
0.0493816
0.0480638
0.0467913
0.0455644
0.044383
0.043247
0.0421553
0.0411079
0.078569
0.0782731
0.0777173
0.0769347
0.0759586
0.0748211
0.0735517
0.0721768
0.0707194
0.0691994
0.0676344
0.0660398
0.0644291
0.0628138
0.061204
0.0596083
0.0580338
0.0564865
0.0549713
0.053492
0.0520519
0.0506532
0.0492977
0.0479866
0.0467206
0.0455001
0.0443248
0.0431947
0.0421086
0.0410662
0.18203
0.182807
0.184385
0.186624
0.189505
0.192972
0.197009
0.201593
0.206708
0.212351
0.218521
0.225216
0.232444
0.240207
0.248519
0.257385
0.266821
0.276834
0.287443
0.298652
0.310484
0.322935
0.336031
0.349753
0.364136
0.379124
0.394783
0.41097
0.42786
0.445047
0.182022
0.182798
0.184377
0.186616
0.189496
0.192962
0.196999
0.201582
0.206697
0.212339
0.218507
0.2252
0.232426
0.240187
0.248495
0.257357
0.266788
0.276795
0.287397
0.298597
0.310418
0.322855
0.335935
0.349638
0.363997
0.378958
0.394584
0.410731
0.427575
0.444706
0.182005
0.182782
0.18436
0.186598
0.189478
0.192943
0.196979
0.201561
0.206674
0.212314
0.218479
0.225169
0.232391
0.240146
0.248448
0.257302
0.266723
0.276718
0.287304
0.298486
0.310285
0.322695
0.335743
0.349406
0.363719
0.378624
0.394185
0.410252
0.427007
0.444024
0.181981
0.182757
0.184335
0.186572
0.189451
0.192915
0.19695
0.20153
0.20664
0.212276
0.218438
0.225123
0.232338
0.240085
0.248378
0.257219
0.266625
0.276601
0.287166
0.29832
0.310085
0.322456
0.335455
0.34906
0.363303
0.378124
0.393587
0.409535
0.426155
0.443002
0.181948
0.182724
0.184301
0.186538
0.189415
0.192878
0.19691
0.201488
0.206594
0.212226
0.218382
0.225061
0.232267
0.240004
0.248283
0.257108
0.266495
0.276446
0.286981
0.298098
0.30982
0.322136
0.335071
0.348597
0.362748
0.377457
0.39279
0.40858
0.42502
0.441642
0.181908
0.182683
0.184259
0.186494
0.18937
0.192831
0.196861
0.201435
0.206537
0.212164
0.218313
0.224983
0.232179
0.239903
0.248166
0.256971
0.266332
0.276253
0.28675
0.297822
0.309488
0.321737
0.334591
0.34802
0.362056
0.376625
0.391795
0.407388
0.423605
0.439944
0.181859
0.182633
0.184208
0.186442
0.189316
0.192775
0.196802
0.201372
0.206469
0.212089
0.218231
0.22489
0.232074
0.239782
0.248025
0.256805
0.266137
0.276021
0.286473
0.29749
0.30909
0.321258
0.334016
0.347329
0.361226
0.375628
0.390604
0.40596
0.421909
0.437912
0.181802
0.182576
0.184149
0.186382
0.189253
0.192709
0.196733
0.201298
0.206389
0.212002
0.218134
0.224782
0.231951
0.23964
0.24786
0.256612
0.265909
0.27575
0.28615
0.297103
0.308626
0.320701
0.333346
0.346523
0.360259
0.374467
0.389216
0.404297
0.419936
0.435547
0.181737
0.18251
0.184082
0.186313
0.189182
0.192635
0.196654
0.201215
0.206298
0.211903
0.218024
0.224659
0.23181
0.239479
0.247673
0.256393
0.26565
0.275442
0.285782
0.296662
0.308097
0.320064
0.332581
0.345603
0.359156
0.373143
0.387634
0.402402
0.417687
0.432853
0.181665
0.182436
0.184007
0.186235
0.189102
0.192551
0.196563
0.20112
0.206196
0.211792
0.217901
0.22452
0.231653
0.239298
0.247462
0.256146
0.265358
0.275095
0.285368
0.296167
0.307502
0.319349
0.331723
0.34457
0.357917
0.371656
0.385858
0.400275
0.415165
0.429833
0.181584
0.182354
0.183923
0.18615
0.189013
0.192459
0.19646
0.201014
0.206083
0.211668
0.217764
0.224366
0.231478
0.239097
0.247229
0.255872
0.265034
0.27471
0.284909
0.295617
0.306843
0.318556
0.33077
0.343425
0.356544
0.370008
0.38389
0.39792
0.412372
0.426491
0.181495
0.182264
0.183831
0.186055
0.188915
0.192358
0.196372
0.200898
0.205959
0.211533
0.217614
0.224198
0.231286
0.238876
0.246972
0.255571
0.264679
0.274288
0.284406
0.295013
0.306118
0.317686
0.329725
0.342168
0.355037
0.3682
0.381732
0.395338
0.409313
0.422831
0.181398
0.182166
0.183731
0.185952
0.188808
0.192248
0.196249
0.200772
0.205824
0.211385
0.21745
0.224014
0.231077
0.238636
0.246693
0.255244
0.264293
0.273829
0.283857
0.294356
0.30533
0.316738
0.328587
0.3408
0.353398
0.366233
0.379386
0.392531
0.405989
0.418857
0.181293
0.18206
0.183623
0.185841
0.188693
0.192128
0.19612
0.200637
0.205679
0.211226
0.217274
0.223816
0.230852
0.238376
0.246392
0.25489
0.263875
0.273332
0.283264
0.293646
0.304478
0.315714
0.327357
0.339322
0.351627
0.364109
0.376853
0.389503
0.402405
0.414576
0.181181
0.181946
0.183506
0.185722
0.18857
0.191999
0.195984
0.200492
0.205522
0.211055
0.217084
0.223603
0.23061
0.238098
0.246068
0.25451
0.263426
0.272798
0.282627
0.292882
0.303563
0.314614
0.326036
0.337734
0.349726
0.36183
0.374136
0.386256
0.398565
0.409991
0.18106
0.181824
0.183382
0.185594
0.188438
0.191862
0.195839
0.200337
0.205355
0.210872
0.216882
0.223376
0.230351
0.2378
0.245722
0.254104
0.262946
0.272228
0.281946
0.292067
0.302584
0.313438
0.324625
0.336039
0.347695
0.359396
0.371237
0.382794
0.394472
0.405108
0.180932
0.181694
0.18325
0.185459
0.188298
0.191716
0.195685
0.200173
0.205178
0.210678
0.216666
0.223134
0.230076
0.237484
0.245354
0.253672
0.262436
0.271621
0.281222
0.291199
0.301543
0.312187
0.323124
0.334236
0.345537
0.356811
0.368158
0.379119
0.390132
0.399935
0.180796
0.181557
0.183109
0.185315
0.188149
0.191556
0.195521
0.199999
0.20499
0.210472
0.216438
0.222878
0.229785
0.237149
0.244964
0.253215
0.261895
0.270978
0.280455
0.290279
0.300441
0.310862
0.321534
0.332326
0.343252
0.354075
0.364902
0.375235
0.385549
0.394477
0.180652
0.181411
0.182961
0.185163
0.187993
0.191383
0.195348
0.199815
0.204791
0.210255
0.216198
0.222608
0.229478
0.236795
0.244553
0.252732
0.261325
0.2703
0.279645
0.289309
0.299277
0.309463
0.319856
0.330312
0.340843
0.351191
0.361472
0.371146
0.380727
0.38874
0.180501
0.181258
0.182806
0.185004
0.187829
0.191241
0.195165
0.199622
0.204583
0.210027
0.215946
0.222324
0.229155
0.236423
0.24412
0.252225
0.260725
0.269586
0.278792
0.288288
0.298052
0.307992
0.318091
0.328194
0.33831
0.348161
0.35787
0.366855
0.375673
0.382733
0.180342
0.181098
0.182642
0.184836
0.187657
0.191051
0.194974
0.199419
0.204364
0.209788
0.215681
0.222027
0.228817
0.236034
0.243667
0.251692
0.260095
0.268837
0.277898
0.287216
0.296767
0.306448
0.31624
0.325972
0.335655
0.344987
0.354099
0.362366
0.370391
0.376462
0.180175
0.18093
0.182471
0.184661
0.187476
0.190858
0.194775
0.199208
0.204136
0.209539
0.215404
0.221716
0.228463
0.235626
0.243193
0.251136
0.259436
0.268054
0.276962
0.286095
0.295422
0.304833
0.314304
0.32365
0.33288
0.34167
0.350163
0.357684
0.364887
0.369935
0.180001
0.180755
0.182293
0.184479
0.187286
0.190661
0.194568
0.198987
0.203898
0.209278
0.215115
0.221392
0.228094
0.235201
0.242698
0.250554
0.258749
0.267236
0.275985
0.284924
0.294018
0.303148
0.312283
0.321226
0.329987
0.338214
0.346064
0.352812
0.359167
0.36316
0.17982
0.180572
0.182107
0.184288
0.187087
0.190456
0.194352
0.198758
0.20365
0.209008
0.214815
0.221054
0.22771
0.234759
0.242183
0.24995
0.258033
0.266384
0.274968
0.283705
0.292556
0.301392
0.310179
0.318705
0.326977
0.33462
0.341805
0.347755
0.353236
0.356145
0.179631
0.180382
0.181913
0.184091
0.186889
0.190242
0.194128
0.198519
0.203393
0.208726
0.214503
0.220704
0.227311
0.234299
0.241648
0.249321
0.25729
0.265499
0.27391
0.282438
0.291036
0.299568
0.307993
0.316085
0.323852
0.330892
0.33739
0.342517
0.347101
0.348898
0.179434
0.180184
0.181713
0.183886
0.186678
0.190021
0.193896
0.198272
0.203127
0.208435
0.214181
0.220341
0.226898
0.233823
0.241093
0.248669
0.256518
0.264581
0.272813
0.281123
0.289459
0.297675
0.305726
0.313369
0.320614
0.32703
0.332822
0.337102
0.340768
0.341427
0.179231
0.17998
0.181505
0.183674
0.186457
0.189793
0.193656
0.198017
0.202851
0.208134
0.213847
0.219966
0.22647
0.23333
0.240519
0.247995
0.255719
0.26363
0.271676
0.279762
0.287826
0.295716
0.303378
0.310559
0.317264
0.323039
0.328105
0.331515
0.334242
0.333741
0.17902
0.179768
0.18129
0.183453
0.18623
0.189557
0.193408
0.197753
0.202566
0.207823
0.213502
0.219578
0.226028
0.232821
0.239926
0.247297
0.254894
0.262647
0.270501
0.278354
0.286137
0.293689
0.300951
0.307655
0.313805
0.31892
0.323241
0.325761
0.327532
0.325849
0.178802
0.17955
0.181068
0.183227
0.185996
0.189314
0.193153
0.197481
0.202273
0.207502
0.213146
0.219178
0.225573
0.232296
0.239314
0.246578
0.254041
0.261632
0.269288
0.2769
0.284393
0.291598
0.298447
0.304659
0.310239
0.314675
0.318235
0.319843
0.320642
0.317757
0.178578
0.179324
0.180839
0.182996
0.185755
0.189063
0.19289
0.197201
0.201971
0.207172
0.21278
0.218767
0.225104
0.231756
0.238684
0.245836
0.253163
0.260585
0.268037
0.2754
0.282595
0.289441
0.295865
0.301572
0.306566
0.310309
0.313089
0.313766
0.313579
0.309474
0.178346
0.179092
0.180603
0.182755
0.185507
0.188806
0.192619
0.196913
0.201661
0.206833
0.212404
0.218344
0.224622
0.231199
0.238035
0.245073
0.252258
0.259508
0.266748
0.273856
0.280743
0.287221
0.293208
0.298397
0.302789
0.305822
0.307808
0.307535
0.30635
0.301007
0.178107
0.178853
0.18036
0.182507
0.185252
0.188541
0.192341
0.196617
0.201342
0.206484
0.212018
0.217909
0.224127
0.230628
0.237369
0.244289
0.251329
0.2584
0.265423
0.272268
0.278838
0.284938
0.290475
0.295134
0.29891
0.301219
0.302393
0.301154
0.298962
0.292363
0.177861
0.178607
0.180113
0.182253
0.184991
0.18827
0.192056
0.196314
0.201015
0.206127
0.211622
0.217464
0.223619
0.230042
0.236685
0.243484
0.250374
0.257262
0.264061
0.270636
0.27688
0.282592
0.287668
0.291786
0.29493
0.2965
0.296849
0.294627
0.291419
0.283546
0.177609
0.178355
0.179857
0.181993
0.184723
0.187992
0.191764
0.196004
0.200681
0.205762
0.211216
0.217008
0.223099
0.229441
0.235984
0.242658
0.249395
0.256094
0.262664
0.268961
0.274872
0.280185
0.284789
0.288352
0.290851
0.291671
0.291178
0.287958
0.283729
0.27456
0.17735
0.178097
0.179595
0.181726
0.184449
0.187707
0.191465
0.195686
0.200338
0.205387
0.210801
0.216541
0.222566
0.228826
0.235266
0.241812
0.248391
0.254897
0.261231
0.267244
0.272811
0.277718
0.281838
0.284835
0.286675
0.286731
0.285382
0.281151
0.275895
0.265406
0.177084
0.177832
0.179327
0.181453
0.184168
0.187415
0.191158
0.19536
0.199987
0.205003
0.210375
0.216061
0.222019
0.228194
0.234527
0.240943
0.247358
0.253666
0.259758
0.265479
0.270695
0.275185
0.27881
0.281231
0.282398
0.281682
0.279461
0.27421
0.267918
0.256078
0.176812
0.177561
0.179052
0.181174
0.183881
0.187117
0.190846
0.195028
0.199628
0.204611
0.20994
0.215572
0.22146
0.227548
0.233772
0.240052
0.246302
0.252406
0.258249
0.263671
0.268528
0.272592
0.275713
0.277547
0.27803
0.276533
0.273425
0.26715
0.259814
0.24658
0.176534
0.177284
0.178773
0.180891
0.183592
0.186819
0.190534
0.194697
0.199274
0.204226
0.209513
0.215092
0.220913
0.226915
0.233031
0.239177
0.245259
0.251157
0.256749
0.261866
0.266357
0.269986
0.272591
0.273827
0.273609
0.27132
0.267303
0.259996
0.251605
0.236925
0.17625
0.177001
0.17849
0.180605
0.1833
0.18652
0.190224
0.194372
0.198928
0.203851
0.209102
0.214631
0.220387
0.226307
0.232317
0.238329
0.244243
0.249933
0.255268
0.260073
0.264184
0.267362
0.26943
0.270042
0.269092
0.265977
0.261004
0.252627
0.243127
0.226919
0.175958
0.176708
0.17819
0.180295
0.182977
0.186178
0.189858
0.193976
0.198493
0.203368
0.208558
0.214014
0.219679
0.225485
0.231357
0.2372
0.24291
0.248353
0.253393
0.257847
0.261543
0.264236
0.265738
0.265704
0.264007
0.260069
0.25413
0.244719
0.23397
0.2162
0.17596
0.17671
0.178191
0.180297
0.182978
0.186179
0.189859
0.193977
0.198494
0.203369
0.208559
0.214014
0.219678
0.225484
0.231356
0.237198
0.242907
0.24835
0.253389
0.257843
0.261538
0.26423
0.265731
0.265696
0.263998
0.260059
0.254119
0.244707
0.233956
0.216184
0.176252
0.177003
0.178491
0.180607
0.183302
0.186521
0.190225
0.194373
0.198929
0.203852
0.209102
0.214631
0.220387
0.226306
0.232316
0.238327
0.24424
0.24993
0.255264
0.260068
0.264179
0.267356
0.269424
0.270034
0.269083
0.265967
0.260993
0.252615
0.243113
0.226904
0.176536
0.177285
0.178775
0.180893
0.183593
0.18682
0.190535
0.194698
0.199275
0.204226
0.209514
0.215092
0.220913
0.226914
0.23303
0.239175
0.245256
0.251154
0.256745
0.261862
0.266352
0.26998
0.272585
0.27382
0.273601
0.27131
0.267293
0.259984
0.251591
0.23691
0.176814
0.177562
0.179054
0.181175
0.183882
0.187119
0.190847
0.195029
0.199629
0.204612
0.20994
0.215572
0.22146
0.227547
0.233771
0.240051
0.246299
0.252403
0.258246
0.263667
0.268523
0.272586
0.275706
0.27754
0.278022
0.276524
0.273415
0.267138
0.259801
0.246566
0.177086
0.177833
0.179328
0.181454
0.184169
0.187416
0.19116
0.195361
0.199987
0.205004
0.210375
0.216061
0.222019
0.228193
0.234526
0.240941
0.247356
0.253664
0.259755
0.265475
0.27069
0.275179
0.278804
0.281224
0.28239
0.281674
0.279451
0.274199
0.267906
0.256064
0.177352
0.178098
0.179597
0.181728
0.18445
0.187708
0.191466
0.195687
0.200339
0.205388
0.210801
0.216541
0.222566
0.228826
0.235264
0.241811
0.248388
0.254894
0.261228
0.26724
0.272807
0.277712
0.281832
0.284828
0.286667
0.286723
0.285373
0.281141
0.275883
0.265393
0.177611
0.178357
0.179859
0.181994
0.184724
0.187993
0.191765
0.196005
0.200681
0.205762
0.211216
0.217008
0.223099
0.229441
0.235983
0.242657
0.249393
0.256092
0.262661
0.268958
0.274867
0.280181
0.284784
0.288346
0.290844
0.291663
0.291169
0.287948
0.283718
0.274548
0.177863
0.178609
0.180115
0.182254
0.184992
0.188271
0.192057
0.196315
0.201016
0.206128
0.211622
0.217464
0.223619
0.230041
0.236684
0.243482
0.250372
0.257259
0.264058
0.270633
0.276876
0.282587
0.287663
0.291779
0.294923
0.296493
0.29684
0.294617
0.291408
0.283534
0.178108
0.178854
0.180362
0.182508
0.185253
0.188542
0.192342
0.196618
0.201343
0.206485
0.212018
0.217909
0.224127
0.230627
0.237368
0.244288
0.251327
0.258398
0.26542
0.272265
0.278834
0.284933
0.29047
0.295128
0.298903
0.301211
0.302385
0.301144
0.298951
0.292351
0.178347
0.179093
0.180605
0.182756
0.185508
0.188807
0.19262
0.196914
0.201661
0.206833
0.212404
0.218344
0.224622
0.231199
0.238034
0.245072
0.252257
0.259506
0.266745
0.273853
0.280739
0.287217
0.293202
0.298391
0.302783
0.305815
0.307799
0.307526
0.30634
0.300996
0.178579
0.179326
0.180841
0.182997
0.185756
0.189065
0.192891
0.197202
0.201972
0.207172
0.21278
0.218767
0.225104
0.231755
0.238683
0.245835
0.253161
0.260583
0.268034
0.275397
0.282591
0.289437
0.29586
0.301567
0.30656
0.310302
0.313081
0.313758
0.313569
0.309463
0.178804
0.179551
0.181069
0.183229
0.185997
0.189315
0.193154
0.197482
0.202274
0.207502
0.213146
0.219178
0.225573
0.232296
0.239313
0.246576
0.25404
0.26163
0.269285
0.276897
0.28439
0.291594
0.298442
0.304653
0.310233
0.314669
0.318227
0.319835
0.320632
0.317747
0.179022
0.179769
0.181291
0.183454
0.186231
0.189558
0.193409
0.197754
0.202567
0.207823
0.213502
0.219578
0.226028
0.232821
0.239925
0.247296
0.254892
0.262645
0.270499
0.278351
0.286134
0.293686
0.300947
0.307649
0.3138
0.318913
0.323234
0.325753
0.327522
0.325839
0.179232
0.179981
0.181506
0.183675
0.186458
0.189794
0.193657
0.198018
0.202851
0.208134
0.213847
0.219966
0.22647
0.23333
0.240518
0.247993
0.255718
0.263628
0.271674
0.279759
0.287823
0.295712
0.303374
0.310554
0.317259
0.323033
0.328098
0.331508
0.334234
0.333732
0.179436
0.180185
0.181714
0.183887
0.186679
0.190022
0.193897
0.198273
0.203127
0.208435
0.214181
0.220341
0.226897
0.233822
0.241092
0.248668
0.256517
0.264579
0.272811
0.281121
0.289456
0.297672
0.305721
0.313364
0.320609
0.327024
0.332815
0.337095
0.340759
0.341418
0.179632
0.180383
0.181914
0.184092
0.18689
0.190243
0.194129
0.19852
0.203393
0.208727
0.214504
0.220704
0.22731
0.234299
0.241647
0.24932
0.257288
0.265497
0.273908
0.282436
0.291033
0.299564
0.307989
0.31608
0.323847
0.330886
0.337383
0.34251
0.347093
0.348889
0.179821
0.180573
0.182108
0.184289
0.187088
0.190457
0.194353
0.198758
0.203651
0.209008
0.214815
0.221054
0.227709
0.234758
0.242182
0.249948
0.258032
0.266382
0.274966
0.283703
0.292553
0.301389
0.310175
0.3187
0.326972
0.334615
0.341799
0.347748
0.353228
0.356136
0.180002
0.180756
0.182294
0.18448
0.187287
0.190661
0.194568
0.198988
0.203898
0.209279
0.215115
0.221392
0.228093
0.235201
0.242697
0.250553
0.258748
0.267234
0.275983
0.284922
0.294015
0.303144
0.312279
0.321222
0.329982
0.338209
0.346058
0.352806
0.35916
0.363152
0.180176
0.180931
0.182472
0.184662
0.187477
0.190858
0.194776
0.199208
0.204136
0.209539
0.215404
0.221716
0.228462
0.235626
0.243192
0.251135
0.259435
0.268052
0.27696
0.286093
0.295419
0.30483
0.3143
0.323646
0.332876
0.341665
0.350157
0.357678
0.36488
0.369927
0.180343
0.181099
0.182643
0.184837
0.187658
0.191052
0.194974
0.19942
0.204365
0.209789
0.215681
0.222027
0.228816
0.236033
0.243666
0.251691
0.260094
0.268836
0.277896
0.287214
0.296764
0.306445
0.316237
0.325969
0.335651
0.344982
0.354094
0.36236
0.370385
0.376455
0.180502
0.181259
0.182807
0.185005
0.18783
0.191242
0.195166
0.199622
0.204583
0.210028
0.215946
0.222324
0.229155
0.236423
0.24412
0.252224
0.260723
0.269585
0.278791
0.288286
0.298049
0.307989
0.318088
0.32819
0.338306
0.348156
0.357865
0.366849
0.375667
0.382726
0.180653
0.181412
0.182962
0.185164
0.187994
0.191383
0.195348
0.199815
0.204792
0.210255
0.216198
0.222608
0.229478
0.236795
0.244552
0.252732
0.261324
0.270299
0.279643
0.289307
0.299274
0.309461
0.319853
0.330309
0.340839
0.351187
0.361467
0.37114
0.380722
0.388734
0.180797
0.181557
0.18311
0.185316
0.18815
0.191557
0.195522
0.199999
0.20499
0.210472
0.216439
0.222878
0.229785
0.237148
0.244963
0.253214
0.261894
0.270977
0.280453
0.290278
0.300439
0.310859
0.321531
0.332323
0.343249
0.354071
0.364898
0.37523
0.385543
0.39447
0.180933
0.181695
0.18325
0.185459
0.188298
0.191716
0.195685
0.200173
0.205178
0.210678
0.216666
0.223134
0.230076
0.237483
0.245353
0.253672
0.262435
0.27162
0.281221
0.291197
0.301541
0.312185
0.323121
0.334233
0.345534
0.356807
0.368154
0.379114
0.390127
0.399929
0.181061
0.181824
0.183383
0.185595
0.188439
0.191863
0.195839
0.200338
0.205355
0.210872
0.216882
0.223376
0.230351
0.2378
0.245721
0.254103
0.262945
0.272227
0.281945
0.292065
0.302582
0.313436
0.324622
0.336036
0.347692
0.359393
0.371233
0.382789
0.394467
0.405103
0.181181
0.181946
0.183507
0.185723
0.188571
0.192
0.195984
0.200492
0.205523
0.211055
0.217084
0.223603
0.23061
0.238097
0.246067
0.254509
0.263425
0.272797
0.282626
0.292881
0.303561
0.314612
0.326034
0.337732
0.349723
0.361826
0.374132
0.386252
0.39856
0.409986
0.181294
0.18206
0.183623
0.185842
0.188694
0.192129
0.19612
0.200637
0.205679
0.211226
0.217274
0.223816
0.230852
0.238376
0.246391
0.254889
0.263874
0.273331
0.283263
0.293644
0.304476
0.315712
0.327355
0.339319
0.351624
0.364106
0.37685
0.389499
0.402401
0.414571
0.181399
0.182166
0.183731
0.185953
0.188809
0.192248
0.196249
0.200773
0.205825
0.211385
0.21745
0.224014
0.231077
0.238636
0.246693
0.255243
0.264292
0.273828
0.283856
0.294355
0.305329
0.316736
0.328585
0.340798
0.353395
0.36623
0.379383
0.392528
0.405985
0.418853
0.181495
0.182264
0.183832
0.186056
0.188915
0.192359
0.196372
0.200899
0.20596
0.211533
0.217614
0.224198
0.231286
0.238876
0.246972
0.25557
0.264679
0.274287
0.284405
0.295012
0.306117
0.317684
0.329723
0.342166
0.355035
0.368197
0.381729
0.395334
0.409309
0.422827
0.181584
0.182354
0.183923
0.18615
0.189013
0.192459
0.19646
0.201015
0.206084
0.211668
0.217764
0.224366
0.231478
0.239096
0.247228
0.255871
0.265034
0.27471
0.284909
0.295616
0.306841
0.318555
0.330769
0.343423
0.356542
0.370005
0.383887
0.397917
0.412369
0.426487
0.181665
0.182436
0.184007
0.186236
0.189102
0.192551
0.196563
0.20112
0.206196
0.211792
0.217901
0.22452
0.231653
0.239297
0.247462
0.256145
0.265357
0.275094
0.285368
0.296166
0.307501
0.319348
0.331721
0.344568
0.357915
0.371654
0.385856
0.400273
0.415162
0.42983
0.181738
0.18251
0.184083
0.186313
0.189182
0.192635
0.196654
0.201215
0.206298
0.211903
0.218024
0.224659
0.23181
0.239479
0.247672
0.256392
0.265649
0.275441
0.285781
0.296661
0.308096
0.320063
0.33258
0.345601
0.359154
0.373141
0.387632
0.4024
0.417684
0.43285
0.181803
0.182576
0.18415
0.186382
0.189254
0.19271
0.196733
0.201299
0.206389
0.212003
0.218134
0.224782
0.23195
0.23964
0.24786
0.256612
0.265909
0.27575
0.28615
0.297103
0.308625
0.3207
0.333345
0.346521
0.360257
0.374466
0.389214
0.404295
0.419934
0.435544
0.181859
0.182634
0.184209
0.186443
0.189316
0.192775
0.196802
0.201372
0.206469
0.21209
0.218231
0.22489
0.232073
0.239781
0.248024
0.256805
0.266136
0.27602
0.286472
0.297489
0.309089
0.321257
0.334015
0.347327
0.361225
0.375627
0.390602
0.405958
0.421907
0.437909
0.181908
0.182683
0.184259
0.186495
0.18937
0.192831
0.196861
0.201435
0.206537
0.212164
0.218313
0.224983
0.232179
0.239903
0.248165
0.25697
0.266332
0.276252
0.286749
0.297821
0.309487
0.321736
0.33459
0.348019
0.362055
0.376624
0.391794
0.407386
0.423603
0.439942
0.181949
0.182724
0.184301
0.186538
0.189415
0.192878
0.19691
0.201488
0.206594
0.212226
0.218382
0.225061
0.232267
0.240004
0.248283
0.257108
0.266495
0.276446
0.28698
0.298098
0.309819
0.322135
0.33507
0.348597
0.362747
0.377456
0.392789
0.408579
0.425019
0.44164
0.181981
0.182757
0.184335
0.186572
0.189451
0.192915
0.19695
0.20153
0.20664
0.212276
0.218438
0.225123
0.232338
0.240085
0.248377
0.257219
0.266625
0.276601
0.287165
0.29832
0.310085
0.322455
0.335454
0.349059
0.363302
0.378123
0.393586
0.409534
0.426154
0.443001
0.182006
0.182782
0.18436
0.186598
0.189478
0.192943
0.196979
0.201561
0.206674
0.212314
0.218479
0.225169
0.232391
0.240146
0.248448
0.257302
0.266723
0.276717
0.287304
0.298486
0.310284
0.322695
0.335743
0.349406
0.363719
0.378623
0.394184
0.410252
0.427006
0.444023
0.182022
0.182799
0.184377
0.186616
0.189496
0.192962
0.196999
0.201583
0.206697
0.212339
0.218507
0.2252
0.232426
0.240187
0.248495
0.257357
0.266788
0.276795
0.287397
0.298597
0.310418
0.322855
0.335935
0.349637
0.363997
0.378957
0.394583
0.41073
0.427575
0.444705
0.18203
0.182807
0.184385
0.186624
0.189505
0.192972
0.197009
0.201593
0.206708
0.212351
0.218521
0.225216
0.232444
0.240207
0.248519
0.257385
0.266821
0.276834
0.287443
0.298652
0.310484
0.322935
0.336031
0.349753
0.364136
0.379124
0.394783
0.41097
0.427859
0.445047
0.0785891
0.0782934
0.0777377
0.0769554
0.0759796
0.0748424
0.0735734
0.072199
0.070742
0.0692225
0.0676581
0.0660641
0.0644539
0.0628392
0.06123
0.0596349
0.058061
0.0565143
0.0549997
0.0535211
0.0520815
0.0506834
0.0493285
0.048018
0.0467526
0.0455326
0.0443579
0.0432283
0.0421427
0.0411008
0.0787916
0.0784952
0.0779381
0.0771535
0.0761747
0.075034
0.073761
0.0723821
0.0709202
0.0693953
0.067825
0.0662247
0.064608
0.0629866
0.0613705
0.0597683
0.0581873
0.0566334
0.0551116
0.0536258
0.0521792
0.0507741
0.0494124
0.0480952
0.0468232
0.0455968
0.044416
0.0432805
0.0421894
0.0411424
0.0791833
0.0788855
0.0783255
0.0775365
0.0765522
0.0754049
0.0741243
0.0727367
0.0712651
0.0697297
0.0681482
0.0665359
0.0649067
0.0632722
0.0616428
0.060027
0.0584321
0.0568643
0.0553286
0.053829
0.0523686
0.0509501
0.049575
0.0482448
0.0469601
0.0457214
0.0445285
0.0433814
0.0422786
0.0412201
0.0797519
0.0794519
0.0788877
0.0780927
0.0771005
0.0759438
0.0746522
0.0732522
0.0717668
0.0702164
0.0686185
0.066989
0.0653417
0.0636884
0.0620396
0.060404
0.0587891
0.0572011
0.0556451
0.0541254
0.0526451
0.0512068
0.0498124
0.0484632
0.04716
0.0459033
0.0446927
0.0435286
0.0424093
0.0413352
0.0804858
0.0801832
0.0796138
0.0788111
0.0778091
0.0766404
0.075335
0.0739193
0.0724164
0.0708467
0.0692281
0.0675765
0.0659059
0.0642284
0.0625546
0.0608935
0.0592527
0.0576387
0.0560565
0.0545107
0.0530045
0.0515407
0.0501211
0.0487474
0.0474201
0.0461399
0.0449066
0.0437204
0.0425794
0.0414843
0.0813747
0.0810689
0.0804934
0.0796819
0.0786684
0.0774858
0.076164
0.0747297
0.0732059
0.0716132
0.0699698
0.0682917
0.0665932
0.0648866
0.0631827
0.0614908
0.0598187
0.0581729
0.056559
0.0549815
0.0534438
0.0519489
0.0504987
0.0490949
0.0477382
0.0464294
0.0451682
0.0439551
0.0427876
0.0416671
0.0824086
0.0820994
0.0815172
0.0806958
0.0796695
0.0784713
0.0771312
0.0756757
0.0741283
0.0725094
0.0708376
0.0691291
0.0673984
0.0656582
0.0639195
0.0621918
0.0604832
0.0588005
0.0571496
0.055535
0.0539605
0.0524291
0.050943
0.0495039
0.0481127
0.0467703
0.0454762
0.0442315
0.0430327
0.0418823
0.0835783
0.0832655
0.0826761
0.0818442
0.0808042
0.0795892
0.0782291
0.0767507
0.0751772
0.0735295
0.0718262
0.0700838
0.0683172
0.0665392
0.0647612
0.0629931
0.0612433
0.0595189
0.0578258
0.056169
0.0545526
0.0529796
0.0514525
0.0499731
0.0485424
0.0471615
0.0458298
0.0445487
0.0433142
0.0421295
0.0848753
0.0845587
0.0839619
0.0831192
0.082065
0.0808323
0.0794512
0.0779483
0.0763469
0.0746681
0.0729307
0.0711515
0.0693455
0.0675261
0.065705
0.0638923
0.0620967
0.0603258
0.0585859
0.0568822
0.0552188
0.0535993
0.0520262
0.0505016
0.0490265
0.0476024
0.0462284
0.0449063
0.0436315
0.042408
0.086291
0.0859708
0.0853667
0.0845131
0.0834445
0.0821939
0.0807912
0.0792628
0.0776323
0.0759207
0.0741471
0.0723285
0.0704803
0.0686162
0.0667483
0.0648871
0.0630417
0.06122
0.0594287
0.0576733
0.0559583
0.0542875
0.0526636
0.051089
0.0495648
0.0480926
0.0466717
0.0453041
0.0439845
0.042718
0.0878177
0.0874939
0.0868828
0.0860187
0.0849361
0.0836676
0.0822432
0.080689
0.0790285
0.077283
0.0754715
0.0736115
0.0717187
0.0698071
0.0678892
0.0659759
0.0640769
0.0622004
0.0603533
0.0585418
0.0567706
0.0550438
0.0533644
0.0517351
0.050157
0.0486322
0.0471597
0.0457422
0.0443733
0.0430594
0.0894476
0.0891206
0.0885031
0.0876291
0.0865331
0.0852475
0.0838017
0.0822218
0.0805312
0.0787511
0.0769008
0.0749979
0.0730585
0.071097
0.0691263
0.0671578
0.0652016
0.0632664
0.0613596
0.0594877
0.0576558
0.0558685
0.054129
0.0524402
0.0508036
0.0492216
0.0476929
0.0462209
0.0447982
0.0434325
0.0911732
0.0908435
0.0902203
0.0893375
0.0882293
0.0869276
0.0854615
0.0838567
0.0821363
0.0803216
0.0784319
0.0764852
0.0744977
0.0724844
0.0704585
0.068432
0.0664154
0.0644179
0.0624475
0.0605111
0.0586143
0.0567621
0.0549578
0.0532051
0.0515053
0.0498613
0.0482718
0.0467408
0.0452598
0.043838
0.0929873
0.0926554
0.0920276
0.0911375
0.0900186
0.0887025
0.0872176
0.0855891
0.0838399
0.0819911
0.0800622
0.0780712
0.0760348
0.0739682
0.0718852
0.0697982
0.0677183
0.0656553
0.0636177
0.0616129
0.059647
0.0577254
0.055852
0.0540306
0.052263
0.0505524
0.0488974
0.0473028
0.0457589
0.0442764
0.0948827
0.0945494
0.0939182
0.0930225
0.0918951
0.0905667
0.0890651
0.0874148
0.0856384
0.0837568
0.0817893
0.0797543
0.0776685
0.0755476
0.0734059
0.0712564
0.0691107
0.0669792
0.0648709
0.062794
0.060755
0.0587598
0.0568127
0.0549182
0.053078
0.0512962
0.0495709
0.047908
0.0462965
0.0447488
0.0968524
0.0965184
0.0958856
0.0949864
0.0938529
0.092515
0.0909993
0.0893297
0.0875284
0.0856157
0.083611
0.0815326
0.0793977
0.0772221
0.0750208
0.0728071
0.0705933
0.0683906
0.0662085
0.0640559
0.0619398
0.0598668
0.0578417
0.0558694
0.0539521
0.0520941
0.0502938
0.0485577
0.0468739
0.0452562
0.0988893
0.0985557
0.097923
0.0970229
0.0958863
0.094542
0.0930154
0.0913298
0.0895063
0.0875651
0.0855252
0.0834049
0.0812216
0.0789915
0.0767298
0.0744508
0.0721672
0.0698909
0.0676321
0.0654004
0.0632035
0.0610486
0.058941
0.0568863
0.054887
0.0529481
0.0510678
0.0492537
0.0474925
0.0458001
0.100987
0.100655
0.100024
0.0991258
0.0979896
0.0966425
0.0951091
0.0934111
0.091569
0.0896024
0.0875299
0.0853698
0.0831395
0.0808556
0.0785337
0.0761886
0.0738337
0.0714817
0.0691436
0.0668296
0.0645481
0.0623073
0.0601129
0.0579712
0.055885
0.0538602
0.051895
0.0499977
0.0481541
0.0463819
0.103138
0.102808
0.102182
0.101289
0.100157
0.0988115
0.0972755
0.0955696
0.0937132
0.091725
0.0896234
0.0874262
0.085151
0.0828146
0.080433
0.0780215
0.0755945
0.0731651
0.0707452
0.0683459
0.0659765
0.0636457
0.0613601
0.0591267
0.0569488
0.054833
0.0527775
0.0507919
0.0488606
0.0470034
0.105335
0.10501
0.104391
0.103507
0.102383
0.101044
0.0995102
0.0978014
0.0959355
0.0939304
0.0918037
0.089573
0.0872556
0.0848687
0.0824285
0.0799511
0.0774513
0.0749432
0.0724395
0.0699522
0.0674914
0.0650668
0.0626856
0.0603559
0.0580812
0.0558693
0.0537181
0.0516387
0.0496141
0.0476665
0.107573
0.107254
0.106645
0.105772
0.104662
0.103334
0.101808
0.100103
0.0982328
0.096216
0.0940691
0.0918091
0.0894531
0.0870183
0.0845214
0.0819789
0.0794063
0.0768186
0.0742294
0.0716516
0.0690962
0.066574
0.064093
0.061662
0.0592855
0.056972
0.0547197
0.0525408
0.0504172
0.0483734
0.109845
0.109532
0.108936
0.10808
0.106988
0.105677
0.104166
0.102469
0.100602
0.0985793
0.0964177
0.0941334
0.0917431
0.0892638
0.0867127
0.0841066
0.0814618
0.0787941
0.076118
0.0734475
0.0707945
0.068171
0.0655858
0.0630489
0.0605654
0.0581447
0.0557854
0.0535011
0.0512725
0.0491266
0.112143
0.111839
0.111259
0.110424
0.109355
0.108068
0.106577
0.104896
0.103039
0.101017
0.0988477
0.0965448
0.0941252
0.0916058
0.0890036
0.0863362
0.0836203
0.0808727
0.0781088
0.0753436
0.0725904
0.069862
0.0671684
0.0645207
0.0619247
0.0593912
0.0569189
0.0545229
0.0521831
0.0499286
0.114462
0.114169
0.113608
0.112798
0.111758
0.110501
0.109038
0.107381
0.10554
0.103528
0.101357
0.0990423
0.0965993
0.0940447
0.0913955
0.0886696
0.0858845
0.0830576
0.0802054
0.0773441
0.074488
0.0716513
0.0688451
0.0660817
0.0633678
0.0607156
0.0581241
0.0556099
0.0531521
0.0507824
0.116795
0.116514
0.115975
0.115197
0.114191
0.112971
0.111544
0.109918
0.108103
0.106107
0.103943
0.101624
0.0991648
0.0965809
0.0938896
0.0911091
0.0882572
0.0853523
0.0824119
0.0794534
0.0764922
0.073544
0.070621
0.0677369
0.0648996
0.0621225
0.0594051
0.0567659
0.0541831
0.0516911
0.119136
0.118869
0.118357
0.117613
0.116649
0.115473
0.114089
0.112503
0.110722
0.108753
0.106605
0.10429
0.101821
0.0992148
0.0964872
0.0936565
0.0907412
0.0877603
0.0847324
0.081676
0.0786079
0.0755451
0.0725013
0.0694917
0.0665252
0.0636168
0.0607669
0.0579954
0.0552802
0.0526583
0.121479
0.121228
0.120745
0.120042
0.119126
0.118001
0.116669
0.115132
0.113395
0.111461
0.109338
0.107036
0.104568
0.101947
0.0991895
0.0963142
0.0933396
0.0902855
0.0871714
0.084017
0.0808405
0.0776605
0.074492
0.0713519
0.0682504
0.0652042
0.0622144
0.059303
0.0564476
0.0536878
0.123818
0.123585
0.123136
0.122478
0.121615
0.120549
0.119278
0.1178
0.116116
0.114228
0.112141
0.109863
0.107404
0.104777
0.101998
0.0990841
0.0960554
0.0929317
0.0897334
0.0864816
0.0831957
0.079896
0.0765991
0.0733236
0.0700812
0.0668904
0.0637533
0.060694
0.05769
0.0547836
0.126148
0.125935
0.125522
0.124914
0.124113
0.123113
0.121911
0.120502
0.118882
0.117051
0.115011
0.112767
0.110327
0.107704
0.104912
0.101968
0.0988915
0.0957027
0.0924232
0.0890752
0.0856796
0.0822582
0.0788293
0.0754136
0.0720243
0.0686819
0.0653898
0.062174
0.0590125
0.0559505
0.128462
0.128271
0.127898
0.127346
0.126612
0.125687
0.124563
0.123233
0.121688
0.119925
0.117944
0.115746
0.113338
0.110729
0.107934
0.104968
0.101851
0.0986027
0.0952458
0.0918036
0.0882984
0.0847538
0.0811899
0.0776293
0.0740871
0.0705858
0.0671304
0.0637493
0.0604208
0.0571932
0.130756
0.130588
0.130259
0.129768
0.129107
0.128265
0.127229
0.125987
0.124529
0.122847
0.120936
0.118797
0.116433
0.113851
0.111064
0.108086
0.104936
0.101635
0.0982061
0.0946727
0.0910589
0.0873902
0.0836884
0.0799784
0.0762772
0.0726097
0.0689826
0.0654265
0.061921
0.0585173
0.133025
0.132882
0.1326
0.132175
0.131594
0.130842
0.129903
0.12876
0.1274
0.125811
0.123985
0.121918
0.119611
0.117069
0.114301
0.111323
0.10815
0.104805
0.101309
0.0976885
0.0939681
0.0901749
0.086333
0.0824694
0.0786032
0.0747619
0.0709541
0.0672131
0.06352
0.0599289
0.135264
0.135148
0.134916
0.134561
0.134067
0.133413
0.13258
0.131547
0.130296
0.128813
0.127084
0.125104
0.122868
0.12038
0.117646
0.114679
0.111495
0.108114
0.10456
0.100857
0.0970331
0.0931161
0.0891324
0.0851112
0.0810742
0.0770513
0.0730538
0.0691172
0.0652252
0.0614344
0.137469
0.137381
0.137203
0.136922
0.13652
0.135972
0.135253
0.134341
0.133212
0.131847
0.130231
0.128351
0.126202
0.123783
0.121098
0.118156
0.114973
0.111568
0.107963
0.104185
0.100261
0.0962221
0.0920956
0.0879134
0.0836999
0.0794879
0.075291
0.0711478
0.0670447
0.0630413
0.139635
0.139576
0.139454
0.139253
0.138949
0.138514
0.137919
0.137137
0.136141
0.134909
0.133419
0.131656
0.12961
0.127276
0.124655
0.121754
0.118586
0.115169
0.111524
0.107679
0.10366
0.0995017
0.0952323
0.0908864
0.0864911
0.082082
0.0776761
0.0733147
0.0689877
0.0647575
0.141758
0.141731
0.141668
0.14155
0.141349
0.141033
0.140571
0.139929
0.139079
0.137992
0.136643
0.135013
0.133086
0.130854
0.128315
0.125472
0.122335
0.118919
0.115247
0.111344
0.107238
0.102964
0.0985527
0.0940411
0.0894591
0.0848454
0.0802204
0.0756285
0.0710641
0.066592
0.143836
0.143841
0.143839
0.143808
0.143715
0.143526
0.143203
0.142713
0.142019
0.14109
0.139898
0.138416
0.136627
0.134516
0.132076
0.129309
0.126219
0.122822
0.119136
0.115186
0.111003
0.106618
0.102067
0.0973889
0.092616
0.0877902
0.0829362
0.0781011
0.0732849
0.0685548
0.145865
0.145902
0.145964
0.146023
0.146044
0.145986
0.145812
0.145481
0.144955
0.144198
0.143177
0.14186
0.140226
0.138255
0.135935
0.133263
0.13024
0.126879
0.123195
0.119213
0.114961
0.110474
0.105787
0.100942
0.0959749
0.0909302
0.085837
0.0807456
0.0756624
0.070657
0.147841
0.147913
0.14804
0.148193
0.14833
0.14841
0.14839
0.148228
0.147882
0.147309
0.146473
0.145339
0.143878
0.142067
0.139887
0.137331
0.134397
0.131091
0.127427
0.123428
0.119121
0.114541
0.109724
0.104714
0.0995498
0.0942796
0.0889374
0.0835761
0.0782102
0.0729109
0.149764
0.14987
0.150064
0.150312
0.15057
0.150793
0.150935
0.15095
0.150792
0.150417
0.149781
0.148846
0.147577
0.145945
0.143928
0.141511
0.138687
0.135458
0.131835
0.127837
0.12349
0.118828
0.113889
0.108717
0.103356
0.0978543
0.0922533
0.0866085
0.0809432
0.0753302
0.151629
0.151771
0.152034
0.152379
0.152761
0.15313
0.153439
0.153639
0.15368
0.153514
0.153093
0.152373
0.151316
0.149885
0.148052
0.145797
0.143108
0.13998
0.136421
0.132445
0.128076
0.123346
0.118295
0.112967
0.107408
0.101671
0.0958022
0.0898599
0.0838781
0.0779306
0.153437
0.153614
0.153946
0.15439
0.154898
0.155418
0.1559
0.156292
0.15654
0.156594
0.156401
0.155914
0.155086
0.153877
0.152252
0.150185
0.147656
0.144655
0.141184
0.137254
0.132883
0.128104
0.122953
0.117477
0.111723
0.105748
0.0996029
0.0933493
0.0870335
0.0807292
0.155184
0.155397
0.155798
0.156344
0.15698
0.157653
0.158312
0.158901
0.159366
0.15965
0.159699
0.159459
0.15888
0.157914
0.156521
0.154667
0.152326
0.149481
0.146126
0.142267
0.137919
0.13311
0.127876
0.122262
0.116318
0.110103
0.103676
0.0970975
0.0904298
0.0837454
0.15687
0.157119
0.15759
0.158237
0.159002
0.159832
0.160672
0.161464
0.162151
0.162676
0.162978
0.163001
0.162689
0.161988
0.160851
0.159237
0.157112
0.154452
0.151244
0.147486
0.143188
0.138373
0.133075
0.127337
0.121212
0.114759
0.108043
0.101127
0.0940898
0.0870008
0.158493
0.158779
0.15932
0.160068
0.160964
0.161952
0.162974
0.163974
0.164891
0.165664
0.166232
0.166532
0.166504
0.166088
0.165232
0.163885
0.162007
0.159563
0.156535
0.15291
0.148693
0.1439
0.138562
0.132718
0.126424
0.119736
0.112728
0.105463
0.0980385
0.0905198
0.160054
0.160375
0.160987
0.161836
0.162863
0.164009
0.165217
0.166427
0.167579
0.168608
0.169451
0.170042
0.170315
0.170206
0.169654
0.168602
0.167001
0.164809
0.161994
0.158538
0.154437
0.149698
0.144347
0.13842
0.131971
0.125056
0.117756
0.110133
0.102304
0.0943293
0.161551
0.161907
0.162589
0.163539
0.164696
0.166001
0.167396
0.168819
0.17021
0.171502
0.17263
0.173523
0.174113
0.17433
0.174107
0.173378
0.172086
0.170178
0.167616
0.164367
0.16042
0.155771
0.150441
0.144457
0.137874
0.130743
0.123155
0.115164
0.106915
0.0984594
0.162985
0.163376
0.164126
0.165177
0.166463
0.167927
0.169508
0.171147
0.172779
0.174339
0.175759
0.176966
0.177888
0.178449
0.178578
0.1782
0.177249
0.175663
0.173391
0.170391
0.16664
0.162122
0.156851
0.150843
0.144153
0.136822
0.128952
0.12059
0.111907
0.102943
0.164355
0.16478
0.165598
0.166748
0.168163
0.169783
0.171551
0.173405
0.175282
0.177114
0.178832
0.180363
0.181629
0.182553
0.183055
0.183055
0.182477
0.181249
0.17931
0.176603
0.173094
0.168753
0.163584
0.157591
0.150825
0.143318
0.135178
0.126442
0.117315
0.107818
0.165662
0.166121
0.167006
0.168252
0.169794
0.17157
0.173523
0.175592
0.177714
0.17982
0.181842
0.183704
0.185327
0.186629
0.187526
0.187929
0.187757
0.186925
0.18536
0.182994
0.179776
0.175663
0.170646
0.164713
0.15791
0.150254
0.141863
0.132758
0.123179
0.113124
0.166907
0.167398
0.168348
0.16969
0.171355
0.173285
0.175422
0.177704
0.18007
0.182453
0.184782
0.186982
0.188972
0.190666
0.191976
0.192809
0.193073
0.192674
0.191528
0.189549
0.186677
0.182847
0.178038
0.172217
0.165424
0.157657
0.149041
0.139575
0.12954
0.118906
0.168089
0.168613
0.169627
0.171061
0.172848
0.174929
0.177246
0.17974
0.182349
0.185008
0.187646
0.190188
0.192553
0.194652
0.196394
0.197678
0.198409
0.198479
0.197795
0.196256
0.193786
0.190299
0.18576
0.180112
0.173384
0.165551
0.156743
0.146933
0.136444
0.12521
0.169211
0.169765
0.170841
0.172365
0.174271
0.176499
0.178994
0.181696
0.184546
0.187479
0.190428
0.193315
0.196061
0.198575
0.200764
0.202522
0.203746
0.204323
0.204145
0.203096
0.201086
0.198008
0.193807
0.1884
0.181803
0.173958
0.165002
0.154869
0.143936
0.132085
0.170273
0.170857
0.171993
0.173604
0.175625
0.177997
0.180664
0.183571
0.186659
0.189865
0.193122
0.196356
0.199487
0.202424
0.205072
0.207323
0.209068
0.210184
0.210555
0.210049
0.20856
0.205958
0.202171
0.197081
0.190692
0.182902
0.173854
0.163429
0.152061
0.139576
0.171277
0.171888
0.173082
0.174778
0.176911
0.179421
0.182258
0.185364
0.188685
0.19216
0.195723
0.199304
0.202822
0.206188
0.209306
0.212066
0.214355
0.216042
0.217003
0.217092
0.216187
0.214134
0.210841
0.206154
0.20006
0.192405
0.183338
0.172669
0.160892
0.147748
0.172222
0.172862
0.174112
0.175889
0.178128
0.180774
0.183774
0.187074
0.190623
0.194362
0.198228
0.202152
0.206058
0.209857
0.213453
0.216736
0.219589
0.221878
0.223469
0.224204
0.223945
0.222517
0.219806
0.215619
0.209922
0.202497
0.193503
0.182655
0.17053
0.156723
0.173112
0.173777
0.175081
0.176936
0.179279
0.182055
0.185213
0.188702
0.192473
0.19647
0.200634
0.204899
0.20919
0.213423
0.217503
0.22132
0.224756
0.227672
0.229929
0.231359
0.23181
0.231083
0.229044
0.22546
0.220271
0.213185
0.204362
0.193387
0.180991
0.166559
0.173948
0.174637
0.175993
0.177921
0.180364
0.183264
0.186575
0.190247
0.194234
0.198482
0.202938
0.207537
0.212211
0.216876
0.221441
0.225798
0.229829
0.233392
0.236345
0.238508
0.239719
0.23976
0.238471
0.235584
0.231004
0.224362
0.215789
0.204678
0.191941
0.176779
0.17473
0.175442
0.176846
0.178844
0.18138
0.184399
0.187855
0.191702
0.195895
0.200385
0.205123
0.210047
0.215093
0.220182
0.225227
0.23012
0.234747
0.238965
0.242628
0.245551
0.247558
0.248418
0.247943
0.245838
0.241962
0.235888
0.227682
0.216508
0.203229
0.186535
0.175461
0.176195
0.177643
0.179706
0.182328
0.185456
0.189046
0.193054
0.19744
0.202158
0.207162
0.212396
0.217801
0.223303
0.228819
0.234248
0.239478
0.244371
0.24878
0.25252
0.25541
0.257207
0.257711
0.256599
0.253705
0.248547
0.241182
0.230556
0.217575
0.198304
0.0404095
0.04005
0.0396899
0.0393295
0.0389685
0.0386069
0.0382446
0.0378817
0.0375182
0.040449
0.0400899
0.0397301
0.03937
0.0390091
0.0386475
0.0382851
0.0379219
0.0375581
0.0405192
0.0401575
0.0397952
0.0394328
0.0390695
0.0387053
0.0383402
0.0379742
0.0376074
0.0406245
0.0402586
0.0398923
0.0395259
0.0391587
0.0387904
0.038421
0.0380507
0.0376795
0.0407597
0.0403874
0.040015
0.0396428
0.0392698
0.0388955
0.0385201
0.0381437
0.0377663
0.0409258
0.0405453
0.040165
0.0397855
0.0394051
0.0390234
0.0386404
0.0382562
0.037871
0.0411207
0.0407302
0.0403404
0.0399518
0.0395625
0.0391717
0.0387794
0.0383859
0.0379913
0.0413447
0.0409424
0.0405414
0.0401422
0.0397425
0.039341
0.0389379
0.0385336
0.0381281
0.041597
0.0411811
0.0407672
0.0403559
0.0399442
0.0395306
0.0391152
0.0386985
0.0382805
0.0418776
0.0414464
0.041018
0.0405932
0.040168
0.0397407
0.0393115
0.0388809
0.0384491
0.0380159
0.0421867
0.0417384
0.0412939
0.0408539
0.0404138
0.0399713
0.0395268
0.0390808
0.0386335
0.0381849
0.0425246
0.0420575
0.041595
0.0411385
0.0406819
0.0402228
0.0397614
0.0392985
0.0388343
0.0383687
0.0428917
0.0424039
0.041922
0.0414472
0.0409727
0.0404953
0.0400156
0.0395343
0.0390515
0.0385674
0.0432888
0.0427785
0.0422753
0.0417808
0.0412867
0.0407896
0.0402899
0.0397885
0.0392857
0.0387816
0.0437167
0.043182
0.0426557
0.0421398
0.0416247
0.0411062
0.0405848
0.0400618
0.0395374
0.0390115
0.0441766
0.0436155
0.0430642
0.0425252
0.0419873
0.0414458
0.0409012
0.0403548
0.039807
0.0392578
0.0446696
0.04408
0.0435018
0.042938
0.0423757
0.0418093
0.0412396
0.0406682
0.0400954
0.0395211
0.0451973
0.044577
0.0439698
0.0433793
0.0427907
0.0421977
0.0416012
0.0410029
0.0404032
0.039802
0.0457612
0.045108
0.0444696
0.0438505
0.0432338
0.0426122
0.0419869
0.0413598
0.0407313
0.0401014
0.0463631
0.0456747
0.0450028
0.044353
0.0437061
0.0430541
0.0423979
0.0417399
0.0410806
0.04042
0.0470052
0.046279
0.045571
0.0448883
0.0442093
0.0435245
0.0428354
0.0421444
0.0414523
0.0407587
0.0476897
0.046923
0.0461762
0.0454583
0.0447448
0.0440251
0.0433007
0.0425745
0.0418472
0.0411186
0.048419
0.0476089
0.0468205
0.0460649
0.0453146
0.0445575
0.0437954
0.0430316
0.0422668
0.0415007
0.0491959
0.0483393
0.0475062
0.0467101
0.0459204
0.0451235
0.0443211
0.043517
0.0427121
0.0419061
0.0500232
0.0491168
0.0482357
0.0473963
0.0465645
0.0457249
0.0448794
0.0440323
0.0431846
0.0423359
0.0509042
0.0499446
0.0490117
0.0481259
0.0472491
0.0463637
0.0454722
0.0445791
0.0436857
0.0427915
0.0518425
0.0508258
0.0498372
0.0489015
0.0479765
0.0470423
0.0461015
0.0451592
0.044217
0.0432742
0.0528418
0.0517638
0.0507154
0.0497261
0.0487495
0.047763
0.0467694
0.0457746
0.0447801
0.0437853
0.0539064
0.0527627
0.0516496
0.0506028
0.0495709
0.0485284
0.0474782
0.0464271
0.0453768
0.0443264
0.0550409
0.0538266
0.0526437
0.051535
0.0504438
0.0493412
0.0482304
0.0471189
0.0460088
0.044899
0.0562503
0.0549602
0.0537017
0.0525265
0.0513716
0.0502045
0.0490286
0.0478524
0.0466782
0.0455048
0.0575401
0.0561684
0.0548283
0.0535812
0.0523579
0.0511216
0.0498758
0.0486302
0.0473872
0.0461456
0.0589164
0.0574569
0.0560283
0.0547038
0.0534069
0.0520961
0.0507751
0.0494548
0.0481381
0.0468233
0.0603861
0.0588318
0.0573073
0.0558989
0.0545228
0.0531318
0.05173
0.0503294
0.0489333
0.04754
0.0619565
0.0602999
0.0586712
0.0571722
0.0557107
0.0542333
0.0527442
0.0512572
0.0497757
0.048298
0.063636
0.061869
0.0601268
0.0585296
0.0569758
0.0554051
0.053822
0.0522417
0.0506683
0.0490996
0.0654339
0.0635474
0.0616816
0.0599778
0.0583243
0.0566528
0.0549679
0.0532869
0.0516143
0.0499477
0.0673606
0.0653446
0.0633439
0.0615242
0.0597628
0.0579823
0.0561873
0.0543973
0.0526176
0.0508452
0.0694277
0.0672713
0.0651231
0.0631773
0.0612988
0.0594002
0.0574859
0.0555779
0.0536823
0.0517956
0.0716483
0.0693395
0.0670298
0.0649464
0.062941
0.060914
0.0588702
0.0568343
0.054813
0.0528027
0.0740371
0.0715627
0.069076
0.0668423
0.0646987
0.0625324
0.0603477
0.0581728
0.0560152
0.0538707
0.0517358
0.0766108
0.0739563
0.0712751
0.068877
0.066583
0.0642649
0.0619269
0.0596006
0.0572949
0.0550046
0.0527261
0.0793881
0.0765375
0.0736423
0.0710642
0.0686062
0.0661227
0.0636174
0.0611262
0.058659
0.0562103
0.0537757
0.0823901
0.079326
0.0761951
0.0734194
0.0707823
0.0681182
0.0654301
0.0627589
0.0601158
0.0574944
0.0548897
0.0856406
0.0823438
0.0789531
0.0759604
0.0731275
0.0702658
0.0673779
0.0645098
0.0616744
0.0588646
0.0560745
0.0891665
0.0856161
0.0819385
0.0787072
0.07566
0.0725821
0.0694752
0.0663915
0.0633458
0.0603299
0.0573372
0.0929976
0.0891709
0.0851767
0.0816828
0.0784008
0.075086
0.0717388
0.0684187
0.0651426
0.061901
0.0586865
0.0971678
0.0930399
0.088696
0.0849131
0.0813737
0.0777989
0.074188
0.0706083
0.0670794
0.0635903
0.0601327
0.101714
0.0972587
0.0925285
0.0884275
0.0846058
0.0807456
0.0768448
0.07298
0.0691733
0.0654124
0.0616879
0.106678
0.101867
0.0967103
0.0922592
0.0881279
0.0839542
0.0797346
0.0755562
0.0714442
0.0673845
0.0633664
0.112106
0.106907
0.101282
0.0964456
0.0919747
0.0874567
0.0828864
0.078363
0.0739151
0.0695265
0.0651853
0.118048
0.11243
0.106287
0.101029
0.0961857
0.0912892
0.0863332
0.0814303
0.0766128
0.071862
0.0671648
0.124555
0.118486
0.111777
0.106057
0.100806
0.0954933
0.0901126
0.0847924
0.0795682
0.0744184
0.0693284
0.131678
0.125125
0.117802
0.11158
0.105885
0.100115
0.0942674
0.0884888
0.0828174
0.0772278
0.0717043
0.139464
0.132387
0.124405
0.11765
0.111473
0.105202
0.0988432
0.0925637
0.086402
0.080328
0.074326
0.147986
0.140326
0.131643
0.124323
0.117621
0.110799
0.103884
0.0970623
0.0903659
0.0837597
0.0772307
0.157331
0.149048
0.13964
0.131714
0.124415
0.116971
0.109448
0.102038
0.0947583
0.0875678
0.0804596
0.167314
0.158538
0.148517
0.139984
0.131993
0.123831
0.115636
0.10758
0.0996523
0.0918147
0.0840685
0.177033
0.168089
0.157989
0.149071
0.140366
0.131451
0.122554
0.113792
0.105135
0.0965677
0.0881048
0.185358
0.176526
0.167335
0.158402
0.14917
0.139728
0.130287
0.120886
0.111521
0.102215
0.0929965
)
;

boundaryField
{
    inlet
    {
        type            zeroGradient;
    }
    outlet
    {
        type            fixedValue;
        value           nonuniform 0();
    }
    cylinder
    {
        type            zeroGradient;
    }
    top
    {
        type            symmetryPlane;
    }
    bottom
    {
        type            symmetryPlane;
    }
    defaultFaces
    {
        type            empty;
    }
    procBoundary0to1
    {
        type            processor;
        value           nonuniform List<scalar> 
261
(
0.0950089
0.0950089
0.0979411
0.0979411
0.101256
0.101256
0.105199
0.105199
0.109092
0.12147
0.12147
0.126096
0.126096
0.130737
0.144785
0.144785
0.150227
0.165203
0.165203
0.171468
0.171468
0.177654
0.194476
0.194476
0.201487
0.219252
0.219252
0.227103
0.245771
0.264329
0.264329
0.273999
0.293324
0.293324
0.303927
0.323904
0.343591
0.343591
0.356085
0.376172
0.395843
0.395843
0.410251
0.42999
0.449181
0.467784
0.467784
0.484389
0.502547
0.519981
0.536656
0.552536
0.552536
0.570145
0.584904
0.598743
0.611634
0.623548
0.634461
0.644349
0.653191
0.660969
0.660969
0.674486
0.680246
0.684869
0.688345
0.690666
0.691828
0.691827
0.690665
0.688343
0.684866
0.680242
0.674481
0.660964
0.660964
0.653185
0.644341
0.634452
0.623539
0.611624
0.598732
0.584892
0.570132
0.552523
0.552523
0.536642
0.519966
0.502531
0.484372
0.467766
0.467766
0.449163
0.429971
0.415041
0.415041
0.395823
0.376151
0.356064
0.343569
0.343569
0.323882
0.303904
0.293301
0.293301
0.273975
0.264306
0.264306
0.245747
0.236943
0.236943
0.219228
0.201462
0.194452
0.194452
0.187348
0.187348
0.171443
0.165179
0.165179
0.150202
0.144761
0.144761
0.130711
0.126072
0.126072
0.121446
0.121446
0.116841
0.116841
0.105175
0.101232
0.101232
0.0979179
0.0979179
0.0949863
0.0949863
0.0839025
0.0797786
0.0764472
0.0734659
0.0708073
0.0684209
0.0662692
0.0643186
0.06254
0.0609095
0.0594069
0.0580157
0.0567218
0.0555135
0.0543811
0.0533166
0.0523133
0.0513655
0.0504686
0.0496188
0.0488125
0.0480471
0.04732
0.0466292
0.0459727
0.0453489
0.0447563
0.0441933
0.0436589
0.0431516
0.0426705
0.0422143
0.041782
0.0423179
0.0423179
0.0418821
0.0414704
0.0410815
0.0407145
0.0403684
0.0400421
0.0397348
0.0394457
0.0391738
0.0389186
0.0386793
0.0384553
0.038246
0.0380511
0.03787
0.0377024
0.0375482
0.037407
0.037279
0.0371637
0.0370619
0.0369726
0.0368983
0.036835
0.0367917
0.036753
0.0371543
0.0371936
0.0372399
0.0373075
0.0373879
0.0374847
0.0375956
0.0377214
0.0378614
0.0378614
0.0375815
0.037735
0.0379017
0.0380819
0.0382759
0.0384842
0.0387071
0.0389452
0.0391993
0.0394698
0.0397577
0.0400636
0.0403884
0.0407331
0.0410986
0.0414859
0.0418961
0.0423303
0.0427896
0.0432754
0.0437888
0.0443313
0.0449044
0.0455094
0.0461482
0.0468224
0.0475339
0.048285
0.0490779
0.0499153
0.0508002
0.0508002
0.0496103
0.050459
0.0513547
0.0523013
0.0533037
0.0543672
0.0554986
0.0567061
0.0579992
0.0593897
0.0608915
0.0625214
0.0642993
0.0662494
0.0684005
0.0707863
0.0734445
0.0764253
0.0797562
0.0838797
)
;
    }
}


// ************************************************************************* //
