/*--------------------------------*- C++ -*----------------------------------*\
  =========                 |
  \\      /  F ield         | OpenFOAM: The Open Source CFD Toolbox
   \\    /   O peration     | Website:  https://openfoam.org
    \\  /    A nd           | Version:  7
     \\/     M anipulation  |
\*---------------------------------------------------------------------------*/
FoamFile
{
    version     2.0;
    format      ascii;
    class       surfaceScalarField;
    location    "5";
    object      phi;
}
// * * * * * * * * * * * * * * * * * * * * * * * * * * * * * * * * * * * * * //

dimensions      [0 3 -1 0 0 0 0];

internalField   nonuniform List<scalar> 
5905
(
-5.21807e-05
-3.4146e-05
-3.8591e-10
-9.53401e-06
-4.26461e-05
-5.54485e-10
4.17347e-05
-5.1268e-05
-7.24614e-10
0.000101686
-5.99502e-05
-9.00321e-10
0.000170338
-6.86509e-05
-1.08333e-09
0.000247671
-7.73316e-05
-1.27587e-09
0.000333616
-8.59435e-05
-1.4777e-09
0.000428036
-9.4419e-05
-1.68589e-09
0.000530706
-0.000102667
-1.89061e-09
0.000641282
-0.000110574
-2.08018e-09
0.000759288
-0.000118004
-2.23819e-09
0.000884097
-0.000124807
-2.34939e-09
0.00101492
-0.000130826
-2.39873e-09
0.00115082
-0.000135897
-2.37397e-09
0.0012907
-0.000139873
-2.26948e-09
0.00143329
-0.000142586
-2.08562e-09
0.00157721
-0.000143925
-1.82884e-09
0.00172089
-0.000143679
-1.51478e-09
0.00186274
-0.000141844
-1.16269e-09
0.00200076
-0.000138023
-7.98708e-10
0.00213333
-0.000132569
-4.4832e-10
0.00225785
-0.000124517
-1.37636e-10
0.00237331
-0.000115462
1.13002e-10
0.00247602
-0.000102708
2.92857e-10
0.00256769
-9.16704e-05
4.00026e-10
0.00264169
-7.39954e-05
4.50887e-10
0.00270768
-6.59905e-05
4.46748e-10
-4.20438e-05
4.15857e-10
-4.36133e-05
-6.83867e-05
-9.43613e-07
-8.53158e-05
5.02732e-05
-0.000102485
0.000110102
-0.000119779
0.000178563
-0.000137113
0.000255643
-0.000154411
0.000341276
-0.000171577
0.000435333
-0.000188476
0.000537592
-0.000204927
0.000647719
-0.000220701
0.000765243
-0.000235528
0.000889544
-0.000249108
0.00101985
-0.000261129
0.00115521
-0.000271263
0.00129455
-0.000279214
0.00143661
-0.000284647
0.00158003
-0.000287342
0.00172323
-0.000286876
0.00186463
-0.000283241
0.00200224
-0.00027564
0.00213446
-0.000264785
0.00225868
-0.000248737
0.0023739
-0.000230688
0.00247644
-0.000205245
0.002568
-0.000183231
0.00264195
-0.000147947
0.00270795
-0.000131982
-8.41666e-05
-2.65869e-05
-0.00010281
1.61216e-05
-0.000128024
6.72336e-05
-0.000153597
0.000126815
-0.00017936
0.000194894
-0.000205192
0.000271467
-0.000230983
0.000356478
-0.000256588
0.00044981
-0.000281808
0.000551254
-0.00030637
0.000660486
-0.000329933
0.000777052
-0.000352093
0.000900345
-0.000372401
0.00102961
-0.000390389
0.00116391
-0.000405568
0.00130219
-0.000417494
0.00144321
-0.000425663
0.00158561
-0.000429748
0.00172785
-0.000429114
0.00186836
-0.000423748
0.00200517
-0.000412454
0.00213668
-0.000396297
0.00226031
-0.000372367
0.00237507
-0.000345448
0.00247727
-0.000307443
0.00256862
-0.000274577
0.00264248
-0.000221814
0.00270848
-0.000197979
-0.000126449
-1.31162e-06
-0.000137499
4.14417e-05
-0.000170778
9.23859e-05
-0.000204541
0.00015159
-0.000238564
0.000219094
-0.000272696
0.000294906
-0.000306795
0.000378989
-0.000340671
0.000471241
-0.00037406
0.000571471
-0.0004066
0.000679375
-0.000437837
0.000794517
-0.000467236
0.000916315
-0.000494199
0.00104403
-0.000518105
0.00117677
-0.000538303
0.00131347
-0.000554202
0.00145294
-0.000565133
0.00159386
-0.000570659
0.00173468
-0.000569934
0.00187387
-0.000562939
0.00200949
-0.000548078
0.00213996
-0.00052677
0.00226272
-0.000495127
0.00237679
-0.000459518
0.00247849
-0.000409142
0.00256952
-0.000365606
0.00264327
-0.000295559
0.00270928
-0.000263987
-0.000168972
3.18893e-05
-0.000172505
7.4688e-05
-0.000213576
0.000125392
-0.000255245
0.000184082
-0.000297254
0.000250814
-0.000339428
0.000325614
-0.000381595
0.000408466
-0.000423524
0.00049929
-0.000464884
0.00059792
-0.000505229
0.000704076
-0.000543993
0.000817349
-0.00058051
0.000937185
-0.000614035
0.00106288
-0.000643795
0.00119355
-0.00066898
0.0013282
-0.000688854
0.00146565
-0.00070258
0.00160461
-0.000709615
0.00174357
-0.000708899
0.00188104
-0.000700411
0.00201512
-0.00068215
0.00214423
-0.000655887
0.00226586
-0.000616749
0.00237903
-0.000572691
0.00248008
-0.000510192
0.0025707
-0.000456228
0.00264429
-0.00036915
0.00271032
-0.000330016
-0.000211821
7.26197e-05
-0.00020788
0.000115437
-0.000256394
0.000165815
-0.000305622
0.000223845
-0.000355284
0.000289602
-0.000405186
0.000363139
-0.000455131
0.000444464
-0.000504849
0.000533525
-0.000553946
0.000630184
-0.000601888
0.000734192
-0.000648001
0.000845172
-0.00069149
0.000962604
-0.000731467
0.00108582
-0.000767007
0.00121398
-0.000797143
0.00134612
-0.000820994
0.0014811
-0.000837559
0.00161767
-0.000846187
0.00175438
-0.000845604
0.00188975
-0.000835789
0.00202193
-0.00081433
0.0021494
-0.000783353
0.00226964
-0.00073699
0.00238172
-0.000684774
0.00248199
-0.000610458
0.00257212
-0.00054636
0.00264554
-0.000442566
0.0027116
-0.000396084
-0.00025508
0.000120389
-0.000243636
0.00016318
-0.000299185
0.000213126
-0.000355569
0.000270338
-0.000412496
0.000334916
-0.000469764
0.000406939
-0.000527154
0.000486448
-0.000584358
0.000573424
-0.000640921
0.00066776
-0.000696224
0.000769243
-0.000749485
0.000877535
-0.000799782
0.000992153
-0.000846085
0.00111247
-0.000887323
0.0012377
-0.000922371
0.00136691
-0.000950206
0.00149901
-0.000969662
0.00163281
-0.000979983
0.00176688
-0.00097968
0.00189983
-0.000968731
0.00202981
-0.000944312
0.00215536
-0.000908902
0.002274
-0.000855628
0.00238482
-0.000795596
0.00248418
-0.00070982
0.00257375
-0.000635933
0.00264698
-0.000515791
0.00271311
-0.000462214
-0.000298841
0.000174639
-0.000279755
0.00021733
-0.000341875
0.00026672
-0.000404959
0.000322944
-0.000468719
0.00038613
-0.00053295
0.000456392
-0.000597417
0.000533806
-0.000661772
0.000618389
-0.000725503
0.000710071
-0.000787907
0.000808681
-0.000848094
0.00091392
-0.000905021
0.00102535
-0.000957516
0.00114239
-0.00100436
0.0012643
-0.00104428
0.00139021
-0.00107611
0.00151908
-0.00109852
0.00164975
-0.00111065
0.00178087
-0.0011108
0.00191107
-0.00109894
0.00203859
-0.00107183
0.00216199
-0.0010323
0.00227883
-0.000972472
0.00238824
-0.000905011
0.0024866
-0.00080818
0.00257557
-0.000724896
0.0026486
-0.000588823
0.00271482
-0.000528438
-0.000343196
0.000234752
-0.000316186
0.000277239
-0.000384362
0.000325926
-0.000453647
0.000380976
-0.000523768
0.000442553
-0.000594527
0.000510809
-0.000665673
0.000585859
-0.000736823
0.00066776
-0.000807403
0.000756483
-0.000876631
0.0008519
-0.000943511
0.000953757
-0.00100688
0.00106167
-0.00106543
0.0011751
-0.00111779
0.00129336
-0.00116255
0.00141564
-0.00119839
0.00154095
-0.00122383
0.00166819
-0.0012379
0.00179607
-0.00123868
0.00192328
-0.00122615
0.0020481
-0.00119664
0.00216915
-0.00115335
0.00228403
-0.00108736
0.00239192
-0.0010129
0.0024892
-0.000905458
0.00257751
-0.00081321
0.00265036
-0.000661672
0.00271672
-0.000594797
-0.000388243
0.000300062
-0.000352833
0.000342207
-0.000426507
0.000390018
-0.000501458
0.000443693
-0.000577443
0.000503438
-0.000654272
0.000569447
-0.000731681
0.000641877
-0.000809252
0.000720826
-0.000886353
0.000806312
-0.000962117
0.00089825
-0.00103545
0.000996436
-0.00110506
0.00110053
-0.00116952
0.00121006
-0.00122732
0.00132439
-0.00127688
0.00144276
-0.00131677
0.00156425
-0.00134532
0.00168782
-0.00136147
0.00181222
-0.00136308
0.00193622
-0.00135015
0.00205815
-0.00131857
0.0021767
-0.0012719
0.0022895
-0.00120016
0.00239576
-0.00111916
0.0024919
-0.0010016
0.00257955
-0.000900857
0.00265224
-0.000734361
0.00271878
-0.000661342
-0.000434085
0.000369865
-0.000389554
0.000411494
-0.000468136
0.000458231
-0.000548195
0.000510316
-0.000629528
0.000568001
-0.000711957
0.000631526
-0.000795206
0.000701093
-0.000878819
0.000776844
-0.000962105
0.000858844
-0.00104412
0.000947052
-0.00112366
0.00104132
-0.00119933
0.00114135
-0.00126956
0.00124674
-0.00133271
0.00135691
-0.00138705
0.00147115
-0.00143101
0.0015886
-0.00146277
0.00170829
-0.00148116
0.00182904
-0.00148383
0.00194967
-0.00147077
0.00206856
-0.00143747
0.00218448
-0.00138781
0.0022951
-0.00131079
0.00239968
-0.00122374
0.00249466
-0.00109657
0.00258164
-0.000987838
0.0026542
-0.000806924
0.00272099
-0.000728133
-0.000480828
0.000443432
0.000484332
-0.000509036
0.000529768
-0.000593632
0.000580032
-0.000679792
0.000635427
-0.000767351
0.000696238
-0.000856018
0.000762716
-0.000945297
0.000835048
-0.00103444
0.000913342
-0.00112241
0.000997609
-0.00120792
0.00108775
-0.00128947
0.00118352
-0.00136534
0.00128458
-0.00143376
0.0013904
-0.00149287
0.00150034
-0.00154095
0.00161359
-0.00157602
0.00172926
-0.00159683
0.00184622
-0.00160079
0.00196336
-0.00158791
0.00207913
-0.00155323
0.00219234
-0.00150102
0.00230073
-0.00141918
0.00240358
-0.0013266
0.00249738
-0.00119037
0.00258372
-0.00107417
0.0026562
-0.000879413
0.00272331
-0.000795242
-0.000528585
0.000559931
-0.000548952
0.000603816
-0.000637517
0.000652016
-0.000727992
0.000704888
-0.000820223
0.000762766
-0.000913897
0.000825947
-0.00100848
0.000894662
-0.00110315
0.000969065
-0.00119681
0.00104922
-0.00128808
0.00113507
-0.00137531
0.00122643
-0.0014567
0.00132302
-0.00153034
0.00142436
-0.00159421
0.00152988
-0.00164647
0.00163884
-0.00168498
0.0017504
-0.00170839
0.00186349
-0.00171388
0.00197707
-0.00170149
0.00208965
-0.00166581
0.00220011
-0.00161148
0.00230624
-0.00152531
0.00240738
-0.00142773
0.00250002
-0.00128301
0.00258574
-0.00115989
0.00265822
-0.000951894
0.00272573
-0.000862751
-0.000577472
0.00063749
-0.000587595
0.000679549
-0.000679577
0.000725434
-0.000773877
0.000775552
-0.000870341
0.00083029
-0.000968635
0.000889986
-0.00106817
0.000954916
-0.00116808
0.00102528
-0.00126718
0.00110118
-0.00136398
0.00118262
-0.00145676
0.00126948
-0.00154356
0.0013615
-0.00162236
0.00145829
-0.001691
0.00155933
-0.00174751
0.00166394
-0.00178959
0.00177134
-0.00181579
0.00188054
-0.00182307
0.00199054
-0.0018115
0.00209992
-0.0017752
0.00220764
-0.00171919
0.00231153
-0.0016292
0.00241096
-0.00152717
0.00250249
-0.00137454
0.00258766
-0.00124507
0.00266021
-0.00102444
0.00272821
-0.000930754
-0.000627609
0.000716202
-0.000624636
0.000756143
-0.000719518
0.000799453
-0.000817187
0.000846596
-0.000917484
0.000898
-0.00102004
0.000954048
-0.00112422
0.00101506
-0.00122909
0.00108126
-0.00133339
0.00115282
-0.00143554
0.00122978
-0.00153371
0.00131207
-0.00162585
0.00139949
-0.00170978
0.00149171
-0.00178322
0.00158826
-0.00184407
0.00168852
-0.00188985
0.00179178
-0.00191904
0.00189709
-0.00192839
0.00200354
-0.00191795
0.00210976
-0.00188142
0.00221477
-0.0018242
0.00231646
-0.00173089
0.00241425
-0.00162497
0.00250473
-0.00146501
0.00258943
-0.00132976
0.00266214
-0.00109716
0.00273074
-0.000999353
-0.000679124
0.000795261
-0.00065972
0.000832776
-0.000757033
0.000873255
-0.000857665
0.000917208
-0.000961437
0.000965108
-0.00106794
0.00101737
-0.00117648
0.00107435
-0.00128607
0.00113633
-0.00139536
0.00120349
-0.00150271
0.00127594
-0.00160616
0.00135365
-0.00170356
0.00143648
-0.00179261
0.00152415
-0.00187089
0.00161625
-0.00193617
0.00171221
-0.00198581
0.00181138
-0.00201822
0.00191288
-0.00202988
0.00201585
-0.00202092
0.00211898
-0.00198455
0.00222135
-0.00192657
0.00232092
-0.00183046
0.00241716
-0.0017212
0.00250667
-0.00155453
0.00259099
-0.00141408
0.00266397
-0.00117014
0.00273328
-0.00106866
-0.000732146
0.00087386
-0.000692468
0.000908639
-0.000791812
0.000946036
-0.000895063
0.000986606
-0.00100201
0.00103085
-0.00111218
0.00107922
-0.00122485
0.0011321
-0.00133895
0.00118981
-0.00145307
0.00125257
-0.00156547
0.00132053
-0.00167412
0.0013937
-0.00177673
0.00147199
-0.00187091
0.00155518
-0.00195408
0.00164291
-0.0020239
0.00173467
-0.00207757
0.00182986
-0.0021134
0.00192765
-0.00212767
0.00202724
-0.00212051
0.0021274
-0.00208471
0.00222725
-0.00202642
0.0023248
-0.00192801
0.00241959
-0.00181599
0.00250826
-0.00164319
0.00259231
-0.00149813
0.00266568
-0.00124351
0.00273582
-0.0011388
-0.000786808
0.000951202
-0.000722491
0.000982939
-0.000823548
0.00101702
-0.000929145
0.00105403
-0.00103902
0.00109451
-0.00115266
0.00113891
-0.00126926
0.00118766
-0.0013877
0.0012411
-0.00150651
0.00129948
-0.00162386
0.001363
-0.00173763
0.00143171
-0.00184544
0.00150557
-0.00194477
0.0015844
-0.0020329
0.00166789
-0.00210739
0.00175559
-0.00216527
0.00184694
-0.00220475
0.00194116
-0.00222189
0.00203753
-0.00221688
0.00213485
-0.00218202
0.00223232
-0.00212389
0.002328
-0.00202369
0.00242147
-0.00190946
0.00250942
-0.00173114
0.00259333
-0.00158204
0.00266721
-0.0013174
0.00273832
-0.00120991
-0.000843249
0.0010265
0.0010549
-0.000851953
0.00108546
-0.000959702
0.00111877
-0.00107233
0.00115539
-0.00118927
0.00119579
-0.00130966
0.00124041
-0.00143232
0.00128961
-0.00155571
0.0013437
-0.00167794
0.00140288
-0.00179681
0.00146725
-0.00190981
0.00153681
-0.00201433
0.00161144
-0.00210753
0.00169086
-0.00218682
0.00177467
-0.00224908
0.00186236
-0.00229245
0.00195321
-0.00231274
0.00204654
-0.00231021
0.00214119
-0.00227668
0.00223645
-0.00221915
0.00233042
-0.00211766
0.00242273
-0.00200176
0.0025101
-0.00181851
0.00259401
-0.00166596
0.00266856
-0.00139194
0.00274077
-0.00128211
-0.000901607
0.00112379
-0.000876766
0.00115065
-0.000986561
0.00118016
-0.00110184
0.00121286
-0.00122198
0.00124926
-0.00134606
0.00128979
-0.00147285
0.00133485
-0.00160077
0.00138474
-0.00172784
0.00143972
-0.00185178
0.00149991
-0.00197001
0.00156536
-0.00207979
0.00163597
-0.00217814
0.00171154
-0.00226238
0.00179167
-0.00232921
0.00187592
-0.0023767
0.0019636
-0.00240042
0.0020541
-0.0024007
0.0021463
-0.00236888
0.00223954
-0.00231239
0.00233198
-0.0022101
0.00242329
-0.00209308
0.00251026
-0.00190548
0.00259433
-0.00175003
0.00266968
-0.0014673
0.00274314
-0.00135557
-0.000962025
0.00118889
-0.000897773
0.00121192
-0.00100959
0.00123756
-0.00112748
0.00126635
-0.00125077
0.00129879
-0.0013785
0.00133531
-0.00150938
0.00137633
-0.00164179
0.00142218
-0.00177369
0.00147313
-0.00190273
0.00152934
-0.00202622
0.00159089
-0.00214134
0.00165772
-0.00224497
0.00172965
-0.00233431
0.00180635
-0.00240591
0.00188741
-0.00245775
0.00197217
-0.00248519
0.00206006
-0.0024886
0.00215004
-0.00245885
0.00224148
-0.00240383
0.00233259
-0.00230121
0.0024231
-0.00218359
0.00250984
-0.00199222
0.00259423
-0.00183442
0.00267055
-0.00154362
0.00274541
-0.00143042
-0.00102465
0.00124953
-0.000914809
0.00126864
-0.0010287
0.0012904
-0.00114923
0.00131531
-0.00127568
0.00134386
-0.00140705
0.00137651
-0.00154203
0.00141364
-0.00167892
0.00145563
-0.00181567
0.00150275
-0.00194985
0.00155521
-0.00207868
0.0016131
-0.00219923
0.00167641
-0.00230827
0.00174498
-0.00240288
0.00181852
-0.00247944
0.00189665
-0.00253588
0.00197875
-0.0025673
0.00206431
-0.00257415
0.00215231
-0.00254685
0.00224218
-0.00249371
0.00233219
-0.00239122
0.00242211
-0.0022735
0.00250881
-0.00207892
0.0025937
-0.00191931
0.00267115
-0.00162108
0.00274756
-0.00150683
-0.00108962
0.00130507
-0.00092777
0.00132024
-0.00104388
0.00133813
-0.00116713
0.00135925
-0.00129679
0.00138404
-0.00143184
0.00141296
-0.00157094
0.0014464
-0.00171237
0.00148475
-0.00185402
0.00152829
-0.00199339
0.00157725
-0.00212764
0.00163177
-0.00225374
0.00169183
-0.00236833
0.00175733
-0.00246839
0.001828
-0.00255012
0.0019035
-0.00261138
0.00198325
-0.00264704
0.00206675
-0.00265765
0.00215303
-0.00263313
0.00224159
-0.00258226
0.00233073
-0.00248036
0.00242027
-0.00236304
0.00250713
-0.00216578
0.0025927
-0.00200488
0.00267146
-0.00169984
0.00274958
-0.00158495
-0.00115708
0.00135484
0.00136613
-0.00105517
0.00138029
-0.00118129
0.00139776
-0.00131426
0.00141898
-0.00145307
0.00144439
-0.00159635
0.00147439
-0.00174237
0.00150935
-0.00188898
0.0015496
-0.00203363
0.00159536
-0.0021734
0.00164679
-0.00230517
0.00170392
-0.00242546
0.00176666
-0.00253113
0.00183477
-0.00261823
0.00190794
-0.00268455
0.00198562
-0.00272472
0.00206735
-0.00273938
0.0021522
-0.00271798
0.00223968
-0.00266975
0.00232822
-0.0025689
0.00241755
-0.00245238
0.00250484
-0.00225306
0.00259118
-0.00209123
0.00267155
-0.0017802
0.00275135
-0.00166475
-0.00122731
0.00303707
-0.00107187
0.00305632
-0.00120053
0.0030783
-0.00133625
0.00310325
-0.00147801
0.00313137
-0.00162447
0.00316289
-0.00177389
0.00319801
-0.0019241
0.00323691
-0.00207254
0.00327975
-0.00221623
0.00332659
-0.00235202
0.00337748
-0.00247635
0.00343233
-0.00258598
0.003491
-0.0026769
0.00355317
-0.00274672
0.00361852
-0.00279008
0.00368648
-0.00280733
0.00375656
-0.00278806
0.00382783
-0.00274102
0.00389966
-0.00264073
0.00397068
-0.0025234
0.00404001
-0.00232239
0.00410623
-0.00215745
0.0041679
-0.00184187
0.00422562
-0.00172247
-0.00127628
0.00341738
-0.00107853
0.00342707
-0.00121022
0.00343981
-0.00134899
0.0034557
-0.0014939
0.00347486
-0.00164363
0.00349744
-0.00179647
0.00352358
-0.00195024
0.00355344
-0.0021024
0.00358716
-0.00224995
0.00362482
-0.00238969
0.00366649
-0.00251801
0.0037121
-0.00263159
0.00376156
-0.00272636
0.00381462
-0.00279978
0.00387104
-0.0028465
0.00393027
-0.00286656
0.00399204
-0.00284983
0.00405537
-0.00280435
0.00412001
-0.00270536
0.0041843
-0.0025877
0.00424814
-0.00238623
0.00430916
-0.00221846
0.00436753
-0.00190024
0.00442142
-0.00177636
-0.00132385
0.00383352
-0.00107382
0.00383235
-0.00120905
0.00383458
-0.00135123
0.00384017
-0.0014995
0.00384914
-0.0016526
0.00386155
-0.00180887
0.00387749
-0.00196619
0.00389709
-0.00212199
0.00392046
-0.00227332
0.0039477
-0.00241693
0.00397888
-0.00254919
0.00401398
-0.0026667
0.00405298
-0.00276536
0.00409566
-0.00284246
0.0041419
-0.00289273
0.0041912
-0.00291587
0.00424344
-0.00290207
0.00429772
-0.00285863
0.00435401
-0.00276166
0.00441066
-0.00264434
0.00446796
-0.00244353
0.00452316
-0.00227366
0.00457726
-0.00195435
0.00462716
-0.00182625
-0.00136935
0.00428402
-0.00105685
0.00427101
-0.00119603
0.0042617
-0.00134192
0.00425593
-0.00149373
0.00425362
-0.0016503
0.00425477
-0.00181002
0.00425941
-0.00197082
0.00426762
-0.0021302
0.00427951
-0.00228521
0.00429516
-0.00243259
0.00431469
-0.00256872
0.00433812
-0.00269012
0.00436546
-0.0027927
0.00439658
-0.00287358
0.00443145
-0.00292759
0.00446966
-0.00295409
0.00451123
-0.00294364
0.00455535
-0.00290275
0.00460224
-0.00280855
0.00465024
-0.00269234
0.00470008
-0.00249337
0.00474864
-0.00232222
0.00479776
-0.00200348
0.00484306
-0.00187155
-0.00141235
0.00476617
-0.00102727
0.00474078
-0.00117064
0.00471925
-0.00132039
0.00470135
-0.00147583
0.00468694
-0.00163589
0.00467594
-0.00179902
0.00466835
-0.00196324
0.00466422
-0.00212607
0.00466364
-0.00228462
0.00466671
-0.00243566
0.00467355
-0.00257556
0.00468425
-0.00270082
0.00469887
-0.00280733
0.00471738
-0.00289208
0.0047398
-0.00295001
0.00476586
-0.00298016
0.00479571
-0.00297348
0.00482864
-0.00293568
0.00486512
-0.00284502
0.00490352
-0.00273074
0.00494499
-0.00253485
0.00498611
-0.00236333
0.00502954
-0.00204691
0.00506964
-0.00191166
-0.00145235
0.0052759
-0.000985422
0.00523815
-0.00113289
0.00520421
-0.00128644
0.00517382
-0.00144544
0.00514681
-0.00160888
0.00512309
-0.0017753
0.00510261
-0.00194276
0.00508543
-0.00210889
0.00507161
-0.00227081
0.0050613
-0.00242534
0.00505463
-0.00256889
0.00505173
-0.00269792
0.00505276
-0.00280835
0.00505773
-0.00289706
0.0050668
-0.00295908
0.0050798
-0.00299315
0.00509699
-0.00299067
0.00511782
-0.00295651
0.00514297
-0.00287017
0.0051709
-0.00275867
0.00520316
-0.0025671
0.00523607
-0.00239624
0.00527308
-0.00208392
0.00530739
-0.00194596
-0.00148887
0.00580793
-0.000932303
0.00575847
-0.00108343
0.00571246
-0.00124043
0.0056697
-0.00140268
0.00563004
-0.00156922
0.0055934
-0.00173865
0.00555974
-0.0019091
0.0055291
-0.00207825
0.00550159
-0.0022433
0.00547736
-0.00240111
0.0054566
-0.00254813
0.00543949
-0.00268081
0.00542626
-0.00279512
0.00541702
-0.00288783
0.00541203
-0.00295409
0.00541122
-0.00299234
0.00541501
-0.00299446
0.00542298
-0.00296448
0.00543602
-0.00288321
0.0054527
-0.00277535
0.00547496
-0.00258937
0.00549895
-0.00242024
0.00552886
-0.00211383
0.0055568
-0.0019739
-0.0015214
0.00635598
-0.000869525
0.00629605
-0.00102351
0.00623891
-0.00118328
0.00618444
-0.00134822
0.00613258
-0.00151736
0.00608327
-0.00168934
0.00603653
-0.00186236
0.00599243
-0.00203415
0.00595111
-0.00220198
0.00591277
-0.00236277
0.00587765
-0.00251301
0.00584601
-0.00264917
0.00581815
-0.00276726
0.00579428
-0.00286396
0.00577475
-0.00293456
0.00575964
-0.00297723
0.00574948
-0.00298431
0.005744
-0.002959
0.00574432
-0.00288353
0.00574913
-0.00278017
0.00576074
-0.00260098
0.00577519
-0.00243468
0.00579735
-0.00213599
0.00581838
-0.00199493
-0.00154944
0.00691316
-0.000799176
0.00684455
-0.000954898
0.00677774
-0.00111647
0.00671277
-0.00128324
0.00664965
-0.00145424
0.00658842
-0.00162812
0.00652917
-0.00180311
0.00647203
-0.00197701
0.0064172
-0.00214716
0.00636494
-0.0023105
0.00631556
-0.00246363
0.0062694
-0.00260301
0.00622684
-0.0027247
0.00618822
-0.00282533
0.00615398
-0.00290032
0.00612432
-0.00294757
0.00609992
-0.00295991
0.00608066
-0.00293974
0.00606783
-0.00287071
0.00606032
-0.00277266
0.00606076
-0.00260141
0.00606515
-0.00243908
0.00607899
-0.00214983
0.00609262
-0.00200856
-0.00157247
0.00747247
-0.000723658
0.00739734
-0.000879762
0.00732278
-0.00104192
0.00724897
-0.00120943
0.00717604
-0.0013813
0.00710413
-0.0015562
0.00703341
-0.00173239
0.0069641
-0.0019077
0.00689648
-0.00207954
0.0068309
-0.00224492
0.00676774
-0.00240048
0.00670744
-0.00254271
0.00665049
-0.00266775
0.00659732
-0.00277216
0.00654849
-0.00285149
0.00650434
-0.00290342
0.00646567
-0.00292123
0.00643252
-0.0029066
0.00640637
-0.00284456
0.00638629
-0.00275258
0.00637519
-0.00259031
0.00636915
-0.00243304
0.00637419
-0.00215486
0.00638002
-0.00201439
-0.00159003
0.00802729
-0.000645496
0.00794803
-0.000800496
0.00786796
-0.000961848
0.00778735
-0.00112882
0.00770644
-0.0013004
0.00762549
-0.00147525
0.00754477
-0.00165167
0.00746459
-0.00182753
0.00738534
-0.00200029
0.00730744
-0.00216702
0.00723139
-0.00232443
0.00715772
-0.00246904
0.00708703
-0.00259705
0.00701986
-0.00270499
0.0069569
-0.00278853
0.00689862
-0.00284514
0.00684594
-0.00286855
0.00679908
-0.00285973
0.00675965
-0.00280513
0.00672697
-0.00271989
0.00670416
-0.0025675
0.00668747
-0.00241635
0.00668334
-0.00215073
0.00668103
-0.00201208
-0.00160167
0.00857192
-0.000567157
0.00849096
-0.000719538
0.00840774
-0.000878623
0.00832258
-0.00104366
0.00823582
-0.00121364
0.00814781
-0.00138724
0.00805891
-0.00156277
0.00796955
-0.00173816
0.00788018
-0.00191092
0.00779136
-0.00207819
0.00770367
-0.00223674
0.00761776
-0.00238313
0.00753433
-0.00251363
0.00745406
-0.00262472
0.00737775
-0.00271221
0.007306
-0.00277339
0.00723986
-0.00280241
0.00717971
-0.00279959
0.00712732
-0.00275274
0.00708222
-0.00267479
0.00704774
-0.00253302
0.00702035
-0.00238896
0.0070068
-0.00213719
0.00699614
-0.00200141
-0.00160699
0.00910202
-0.000490881
0.00902167
-0.000639194
0.00893762
-0.000794568
0.00885022
-0.000956263
0.00875986
-0.00112328
0.00866695
-0.00129433
0.00857194
-0.00146776
0.00847532
-0.00164155
0.00837768
-0.00181328
0.00827963
-0.00198015
0.00818188
-0.00213899
0.00808518
-0.00228643
0.00799034
-0.00241879
0.00789817
-0.00253255
0.00780957
-0.00262361
0.00772531
-0.00268913
0.00764652
-0.00272362
0.00757379
-0.00272686
0.00750898
-0.00268793
0.00745188
-0.00261768
0.00740595
-0.0024871
0.00736798
-0.00235099
0.00734492
-0.00211413
0.00732578
-0.00198227
-0.00160564
0.00961498
-0.000418538
0.00953726
-0.000561477
0.0094545
-0.000711801
0.00936704
-0.000868803
0.00927528
-0.00103153
0.00917967
-0.00119872
0.0090807
-0.00136879
0.00897894
-0.00153979
0.00887503
-0.00170937
0.00876968
-0.0018748
0.00866369
-0.002033
0.0085579
-0.00218064
0.00845323
-0.00231412
0.00835061
-0.00242992
0.00825105
-0.00252406
0.00815547
-0.00259354
0.0080651
-0.00263326
0.00798071
-0.00264247
0.00790425
-0.00261147
0.00783577
-0.0025492
0.00777883
-0.00243016
0.00773056
-0.00230272
0.00769803
-0.0020816
0.0076704
-0.00195464
-0.00159734
0.0101101
-0.000351529
0.0100366
-0.000487994
0.00995691
-0.0006321
0.0098713
-0.000783197
0.00978016
-0.000940386
0.00968393
-0.00110248
0.00958311
-0.00126798
0.00947831
-0.00143499
0.00937021
-0.00160127
0.00925958
-0.00176417
0.00914729
-0.00192071
0.00903427
-0.00206762
0.00892153
-0.00220138
0.0088101
-0.00231849
0.00870112
-0.00241507
0.0085956
-0.00248803
0.00849491
-0.00253257
0.00839998
-0.00254754
0.00831282
-0.00252432
0.00823376
-0.00247014
0.00816641
-0.0023628
0.00810829
-0.0022446
0.00806646
-0.00203978
0.00803045
-0.00191863
-0.0015819
0.0105885
-0.000290743
0.0105204
-0.000419874
0.0104451
-0.000556816
0.0103629
-0.000700987
0.0102741
-0.000851567
0.010179
-0.00100746
0.0100783
-0.00116723
0.00997243
-0.00132913
0.00986214
-0.00149098
0.00974824
-0.00165026
0.00963162
-0.00180409
0.00951328
-0.00194928
0.0093943
-0.00208241
0.00927581
-0.0022
0.00915903
-0.00229829
0.0090451
-0.0023741
0.00893548
-0.00242295
0.00883125
-0.00244331
0.0087345
-0.00242757
0.00864581
-0.00238144
0.00856878
-0.00228577
0.00850137
-0.00217719
0.00845056
-0.00198896
0.00840636
-0.00187443
-0.00155918
0.011053
-0.000236575
0.0109909
-0.000357766
0.0109209
-0.000486838
0.0108432
-0.000623287
0.010758
-0.000766383
0.0106657
-0.000915123
0.0105666
-0.00106819
0.0104615
-0.00122394
0.0103508
-0.00138032
0.0102355
-0.00153493
0.0101164
-0.00168501
0.00999459
-0.00182749
0.0098712
-0.00195902
0.0097474
-0.0020762
0.00962448
-0.00217537
0.00950371
-0.00225333
0.00938661
-0.00230585
0.00927441
-0.00233111
0.00916926
-0.00232242
0.00907197
-0.00228415
0.00898611
-0.00219991
0.0089101
-0.00210118
0.00885069
-0.00192956
0.00879859
-0.00182232
-0.00152912
0.0115076
-0.000189005
0.0114517
-0.000301888
0.0113875
-0.00042262
0.011315
-0.000550782
0.0112343
-0.000685735
0.0111458
-0.000826584
0.0110497
-0.000972133
0.0109466
-0.00112085
0.0108371
-0.00127083
0.010722
-0.00141982
0.0106022
-0.00156517
0.0104786
-0.00170394
0.0103525
-0.00183291
0.0102251
-0.00194876
0.0100976
-0.00204794
0.00997157
-0.00212725
0.00984844
-0.00218272
0.00972962
-0.00221229
0.00961729
-0.00221008
0.00951247
-0.00217933
0.00941869
-0.00210613
0.0093348
-0.00201729
0.0092673
-0.00186206
0.00920762
-0.00176264
-0.00149173
0.011957
-0.000147704
0.0119072
-0.00025212
0.0118489
-0.000364258
0.0117819
-0.00048378
0.0117063
-0.000610144
0.0116223
-0.000742561
0.0115301
-0.000879959
0.0114302
-0.00102094
0.0113231
-0.00116374
0.0112095
-0.00130625
0.0110903
-0.00144597
0.0109665
-0.00158012
0.0108392
-0.00170559
0.0107096
-0.00181919
0.0105792
-0.00191749
0.0104492
-0.00199732
0.0103215
-0.00205493
0.0101973
-0.00208814
0.010079
-0.00209175
0.0099677
-0.00206807
0.00986692
-0.00200534
0.0097759
-0.00192628
0.00970085
-0.001787
0.00963397
-0.00169577
-0.0014471
0.0124064
-0.000112173
0.0123624
-0.000208125
0.0123097
-0.00031159
0.0122482
-0.000422304
0.0121779
-0.000539817
0.0120988
-0.000663447
0.0120111
-0.000792242
0.0119151
-0.000924938
0.0118113
-0.00105993
0.0117002
-0.00119525
0.0115828
-0.00132857
0.01146
-0.00145724
0.0113327
-0.00157835
0.0112023
-0.0016888
0.0110702
-0.00178531
0.0109376
-0.00186481
0.0108065
-0.00192374
0.0106782
-0.00195985
0.010555
-0.00196855
0.0104382
-0.00195136
0.0103313
-0.00189843
0.0102339
-0.00182888
0.0101519
-0.00170493
0.0100782
-0.00162208
-0.00139533
0.0128605
-8.18526e-05
0.0128218
-0.000169462
0.0127745
-0.000264304
0.0127184
-0.000366184
0.0126533
-0.000474736
0.0125793
-0.000589379
0.0124963
-0.000709276
0.0124046
-0.000833298
0.0123047
-0.000959985
0.012197
-0.00108753
0.0120822
-0.00121378
0.0119612
-0.00133624
0.011835
-0.00145218
0.0117049
-0.00155864
0.0115721
-0.00165252
0.0114381
-0.00173081
0.0113046
-0.00179023
0.0111732
-0.00182845
0.0110461
-0.00184145
0.0109248
-0.00183012
0.0108126
-0.00178624
0.0107095
-0.00172579
0.010621
-0.0016164
0.0105409
-0.00154196
-0.00133659
0.0133238
-5.62105e-05
0.01329
-0.000135677
0.0132478
-0.000222036
0.0131967
-0.000315156
0.0131367
-0.000414747
0.0130677
-0.00052032
0.0129896
-0.000631148
0.0129025
-0.000746229
0.0128068
-0.000864248
0.0127028
-0.000983556
0.0125912
-0.00110217
0.0124727
-0.00121778
0.0123484
-0.00132782
0.0122192
-0.00142952
0.0120867
-0.00151994
0.0119521
-0.00159622
0.0118171
-0.00165529
0.0116835
-0.00169483
0.0115534
-0.00171131
0.0114284
-0.00170513
0.0113116
-0.00166946
0.0112034
-0.0016176
0.0111089
-0.0015219
0.0110227
-0.00145576
-0.00127104
0.0138003
-3.47923e-05
0.013771
-0.000106357
0.0137334
-0.000184429
0.0136872
-0.000268929
0.0136321
-0.000359634
0.0135679
-0.000456137
0.0134945
-0.000557814
0.0134121
-0.000663783
0.0133207
-0.000772865
0.0132207
-0.000883571
0.0131126
-0.000994085
0.0129971
-0.00110229
0.0128751
-0.00120579
0.0127476
-0.00130202
0.0126159
-0.00138822
0.0124814
-0.0014617
0.0123457
-0.0015196
0.0122105
-0.00155967
0.012078
-0.00157881
0.0119499
-0.00157704
0.0118292
-0.00154871
0.0117164
-0.00150484
0.0116164
-0.00142187
0.0115244
-0.00136378
-0.00119886
0.0142934
-1.72283e-05
0.0142682
-8.11591e-05
0.0142349
-0.000151171
0.0141932
-0.000227229
0.0141428
-0.000309167
0.0140833
-0.000396653
0.0140146
-0.000489156
0.0139368
-0.000585904
0.0138497
-0.000685852
0.0137538
-0.00078766
0.0136494
-0.000889685
0.0135371
-0.000989993
0.0134177
-0.00108639
0.0132922
-0.0011765
0.0131618
-0.00125777
0.0130278
-0.00132769
0.0128918
-0.00138364
0.0127556
-0.00142347
0.0126212
-0.00144444
0.0124905
-0.00144633
0.0123663
-0.00142445
0.0122493
-0.00138789
0.0121441
-0.00131667
0.0120466
-0.00126625
-0.00112022
0.0148061
-3.23197e-06
0.0147847
-5.98042e-05
0.0147555
-0.000121999
0.0147181
-0.000189811
0.0146721
-0.000263125
0.0146171
-0.000341676
0.014553
-0.000425015
0.0144795
-0.000512474
0.0143968
-0.000603133
0.0143049
-0.000695799
0.0142043
-0.000788996
0.0140952
-0.000880976
0.0139786
-0.00096975
0.0138552
-0.00105314
0.0137263
-0.00112883
0.0135931
-0.00119449
0.0134572
-0.00124774
0.0133203
-0.00128656
0.0131844
-0.00130856
0.0130514
-0.00131333
0.0129239
-0.00129701
0.0128031
-0.00126705
0.012693
-0.00120657
0.0125901
-0.00116337
-0.00103527
0.0153411
7.42974e-06
0.0153233
-4.20607e-05
0.015298
-9.66836e-05
0.0152646
-0.000156452
0.0152228
-0.000221295
0.0151721
-0.000291004
0.0151123
-0.000365205
0.0150432
-0.000443326
0.0149646
-0.000524566
0.0148767
-0.000607872
0.0147796
-0.000691936
0.0146738
-0.000775196
0.01456
-0.000855867
0.0144388
-0.000931987
0.0143114
-0.00100147
0.0141791
-0.00106219
0.0140434
-0.00111202
0.013906
-0.0011491
0.0137688
-0.00117134
0.0136336
-0.00117822
0.0135032
-0.00116659
0.0133787
-0.00114248
0.0132639
-0.00109178
0.0131558
-0.00105527
-0.000944153
0.0159011
1.49737e-05
0.0158867
-2.77246e-05
0.0158651
-7.50125e-05
0.0158355
-0.000126937
0.0157977
-0.000183457
0.0157511
-0.000244417
0.0156954
-0.000309509
0.0156303
-0.000378248
0.0155557
-0.000449946
0.0154715
-0.00052369
0.0153779
-0.000598332
0.0152752
-0.0006725
0.015164
-0.000744617
0.015045
-0.000812942
0.0149191
-0.000875622
0.0147877
-0.00093077
0.0146522
-0.000976488
0.0145142
-0.0010111
0.0143756
-0.00103282
0.0142385
-0.00104106
0.0141052
-0.00103327
0.0139769
-0.00101426
0.0138576
-0.000972393
0.0137443
-0.000941992
-0.000846976
0.0164889
1.95812e-05
0.0164777
-1.65814e-05
0.0164595
-5.67608e-05
0.0164336
-0.000101027
0.0163995
-0.000149364
0.0163567
-0.000201657
0.0163049
-0.000257659
0.0162436
-0.000316967
0.0161727
-0.000379001
0.0160919
-0.000442979
0.0160015
-0.000507919
0.0159017
-0.000572634
0.0157928
-0.000635759
0.0156756
-0.000695784
0.0155511
-0.000751095
0.0154204
-0.000800045
0.0152849
-0.00084099
0.0151462
-0.00087245
0.0150063
-0.000892909
0.014867
-0.000901768
0.0147308
-0.000897002
0.0145989
-0.000882365
0.0144749
-0.000848442
0.0143565
-0.000823561
-0.000743823
0.0171075
2.14591e-05
0.0170993
-8.39931e-06
0.0170842
-4.1673e-05
0.0170616
-7.84445e-05
0.017031
-0.000118716
0.0169917
-0.000162406
0.0169434
-0.00020932
0.0168856
-0.000259132
0.0168179
-0.000311364
0.0167403
-0.000365367
0.0166527
-0.000420318
0.0165553
-0.000475221
0.0164485
-0.000528925
0.0163328
-0.000580155
0.0162093
-0.000627546
0.0160789
-0.000669701
0.0159432
-0.000705232
0.0158036
-0.000732871
0.0156621
-0.000751368
0.0155204
-0.00076014
0.0153811
-0.000757635
0.0152454
-0.000746659
0.0151168
-0.000719878
0.0149932
-0.00069993
-0.000634751
0.0177602
2.08445e-05
0.0177547
-2.90965e-06
0.0177424
-2.94417e-05
0.0177228
-5.88488e-05
0.0176953
-9.11397e-05
0.0176591
-0.000126258
0.0176138
-0.000164057
0.017559
-0.000204283
0.0174942
-0.000246556
0.0174192
-0.000290356
0.0173339
-0.000335021
0.0172384
-0.000379746
0.0171331
-0.000423601
0.0170185
-0.000465548
0.0168954
-0.000504482
0.016765
-0.000539262
0.0166285
-0.000568765
0.0164876
-0.000591947
0.016344
-0.000607822
0.0161997
-0.000615842
0.016057
-0.000614896
0.0159173
-0.000606924
0.015784
-0.000586573
0.015655
-0.000571003
-0.000519794
0.0184506
1.80187e-05
0.0184475
2.04636e-07
0.0184378
-1.96856e-05
0.0184207
-4.18133e-05
0.0183957
-6.61617e-05
0.0183622
-9.26962e-05
0.0183194
-0.000121313
0.018267
-0.000151825
0.0182044
-0.000183948
0.0181313
-0.000217291
0.0180476
-0.000251352
0.0179534
-0.000285523
0.0178489
-0.000319093
0.0177346
-0.000351276
0.0176114
-0.000381226
0.0174802
-0.000408075
0.0173424
-0.000430967
0.0171995
-0.000449095
0.0170535
-0.000461735
0.016906
-0.000468399
0.0167595
-0.000468389
0.0166154
-0.000462844
0.0164772
-0.000448319
0.0163428
-0.000436638
-0.000398959
0.0191832
1.33035e-05
0.0191821
1.38714e-06
0.0191743
-1.19496e-05
0.0191593
-2.68075e-05
0.0191363
-4.31851e-05
0.0191047
-6.10622e-05
0.0190638
-8.03719e-05
0.0190129
-0.00010099
0.0189517
-0.000122727
0.0188797
-0.000145321
0.0187968
-0.000168432
0.0187029
-0.00019165
0.0185983
-0.000214494
0.0184835
-0.00023643
0.0183592
-0.000256886
0.0182264
-0.00027527
0.0180864
-0.000291007
0.0179408
-0.000303537
0.0177915
-0.000312394
0.0176403
-0.000317183
0.0174895
-0.000317577
0.0173406
-0.000314002
0.0171971
-0.000304812
0.0170571
-0.000296643
-0.000272243
0.0199629
7.12213e-06
0.0199632
1.10739e-06
0.0199569
-5.63523e-06
0.0199432
-1.31541e-05
0.0199215
-2.14514e-05
0.0198909
-3.0518e-05
0.0198509
-4.03209e-05
0.0198007
-5.07981e-05
0.0197398
-6.18537e-05
0.0196679
-7.33548e-05
0.0195846
-8.51299e-05
0.0194899
-9.69693e-05
0.019384
-0.000108629
0.0192674
-0.000119837
0.0191408
-0.000130303
0.0190053
-0.000139723
0.0188621
-0.000147809
0.0187128
-0.000154262
0.0185593
-0.000158879
0.0184035
-0.000161374
0.0182477
-0.000161779
0.0180935
-0.000159844
0.0179445
-0.000155726
0.0177985
-0.000150657
-0.000139689
0.0207955
0.0207966
0.0207909
0.0207778
0.0207563
0.0207258
0.0206855
0.0206347
0.0205728
0.0204995
0.0204144
0.0203174
0.0202088
0.0200889
0.0199586
0.0198189
0.0196711
0.0195168
0.019358
0.0191966
0.0190348
0.018875
0.0187192
0.0185686
0.0207883
-1.24197e-05
0.0207955
-7.12208e-06
0.0207966
-1.10734e-06
0.0207909
5.63528e-06
0.0207778
1.31541e-05
0.0207563
2.14515e-05
0.0207258
3.0518e-05
0.0206855
4.0321e-05
0.0206347
5.07981e-05
0.0205728
6.18537e-05
0.0204995
7.33549e-05
0.0204144
8.51299e-05
0.0203174
9.69694e-05
0.0202088
0.000108629
0.0200889
0.000119837
0.0199586
0.000130303
0.0198189
0.000139723
0.0196711
0.000147809
0.0195168
0.000154262
0.0193579
0.000158879
0.0191966
0.000161374
0.0190348
0.000161779
0.018875
0.000159844
0.0187192
0.000155726
0.0185686
0.000150657
0.000139689
0.0199567
-2.38098e-05
0.0199629
-1.33034e-05
0.0199632
-1.38704e-06
0.0199569
1.19497e-05
0.0199432
2.68076e-05
0.0199215
4.31852e-05
0.0198909
6.10623e-05
0.0198509
8.03721e-05
0.0198007
0.00010099
0.0197398
0.000122727
0.0196679
0.000145321
0.0195846
0.000168433
0.0194899
0.00019165
0.019384
0.000214494
0.0192674
0.00023643
0.0191408
0.000256886
0.0190053
0.00027527
0.0188621
0.000291007
0.0187128
0.000303537
0.0185593
0.000312394
0.0184035
0.000317183
0.0182477
0.000317577
0.0180935
0.000314002
0.0179444
0.000304812
0.0177985
0.000296643
0.000272243
0.0191785
-3.37485e-05
0.0191832
-1.80185e-05
0.0191821
-2.04446e-07
0.0191743
1.96858e-05
0.0191593
4.18135e-05
0.0191363
6.61618e-05
0.0191047
9.26964e-05
0.0190638
0.000121313
0.0190129
0.000151825
0.0189517
0.000183948
0.0188797
0.000217291
0.0187968
0.000251352
0.0187029
0.000285523
0.0185983
0.000319094
0.0184835
0.000351276
0.0183592
0.000381226
0.0182264
0.000408075
0.0180864
0.000430967
0.0179408
0.000449095
0.0177915
0.000461735
0.0176403
0.000468399
0.0174895
0.000468389
0.0173406
0.000462844
0.0171971
0.000448319
0.0170571
0.000436638
0.000398959
0.0184478
-4.19061e-05
0.0184506
-2.08443e-05
0.0184475
2.90987e-06
0.0184378
2.94419e-05
0.0184207
5.8849e-05
0.0183957
9.11399e-05
0.0183622
0.000126258
0.0183194
0.000164057
0.018267
0.000204283
0.0182044
0.000246556
0.0181313
0.000290356
0.0180476
0.000335021
0.0179534
0.000379747
0.0178489
0.000423601
0.0177346
0.000465548
0.0176114
0.000504482
0.0174802
0.000539262
0.0173424
0.000568765
0.0171995
0.000591947
0.0170535
0.000607822
0.016906
0.000615842
0.0167595
0.000614896
0.0166154
0.000606924
0.0164772
0.000586573
0.0163428
0.000571003
0.000519793
0.0177595
-4.80185e-05
0.0177602
-2.14588e-05
0.0177547
8.3996e-06
0.0177424
4.16733e-05
0.0177228
7.84448e-05
0.0176953
0.000118717
0.0176591
0.000162406
0.0176138
0.00020932
0.017559
0.000259132
0.0174942
0.000311364
0.0174192
0.000365368
0.0173339
0.000420318
0.0172384
0.000475221
0.0171331
0.000528926
0.0170185
0.000580155
0.0168954
0.000627546
0.016765
0.000669701
0.0166285
0.000705232
0.0164876
0.000732871
0.016344
0.000751369
0.0161997
0.00076014
0.016057
0.000757635
0.0159173
0.000746658
0.015784
0.000719878
0.015655
0.00069993
0.000634751
0.0171094
-5.1859e-05
0.0171075
-1.95809e-05
0.0170993
1.65817e-05
0.0170842
5.67612e-05
0.0170616
0.000101027
0.017031
0.000149365
0.0169917
0.000201658
0.0169434
0.000257659
0.0168856
0.000316968
0.0168179
0.000379001
0.0167403
0.00044298
0.0166527
0.000507919
0.0165553
0.000572634
0.0164485
0.000635759
0.0163328
0.000695784
0.0162093
0.000751095
0.0160789
0.000800046
0.0159432
0.00084099
0.0158036
0.000872451
0.0156621
0.000892909
0.0155204
0.000901768
0.0153811
0.000897002
0.0152454
0.000882365
0.0151168
0.000848442
0.0149932
0.000823561
0.000743823
0.0164935
-5.32298e-05
0.0164889
-1.49733e-05
0.0164777
2.77251e-05
0.0164595
7.5013e-05
0.0164336
0.000126937
0.0163995
0.000183458
0.0163567
0.000244417
0.0163049
0.000309509
0.0162436
0.000378249
0.0161727
0.000449947
0.0160919
0.000523691
0.0160015
0.000598333
0.0159017
0.000672501
0.0157928
0.000744617
0.0156756
0.000812943
0.0155511
0.000875623
0.0154204
0.00093077
0.0152849
0.000976489
0.0151462
0.0010111
0.0150063
0.00103282
0.014867
0.00104106
0.0147308
0.00103327
0.0145989
0.00101426
0.0144749
0.000972393
0.0143565
0.000941992
0.000846976
0.0159086
-5.19496e-05
0.0159011
-7.42925e-06
0.0158867
4.20612e-05
0.0158651
9.66841e-05
0.0158355
0.000156453
0.0157977
0.000221295
0.0157511
0.000291004
0.0156954
0.000365206
0.0156303
0.000443327
0.0155557
0.000524566
0.0154715
0.000607873
0.0153779
0.000691936
0.0152752
0.000775196
0.015164
0.000855867
0.015045
0.000931987
0.0149191
0.00100147
0.0147877
0.00106219
0.0146522
0.00111202
0.0145142
0.0011491
0.0143756
0.00117134
0.0142385
0.00117822
0.0141052
0.00116659
0.0139769
0.00114248
0.0138576
0.00109178
0.0137443
0.00105527
0.000944153
0.0153517
-4.78335e-05
0.0153411
3.23253e-06
0.0153233
5.98048e-05
0.015298
0.000121999
0.0152646
0.000189811
0.0152228
0.000263125
0.0151721
0.000341677
0.0151123
0.000425016
0.0150432
0.000512475
0.0149646
0.000603134
0.0148767
0.000695799
0.0147796
0.000788996
0.0146738
0.000880977
0.01456
0.000969751
0.0144388
0.00105314
0.0143114
0.00112883
0.0141791
0.00119449
0.0140434
0.00124774
0.013906
0.00128656
0.0137688
0.00130856
0.0136336
0.00131333
0.0135032
0.00129701
0.0133787
0.00126705
0.0132639
0.00120657
0.0131558
0.00116337
0.00103527
0.0148201
-4.06932e-05
0.0148061
1.72289e-05
0.0147847
8.11598e-05
0.0147555
0.000151172
0.0147181
0.00022723
0.0146721
0.000309167
0.0146171
0.000396654
0.014553
0.000489157
0.0144795
0.000585905
0.0143968
0.000685853
0.0143049
0.000787661
0.0142042
0.000889686
0.0140952
0.000989994
0.0139786
0.00108639
0.0138552
0.0011765
0.0137263
0.00125777
0.0135931
0.00132769
0.0134572
0.00138364
0.0133203
0.00142347
0.0131844
0.00144444
0.0130514
0.00144633
0.0129239
0.00142445
0.0128031
0.00138789
0.012693
0.00131667
0.0125901
0.00126625
0.00112022
0.014311
-3.02963e-05
0.0142934
3.4793e-05
0.0142682
0.000106358
0.0142349
0.00018443
0.0141932
0.00026893
0.0141428
0.000359634
0.0140833
0.000456138
0.0140146
0.000557815
0.0139368
0.000663784
0.0138497
0.000772866
0.0137538
0.000883572
0.0136494
0.000994086
0.0135371
0.00110229
0.0134177
0.00120579
0.0132922
0.00130202
0.0131618
0.00138822
0.0130278
0.0014617
0.0128918
0.0015196
0.0127556
0.00155967
0.0126212
0.00157881
0.0124905
0.00157704
0.0123663
0.00154871
0.0122493
0.00150484
0.0121441
0.00142187
0.0120466
0.00136378
0.00119886
0.0138217
-1.63464e-05
0.0138003
5.62113e-05
0.013771
0.000135678
0.0137334
0.000222037
0.0136872
0.000315157
0.0136321
0.000414748
0.0135679
0.000520321
0.0134945
0.000631149
0.0134121
0.00074623
0.0133207
0.000864249
0.0132207
0.000983558
0.0131126
0.00110217
0.0129971
0.00121778
0.0128751
0.00132782
0.0127476
0.00142952
0.0126159
0.00151994
0.0124814
0.00159622
0.0123457
0.00165529
0.0122105
0.00169483
0.012078
0.00171131
0.0119499
0.00170513
0.0118292
0.00166946
0.0117164
0.0016176
0.0116164
0.0015219
0.0115244
0.00145576
0.00127104
0.0133495
1.53533e-06
0.0133238
8.18534e-05
0.01329
0.000169463
0.0132478
0.000264305
0.0131967
0.000366186
0.0131367
0.000474737
0.0130677
0.00058938
0.0129896
0.000709277
0.0129025
0.000833299
0.0128068
0.000959986
0.0127028
0.00108753
0.0125912
0.00121378
0.0124727
0.00133625
0.0123484
0.00145218
0.0122192
0.00155864
0.0120867
0.00165252
0.0119521
0.00173081
0.0118171
0.00179023
0.0116835
0.00182845
0.0115534
0.00184145
0.0114284
0.00183012
0.0113116
0.00178624
0.0112034
0.00172579
0.0111089
0.0016164
0.0110227
0.00154196
0.00133659
0.0128908
2.38461e-05
0.0128605
0.000112174
0.0128218
0.000208126
0.0127745
0.000311591
0.0127184
0.000422305
0.0126533
0.000539819
0.0125793
0.000663449
0.0124963
0.000792244
0.0124046
0.00092494
0.0123047
0.00105993
0.012197
0.00119525
0.0120822
0.00132857
0.0119612
0.00145724
0.011835
0.00157835
0.0117049
0.0016888
0.0115721
0.00178531
0.0114381
0.00186481
0.0113046
0.00192374
0.0111732
0.00195985
0.0110461
0.00196855
0.0109248
0.00195136
0.0108126
0.00189843
0.0107095
0.00182888
0.010621
0.00170493
0.0105409
0.00162208
0.00139533
0.0124419
0.0124064
0.000147705
0.0123624
0.000252121
0.0123097
0.000364259
0.0122482
0.000483782
0.0121779
0.000610145
0.0120988
0.000742563
0.0120111
0.00087996
0.0119151
0.00102094
0.0118112
0.00116374
0.0117002
0.00130625
0.0115828
0.00144598
0.01146
0.00158012
0.0113327
0.00170559
0.0112023
0.00181919
0.0110702
0.00191749
0.0109376
0.00199732
0.0108065
0.00205493
0.0106782
0.00208814
0.010555
0.00209175
0.0104382
0.00206806
0.0103313
0.00200534
0.0102339
0.00192628
0.0101519
0.001787
0.0100782
0.00169577
0.0014471
0.011957
0.000189006
0.0119072
0.000301889
0.0118489
0.000422621
0.0117819
0.000550783
0.0117063
0.000685736
0.0116223
0.000826585
0.0115301
0.000972134
0.0114302
0.00112085
0.0113231
0.00127084
0.0112095
0.00141982
0.0110903
0.00156517
0.0109665
0.00170394
0.0108392
0.00183291
0.0107096
0.00194876
0.0105792
0.00204794
0.0104492
0.00212725
0.0103215
0.00218272
0.0101973
0.00221229
0.010079
0.00221008
0.0099677
0.00217933
0.00986691
0.00210612
0.0097759
0.00201729
0.00970084
0.00186206
0.00963397
0.00176264
0.00149173
0.0115076
0.000236577
0.0114517
0.000357768
0.0113875
0.000486839
0.011315
0.000623289
0.0112343
0.000766384
0.0111458
0.000915124
0.0110497
0.0010682
0.0109466
0.00122394
0.0108371
0.00138032
0.010722
0.00153494
0.0106022
0.00168501
0.0104786
0.00182749
0.0103525
0.00195902
0.0102251
0.0020762
0.0100976
0.00217537
0.00997157
0.00225333
0.00984844
0.00230585
0.00972962
0.00233111
0.00961728
0.00232242
0.00951247
0.00228415
0.00941869
0.00219991
0.0093348
0.00210118
0.0092673
0.00192955
0.00920762
0.00182232
0.00152911
0.011053
0.000290744
0.0109909
0.000419876
0.0109209
0.000556818
0.0108432
0.000700989
0.010758
0.000851569
0.0106657
0.00100746
0.0105666
0.00116724
0.0104615
0.00132913
0.0103508
0.00149098
0.0102355
0.00165026
0.0101164
0.00180409
0.00999459
0.00194928
0.0098712
0.00208241
0.0097474
0.0022
0.00962448
0.00229829
0.00950371
0.0023741
0.00938661
0.00242295
0.00927441
0.00244331
0.00916926
0.00242757
0.00907197
0.00238144
0.00898611
0.00228577
0.0089101
0.00217719
0.00885069
0.00198896
0.00879859
0.00187443
0.00155917
0.0105885
0.00035153
0.0105204
0.000487995
0.0104451
0.000632102
0.0103629
0.000783199
0.0102741
0.000940388
0.010179
0.00110249
0.0100783
0.00126798
0.00997243
0.00143499
0.00986214
0.00160127
0.00974824
0.00176417
0.00963162
0.00192071
0.00951328
0.00206762
0.0093943
0.00220138
0.00927581
0.0023185
0.00915903
0.00241507
0.0090451
0.00248803
0.00893548
0.00253257
0.00883125
0.00254754
0.0087345
0.00252431
0.00864581
0.00247014
0.00856878
0.0023628
0.00850137
0.0022446
0.00845055
0.00203978
0.00840636
0.00191863
0.0015819
0.0101101
0.000418539
0.0100366
0.000561479
0.00995691
0.000711803
0.0098713
0.000868804
0.00978016
0.00103153
0.00968393
0.00119872
0.00958311
0.0013688
0.00947831
0.00153979
0.00937021
0.00170937
0.00925958
0.0018748
0.00914729
0.002033
0.00903427
0.00218064
0.00892153
0.00231412
0.0088101
0.00242992
0.00870111
0.00252406
0.0085956
0.00259354
0.00849491
0.00263326
0.00839998
0.00264247
0.00831282
0.00261147
0.00823376
0.0025492
0.00816641
0.00243016
0.00810829
0.00230272
0.00806646
0.0020816
0.00803045
0.00195464
0.00159734
0.00961498
0.000490883
0.00953727
0.000639195
0.0094545
0.00079457
0.00936704
0.000956265
0.00927528
0.00112328
0.00917967
0.00129433
0.0090807
0.00146776
0.00897894
0.00164155
0.00887503
0.00181328
0.00876968
0.00198015
0.00866369
0.002139
0.0085579
0.00228644
0.00845323
0.00241879
0.00835061
0.00253255
0.00825105
0.00262361
0.00815547
0.00268913
0.0080651
0.00272362
0.00798071
0.00272686
0.00790425
0.00268793
0.00783577
0.00261768
0.00777883
0.0024871
0.00773056
0.00235099
0.00769803
0.00211413
0.0076704
0.00198227
0.00160564
0.00910202
0.000567159
0.00902167
0.00071954
0.00893762
0.000878625
0.00885022
0.00104366
0.00875986
0.00121365
0.00866695
0.00138724
0.00857194
0.00156278
0.00847532
0.00173816
0.00837768
0.00191093
0.00827963
0.0020782
0.00818188
0.00223674
0.00808518
0.00238314
0.00799034
0.00251363
0.00789817
0.00262472
0.00780957
0.00271221
0.0077253
0.00277339
0.00764652
0.00280241
0.00757379
0.00279959
0.00750898
0.00275274
0.00745188
0.00267479
0.00740595
0.00253302
0.00736798
0.00238896
0.00734492
0.00213719
0.00732578
0.00200141
0.00160699
0.00857192
0.000645498
0.00849096
0.000800497
0.00840774
0.00096185
0.00832258
0.00112882
0.00823582
0.0013004
0.00814781
0.00147526
0.00805891
0.00165167
0.00796955
0.00182753
0.00788018
0.00200029
0.00779136
0.00216702
0.00770367
0.00232443
0.00761776
0.00246905
0.00753433
0.00259706
0.00745406
0.00270499
0.00737775
0.00278853
0.007306
0.00284514
0.00723985
0.00286855
0.00717971
0.00285973
0.00712732
0.00280513
0.00708222
0.00271989
0.00704774
0.0025675
0.00702035
0.00241635
0.0070068
0.00215073
0.00699614
0.00201208
0.00160167
0.0080273
0.00072366
0.00794803
0.000879763
0.00786796
0.00104192
0.00778735
0.00120943
0.00770644
0.00138131
0.00762549
0.00155621
0.00754477
0.00173239
0.0074646
0.00190771
0.00738534
0.00207954
0.00730744
0.00224492
0.00723139
0.00240048
0.00715772
0.00254271
0.00708703
0.00266775
0.00701986
0.00277216
0.0069569
0.00285149
0.00689862
0.00290342
0.00684594
0.00292123
0.00679908
0.0029066
0.00675965
0.00284456
0.00672697
0.00275258
0.00670416
0.0025903
0.00668747
0.00243304
0.00668334
0.00215486
0.00668103
0.00201438
0.00159003
0.00747248
0.000799178
0.00739734
0.0009549
0.00732279
0.00111647
0.00724897
0.00128324
0.00717604
0.00145424
0.00710413
0.00162812
0.00703341
0.00180312
0.0069641
0.00197701
0.00689648
0.00214716
0.0068309
0.00231051
0.00676774
0.00246364
0.00670744
0.00260301
0.00665049
0.0027247
0.00659732
0.00282533
0.00654849
0.00290032
0.00650434
0.00294757
0.00646567
0.00295991
0.00643252
0.00293974
0.00640637
0.00287071
0.00638629
0.00277266
0.00637519
0.00260141
0.00636915
0.00243908
0.00637419
0.00214982
0.00638001
0.00200856
0.00157247
0.00691316
0.000869526
0.00684455
0.00102351
0.00677774
0.00118328
0.00671277
0.00134822
0.00664965
0.00151736
0.00658842
0.00168935
0.00652917
0.00186236
0.00647203
0.00203415
0.00641721
0.00220199
0.00636494
0.00236277
0.00631556
0.00251302
0.0062694
0.00264917
0.00622684
0.00276726
0.00618822
0.00286396
0.00615398
0.00293456
0.00612432
0.00297723
0.00609992
0.00298431
0.00608065
0.002959
0.00606783
0.00288353
0.00606032
0.00278017
0.00606076
0.00260098
0.00606515
0.00243468
0.00607899
0.00213598
0.00609262
0.00199493
0.00154943
0.00635598
0.000932305
0.00629606
0.00108344
0.00623891
0.00124043
0.00618444
0.00140268
0.00613258
0.00156923
0.00608327
0.00173865
0.00603653
0.00190911
0.00599243
0.00207825
0.00595111
0.0022433
0.00591277
0.00240111
0.00587765
0.00254814
0.00584601
0.00268082
0.00581815
0.00279512
0.00579428
0.00288783
0.00577475
0.00295409
0.00575964
0.00299234
0.00574948
0.00299446
0.005744
0.00296448
0.00574432
0.00288321
0.00574913
0.00277535
0.00576074
0.00258937
0.00577519
0.00242023
0.00579735
0.00211382
0.00581838
0.0019739
0.0015214
0.00580793
0.000985423
0.00575847
0.00113289
0.00571246
0.00128644
0.0056697
0.00144544
0.00563005
0.00160888
0.0055934
0.0017753
0.00555974
0.00194277
0.0055291
0.00210889
0.00550159
0.00227081
0.00547736
0.00242534
0.0054566
0.0025689
0.00543949
0.00269792
0.00542626
0.00280835
0.00541702
0.00289706
0.00541203
0.00295909
0.00541122
0.00299315
0.00541501
0.00299067
0.00542298
0.00295651
0.00543602
0.00287017
0.0054527
0.00275867
0.00547496
0.0025671
0.00549895
0.00239624
0.00552886
0.00208392
0.0055568
0.00194596
0.00148887
0.0052759
0.00102727
0.00523816
0.00117064
0.00520421
0.00132039
0.00517382
0.00147583
0.00514681
0.00163589
0.00512309
0.00179902
0.00510262
0.00196324
0.00508543
0.00212608
0.00507162
0.00228463
0.0050613
0.00243566
0.00505463
0.00257557
0.00505173
0.00270082
0.00505276
0.00280733
0.00505773
0.00289209
0.0050668
0.00295002
0.0050798
0.00298016
0.00509699
0.00297348
0.00511782
0.00293568
0.00514297
0.00284502
0.0051709
0.00273074
0.00520316
0.00253485
0.00523607
0.00236333
0.00527308
0.0020469
0.00530739
0.00191165
0.00145235
0.00476617
0.00105685
0.00474078
0.00119603
0.00471925
0.00134192
0.00470135
0.00149373
0.00468694
0.0016503
0.00467594
0.00181002
0.00466835
0.00197083
0.00466422
0.00213021
0.00466364
0.00228521
0.00466671
0.00243259
0.00467355
0.00256872
0.00468425
0.00269012
0.00469887
0.0027927
0.00471738
0.00287359
0.0047398
0.00292759
0.00476586
0.00295409
0.00479571
0.00294364
0.00482864
0.00290275
0.00486512
0.00280855
0.00490352
0.00269234
0.00494499
0.00249337
0.00498611
0.00232221
0.00502954
0.00200348
0.00506964
0.00187155
0.00141235
0.00428402
0.00107383
0.00427101
0.00120905
0.0042617
0.00135123
0.00425593
0.0014995
0.00425363
0.0016526
0.00425477
0.00180887
0.00425941
0.00196619
0.00426762
0.002122
0.00427951
0.00227332
0.00429517
0.00241693
0.00431469
0.00254919
0.00433812
0.0026667
0.00436546
0.00276536
0.00439658
0.00284246
0.00443145
0.00289273
0.00446966
0.00291587
0.00451123
0.00290207
0.00455535
0.00285863
0.00460224
0.00276166
0.00465024
0.00264434
0.00470008
0.00244353
0.00474864
0.00227366
0.00479776
0.00195435
0.00484306
0.00182625
0.00136935
0.00383352
0.00107854
0.00383235
0.00121022
0.00383458
0.00134899
0.00384017
0.00149391
0.00384914
0.00164364
0.00386155
0.00179647
0.00387749
0.00195024
0.00389709
0.0021024
0.00392046
0.00224995
0.0039477
0.00238969
0.00397888
0.00251801
0.00401399
0.00263159
0.00405298
0.00272636
0.00409566
0.00279978
0.0041419
0.0028465
0.0041912
0.00286657
0.00424344
0.00284983
0.00429772
0.00280435
0.00435401
0.00270536
0.00441066
0.0025877
0.00446796
0.00238623
0.00452316
0.00221846
0.00457726
0.00190024
0.00462716
0.00177636
0.00132385
0.00341738
0.00107188
0.00342707
0.00120053
0.00343981
0.00133625
0.00345571
0.00147801
0.00347486
0.00162448
0.00349744
0.0017739
0.00352358
0.0019241
0.00355344
0.00207254
0.00358716
0.00221624
0.00362482
0.00235202
0.00366649
0.00247635
0.0037121
0.00258598
0.00376156
0.0026769
0.00381462
0.00274672
0.00387104
0.00279008
0.00393027
0.00280733
0.00399204
0.00278807
0.00405537
0.00274102
0.00412001
0.00264073
0.0041843
0.0025234
0.00424814
0.00232239
0.00430916
0.00215745
0.00436753
0.00184187
0.00442142
0.00172247
0.00127627
0.00303707
0.00105517
0.00305632
0.00118129
0.0030783
0.00131426
0.00310325
0.00145307
0.00313137
0.00159635
0.00316289
0.00174238
0.00319801
0.00188898
0.00323692
0.00203364
0.00327975
0.00217341
0.00332659
0.00230518
0.00337748
0.00242546
0.00343233
0.00253114
0.003491
0.00261823
0.00355317
0.00268455
0.00361852
0.00272472
0.00368648
0.00273938
0.00375656
0.00271798
0.00382783
0.00266975
0.00389966
0.0025689
0.00397068
0.00245238
0.00404001
0.00225306
0.00410623
0.00209123
0.0041679
0.0017802
0.00422562
0.00166475
0.00122731
0.00135484
0.000927772
0.00136613
0.00104388
0.00138029
0.00116713
0.00139776
0.00129679
0.00141898
0.00143185
0.00144439
0.00157094
0.00147439
0.00171238
0.00150935
0.00185402
0.0015496
0.00199339
0.00159536
0.00212764
0.00164679
0.00225375
0.00170392
0.00236833
0.00176666
0.00246839
0.00183478
0.00255012
0.00190794
0.00261138
0.00198562
0.00264704
0.00206735
0.00265766
0.0021522
0.00263313
0.00223968
0.00258226
0.00232822
0.00248036
0.00241755
0.00236304
0.00250484
0.00216578
0.00259118
0.00200488
0.00267155
0.00169984
0.00275135
0.00158495
0.00115708
0.00130507
0.00091481
0.00132024
0.0010287
0.00133814
0.00114923
0.00135925
0.00127568
0.00138404
0.00140705
0.00141296
0.00154203
0.00144641
0.00167893
0.00148475
0.00181568
0.00152829
0.00194985
0.00157725
0.00207868
0.00163177
0.00219923
0.00169183
0.00230827
0.00175733
0.00240289
0.001828
0.00247945
0.0019035
0.00253588
0.00198325
0.0025673
0.00206675
0.00257416
0.00215303
0.00254685
0.00224159
0.00249371
0.00233073
0.00239122
0.00242027
0.0022735
0.00250713
0.00207892
0.0025927
0.00191931
0.00267146
0.00162108
0.00274958
0.00150683
0.00108962
0.00124953
0.000897774
0.00126864
0.00100959
0.0012904
0.00112748
0.00131531
0.00125077
0.00134386
0.0013785
0.00137651
0.00150939
0.00141364
0.00164179
0.00145563
0.00177369
0.00150275
0.00190273
0.00155521
0.00202622
0.0016131
0.00214134
0.00167641
0.00224497
0.00174498
0.00233431
0.00181852
0.00240591
0.00189665
0.00245776
0.00197876
0.00248519
0.00206431
0.0024886
0.00215231
0.00245886
0.00224218
0.00240383
0.00233219
0.00230121
0.00242211
0.00218359
0.00250881
0.00199222
0.0025937
0.00183442
0.00267115
0.00154362
0.00274756
0.00143042
0.00102465
0.00118889
0.000876767
0.00121192
0.000986562
0.00123756
0.00110184
0.00126635
0.00122198
0.00129879
0.00134606
0.00133532
0.00147286
0.00137634
0.00160077
0.00142218
0.00172784
0.00147313
0.00185179
0.00152934
0.00197001
0.00159089
0.00207979
0.00165772
0.00217814
0.00172965
0.00226238
0.00180635
0.00232921
0.00188741
0.0023767
0.00197217
0.00240043
0.00206006
0.0024007
0.00215004
0.00236888
0.00224148
0.00231239
0.00233259
0.0022101
0.0024231
0.00209308
0.00250984
0.00190548
0.00259423
0.00175003
0.00267055
0.0014673
0.00274541
0.00135557
0.000962024
0.00112379
0.000851954
0.00115065
0.000959704
0.00118016
0.00107233
0.00121286
0.00118927
0.00124926
0.00130966
0.00128979
0.00143232
0.00133485
0.00155572
0.00138474
0.00167795
0.00143972
0.00179681
0.00149991
0.00190982
0.00156536
0.00201434
0.00163597
0.00210753
0.00171154
0.00218682
0.00179167
0.00224908
0.00187592
0.00229245
0.0019636
0.00231274
0.0020541
0.00231021
0.0021463
0.00227668
0.00223954
0.00221915
0.00233198
0.00211766
0.00242329
0.00200176
0.00251026
0.00181851
0.00259433
0.00166596
0.00266968
0.00139194
0.00274313
0.00128211
0.000901606
0.0010265
0.000722492
0.0010549
0.000823549
0.00108546
0.000929146
0.00111877
0.00103902
0.00115539
0.00115266
0.00119579
0.00126926
0.00124041
0.0013877
0.00128961
0.00150651
0.0013437
0.00162386
0.00140288
0.00173764
0.00146725
0.00184544
0.00153682
0.00194477
0.00161144
0.00203291
0.00169086
0.0021074
0.00177467
0.00216527
0.00186236
0.00220476
0.00195321
0.00222189
0.00204654
0.00221688
0.0021412
0.00218202
0.00223645
0.0021239
0.00233042
0.00202369
0.00242273
0.00190946
0.0025101
0.00173114
0.00259401
0.00158204
0.00266856
0.00131739
0.00274077
0.00120991
0.000843248
0.000951203
0.000692469
0.00098294
0.000791813
0.00101702
0.000895064
0.00105403
0.00100201
0.00109451
0.00111219
0.00113891
0.00122486
0.00118766
0.00133895
0.0012411
0.00145307
0.00129949
0.00156547
0.001363
0.00167412
0.00143171
0.00177673
0.00150557
0.00187091
0.0015844
0.00195408
0.00166789
0.0020239
0.00175559
0.00207758
0.00184694
0.00211341
0.00194116
0.00212767
0.00203753
0.00212051
0.00213485
0.00208471
0.00223232
0.00202642
0.002328
0.00192801
0.00242147
0.00181599
0.00250942
0.00164319
0.00259333
0.00149813
0.00266721
0.00124351
0.00273832
0.0011388
0.000786807
0.000873861
0.000659722
0.00090864
0.000757034
0.000946037
0.000857667
0.000986606
0.000961439
0.00103085
0.00106794
0.00107922
0.00117649
0.0011321
0.00128607
0.00118981
0.00139537
0.00125257
0.00150271
0.00132053
0.00160617
0.0013937
0.00170356
0.00147199
0.00179262
0.00155518
0.00187089
0.00164291
0.00193617
0.00173467
0.00198582
0.00182986
0.00201822
0.00192765
0.00202988
0.00202724
0.00202092
0.0021274
0.00198456
0.00222725
0.00192657
0.0023248
0.00183046
0.00241959
0.0017212
0.00250826
0.00155453
0.00259231
0.00141408
0.00266568
0.00117014
0.00273582
0.00106866
0.000732145
0.000795262
0.000624638
0.000832777
0.000719519
0.000873256
0.000817188
0.000917209
0.000917485
0.000965108
0.00102004
0.00101737
0.00112422
0.00107435
0.00122909
0.00113633
0.00133339
0.00120349
0.00143554
0.00127594
0.00153372
0.00135365
0.00162585
0.00143648
0.00170979
0.00152415
0.00178322
0.00161625
0.00184407
0.00171221
0.00188986
0.00181138
0.00191905
0.00191288
0.00192839
0.00201585
0.00191795
0.00211898
0.00188142
0.00222135
0.0018242
0.00232092
0.00173089
0.00241716
0.00162497
0.00250667
0.00146501
0.00259099
0.00132976
0.00266397
0.00109716
0.00273328
0.000999352
0.000679123
0.000716203
0.000587596
0.000756144
0.000679578
0.000799454
0.000773878
0.000846596
0.000870343
0.000898001
0.000968637
0.000954049
0.00106818
0.00101506
0.00116808
0.00108127
0.00126718
0.00115283
0.00136398
0.00122978
0.00145676
0.00131207
0.00154356
0.00139949
0.00162237
0.00149171
0.00169101
0.00158826
0.00174752
0.00168852
0.00178959
0.00179178
0.00181579
0.00189709
0.00182308
0.00200354
0.0018115
0.00210976
0.0017752
0.00221477
0.00171919
0.00231646
0.0016292
0.00241425
0.00152717
0.00250473
0.00137453
0.00258943
0.00124506
0.00266214
0.00102444
0.00273074
0.000930753
0.000627608
0.000637491
0.000548954
0.00067955
0.000637519
0.000725435
0.000727994
0.000775553
0.000820224
0.000830291
0.000913899
0.000889987
0.00100848
0.000954917
0.00110315
0.00102528
0.00119682
0.00110118
0.00128808
0.00118262
0.00137532
0.00126948
0.00145671
0.0013615
0.00153035
0.00145829
0.00159421
0.00155933
0.00164648
0.00166394
0.00168498
0.00177135
0.00170839
0.00188054
0.00171389
0.00199054
0.0017015
0.00209993
0.00166581
0.00220764
0.00161148
0.00231153
0.00152531
0.00241096
0.00142773
0.00250249
0.00128301
0.00258766
0.00115989
0.00266021
0.000951893
0.00272821
0.00086275
0.000577471
0.000559931
0.000509037
0.000603817
0.000593633
0.000652017
0.000679794
0.000704889
0.000767353
0.000762767
0.00085602
0.000825947
0.0009453
0.000894662
0.00103444
0.000969066
0.00112241
0.00104922
0.00120793
0.00113507
0.00128947
0.00122643
0.00136534
0.00132302
0.00143377
0.00142436
0.00149287
0.00152988
0.00154095
0.00163884
0.00157603
0.0017504
0.00159683
0.00186349
0.00160079
0.00197707
0.00158791
0.00208965
0.00155323
0.00220011
0.00150102
0.00230624
0.00141918
0.00240738
0.0013266
0.00250002
0.00119037
0.00258574
0.00107417
0.00265822
0.000879412
0.00272573
0.000795241
0.000528584
0.000443433
0.000389555
0.000484333
0.000468138
0.000529769
0.000548197
0.000580033
0.00062953
0.000635427
0.000711959
0.000696239
0.000795209
0.000762717
0.000878822
0.000835048
0.000962108
0.000913342
0.00104412
0.000997609
0.00112366
0.00108775
0.00119933
0.00118353
0.00126956
0.00128458
0.00133271
0.0013904
0.00138705
0.00150034
0.00143101
0.00161359
0.00146277
0.00172926
0.00148116
0.00184622
0.00148383
0.00196336
0.00147078
0.00207913
0.00143747
0.00219234
0.00138781
0.00230073
0.00131079
0.00240359
0.00122374
0.00249738
0.00109657
0.00258372
0.000987837
0.0026562
0.000806923
0.00272331
0.000728132
0.000480828
0.000369866
0.000352834
0.000411495
0.000426509
0.000458232
0.00050146
0.000510317
0.000577445
0.000568002
0.000654274
0.000631526
0.000731684
0.000701093
0.000809255
0.000776845
0.000886356
0.000858844
0.00096212
0.000947053
0.00103545
0.00104132
0.00110507
0.00114135
0.00116953
0.00124674
0.00122733
0.00135691
0.00127689
0.00147115
0.00131677
0.0015886
0.00134532
0.00170829
0.00136147
0.00182904
0.00136309
0.00194967
0.00135015
0.00206856
0.00131857
0.00218448
0.0012719
0.0022951
0.00120016
0.00239968
0.00111916
0.00249466
0.0010016
0.00258164
0.000900856
0.0026542
0.00073436
0.00272099
0.000661341
0.000434084
0.000300062
0.000316187
0.000342208
0.000384363
0.000390019
0.000453648
0.000443694
0.00052377
0.000503439
0.000594529
0.000569448
0.000665675
0.000641878
0.000736825
0.000720827
0.000807407
0.000806313
0.000876634
0.000898251
0.000943515
0.000996437
0.00100688
0.00110053
0.00106543
0.00121006
0.0011178
0.00132439
0.00116255
0.00144277
0.0011984
0.00156425
0.00122384
0.00168782
0.0012379
0.00181222
0.00123868
0.00193622
0.00122615
0.00205815
0.00119664
0.0021767
0.00115335
0.0022895
0.00108736
0.00239576
0.0010129
0.0024919
0.000905457
0.00257955
0.000813209
0.00265224
0.000661671
0.00271878
0.000594796
0.000388242
0.000234753
0.000279756
0.00027724
0.000341876
0.000325927
0.000404961
0.000380976
0.000468721
0.000442553
0.000532952
0.000510809
0.000597419
0.00058586
0.000661775
0.00066776
0.000725506
0.000756484
0.00078791
0.0008519
0.000848098
0.000953758
0.000905025
0.00106167
0.000957521
0.0011751
0.00100437
0.00129336
0.00104429
0.00141564
0.00107612
0.00154095
0.00109853
0.00166819
0.00111066
0.00179607
0.0011108
0.00192328
0.00109894
0.0020481
0.00107183
0.00216915
0.0010323
0.00228403
0.000972472
0.00239192
0.000905011
0.0024892
0.000808179
0.00257751
0.000724895
0.00265036
0.000588822
0.00271672
0.000528437
0.000343195
0.00017464
0.000243636
0.000217331
0.000299186
0.000266721
0.00035557
0.000322944
0.000412497
0.000386131
0.000469766
0.000456393
0.000527157
0.000533807
0.000584361
0.000618389
0.000640924
0.000710072
0.000696228
0.000808681
0.000749489
0.00091392
0.000799786
0.00102535
0.00084609
0.00114239
0.000887328
0.0012643
0.000922375
0.00139021
0.00095021
0.00151908
0.000969666
0.00164975
0.000979987
0.00178087
0.000979683
0.00191107
0.000968733
0.00203859
0.000944313
0.00216199
0.000908903
0.00227883
0.000855628
0.00238824
0.000795596
0.0024866
0.00070982
0.00257557
0.000635932
0.0026486
0.00051579
0.00271482
0.000462213
0.00029884
0.00012039
0.000207881
0.00016318
0.000256395
0.000213127
0.000305624
0.000270339
0.000355286
0.000334916
0.000405188
0.00040694
0.000455134
0.000486449
0.000504851
0.000573424
0.000553949
0.00066776
0.000601892
0.000769244
0.000648005
0.000877535
0.000691495
0.000992154
0.000731471
0.00111247
0.000767012
0.0012377
0.000797148
0.00136691
0.000820999
0.00149901
0.000837563
0.00163281
0.000846191
0.00176688
0.000845607
0.00189983
0.000835791
0.00202981
0.000814331
0.00215536
0.000783354
0.002274
0.00073699
0.00238482
0.000684773
0.00248418
0.000610457
0.00257375
0.000546359
0.00264698
0.000442565
0.00271311
0.000396083
0.00025508
7.26203e-05
0.000172506
0.000115438
0.000213577
0.000165815
0.000255247
0.000223845
0.000297256
0.000289603
0.00033943
0.000363139
0.000381597
0.000444464
0.000423526
0.000533525
0.000464888
0.000630184
0.000505233
0.000734192
0.000543997
0.000845173
0.000580514
0.000962605
0.000614039
0.00108582
0.0006438
0.00121398
0.000668985
0.00134612
0.000688858
0.0014811
0.000702584
0.00161767
0.000709619
0.00175438
0.000708902
0.00188975
0.000700413
0.00202193
0.000682151
0.0021494
0.000655888
0.00226964
0.000616749
0.00238172
0.00057269
0.00248199
0.000510191
0.00257212
0.000456227
0.00264554
0.000369149
0.0027116
0.000330015
0.00021182
3.18898e-05
0.000137499
7.46885e-05
0.000170779
0.000125393
0.000204542
0.000184083
0.000238566
0.000250814
0.000272699
0.000325614
0.000306797
0.000408466
0.000340674
0.000499291
0.000374063
0.00059792
0.000406604
0.000704076
0.000437841
0.00081735
0.00046724
0.000937185
0.000494204
0.00106288
0.00051811
0.00119355
0.000538308
0.0013282
0.000554207
0.00146565
0.000565137
0.00160461
0.000570663
0.00174357
0.000569937
0.00188104
0.000562941
0.00201512
0.00054808
0.00214423
0.000526771
0.00226585
0.000495127
0.00237903
0.000459518
0.00248008
0.000409141
0.0025707
0.000365606
0.00264429
0.000295558
0.00271032
0.000263986
0.000168972
-1.31126e-06
0.000102811
4.1442e-05
0.000128025
9.23862e-05
0.000153598
0.00015159
0.000179362
0.000219094
0.000205194
0.000294906
0.000230985
0.000378989
0.000256591
0.000471241
0.000281811
0.000571471
0.000306374
0.000679375
0.000329937
0.000794518
0.000352098
0.000916315
0.000372406
0.00104403
0.000390394
0.00117677
0.000405573
0.00131347
0.000417498
0.00145294
0.000425667
0.00159386
0.000429752
0.00173468
0.000429117
0.00187387
0.00042375
0.00200949
0.000412455
0.00213996
0.000396298
0.00226272
0.000372368
0.00237679
0.000345447
0.00247849
0.000307443
0.00256952
0.000274576
0.00264327
0.000221813
0.00270927
0.000197978
0.000126448
-2.65867e-05
6.83874e-05
1.61219e-05
8.53169e-05
6.72338e-05
0.000102486
0.000126815
0.00011978
0.000194895
0.000137115
0.000271467
0.000154413
0.000356478
0.00017158
0.00044981
0.000188479
0.000551254
0.000204931
0.000660486
0.000220705
0.000777052
0.000235532
0.000900345
0.000249113
0.00102961
0.000261133
0.00116391
0.000271268
0.00130219
0.000279219
0.00144321
0.000284651
0.00158561
0.000287345
0.00172785
0.000286879
0.00186836
0.000283243
0.00200517
0.000275642
0.00213668
0.000264785
0.00226031
0.000248738
0.00237507
0.000230688
0.00247727
0.000205245
0.00256862
0.000183231
0.00264248
0.000147946
0.00270848
0.000131981
8.41658e-05
-4.36131e-05
3.41468e-05
-9.43454e-07
4.26472e-05
5.02733e-05
5.12694e-05
0.000110102
5.9952e-05
0.000178563
6.86531e-05
0.000255643
7.73341e-05
0.000341276
8.59464e-05
0.000435333
9.44224e-05
0.000537592
0.000102671
0.000647719
0.000110578
0.000765243
0.000118008
0.000889544
0.000124811
0.00101985
0.00013083
0.00115521
0.000135902
0.00129455
0.000139878
0.00143661
0.00014259
0.00158003
0.000143928
0.00172323
0.000143682
0.00186462
0.000141846
0.00200224
0.000138024
0.00213446
0.00013257
0.00225868
0.000124518
0.0023739
0.000115462
0.00247644
0.000102708
0.002568
9.16696e-05
0.00264195
7.39945e-05
0.00270795
6.59896e-05
4.2043e-05
-5.21806e-05
-9.53395e-06
4.17347e-05
0.000101686
0.000170338
0.000247671
0.000333616
0.000428036
0.000530706
0.000641282
0.000759288
0.000884097
0.00101492
0.00115082
0.0012907
0.00143329
0.00157721
0.00172089
0.00186274
0.00200076
0.00213333
0.00225785
0.00237331
0.00247602
0.00256769
0.00264169
0.00270768
)
;

boundaryField
{
    inlet
    {
        type            calculated;
        value           nonuniform 0();
    }
    outlet
    {
        type            calculated;
        value           nonuniform List<scalar> 
116
(
0.00427458
0.00446899
0.00467266
0.00488606
0.00510965
0.00534391
0.00558933
0.00584641
0.00611566
0.00639758
0.00669267
0.00700145
0.00732443
0.00766211
0.008015
0.00838363
0.00876853
0.00917024
0.00958934
0.0100264
0.0104822
0.0109572
0.0114522
0.011968
0.0125052
0.0130646
0.0136471
0.0142533
0.0148841
0.0155401
0.016222
0.0169304
0.0176659
0.0184289
0.00274972
0.00275007
0.00275076
0.0027518
0.00275317
0.00275486
0.00275687
0.00275918
0.00276177
0.00276463
0.00276773
0.00277107
0.00277462
0.00277835
0.00278225
0.0027863
0.00279048
0.00279476
0.00279912
0.00280355
0.00280803
0.00281253
0.00281705
0.00282158
0.00282158
0.00281705
0.00281253
0.00280803
0.00280355
0.00279912
0.00279476
0.00279048
0.0027863
0.00278225
0.00277835
0.00277462
0.00277107
0.00276773
0.00276463
0.00276177
0.00275918
0.00275687
0.00275486
0.00275317
0.0027518
0.00275076
0.00275007
0.00274972
0.0184289
0.0176659
0.0169304
0.016222
0.0155401
0.0148841
0.0142533
0.0136471
0.0130646
0.0125052
0.011968
0.0114522
0.0109572
0.0104822
0.0100264
0.00958933
0.00917023
0.00876853
0.00838363
0.008015
0.00766211
0.00732443
0.00700145
0.00669267
0.00639758
0.00611566
0.00584641
0.00558933
0.00534391
0.00510965
0.00488606
0.00467266
0.00446899
0.00427458
)
;
    }
    cylinder
    {
        type            calculated;
        value           nonuniform 0();
    }
    top
    {
        type            symmetryPlane;
        value           uniform 0;
    }
    bottom
    {
        type            symmetryPlane;
        value           uniform 0;
    }
    defaultFaces
    {
        type            empty;
        value           nonuniform 0();
    }
    procBoundary3to2
    {
        type            processor;
        value           nonuniform List<scalar> 
123
(
8.63271e-05
7.78539e-05
6.10105e-05
3.6e-05
3.11736e-06
-3.72449e-05
-8.46337e-05
-0.00013852
-0.000198321
-0.000263415
-0.000333144
-0.000406827
-0.00042616
-0.000520014
-0.000598847
-0.000679161
-0.000760177
-0.000841112
-0.00092118
-0.000999587
-0.000749403
-0.00109898
-0.00116788
-0.00123249
-0.0012921
-0.00134596
-0.000936656
-0.00302036
-0.00341072
-0.00383822
-0.004301
-0.00479575
-0.00531775
-0.00586105
-0.00641876
-0.00698351
-0.00754799
-0.00810546
-0.00865026
-0.00917829
-0.00968733
-0.0101771
-0.0106493
-0.0111072
-0.0115551
-0.0119983
-0.0124419
-0.0128908
-0.0133495
-0.0138217
-0.014311
-0.0148201
-0.0153517
-0.0159086
-0.0164935
-0.0171094
-0.0177595
-0.0184478
-0.0191785
-0.0199567
-0.0207883
-0.0207759
-0.0199453
-0.0191686
-0.0184396
-0.0177534
-0.0171055
-0.0164921
-0.0159099
-0.0153558
-0.0148272
-0.0143214
-0.0138357
-0.0133673
-0.0129131
-0.0124692
5.11847e-05
-0.0119983
-0.0115551
-0.0111072
-0.0106493
-0.0101771
-0.00968733
-0.00917829
-0.00865026
-0.00810546
-0.00754799
-0.00698351
-0.00641876
-0.00586105
-0.00531775
-0.00479575
-0.004301
-0.00383823
-0.00341072
-0.00302037
-0.000936657
-0.00134596
-0.0012921
-0.00123249
-0.00116788
-0.00109898
-0.000749404
-0.000999588
-0.000921181
-0.000841113
-0.000760178
-0.000679162
-0.000598848
-0.000520015
-0.000426161
-0.000406828
-0.000333144
-0.000263416
-0.000198322
-0.00013852
-8.46343e-05
-3.72454e-05
3.11691e-06
3.59996e-05
6.10102e-05
7.78538e-05
8.6327e-05
)
;
    }
}


// ************************************************************************* //
