/*--------------------------------*- C++ -*----------------------------------*\
  =========                 |
  \\      /  F ield         | OpenFOAM: The Open Source CFD Toolbox
   \\    /   O peration     | Website:  https://openfoam.org
    \\  /    A nd           | Version:  7
     \\/     M anipulation  |
\*---------------------------------------------------------------------------*/
FoamFile
{
    version     2.0;
    format      ascii;
    class       volScalarField;
    location    "5";
    object      p;
}
// * * * * * * * * * * * * * * * * * * * * * * * * * * * * * * * * * * * * * //

dimensions      [0 2 -2 0 0 0 0];

internalField   nonuniform List<scalar> 
8500
(
-0.408695
-0.411755
-0.410343
-0.415034
-0.413407
-0.411454
-0.418532
-0.416669
-0.414545
-0.422247
-0.420129
-0.417822
-0.415034
-0.426178
-0.423788
-0.421287
-0.418316
-0.414988
-0.430324
-0.427647
-0.424942
-0.421778
-0.418272
-0.414559
-0.434682
-0.431705
-0.428786
-0.425423
-0.42173
-0.417848
-0.413859
-0.439253
-0.435961
-0.432821
-0.429251
-0.425366
-0.421306
-0.417146
-0.412937
-0.444032
-0.440415
-0.437047
-0.433264
-0.42918
-0.424935
-0.420594
-0.416191
-0.411725
-0.449019
-0.445065
-0.441464
-0.437463
-0.433174
-0.428736
-0.424201
-0.419585
-0.414867
-0.409986
-0.454209
-0.449909
-0.44607
-0.441847
-0.437348
-0.432708
-0.427964
-0.423114
-0.418113
-0.41288
-0.407314
-0.459599
-0.454944
-0.450863
-0.446415
-0.441701
-0.43685
-0.43188
-0.42677
-0.421451
-0.415824
-0.409775
-0.403203
-0.396042
-0.465182
-0.460166
-0.45584
-0.451164
-0.446229
-0.441155
-0.435942
-0.430542
-0.424867
-0.418798
-0.412217
-0.405031
-0.397195
-0.388723
-0.470952
-0.465567
-0.460996
-0.45609
-0.450928
-0.445619
-0.44014
-0.434419
-0.428344
-0.421785
-0.414622
-0.406776
-0.398231
-0.389035
-0.379291
-0.476899
-0.471141
-0.466323
-0.461185
-0.45579
-0.450232
-0.444462
-0.438383
-0.431863
-0.424762
-0.416966
-0.408419
-0.399135
-0.3892
-0.378752
-0.367955
-0.356956
-0.483012
-0.476877
-0.471814
-0.466442
-0.460806
-0.454982
-0.448893
-0.442416
-0.435402
-0.427707
-0.419229
-0.40994
-0.399893
-0.389211
-0.378062
-0.366632
-0.355082
-0.343597
-0.489278
-0.482764
-0.477456
-0.471848
-0.465962
-0.459854
-0.453414
-0.446496
-0.438937
-0.430595
-0.421388
-0.411322
-0.400491
-0.389056
-0.377215
-0.36517
-0.353086
-0.341144
-0.329262
-0.318193
-0.495681
-0.488788
-0.483236
-0.477391
-0.471245
-0.46483
-0.458005
-0.4506
-0.442443
-0.4334
-0.423419
-0.412546
-0.400916
-0.388729
-0.376206
-0.363561
-0.350966
-0.338584
-0.326351
-0.31495
-0.502203
-0.494931
-0.489139
-0.483054
-0.476636
-0.469889
-0.46264
-0.4547
-0.44589
-0.436097
-0.425301
-0.413594
-0.401155
-0.388218
-0.375028
-0.361803
-0.348714
-0.335913
-0.323344
-0.311625
-0.508822
-0.501176
-0.495146
-0.488818
-0.482114
-0.475007
-0.467294
-0.458766
-0.449251
-0.438657
-0.42701
-0.414448
-0.401195
-0.387517
-0.373674
-0.359888
-0.346327
-0.333123
-0.320233
-0.308209
-0.515516
-0.507501
-0.501236
-0.49466
-0.487654
-0.480157
-0.471936
-0.462768
-0.452494
-0.441055
-0.428524
-0.415092
-0.401025
-0.386616
-0.372138
-0.357811
-0.343796
-0.330209
-0.317013
-0.304695
-0.522257
-0.51388
-0.507385
-0.500557
-0.49323
-0.48531
-0.476533
-0.466673
-0.455588
-0.443261
-0.429821
-0.415509
-0.400632
-0.385507
-0.370412
-0.355566
-0.341117
-0.327163
-0.313675
-0.301076
-0.529018
-0.520287
-0.513566
-0.506479
-0.498811
-0.490431
-0.481052
-0.470446
-0.458501
-0.44525
-0.430879
-0.415682
-0.400004
-0.38418
-0.36849
-0.353145
-0.338281
-0.323978
-0.310212
-0.297344
-0.535766
-0.526694
-0.51975
-0.512397
-0.504365
-0.495487
-0.485456
-0.474052
-0.461202
-0.446995
-0.431678
-0.415598
-0.399131
-0.382626
-0.366364
-0.35054
-0.33528
-0.320646
-0.306616
-0.29349
-0.542467
-0.533066
-0.525905
-0.518276
-0.509855
-0.500439
-0.489706
-0.477455
-0.463658
-0.448468
-0.432197
-0.415239
-0.398
-0.380837
-0.364024
-0.347745
-0.332109
-0.317159
-0.302881
-0.289509
-0.549085
-0.539371
-0.531995
-0.524082
-0.515244
-0.505249
-0.493764
-0.480618
-0.465837
-0.449646
-0.432417
-0.414592
-0.396601
-0.378803
-0.361463
-0.344751
-0.328757
-0.313511
-0.298998
-0.285394
-0.555581
-0.545571
-0.537985
-0.529774
-0.520491
-0.509874
-0.49759
-0.483504
-0.467709
-0.450502
-0.432319
-0.413643
-0.394922
-0.376515
-0.358673
-0.341549
-0.325218
-0.309693
-0.294961
-0.281136
-0.561915
-0.551627
-0.543833
-0.535313
-0.525555
-0.514272
-0.501142
-0.486078
-0.469243
-0.451013
-0.431884
-0.412377
-0.392952
-0.373962
-0.355644
-0.338132
-0.321484
-0.305697
-0.290761
-0.276729
-0.568044
-0.557498
-0.5495
-0.540656
-0.530391
-0.518401
-0.504381
-0.488303
-0.470411
-0.451156
-0.431096
-0.410782
-0.390681
-0.371136
-0.352368
-0.33449
-0.317546
-0.301516
-0.286391
-0.272167
-0.573924
-0.563141
-0.554942
-0.545758
-0.534955
-0.522215
-0.507265
-0.490145
-0.471183
-0.45091
-0.429938
-0.408844
-0.388097
-0.368027
-0.348835
-0.330616
-0.313396
-0.297142
-0.281845
-0.267443
-0.579509
-0.568512
-0.560113
-0.550573
-0.5392
-0.525672
-0.509756
-0.491569
-0.471533
-0.450254
-0.428394
-0.40655
-0.385189
-0.364625
-0.345037
-0.326502
-0.309026
-0.292568
-0.277116
-0.262551
-0.584752
-0.573566
-0.564968
-0.555055
-0.543081
-0.528726
-0.511812
-0.492544
-0.471435
-0.449167
-0.426448
-0.403889
-0.381948
-0.360921
-0.340966
-0.322138
-0.30443
-0.287788
-0.272197
-0.257485
-0.589607
-0.578255
-0.56946
-0.559157
-0.54655
-0.531336
-0.513398
-0.493038
-0.470865
-0.447633
-0.424087
-0.400849
-0.378364
-0.356906
-0.336612
-0.317517
-0.299598
-0.282793
-0.267081
-0.25224
-0.594027
-0.582534
-0.573542
-0.562831
-0.549562
-0.533457
-0.514477
-0.493022
-0.4698
-0.445632
-0.421297
-0.397418
-0.374426
-0.352571
-0.331967
-0.312632
-0.294526
-0.277579
-0.261764
-0.24681
-0.597961
-0.586354
-0.577165
-0.566028
-0.552071
-0.53505
-0.515013
-0.492469
-0.468219
-0.44315
-0.418066
-0.393587
-0.370125
-0.347908
-0.327025
-0.307475
-0.289205
-0.272138
-0.256239
-0.241192
-0.601364
-0.589668
-0.580283
-0.568703
-0.554032
-0.536075
-0.514974
-0.491351
-0.466102
-0.440171
-0.414381
-0.389345
-0.365454
-0.342908
-0.321776
-0.30204
-0.283631
-0.266466
-0.250502
-0.23538
-0.604188
-0.59243
-0.582847
-0.570809
-0.555404
-0.536494
-0.514329
-0.489647
-0.463433
-0.436682
-0.410232
-0.384684
-0.360402
-0.337565
-0.316215
-0.296319
-0.277796
-0.260557
-0.244548
-0.22937
-0.606387
-0.594594
-0.584813
-0.572302
-0.556143
-0.536271
-0.51305
-0.487333
-0.460193
-0.432671
-0.405609
-0.379594
-0.354964
-0.33187
-0.310335
-0.290308
-0.271696
-0.254407
-0.238373
-0.22316
-0.607917
-0.596114
-0.586135
-0.573139
-0.556213
-0.535375
-0.51111
-0.48439
-0.456369
-0.428125
-0.400503
-0.374067
-0.349131
-0.325818
-0.30413
-0.284001
-0.265327
-0.248011
-0.231972
-0.216747
-0.608734
-0.596947
-0.58677
-0.573277
-0.555575
-0.533773
-0.508487
-0.480801
-0.451948
-0.423036
-0.394906
-0.368098
-0.342898
-0.319403
-0.297595
-0.277394
-0.258683
-0.241366
-0.225344
-0.210126
-0.608796
-0.597052
-0.586677
-0.572679
-0.554195
-0.531439
-0.505157
-0.47655
-0.446919
-0.417395
-0.388811
-0.36168
-0.336259
-0.31262
-0.290726
-0.270482
-0.251763
-0.234469
-0.218485
-0.203297
-0.608066
-0.596389
-0.585817
-0.571308
-0.552042
-0.528347
-0.501104
-0.471624
-0.441272
-0.411195
-0.382212
-0.354808
-0.32921
-0.305466
-0.283519
-0.263262
-0.244562
-0.227317
-0.211395
-0.196261
-0.606506
-0.594921
-0.584154
-0.569131
-0.549088
-0.524476
-0.496311
-0.466012
-0.434999
-0.404431
-0.375105
-0.347478
-0.321747
-0.297936
-0.27597
-0.255732
-0.237079
-0.219908
-0.204071
-0.189023
-0.604083
-0.592614
-0.581653
-0.566117
-0.545308
-0.519805
-0.490765
-0.459706
-0.428096
-0.397097
-0.367486
-0.339688
-0.313868
-0.290028
-0.268079
-0.24789
-0.229311
-0.212239
-0.196512
-0.181578
-0.600765
-0.589435
-0.578286
-0.562239
-0.540679
-0.51432
-0.484455
-0.452698
-0.420557
-0.389193
-0.359354
-0.331434
-0.30557
-0.281741
-0.259844
-0.239735
-0.221259
-0.20431
-0.188715
-0.173889
-0.596525
-0.585357
-0.574023
-0.557473
-0.535183
-0.508007
-0.477373
-0.444984
-0.412381
-0.380715
-0.350707
-0.322717
-0.296854
-0.273075
-0.251264
-0.231268
-0.212923
-0.196129
-0.180685
-0.165916
-0.591338
-0.580354
-0.568842
-0.551799
-0.528805
-0.500856
-0.469515
-0.436562
-0.403566
-0.371664
-0.341545
-0.313536
-0.287719
-0.264031
-0.242341
-0.222489
-0.204305
-0.187697
-0.172433
-0.157749
-0.585183
-0.574405
-0.562722
-0.545201
-0.521533
-0.492862
-0.460877
-0.427433
-0.394115
-0.362042
-0.331871
-0.303895
-0.278167
-0.254609
-0.233076
-0.213399
-0.195407
-0.179007
-0.163916
-0.149455
-0.578043
-0.56749
-0.555647
-0.537664
-0.513359
-0.484019
-0.451459
-0.417597
-0.38403
-0.351852
-0.321687
-0.293794
-0.268201
-0.244812
-0.223471
-0.204002
-0.18623
-0.170064
-0.155176
-0.140962
-0.569905
-0.559597
-0.547603
-0.529181
-0.504278
-0.474329
-0.441264
-0.40706
-0.373315
-0.341099
-0.310998
-0.283239
-0.257825
-0.234644
-0.21353
-0.194302
-0.176779
-0.160872
-0.146217
-0.13226
-0.560757
-0.550715
-0.538582
-0.519745
-0.494289
-0.463793
-0.430298
-0.395827
-0.361978
-0.329789
-0.299809
-0.272234
-0.247043
-0.224109
-0.203259
-0.184301
-0.167058
-0.151436
-0.13704
-0.123355
-0.550595
-0.540835
-0.528578
-0.509355
-0.483393
-0.452416
-0.418566
-0.383907
-0.350026
-0.317929
-0.288128
-0.260786
-0.235862
-0.213214
-0.192661
-0.174006
-0.15707
-0.14176
-0.127648
-0.114251
-0.539416
-0.529956
-0.517591
-0.498012
-0.471597
-0.440207
-0.40608
-0.37131
-0.337469
-0.305529
-0.275962
-0.248903
-0.224289
-0.201966
-0.181743
-0.163423
-0.146822
-0.131851
-0.118043
-0.104955
-0.52722
-0.518078
-0.505621
-0.485722
-0.458909
-0.427178
-0.392852
-0.358048
-0.32432
-0.292599
-0.263322
-0.236594
-0.212332
-0.190371
-0.170514
-0.152557
-0.13632
-0.121713
-0.108232
-0.0954741
-0.514015
-0.505206
-0.492676
-0.472493
-0.44534
-0.413341
-0.378895
-0.344136
-0.31059
-0.279151
-0.250219
-0.223868
-0.200001
-0.178439
-0.158981
-0.141419
-0.125572
-0.111354
-0.0982204
-0.0858136
-0.499808
-0.491347
-0.478766
-0.458339
-0.430907
-0.398713
-0.364227
-0.329588
-0.296295
-0.265199
-0.236664
-0.210738
-0.187306
-0.166179
-0.147153
-0.130015
-0.114587
-0.100781
-0.0880163
-0.0759812
-0.484613
-0.476515
-0.463903
-0.443275
-0.415625
-0.383313
-0.348866
-0.314424
-0.28145
-0.250758
-0.222672
-0.197216
-0.174258
-0.153604
-0.135041
-0.118356
-0.103373
-0.0900027
-0.0776274
-0.0659845
-0.468445
-0.460725
-0.448105
-0.427319
-0.399516
-0.367162
-0.332833
-0.298661
-0.266075
-0.235844
-0.208257
-0.183315
-0.160872
-0.140724
-0.122656
-0.106453
-0.0919392
-0.0790286
-0.0670624
-0.0558316
-0.451325
-0.443996
-0.431392
-0.410495
-0.382604
-0.350283
-0.31615
-0.282321
-0.250187
-0.220474
-0.193436
-0.169051
-0.14716
-0.127552
-0.11001
-0.094316
-0.0802978
-0.0678686
-0.0563309
-0.0455318
-0.433275
-0.42635
-0.413788
-0.392826
-0.364914
-0.332705
-0.29884
-0.265427
-0.233808
-0.204667
-0.178225
-0.154439
-0.133137
-0.114103
-0.0971164
-0.0819582
-0.0684597
-0.0565335
-0.0454433
-0.0350946
-0.414323
-0.407813
-0.395318
-0.374341
-0.346476
-0.314453
-0.280929
-0.248003
-0.21696
-0.188443
-0.162643
-0.139496
-0.118819
-0.100391
-0.0839885
-0.0693922
-0.0564372
-0.0450348
-0.0344105
-0.024531
-0.394498
-0.388414
-0.376014
-0.355072
-0.32732
-0.295549
-0.262451
-0.230074
-0.199665
-0.171824
-0.14671
-0.12424
-0.104222
-0.0864307
-0.0706409
-0.0566319
-0.0442435
-0.0333848
-0.0232447
-0.0138528
-0.373831
-0.368185
-0.355907
-0.335053
-0.307472
-0.276034
-0.24343
-0.211667
-0.181949
-0.154832
-0.130445
-0.108689
-0.0893639
-0.0722393
-0.0570888
-0.0436917
-0.0318923
-0.0215967
-0.0119585
-0.00307321
-0.352358
-0.347162
-0.335035
-0.314326
-0.28696
-0.25594
-0.223898
-0.192811
-0.163837
-0.13749
-0.113871
-0.0928646
-0.0742629
-0.0578334
-0.043348
-0.0305866
-0.0193981
-0.0096841
-0.000565647
-0.330114
-0.325382
-0.313432
-0.292894
-0.265855
-0.235301
-0.203886
-0.173535
-0.145356
-0.119822
-0.0970088
-0.0767858
-0.0589379
-0.0432305
-0.0294349
-0.0173321
-0.00677587
0.00233872
-0.307141
-0.302884
-0.291141
-0.270824
-0.24417
-0.214153
-0.183428
-0.153869
-0.126534
-0.101854
-0.0798826
-0.0604742
-0.0434082
-0.0284486
-0.0153663
-0.00394405
0.00595898
-0.283477
-0.279712
-0.268191
-0.248167
-0.221948
-0.192534
-0.162559
-0.133846
-0.107398
-0.083613
-0.0625161
-0.0439518
-0.0276942
-0.0135062
-0.00115917
0.00956147
-0.259159
-0.255919
-0.244642
-0.224955
-0.19923
-0.170481
-0.141314
-0.113496
-0.0879804
-0.0651246
-0.0449339
-0.0272411
-0.0118165
0.00157766
0.0131693
0.0231685
-0.234234
-0.231558
-0.220541
-0.201234
-0.17606
-0.148037
-0.119731
-0.092855
-0.0683097
-0.0464173
-0.0271616
-0.0103656
0.00420372
0.0167838
0.0276017
-0.208802
-0.206635
-0.195932
-0.177049
-0.152482
-0.12524
-0.0978468
-0.071956
-0.0484178
-0.0275195
-0.00922516
0.0066511
0.0203446
0.0320928
-0.182901
-0.181205
-0.170862
-0.152448
-0.128541
-0.102133
-0.0756996
-0.0508342
-0.0283366
-0.00846039
0.00884864
0.0237843
0.0365839
0.0474846
-0.156551
-0.155343
-0.145382
-0.12748
-0.104283
-0.078758
-0.0533284
-0.0295252
-0.00809855
0.0107302
0.0270324
0.041009
0.052899
-0.129807
-0.129102
-0.119544
-0.102195
-0.0797543
-0.055159
-0.0307731
-0.00806534
0.0122631
0.0300219
0.0452983
0.0582997
0.0692663
-0.102728
-0.102535
-0.0934006
-0.0766429
-0.0550032
-0.0313794
-0.00807366
0.0135088
0.0327149
0.0493839
0.063618
0.0756303
-0.0753696
-0.0756926
-0.0670038
-0.0508744
-0.030077
-0.00746341
0.0147293
0.0351599
0.0532227
0.0687848
0.0819626
-0.0477879
-0.0486317
-0.0404087
-0.0249415
-0.0050242
0.0165442
0.0375949
0.0568508
0.0737521
0.0881932
0.100303
-0.0200409
-0.021408
-0.0136698
0.0011036
0.0201065
0.0405986
0.0604819
0.0785436
0.0942687
0.107577
0.00781399
0.00592237
0.0131578
0.0272087
0.0452663
0.0646548
0.0833492
0.100201
0.114738
0.126905
0.0357189
0.0333027
0.040019
0.0533213
0.0704064
0.0886678
0.106155
0.121784
0.135124
0.146144
0.0636159
0.060676
0.0668584
0.079389
0.0954779
0.112593
0.128859
0.143256
0.155394
0.091447
0.0879855
0.0936209
0.105359
0.120432
0.136384
0.15142
0.164578
0.175512
0.119155
0.115174
0.120251
0.131181
0.145221
0.159999
0.173796
0.185714
0.146681
0.142186
0.146695
0.156801
0.169796
0.183392
0.195948
0.206627
0.173969
0.168964
0.172898
0.182169
0.19411
0.206519
0.217835
0.200962
0.195453
0.198807
0.207235
0.218116
0.229338
0.239417
0.227605
0.221598
0.224368
0.231948
0.241768
0.251806
0.260656
0.253842
0.247344
0.249529
0.25626
0.26502
0.273881
0.279619
0.27264
0.27424
0.280122
0.287828
0.295522
0.304882
0.297431
0.298449
0.303487
0.310148
0.316688
0.329581
0.321668
0.322108
0.326308
0.331937
0.353663
0.345301
0.34517
0.348542
0.353154
0.37708
0.36828
0.367586
0.370144
0.373758
0.399784
0.390558
0.389312
0.391072
0.39371
0.421727
0.412091
0.410305
0.411285
0.442866
0.432833
0.430523
0.430743
0.463156
0.452744
0.449923
0.449409
0.482558
0.471781
0.468469
0.467246
0.50103
0.489906
0.486123
0.48422
0.518536
0.507084
0.502849
0.53504
0.523277
0.518615
0.550509
0.538455
0.533389
0.564911
0.552586
0.547142
0.578218
0.565642
0.559846
0.590401
0.577596
0.571476
0.601438
0.588424
0.58201
0.611304
0.598104
0.591426
0.619982
0.606618
0.599707
0.627452
0.613947
0.6337
0.620077
0.638714
0.624996
0.642484
0.628694
0.645001
0.631164
0.64626
0.6324
0.64626
0.6324
0.645001
0.631164
0.642484
0.628694
0.638714
0.624996
0.6337
0.620077
0.627452
0.613947
0.619982
0.606618
0.599707
0.611304
0.598104
0.591426
0.601438
0.588424
0.58201
0.590401
0.577595
0.571476
0.578218
0.565642
0.559846
0.564911
0.552586
0.547141
0.550509
0.538455
0.533389
0.53504
0.523277
0.518615
0.518536
0.507083
0.502849
0.50103
0.489906
0.486123
0.48422
0.482557
0.471781
0.468469
0.467246
0.463156
0.452743
0.449923
0.449409
0.442865
0.432833
0.430522
0.430743
0.421727
0.41209
0.410305
0.411285
0.399783
0.390558
0.389312
0.391072
0.393709
0.37708
0.368279
0.367586
0.370144
0.373757
0.353663
0.3453
0.345169
0.348542
0.353153
0.329581
0.321668
0.322108
0.326308
0.331936
0.337342
0.304882
0.297431
0.298449
0.303486
0.310147
0.316688
0.279618
0.272639
0.274239
0.280121
0.287828
0.295521
0.253842
0.247344
0.249529
0.256259
0.26502
0.27388
0.227605
0.221597
0.224367
0.231948
0.241768
0.251805
0.260656
0.200962
0.195452
0.198806
0.207235
0.218116
0.229337
0.239417
0.173969
0.168963
0.172898
0.182169
0.19411
0.206518
0.217834
0.14668
0.142185
0.146695
0.156801
0.169795
0.183391
0.195947
0.206626
0.119154
0.115174
0.120251
0.13118
0.14522
0.159998
0.173796
0.185714
0.0914464
0.0879848
0.0936203
0.105359
0.120432
0.136384
0.151419
0.164578
0.175511
0.0636152
0.0606753
0.0668577
0.0793883
0.0954772
0.112592
0.128859
0.143255
0.155393
0.0357182
0.033302
0.0400183
0.0533206
0.0704057
0.0886672
0.106155
0.121783
0.135124
0.146143
0.00781327
0.00592162
0.0131571
0.0272079
0.0452656
0.0646541
0.0833485
0.1002
0.114737
0.126904
-0.0200416
-0.0214088
-0.0136706
0.00110282
0.0201058
0.0405979
0.0604812
0.0785429
0.094268
0.107577
-0.0477887
-0.0486326
-0.0404095
-0.0249423
-0.00502498
0.0165435
0.0375941
0.0568501
0.0737514
0.0881925
0.100302
-0.0753704
-0.0756934
-0.0670047
-0.0508752
-0.0300778
-0.00746419
0.0147286
0.0351592
0.053222
0.0687841
0.0819619
0.0929734
-0.102729
-0.102536
-0.0934015
-0.0766438
-0.0550041
-0.0313802
-0.00807443
0.013508
0.0327142
0.0493832
0.0636173
0.0756296
-0.129808
-0.129103
-0.119545
-0.102196
-0.0797552
-0.0551598
-0.0307739
-0.0080661
0.0122624
0.0300212
0.0452977
0.058299
0.0692656
-0.156552
-0.155344
-0.145383
-0.127481
-0.104284
-0.0787589
-0.0533293
-0.029526
-0.00809933
0.0107294
0.0270317
0.0410083
0.0528983
-0.182902
-0.181206
-0.170863
-0.152449
-0.128542
-0.102134
-0.0757004
-0.050835
-0.0283374
-0.00846117
0.00884786
0.0237836
0.0365832
0.0474839
-0.208803
-0.206636
-0.195933
-0.17705
-0.152483
-0.125241
-0.0978477
-0.0719568
-0.0484186
-0.0275203
-0.00922595
0.00665032
0.0203439
0.0320921
-0.234235
-0.231559
-0.220542
-0.201235
-0.176061
-0.148038
-0.119732
-0.0928559
-0.0683106
-0.0464181
-0.0271624
-0.0103663
0.00420296
0.0167831
0.0276009
-0.25916
-0.255921
-0.244643
-0.224957
-0.199231
-0.170482
-0.141315
-0.113497
-0.0879812
-0.0651255
-0.0449348
-0.0272419
-0.0118173
0.0015769
0.0131685
0.0231677
-0.283478
-0.279713
-0.268193
-0.248169
-0.221949
-0.192535
-0.16256
-0.133846
-0.107399
-0.0836138
-0.0625169
-0.0439526
-0.027695
-0.013507
-0.00115993
0.00956072
0.0187902
-0.307142
-0.302885
-0.291142
-0.270825
-0.244171
-0.214154
-0.183429
-0.15387
-0.126535
-0.101855
-0.0798835
-0.060475
-0.0434091
-0.0284494
-0.0153671
-0.00394481
0.00595822
-0.330116
-0.325383
-0.313434
-0.292895
-0.265856
-0.235302
-0.203887
-0.173536
-0.145357
-0.119823
-0.0970096
-0.0767867
-0.0589387
-0.0432313
-0.0294357
-0.0173328
-0.00677663
0.00233798
-0.352359
-0.347163
-0.335036
-0.314327
-0.286961
-0.255941
-0.223899
-0.192812
-0.163838
-0.13749
-0.113872
-0.0928655
-0.0742638
-0.0578342
-0.0433488
-0.0305874
-0.0193988
-0.00968486
-0.000566388
-0.373832
-0.368187
-0.355908
-0.335055
-0.307473
-0.276036
-0.243432
-0.211668
-0.18195
-0.154833
-0.130446
-0.10869
-0.0893647
-0.0722401
-0.0570896
-0.0436925
-0.0318931
-0.0215975
-0.0119592
-0.00307395
-0.394499
-0.388415
-0.376015
-0.355073
-0.327322
-0.29555
-0.262452
-0.230075
-0.199666
-0.171825
-0.146711
-0.124241
-0.104223
-0.0864315
-0.0706417
-0.0566327
-0.0442443
-0.0333856
-0.0232454
-0.0138536
-0.414325
-0.407814
-0.39532
-0.374343
-0.346477
-0.314454
-0.28093
-0.248004
-0.216961
-0.188444
-0.162644
-0.139497
-0.118819
-0.100392
-0.0839894
-0.0693931
-0.056438
-0.0450355
-0.0344113
-0.0245318
-0.433277
-0.426351
-0.413789
-0.392828
-0.364915
-0.332706
-0.298842
-0.265428
-0.233809
-0.204668
-0.178226
-0.15444
-0.133138
-0.114104
-0.0971173
-0.081959
-0.0684605
-0.0565343
-0.045444
-0.0350954
-0.451326
-0.443997
-0.431394
-0.410496
-0.382605
-0.350285
-0.316152
-0.282322
-0.250188
-0.220475
-0.193437
-0.169052
-0.147161
-0.127553
-0.110011
-0.0943169
-0.0802986
-0.0678695
-0.0563317
-0.0455325
-0.468446
-0.460727
-0.448106
-0.427321
-0.399518
-0.367163
-0.332834
-0.298662
-0.266076
-0.235845
-0.208258
-0.183316
-0.160873
-0.140725
-0.122657
-0.106454
-0.0919401
-0.0790295
-0.0670632
-0.0558324
-0.484614
-0.476517
-0.463905
-0.443276
-0.415626
-0.383314
-0.348867
-0.314425
-0.281451
-0.250759
-0.222673
-0.197217
-0.174259
-0.153605
-0.135042
-0.118357
-0.103373
-0.0900035
-0.0776282
-0.0659853
-0.49981
-0.491349
-0.478767
-0.458341
-0.430908
-0.398714
-0.364228
-0.329589
-0.296296
-0.265201
-0.236665
-0.210739
-0.187307
-0.16618
-0.147154
-0.130016
-0.114588
-0.100782
-0.0880172
-0.075982
-0.514017
-0.505207
-0.492678
-0.472495
-0.445342
-0.413342
-0.378897
-0.344137
-0.310591
-0.279152
-0.25022
-0.223869
-0.200002
-0.17844
-0.158982
-0.14142
-0.125573
-0.111354
-0.0982213
-0.0858145
-0.527222
-0.51808
-0.505623
-0.485723
-0.45891
-0.427179
-0.392853
-0.35805
-0.324321
-0.2926
-0.263323
-0.236595
-0.212333
-0.190372
-0.170515
-0.152558
-0.136321
-0.121714
-0.108233
-0.0954749
-0.539417
-0.529958
-0.517592
-0.498014
-0.471599
-0.440209
-0.406082
-0.371312
-0.337471
-0.30553
-0.275963
-0.248904
-0.22429
-0.201967
-0.181744
-0.163424
-0.146823
-0.131852
-0.118044
-0.104956
-0.550597
-0.540837
-0.52858
-0.509357
-0.483395
-0.452417
-0.418568
-0.383909
-0.350027
-0.31793
-0.288129
-0.260787
-0.235863
-0.213216
-0.192662
-0.174007
-0.157071
-0.141761
-0.127649
-0.114252
-0.560759
-0.550716
-0.538584
-0.519747
-0.49429
-0.463794
-0.430299
-0.395829
-0.361979
-0.32979
-0.29981
-0.272235
-0.247045
-0.22411
-0.20326
-0.184302
-0.167058
-0.151437
-0.137041
-0.123356
-0.569907
-0.559599
-0.547605
-0.529183
-0.50428
-0.47433
-0.441266
-0.407062
-0.373316
-0.341101
-0.310999
-0.28324
-0.257826
-0.234645
-0.213531
-0.194303
-0.17678
-0.160873
-0.146218
-0.132261
-0.578045
-0.567492
-0.555649
-0.537666
-0.513361
-0.484021
-0.45146
-0.417599
-0.384031
-0.351854
-0.321688
-0.293795
-0.268203
-0.244813
-0.223472
-0.204003
-0.186231
-0.170065
-0.155177
-0.140963
-0.585185
-0.574407
-0.562724
-0.545203
-0.521535
-0.492863
-0.460878
-0.427434
-0.394116
-0.362044
-0.331872
-0.303896
-0.278168
-0.25461
-0.233077
-0.2134
-0.195408
-0.179008
-0.163917
-0.149456
-0.59134
-0.580356
-0.568844
-0.551801
-0.528807
-0.500858
-0.469516
-0.436564
-0.403568
-0.371665
-0.341546
-0.313538
-0.28772
-0.264032
-0.242342
-0.22249
-0.204306
-0.187698
-0.172434
-0.15775
-0.596527
-0.585359
-0.574025
-0.557475
-0.535185
-0.508008
-0.477375
-0.444985
-0.412382
-0.380716
-0.350708
-0.322718
-0.296855
-0.273077
-0.251265
-0.231269
-0.212924
-0.19613
-0.180686
-0.165917
-0.600767
-0.589437
-0.578288
-0.562241
-0.540681
-0.514321
-0.484456
-0.452699
-0.420559
-0.389194
-0.359355
-0.331435
-0.305571
-0.281743
-0.259845
-0.239736
-0.22126
-0.204311
-0.188716
-0.17389
-0.604085
-0.592616
-0.581656
-0.566119
-0.54531
-0.519807
-0.490766
-0.459707
-0.428097
-0.397099
-0.367487
-0.339689
-0.313869
-0.290029
-0.26808
-0.247891
-0.229312
-0.21224
-0.196513
-0.181579
-0.606509
-0.594923
-0.584156
-0.569133
-0.54909
-0.524477
-0.496313
-0.466014
-0.435001
-0.404432
-0.375106
-0.34748
-0.321749
-0.297937
-0.275971
-0.255733
-0.23708
-0.219909
-0.204072
-0.189024
-0.608069
-0.596391
-0.585819
-0.57131
-0.552044
-0.528349
-0.501106
-0.471626
-0.441273
-0.411197
-0.382213
-0.35481
-0.329212
-0.305467
-0.28352
-0.263263
-0.244563
-0.227318
-0.211396
-0.196262
-0.608799
-0.597054
-0.586679
-0.572681
-0.554197
-0.531441
-0.505159
-0.476551
-0.44692
-0.417397
-0.388812
-0.361682
-0.336261
-0.312622
-0.290727
-0.270483
-0.251764
-0.23447
-0.218486
-0.203298
-0.608736
-0.596949
-0.586772
-0.573279
-0.555577
-0.533775
-0.508488
-0.480802
-0.45195
-0.423038
-0.394907
-0.3681
-0.342899
-0.319404
-0.297596
-0.277395
-0.258684
-0.241367
-0.225345
-0.210127
-0.607919
-0.596116
-0.586137
-0.573141
-0.556215
-0.535377
-0.511112
-0.484392
-0.456371
-0.428127
-0.400504
-0.374069
-0.349132
-0.325819
-0.304131
-0.284002
-0.265328
-0.248012
-0.231973
-0.216748
-0.606389
-0.594596
-0.584815
-0.572305
-0.556145
-0.536273
-0.513052
-0.487334
-0.460195
-0.432672
-0.405611
-0.379595
-0.354965
-0.331871
-0.310336
-0.29031
-0.271697
-0.254408
-0.238374
-0.223162
-0.60419
-0.592433
-0.58285
-0.570812
-0.555406
-0.536496
-0.514331
-0.489648
-0.463434
-0.436684
-0.410234
-0.384685
-0.360404
-0.337566
-0.316216
-0.296321
-0.277797
-0.260558
-0.244549
-0.229372
-0.601366
-0.589671
-0.580285
-0.568705
-0.554034
-0.536077
-0.514976
-0.491353
-0.466104
-0.440173
-0.414383
-0.389347
-0.365455
-0.34291
-0.321778
-0.302041
-0.283632
-0.266467
-0.250503
-0.235381
-0.597964
-0.586357
-0.577168
-0.56603
-0.552073
-0.535052
-0.515015
-0.49247
-0.468221
-0.443152
-0.418068
-0.393589
-0.370127
-0.34791
-0.327026
-0.307477
-0.289207
-0.272139
-0.25624
-0.241193
-0.594029
-0.582537
-0.573545
-0.562833
-0.549564
-0.533459
-0.514479
-0.493024
-0.469802
-0.445634
-0.421299
-0.39742
-0.374427
-0.352573
-0.331969
-0.312633
-0.294527
-0.27758
-0.261765
-0.246811
-0.58961
-0.578258
-0.569463
-0.559159
-0.546552
-0.531338
-0.5134
-0.49304
-0.470866
-0.447634
-0.424089
-0.40085
-0.378365
-0.356908
-0.336613
-0.317519
-0.2996
-0.282794
-0.267082
-0.252241
-0.584755
-0.573568
-0.564971
-0.555057
-0.543083
-0.528728
-0.511814
-0.492546
-0.471436
-0.449169
-0.42645
-0.403891
-0.38195
-0.360923
-0.340967
-0.322139
-0.304431
-0.287789
-0.272198
-0.257486
-0.579511
-0.568515
-0.560115
-0.550575
-0.539203
-0.525674
-0.509757
-0.491571
-0.471534
-0.450255
-0.428395
-0.406552
-0.385191
-0.364627
-0.345039
-0.326503
-0.309027
-0.292569
-0.277117
-0.262552
-0.573926
-0.563144
-0.554944
-0.54576
-0.534957
-0.522218
-0.507267
-0.490146
-0.471185
-0.450912
-0.42994
-0.408845
-0.388098
-0.368029
-0.348836
-0.330618
-0.313397
-0.297143
-0.281847
-0.267444
-0.568047
-0.557501
-0.549503
-0.540658
-0.530394
-0.518403
-0.504383
-0.488305
-0.470413
-0.451158
-0.431098
-0.410784
-0.390682
-0.371138
-0.352369
-0.334492
-0.317547
-0.301517
-0.286393
-0.272168
-0.561918
-0.55163
-0.543836
-0.535315
-0.525558
-0.514274
-0.501144
-0.48608
-0.469245
-0.451015
-0.431886
-0.412379
-0.392954
-0.373964
-0.355645
-0.338133
-0.321485
-0.305698
-0.290762
-0.27673
-0.555584
-0.545574
-0.537987
-0.529777
-0.520494
-0.509876
-0.497592
-0.483506
-0.467711
-0.450504
-0.43232
-0.413645
-0.394924
-0.376516
-0.358674
-0.34155
-0.32522
-0.309694
-0.294962
-0.281137
-0.549088
-0.539374
-0.531998
-0.524084
-0.515246
-0.505251
-0.493766
-0.48062
-0.465839
-0.449647
-0.432419
-0.414594
-0.396603
-0.378805
-0.361465
-0.344752
-0.328759
-0.313512
-0.299
-0.285395
-0.542469
-0.533069
-0.525907
-0.518279
-0.509857
-0.500441
-0.489708
-0.477457
-0.463659
-0.44847
-0.432199
-0.415241
-0.398002
-0.380839
-0.364026
-0.347746
-0.33211
-0.317161
-0.302882
-0.289511
-0.535768
-0.526696
-0.519753
-0.512399
-0.504367
-0.495489
-0.485458
-0.474054
-0.461204
-0.446997
-0.43168
-0.415599
-0.399133
-0.382628
-0.366365
-0.350542
-0.335282
-0.320647
-0.306618
-0.293492
-0.52902
-0.52029
-0.513569
-0.506482
-0.498813
-0.490433
-0.481054
-0.470448
-0.458503
-0.445252
-0.430881
-0.415684
-0.400006
-0.384181
-0.368492
-0.353146
-0.338282
-0.323979
-0.310213
-0.297345
-0.52226
-0.513882
-0.507388
-0.500559
-0.493232
-0.485312
-0.476535
-0.466675
-0.45559
-0.443263
-0.429823
-0.41551
-0.400634
-0.385508
-0.370414
-0.355567
-0.341118
-0.327164
-0.313676
-0.301077
-0.515518
-0.507503
-0.501239
-0.494663
-0.487656
-0.480159
-0.471938
-0.46277
-0.452496
-0.441057
-0.428526
-0.415093
-0.401027
-0.386618
-0.372139
-0.357813
-0.343798
-0.33021
-0.317014
-0.304697
-0.508825
-0.501179
-0.495149
-0.48882
-0.482116
-0.475009
-0.467296
-0.458768
-0.449253
-0.438659
-0.427012
-0.41445
-0.401197
-0.387519
-0.373675
-0.35989
-0.346328
-0.333125
-0.320235
-0.30821
-0.502205
-0.494934
-0.489142
-0.483056
-0.476639
-0.469891
-0.462643
-0.454702
-0.445892
-0.436098
-0.425303
-0.413595
-0.401157
-0.38822
-0.375029
-0.361804
-0.348716
-0.335914
-0.323345
-0.311626
-0.495684
-0.48879
-0.483239
-0.477393
-0.471248
-0.464832
-0.458007
-0.450602
-0.442445
-0.433402
-0.423421
-0.412548
-0.400918
-0.38873
-0.376208
-0.363563
-0.350967
-0.338585
-0.326353
-0.314952
-0.48928
-0.482766
-0.477458
-0.47185
-0.465965
-0.459856
-0.453416
-0.446498
-0.438939
-0.430596
-0.42139
-0.411324
-0.400493
-0.389058
-0.377217
-0.365171
-0.353088
-0.341145
-0.329264
-0.318194
-0.483014
-0.476879
-0.471816
-0.466444
-0.460808
-0.454984
-0.448895
-0.442418
-0.435404
-0.427709
-0.419231
-0.409942
-0.399895
-0.389212
-0.378064
-0.366634
-0.355083
-0.343599
-0.476901
-0.471143
-0.466326
-0.461187
-0.455792
-0.450234
-0.444464
-0.438385
-0.431865
-0.424764
-0.416968
-0.408421
-0.399137
-0.389202
-0.378754
-0.367956
-0.356957
-0.470954
-0.465569
-0.460998
-0.456092
-0.45093
-0.445622
-0.440142
-0.434421
-0.428346
-0.421787
-0.414623
-0.406778
-0.398232
-0.389036
-0.379292
-0.465185
-0.460168
-0.455843
-0.451166
-0.446231
-0.441158
-0.435944
-0.430544
-0.424869
-0.4188
-0.412219
-0.405033
-0.397197
-0.388725
-0.459601
-0.454947
-0.450866
-0.446417
-0.441703
-0.436852
-0.431882
-0.426772
-0.421453
-0.415826
-0.409776
-0.403204
-0.454212
-0.449912
-0.446072
-0.441849
-0.43735
-0.43271
-0.427966
-0.423116
-0.418115
-0.412882
-0.407315
-0.449021
-0.445067
-0.441466
-0.437465
-0.433176
-0.428738
-0.424203
-0.419587
-0.414869
-0.409988
-0.444035
-0.440417
-0.437049
-0.433266
-0.429182
-0.424937
-0.420596
-0.416193
-0.411727
-0.439255
-0.435963
-0.432823
-0.429253
-0.425368
-0.421308
-0.417148
-0.412939
-0.434685
-0.431707
-0.428788
-0.425425
-0.421732
-0.41785
-0.41386
-0.430326
-0.427649
-0.424944
-0.42178
-0.418274
-0.414561
-0.42618
-0.42379
-0.421289
-0.418318
-0.41499
-0.422249
-0.420131
-0.417824
-0.415036
-0.418534
-0.41667
-0.414547
-0.415036
-0.413409
-0.411757
-0.410345
-0.408696
-0.240886
-0.246065
-0.251086
-0.255954
-0.260676
-0.265255
-0.269697
-0.274009
-0.278195
-0.282263
-0.286218
-0.290066
-0.293813
-0.297465
-0.301028
-0.304508
-0.232322
-0.237411
-0.242359
-0.247172
-0.251853
-0.256407
-0.26084
-0.265157
-0.269362
-0.273461
-0.27746
-0.281365
-0.28518
-0.288912
-0.292566
-0.296148
-0.224104
-0.229087
-0.233947
-0.238688
-0.243313
-0.247828
-0.252236
-0.256542
-0.260751
-0.264867
-0.268897
-0.272844
-0.276714
-0.280514
-0.284247
-0.287921
-0.216217
-0.221092
-0.22586
-0.230522
-0.235084
-0.239549
-0.243922
-0.248205
-0.252404
-0.256523
-0.260567
-0.264541
-0.268449
-0.272296
-0.276088
-0.279831
-0.208656
-0.213419
-0.218088
-0.222664
-0.227153
-0.231557
-0.23588
-0.240126
-0.244299
-0.248403
-0.252442
-0.25642
-0.260343
-0.264214
-0.268039
-0.271823
-0.201403
-0.20605
-0.210613
-0.215096
-0.219503
-0.223835
-0.228098
-0.232293
-0.236425
-0.240497
-0.244514
-0.248479
-0.252396
-0.25627
-0.260106
-0.263907
-0.194438
-0.198965
-0.203419
-0.207803
-0.21212
-0.216373
-0.220565
-0.224699
-0.228778
-0.232805
-0.236786
-0.240722
-0.244617
-0.248477
-0.252304
-0.256104
-0.187744
-0.192149
-0.196491
-0.200771
-0.204993
-0.20916
-0.213273
-0.217336
-0.221352
-0.225324
-0.229255
-0.233149
-0.237009
-0.240838
-0.244642
-0.248422
-0.181306
-0.185587
-0.189814
-0.193987
-0.198109
-0.202183
-0.206211
-0.210195
-0.21414
-0.218046
-0.221918
-0.225758
-0.22957
-0.233356
-0.237121
-0.240867
-0.244599
-0.17511
-0.179267
-0.183376
-0.187438
-0.191456
-0.195433
-0.19937
-0.203269
-0.207134
-0.210967
-0.21477
-0.218546
-0.222299
-0.226031
-0.229745
-0.233444
-0.237133
-0.169143
-0.173175
-0.177165
-0.181114
-0.185025
-0.1889
-0.192741
-0.19655
-0.200329
-0.20408
-0.207807
-0.211512
-0.215196
-0.218863
-0.222516
-0.226158
-0.229791
-0.163395
-0.167301
-0.17117
-0.175004
-0.178806
-0.182576
-0.186317
-0.19003
-0.193718
-0.197383
-0.201026
-0.204651
-0.208259
-0.211854
-0.215436
-0.21901
-0.222578
-0.157854
-0.161634
-0.165382
-0.1691
-0.17279
-0.176452
-0.18009
-0.183704
-0.187296
-0.190869
-0.194424
-0.197963
-0.201488
-0.205003
-0.208508
-0.212006
-0.2155
-0.15251
-0.156165
-0.159792
-0.163393
-0.166969
-0.170522
-0.174054
-0.177565
-0.181058
-0.184535
-0.187996
-0.191445
-0.194882
-0.19831
-0.201731
-0.205147
-0.20856
-0.147354
-0.150884
-0.154391
-0.157874
-0.161336
-0.164779
-0.168203
-0.171609
-0.175
-0.178377
-0.181742
-0.185095
-0.18844
-0.191777
-0.195108
-0.198436
-0.201762
-0.142378
-0.145785
-0.14917
-0.152537
-0.155885
-0.159215
-0.16253
-0.16583
-0.169117
-0.172392
-0.175657
-0.178912
-0.18216
-0.185402
-0.18864
-0.191875
-0.19511
-0.137573
-0.140857
-0.144124
-0.147374
-0.150607
-0.153826
-0.157032
-0.160224
-0.163405
-0.166577
-0.169739
-0.172894
-0.176043
-0.179187
-0.182327
-0.185467
-0.188606
-0.132931
-0.136096
-0.139244
-0.142378
-0.145498
-0.148606
-0.151701
-0.154786
-0.157861
-0.160927
-0.163986
-0.167038
-0.170086
-0.17313
-0.176171
-0.179211
-0.182252
-0.128447
-0.131493
-0.134525
-0.137545
-0.140552
-0.143548
-0.146534
-0.149511
-0.152479
-0.15544
-0.158395
-0.161344
-0.164289
-0.167231
-0.170171
-0.173111
-0.176051
-0.124113
-0.127043
-0.12996
-0.132867
-0.135763
-0.138649
-0.141526
-0.144395
-0.147257
-0.150113
-0.152963
-0.155808
-0.15865
-0.16149
-0.164328
-0.167165
-0.170003
-0.119923
-0.122739
-0.125544
-0.128339
-0.131126
-0.133903
-0.136673
-0.139435
-0.142192
-0.144942
-0.147688
-0.15043
-0.153168
-0.155905
-0.15864
-0.161375
-0.164111
-0.115871
-0.118575
-0.121271
-0.123957
-0.126635
-0.129306
-0.13197
-0.134627
-0.137279
-0.139925
-0.142567
-0.145206
-0.147842
-0.150476
-0.153109
-0.155741
-0.158374
-0.111953
-0.114549
-0.117136
-0.119716
-0.122288
-0.124854
-0.127413
-0.129967
-0.132515
-0.135059
-0.137599
-0.140135
-0.142669
-0.145201
-0.147732
-0.150263
-0.152794
-0.108163
-0.110653
-0.113136
-0.115611
-0.11808
-0.120543
-0.122999
-0.125451
-0.127898
-0.13034
-0.132779
-0.135215
-0.137648
-0.14008
-0.14251
-0.14494
-0.147369
-0.104498
-0.106885
-0.109265
-0.111639
-0.114006
-0.116368
-0.118725
-0.121077
-0.123424
-0.125767
-0.128107
-0.130444
-0.132778
-0.13511
-0.137441
-0.139771
-0.142101
-0.100952
-0.103239
-0.10552
-0.107795
-0.110064
-0.112328
-0.114587
-0.116841
-0.119091
-0.121337
-0.123579
-0.125819
-0.128056
-0.130291
-0.132524
-0.134756
-0.136988
-0.0975229
-0.0997129
-0.101897
-0.104076
-0.106249
-0.108418
-0.110581
-0.11274
-0.114895
-0.117047
-0.119194
-0.121339
-0.123481
-0.125621
-0.127758
-0.129894
-0.13203
-0.0942054
-0.0963018
-0.0983927
-0.100478
-0.102559
-0.104635
-0.106706
-0.108773
-0.110835
-0.112894
-0.114949
-0.117001
-0.119051
-0.121097
-0.123142
-0.125184
-0.127226
-0.0909983
-0.093004
-0.0950045
-0.097
-0.0989905
-0.100976
-0.102958
-0.104935
-0.106908
-0.108877
-0.110842
-0.112805
-0.114764
-0.11672
-0.118673
-0.120625
-0.122574
-0.0878982
-0.0898163
-0.0917295
-0.0936377
-0.0955413
-0.0974402
-0.0993347
-0.101225
-0.103111
-0.104993
-0.106871
-0.108746
-0.110618
-0.112486
-0.114352
-0.116215
-0.118075
-0.0849018
-0.0867356
-0.0885646
-0.0903888
-0.0922084
-0.0940234
-0.095834
-0.0976403
-0.0994423
-0.10124
-0.103034
-0.104825
-0.106611
-0.108395
-0.110175
-0.111952
-0.113727
-0.0820071
-0.0837597
-0.0855077
-0.087251
-0.0889897
-0.0907238
-0.0924535
-0.0941788
-0.0958998
-0.0976166
-0.0993293
-0.101038
-0.102743
-0.104444
-0.106142
-0.107836
-0.109527
-0.079212
-0.0808867
-0.0825568
-0.0842222
-0.0858831
-0.0875394
-0.0891912
-0.0908386
-0.0924815
-0.0941201
-0.0957544
-0.0973845
-0.0990106
-0.100633
-0.102251
-0.103865
-0.105476
-0.0765142
-0.0781141
-0.0797094
-0.0813002
-0.0828864
-0.084468
-0.086045
-0.0876175
-0.0891854
-0.0907488
-0.0923077
-0.0938622
-0.0954124
-0.0969584
-0.0985001
-0.100038
-0.101571
-0.0739112
-0.0754398
-0.0769638
-0.0784832
-0.0799979
-0.0815079
-0.0830132
-0.0845139
-0.0860098
-0.0875011
-0.0889877
-0.0904697
-0.0919471
-0.09342
-0.0948883
-0.0963523
-0.0978119
-0.0714036
-0.0728637
-0.0743192
-0.0757701
-0.0772162
-0.0786576
-0.0800943
-0.0815261
-0.0829532
-0.0843753
-0.0857927
-0.0872052
-0.0886129
-0.0900157
-0.0914138
-0.0928072
-0.0941958
-0.0689892
-0.0703839
-0.0717739
-0.0731594
-0.07454
-0.0759159
-0.0772869
-0.0786529
-0.080014
-0.0813702
-0.0827213
-0.0840673
-0.0854083
-0.0867443
-0.0880752
-0.089401
-0.0907219
-0.0666662
-0.0679986
-0.0693264
-0.0706494
-0.0719676
-0.073281
-0.0745893
-0.0758927
-0.0771909
-0.078484
-0.0797719
-0.0810546
-0.082332
-0.0836041
-0.0848709
-0.0861324
-0.0873886
-0.0644343
-0.0657074
-0.0669758
-0.0682394
-0.0694982
-0.070752
-0.0720007
-0.0732443
-0.0744827
-0.0757157
-0.0769434
-0.0781657
-0.0793826
-0.0805939
-0.0817997
-0.0829999
-0.0841945
-0.0622924
-0.0635091
-0.0647212
-0.0659283
-0.0671306
-0.0683278
-0.0695198
-0.0707066
-0.0718881
-0.0730641
-0.0742346
-0.0753995
-0.0765588
-0.0777124
-0.0788602
-0.0800022
-0.0811384
-0.0602399
-0.0614032
-0.0625617
-0.0637154
-0.064864
-0.0660076
-0.0671458
-0.0682787
-0.0694062
-0.0705281
-0.0716443
-0.0727548
-0.0738595
-0.0749583
-0.0760512
-0.0771381
-0.0782189
-0.0582767
-0.0593894
-0.0604973
-0.0616002
-0.0626981
-0.0637907
-0.064878
-0.0659599
-0.0670362
-0.0681069
-0.0691718
-0.0702308
-0.0712838
-0.0723308
-0.0733717
-0.0744064
-0.0754348
-0.0564017
-0.0574666
-0.0585267
-0.0595817
-0.0606317
-0.0616763
-0.0627156
-0.0637493
-0.0647774
-0.0657996
-0.066816
-0.0678264
-0.0688307
-0.0698288
-0.0708207
-0.0718062
-0.0727852
-0.0546149
-0.055635
-0.0566502
-0.0576602
-0.0586651
-0.0596645
-0.0606585
-0.0616468
-0.0626294
-0.0636061
-0.0645768
-0.0655413
-0.0664997
-0.0674518
-0.0683974
-0.0693366
-0.0702691
-0.0529177
-0.0538954
-0.0548681
-0.0558358
-0.0567981
-0.057755
-0.0587064
-0.059652
-0.0605918
-0.0615257
-0.0624534
-0.063375
-0.0642902
-0.0651991
-0.0661014
-0.066997
-0.067886
-0.0513101
-0.052248
-0.0531809
-0.0541087
-0.0550312
-0.0559482
-0.0568595
-0.0577651
-0.0586648
-0.0595585
-0.060446
-0.0613273
-0.0622021
-0.0630704
-0.0639321
-0.0647871
-0.0656352
-0.0497919
-0.0506927
-0.0515885
-0.0524791
-0.0533643
-0.0542439
-0.055118
-0.0559862
-0.0568484
-0.0577046
-0.0585545
-0.0593981
-0.0602352
-0.0610657
-0.0618895
-0.0627065
-0.0635166
-0.0483644
-0.0492306
-0.0500917
-0.0509476
-0.0517981
-0.0526431
-0.0534823
-0.0543156
-0.055143
-0.0559642
-0.0567792
-0.0575877
-0.0583898
-0.0591851
-0.0599738
-0.0607555
-0.0615302
-0.0470284
-0.0478625
-0.0486915
-0.0495153
-0.0503336
-0.0511463
-0.0519532
-0.0527543
-0.0535493
-0.0543382
-0.0551208
-0.0558969
-0.0566664
-0.0574292
-0.0581852
-0.0589343
-0.0596764
-0.0604113
-0.0457853
-0.0465898
-0.0473892
-0.0481832
-0.0489718
-0.0497548
-0.050532
-0.0513033
-0.0520685
-0.0528275
-0.0535801
-0.0543263
-0.0550659
-0.0557988
-0.0565248
-0.0572439
-0.0579559
-0.0586607
-0.0446368
-0.0454141
-0.0461862
-0.046953
-0.0477143
-0.04847
-0.0492199
-0.0499639
-0.0507017
-0.0514334
-0.0521587
-0.0528775
-0.0535897
-0.0542951
-0.0549937
-0.0556853
-0.0563698
-0.0570471
-0.043585
-0.0443375
-0.0450848
-0.0458267
-0.0465632
-0.047294
-0.048019
-0.0487381
-0.0494511
-0.0501578
-0.0508582
-0.0515521
-0.0522394
-0.0529199
-0.0535935
-0.0542602
-0.0549198
-0.0555722
-0.0426321
-0.0433622
-0.044087
-0.0448065
-0.0455206
-0.0462289
-0.0469315
-0.0476281
-0.0483186
-0.0490029
-0.0496809
-0.0503523
-0.0510172
-0.0516753
-0.0523265
-0.0529708
-0.053608
-0.0542379
-0.0417814
-0.0424914
-0.0431963
-0.0438957
-0.0445897
-0.045278
-0.0459605
-0.0466371
-0.0473076
-0.0479719
-0.0486299
-0.0492814
-0.0499262
-0.0505644
-0.0511957
-0.0518201
-0.0524374
-0.0530476
-0.0410355
-0.0417279
-0.042415
-0.0430969
-0.0437732
-0.0444439
-0.0451089
-0.0457679
-0.0464208
-0.0470676
-0.047708
-0.048342
-0.0489695
-0.0495902
-0.0502042
-0.0508112
-0.0514112
-0.0520041
-0.0404002
-0.0410773
-0.0417493
-0.0424159
-0.043077
-0.0437325
-0.0443822
-0.045026
-0.0456638
-0.0462955
-0.0469209
-0.0475398
-0.0481523
-0.0487581
-0.0493571
-0.0499493
-0.0505345
-0.0511126
-0.0398767
-0.0405411
-0.0412003
-0.0418542
-0.0425027
-0.0431456
-0.0437827
-0.044414
-0.0450393
-0.0456586
-0.0462715
-0.0468781
-0.0474783
-0.0480719
-0.0486587
-0.0492388
-0.049812
-0.0503782
-0.0394772
-0.0401311
-0.0407799
-0.0414234
-0.0420615
-0.042694
-0.0433208
-0.0439418
-0.0445568
-0.0451658
-0.0457686
-0.0463652
-0.0469553
-0.047539
-0.048116
-0.0486863
-0.0492498
-0.0498064
-0.0391972
-0.0398439
-0.0404855
-0.0411218
-0.0417528
-0.0423782
-0.042998
-0.0436121
-0.0442203
-0.0448224
-0.0454185
-0.0460084
-0.0465919
-0.047169
-0.0477395
-0.0483034
-0.0488606
-0.0494109
-0.03906
-0.0397007
-0.0403363
-0.0409667
-0.0415918
-0.0422114
-0.0428254
-0.0434338
-0.0440364
-0.0446331
-0.0452238
-0.0458085
-0.0463869
-0.0469591
-0.0475249
-0.0480842
-0.0486369
-0.049183
-0.0142084
-0.0242562
-0.0341926
-0.0440083
-0.0536947
-0.0632439
-0.0726488
-0.0819028
-0.0909999
-0.0999346
-0.108702
-0.117297
-0.125716
-0.133955
-0.142006
-0.149854
-0.157453
-0.165147
-0.172523
-0.17964
-0.186569
-0.193321
-0.199892
-0.20628
-0.212485
-0.218512
-0.224362
-0.230039
-0.235545
-0.0160724
-0.0255811
-0.0349802
-0.0442625
-0.0534215
-0.0624511
-0.0713458
-0.0801005
-0.0887104
-0.0971714
-0.10548
-0.113633
-0.121628
-0.129465
-0.137147
-0.144681
-0.152078
-0.159144
-0.166152
-0.172994
-0.179652
-0.186145
-0.192475
-0.198642
-0.204646
-0.21049
-0.216176
-0.221709
-0.227089
-0.0182343
-0.0272156
-0.0360912
-0.0448551
-0.0535019
-0.0620269
-0.0704258
-0.0786944
-0.0868293
-0.0948273
-0.102686
-0.110402
-0.117976
-0.125404
-0.132689
-0.139824
-0.146806
-0.153547
-0.160262
-0.166815
-0.173191
-0.179414
-0.185494
-0.191429
-0.197221
-0.20287
-0.20838
-0.213754
-0.218994
-0.0200292
-0.0285187
-0.0369066
-0.0451883
-0.0533594
-0.0614162
-0.0693555
-0.0771742
-0.0848695
-0.092439
-0.0998808
-0.107193
-0.114374
-0.121423
-0.128335
-0.135103
-0.141714
-0.148133
-0.154605
-0.160887
-0.166993
-0.172961
-0.178804
-0.184519
-0.190108
-0.19557
-0.200909
-0.206128
-0.21123
-0.0216558
-0.0296782
-0.0376037
-0.0454289
-0.0531505
-0.0607657
-0.068272
-0.075667
-0.0829488
-0.0901155
-0.0971657
-0.104098
-0.110912
-0.117605
-0.124178
-0.130631
-0.136968
-0.143196
-0.149226
-0.155204
-0.161068
-0.166803
-0.17242
-0.177924
-0.183316
-0.188596
-0.193768
-0.198833
-0.203795
-0.0231184
-0.0306992
-0.0381884
-0.0455836
-0.0528823
-0.0600824
-0.0671819
-0.0741791
-0.0810727
-0.0878613
-0.0945439
-0.10112
-0.107588
-0.113947
-0.120199
-0.126344
-0.13238
-0.138309
-0.144068
-0.149794
-0.155422
-0.16093
-0.16633
-0.171629
-0.176829
-0.181931
-0.186937
-0.191849
-0.196671
-0.0244244
-0.031588
-0.0386655
-0.0456556
-0.0525562
-0.0593657
-0.0660829
-0.0727064
-0.0792352
-0.0856685
-0.0920056
-0.0982457
-0.104389
-0.110434
-0.11638
-0.122228
-0.127973
-0.133617
-0.139143
-0.144651
-0.150045
-0.155326
-0.160513
-0.165613
-0.170626
-0.175553
-0.180395
-0.185156
-0.189836
-0.025587
-0.0323567
-0.0390461
-0.0456544
-0.0521802
-0.0586224
-0.0649799
-0.0712519
-0.0774378
-0.083537
-0.0895491
-0.0954737
-0.101311
-0.107059
-0.11272
-0.118291
-0.123769
-0.129146
-0.134406
-0.13971
-0.144888
-0.149958
-0.154943
-0.159852
-0.164685
-0.169441
-0.174124
-0.178733
-0.183273
-0.0266173
-0.0330153
-0.0393388
-0.0455876
-0.0517606
-0.057857
-0.0638762
-0.0698177
-0.075681
-0.0814659
-0.0871722
-0.0927998
-0.0983487
-0.103819
-0.109212
-0.114528
-0.119772
-0.12495
-0.130077
-0.135006
-0.139937
-0.144813
-0.149611
-0.154336
-0.158992
-0.163582
-0.168106
-0.172567
-0.176966
-0.0275253
-0.0335728
-0.0395516
-0.0454617
-0.0513026
-0.0570737
-0.0627746
-0.068405
-0.0739648
-0.0794538
-0.084872
-0.0902195
-0.0954966
-0.100704
-0.105841
-0.11091
-0.115912
-0.120844
-0.125705
-0.130468
-0.135208
-0.139891
-0.144502
-0.149048
-0.153533
-0.15796
-0.162329
-0.166643
-0.170902
-0.0283203
-0.0340373
-0.0396914
-0.0452827
-0.0508109
-0.0562758
-0.0616771
-0.0670147
-0.0722886
-0.0774987
-0.0826454
-0.0877286
-0.0927488
-0.0977061
-0.102601
-0.107433
-0.112203
-0.11691
-0.121554
-0.126131
-0.130694
-0.135186
-0.139609
-0.143978
-0.148295
-0.152562
-0.156779
-0.160947
-0.165068
-0.0290107
-0.0344163
-0.0397645
-0.0450557
-0.0502896
-0.0554662
-0.0605854
-0.0656472
-0.0706517
-0.075599
-0.0804894
-0.0853231
-0.0901004
-0.0948218
-0.0994873
-0.104097
-0.108651
-0.113146
-0.117578
-0.121935
-0.12634
-0.130658
-0.134907
-0.139108
-0.143264
-0.147375
-0.151443
-0.155467
-0.159451
-0.0296043
-0.0347166
-0.0397768
-0.0447852
-0.0497421
-0.0546472
-0.0595006
-0.0643025
-0.069053
-0.0737524
-0.0784009
-0.0829989
-0.0875468
-0.092045
-0.0964942
-0.100895
-0.10525
-0.109561
-0.113834
-0.11808
-0.122185
-0.126299
-0.130387
-0.13443
-0.138429
-0.142388
-0.146309
-0.150193
-0.154041
-0.0301081
-0.0349442
-0.0397331
-0.0444754
-0.0491712
-0.0538206
-0.0584236
-0.0629805
-0.0674914
-0.0719567
-0.0763766
-0.0807516
-0.0850821
-0.0893686
-0.0936118
-0.0978123
-0.101971
-0.106089
-0.110164
-0.114196
-0.118165
-0.12212
-0.126047
-0.129932
-0.133779
-0.13759
-0.141368
-0.145113
-0.148827
-0.0305287
-0.0351046
-0.0396382
-0.0441298
-0.0485797
-0.052988
-0.0573549
-0.0616806
-0.0659654
-0.0702095
-0.0744132
-0.078577
-0.0827013
-0.0867865
-0.0908331
-0.0948415
-0.0988122
-0.102745
-0.106641
-0.1105
-0.114318
-0.118119
-0.121884
-0.125612
-0.129307
-0.132973
-0.13661
-0.140218
-0.143799
-0.0308721
-0.035203
-0.0394959
-0.0437514
-0.0479696
-0.0521507
-0.0562949
-0.0604024
-0.0644735
-0.0685084
-0.0725076
-0.0764713
-0.0803999
-0.0842939
-0.0881536
-0.0919795
-0.0957717
-0.0995303
-0.103255
-0.106945
-0.110598
-0.114256
-0.117872
-0.121449
-0.124999
-0.128524
-0.132023
-0.135499
-0.13895
-0.0311435
-0.0352438
-0.0393101
-0.043343
-0.0473428
-0.0513096
-0.0552436
-0.059145
-0.0630141
-0.0668512
-0.0706567
-0.0744307
-0.0781738
-0.0818863
-0.0855685
-0.0892211
-0.0928443
-0.0964389
-0.100005
-0.103545
-0.107057
-0.110535
-0.113995
-0.117433
-0.120845
-0.124234
-0.127601
-0.130945
-0.134269
-0.0313482
-0.0352311
-0.039084
-0.0429072
-0.0467009
-0.0504655
-0.054201
-0.0579077
-0.0615859
-0.0652357
-0.0688576
-0.0724518
-0.0760186
-0.0795586
-0.083072
-0.0865593
-0.0900211
-0.0934579
-0.0968707
-0.10026
-0.103626
-0.106948
-0.110264
-0.113565
-0.116843
-0.120099
-0.123335
-0.126552
-0.12975
-0.0314905
-0.0351688
-0.0388205
-0.0424459
-0.0460454
-0.049619
-0.0531671
-0.0566897
-0.0601871
-0.0636596
-0.0671074
-0.0705309
-0.0739303
-0.077306
-0.0806583
-0.0839876
-0.0872944
-0.090579
-0.0938418
-0.0970828
-0.100302
-0.103494
-0.106676
-0.10984
-0.112985
-0.116111
-0.119219
-0.122311
-0.125386
-0.0315748
-0.0350602
-0.0385223
-0.0419612
-0.0453773
-0.0487707
-0.0521415
-0.05549
-0.0588163
-0.0621208
-0.0654035
-0.0686648
-0.071905
-0.0751243
-0.078323
-0.0815014
-0.0846599
-0.0877987
-0.0909183
-0.0940188
-0.0971008
-0.100163
-0.103214
-0.106247
-0.109262
-0.112261
-0.115245
-0.118215
-0.12117
-0.0316048
-0.0349085
-0.0381918
-0.0414547
-0.0446977
-0.0479208
-0.0511241
-0.0543078
-0.0574722
-0.0606173
-0.0637433
-0.0668506
-0.0699393
-0.0730097
-0.0760619
-0.0790963
-0.0821131
-0.0851126
-0.0880948
-0.0910598
-0.0940078
-0.0969382
-0.0998678
-0.102777
-0.105667
-0.108543
-0.111406
-0.114257
-0.117096
-0.0315841
-0.0347166
-0.0378312
-0.0409281
-0.0440076
-0.0470697
-0.0501146
-0.0531424
-0.0561532
-0.0591472
-0.0621245
-0.0650854
-0.0680301
-0.0709587
-0.0738714
-0.0767686
-0.0796503
-0.0825169
-0.0853685
-0.0882053
-0.0910272
-0.0938334
-0.0966325
-0.0994175
-0.102189
-0.104948
-0.107695
-0.110431
-0.113156
-0.031516
-0.0344871
-0.0374426
-0.0403828
-0.0433079
-0.0462178
-0.0491128
-0.0519929
-0.0548581
-0.0577088
-0.0605449
-0.0633667
-0.0661743
-0.0689678
-0.0717476
-0.0745137
-0.0772666
-0.0800064
-0.0827335
-0.0854487
-0.0881524
-0.0908454
-0.0935102
-0.0961735
-0.0988302
-0.101476
-0.10411
-0.106734
-0.109348
-0.0314036
-0.0342224
-0.0370279
-0.0398201
-0.0425992
-0.0453653
-0.0481183
-0.0508585
-0.0535858
-0.0563004
-0.0590024
-0.0616919
-0.064369
-0.0670338
-0.0696866
-0.0723274
-0.0749566
-0.0775742
-0.0801804
-0.0827755
-0.0853594
-0.0879319
-0.0904894
-0.0930414
-0.0955857
-0.0981199
-0.100644
-0.103159
-0.105665
-0.0312497
-0.033925
-0.0365888
-0.0392412
-0.0418824
-0.0445124
-0.0471311
-0.0497387
-0.0523352
-0.0549206
-0.0574951
-0.0600587
-0.0626115
-0.0651537
-0.0676852
-0.0702063
-0.0727171
-0.0752177
-0.0777082
-0.0801887
-0.0826594
-0.0851203
-0.0875703
-0.0900137
-0.0924488
-0.0948748
-0.0972923
-0.0997017
-0.102103
-0.0310571
-0.033597
-0.0361271
-0.0386475
-0.0411583
-0.0436594
-0.046151
-0.0486329
-0.0511053
-0.0535681
-0.0560214
-0.0584653
-0.0608998
-0.0633249
-0.0657408
-0.0681475
-0.0705451
-0.0729338
-0.0753135
-0.0776844
-0.0800467
-0.0824006
-0.0847455
-0.0870852
-0.0894158
-0.0917373
-0.0940514
-0.0963585
-0.0986588
-0.0308284
-0.0332405
-0.0356444
-0.03804
-0.0404275
-0.0428068
-0.0451779
-0.0475407
-0.0498954
-0.0522418
-0.0545799
-0.0569099
-0.0592318
-0.0615454
-0.063851
-0.0661485
-0.068438
-0.0707195
-0.072993
-0.0752585
-0.077516
-0.0797656
-0.082007
-0.0842489
-0.0864802
-0.0887018
-0.0909163
-0.0931247
-0.0953269
-0.030566
-0.0328576
-0.0351423
-0.0374201
-0.039691
-0.0419549
-0.0442119
-0.0464619
-0.0487048
-0.0509407
-0.0531694
-0.0553911
-0.0576057
-0.0598132
-0.0620137
-0.064207
-0.0663934
-0.0685727
-0.0707451
-0.0729106
-0.0750692
-0.077221
-0.0793655
-0.0815028
-0.0836348
-0.0857612
-0.0878815
-0.0899955
-0.0921034
-0.0302723
-0.0324502
-0.0346224
-0.0367888
-0.0389495
-0.0411043
-0.0432532
-0.0453962
-0.0475331
-0.0496641
-0.0517889
-0.0539076
-0.0560201
-0.0581265
-0.0602267
-0.0623207
-0.0644086
-0.0664903
-0.0685658
-0.0706353
-0.0726989
-0.0747566
-0.0768086
-0.0788481
-0.0808859
-0.0829202
-0.0849487
-0.0869709
-0.0889874
-0.0299498
-0.0320204
-0.0340863
-0.0361475
-0.0382039
-0.0402554
-0.042302
-0.0443436
-0.04638
-0.0484113
-0.0504374
-0.0524582
-0.0544736
-0.0564837
-0.0584883
-0.0604875
-0.0624812
-0.0644693
-0.066452
-0.0684292
-0.0704007
-0.0723667
-0.0743269
-0.0762799
-0.0782291
-0.0801739
-0.0821131
-0.0840468
-0.0859751
-0.0296007
-0.0315701
-0.0335357
-0.0354974
-0.0374552
-0.0394091
-0.0413587
-0.0433042
-0.0452453
-0.0471821
-0.0491143
-0.051042
-0.0529651
-0.0548834
-0.056797
-0.0587057
-0.0606095
-0.0625084
-0.0644023
-0.0662912
-0.0681751
-0.0700538
-0.0719273
-0.073795
-0.0756586
-0.0775174
-0.079371
-0.0812196
-0.0830632
-0.0273506
-0.0292273
-0.0311012
-0.0329721
-0.0348399
-0.0367046
-0.0385659
-0.0404239
-0.0422783
-0.044129
-0.0459761
-0.0478193
-0.0496585
-0.0514937
-0.0533247
-0.0551516
-0.0569741
-0.0587923
-0.060606
-0.0624152
-0.0642198
-0.0660198
-0.0678151
-0.0696056
-0.071391
-0.0731724
-0.074949
-0.0767207
-0.0784876
-0.0802497
-0.0270459
-0.0288319
-0.0306157
-0.0323973
-0.0341764
-0.035953
-0.0377269
-0.039498
-0.0412662
-0.0430313
-0.0447932
-0.0465519
-0.0483071
-0.0500588
-0.0518068
-0.0535511
-0.0552916
-0.0570281
-0.0587606
-0.060489
-0.0622132
-0.0639332
-0.0656488
-0.0673601
-0.0690668
-0.0707699
-0.0724679
-0.0741607
-0.0758489
-0.0775327
-0.0267163
-0.0284167
-0.0301157
-0.0318129
-0.0335083
-0.0352016
-0.0368929
-0.0385819
-0.0402684
-0.0419524
-0.0436337
-0.0453121
-0.0469876
-0.04866
-0.0503291
-0.051995
-0.0536573
-0.055316
-0.0569711
-0.0586223
-0.0602696
-0.0619129
-0.0635519
-0.0651867
-0.0668173
-0.0684468
-0.0700703
-0.071688
-0.073301
-0.0749097
-0.0263642
-0.0279842
-0.0296031
-0.0312208
-0.0328371
-0.0344519
-0.0360651
-0.0376764
-0.0392857
-0.0408928
-0.0424977
-0.0441001
-0.0457
-0.0472971
-0.0488913
-0.0504826
-0.0520707
-0.0536556
-0.055237
-0.056815
-0.0583893
-0.05996
-0.0615267
-0.0630895
-0.064648
-0.0662013
-0.0677513
-0.0692978
-0.0708403
-0.0723781
-0.0259923
-0.0275365
-0.02908
-0.0306228
-0.0321645
-0.0337052
-0.0352445
-0.0367824
-0.0383187
-0.0398532
-0.0413857
-0.0429161
-0.0444443
-0.04597
-0.0474932
-0.0490136
-0.0505312
-0.0520457
-0.0535572
-0.0550653
-0.0565701
-0.0580713
-0.0595689
-0.0610628
-0.0625528
-0.0640367
-0.065518
-0.0669961
-0.0684699
-0.069939
-0.0256031
-0.027076
-0.0285486
-0.0300207
-0.0314922
-0.0329629
-0.0344326
-0.0359012
-0.0373684
-0.0388342
-0.0402982
-0.0417605
-0.0432207
-0.0446788
-0.0461345
-0.0475878
-0.0490384
-0.0504862
-0.0519311
-0.0533728
-0.0548113
-0.0562465
-0.0576781
-0.0591061
-0.0605302
-0.0619498
-0.0633659
-0.0647782
-0.0661863
-0.06759
-0.0251992
-0.026605
-0.0280109
-0.0294165
-0.0308218
-0.0322266
-0.0336306
-0.0350338
-0.0364358
-0.0378366
-0.039236
-0.0406338
-0.0420298
-0.0434238
-0.0448156
-0.0462052
-0.0475923
-0.0489768
-0.0503585
-0.0517372
-0.0531128
-0.0544851
-0.0558541
-0.0572194
-0.058581
-0.0599386
-0.0612924
-0.0626423
-0.0639879
-0.0653293
-0.0247832
-0.026126
-0.0274691
-0.0288122
-0.0301552
-0.0314979
-0.03284
-0.0341815
-0.0355221
-0.0368616
-0.0381999
-0.0395367
-0.040872
-0.0422054
-0.0435368
-0.0448661
-0.0461931
-0.0475175
-0.0488393
-0.0501582
-0.0514742
-0.0527869
-0.0540963
-0.0554023
-0.0567046
-0.0580029
-0.0592975
-0.0605882
-0.0618746
-0.0631567
-0.0243576
-0.0256414
-0.0269255
-0.0282099
-0.0294943
-0.0307785
-0.0320624
-0.0333458
-0.0346285
-0.0359102
-0.0371908
-0.0384702
-0.039748
-0.0410242
-0.0422985
-0.0435708
-0.0448409
-0.0461086
-0.0473736
-0.048636
-0.0498953
-0.0511516
-0.0524046
-0.0536542
-0.0549002
-0.0561424
-0.0573808
-0.0586151
-0.0598453
-0.0610711
-0.0239252
-0.0251535
-0.0263824
-0.0276116
-0.0288409
-0.0300703
-0.0312994
-0.0325281
-0.0337563
-0.0349836
-0.0362099
-0.0374351
-0.0386588
-0.039881
-0.0411014
-0.0423199
-0.0435362
-0.0447502
-0.0459617
-0.0471705
-0.0483764
-0.0495793
-0.0507789
-0.0519751
-0.0531678
-0.0543566
-0.0555418
-0.0567228
-0.0578996
-0.059072
-0.0234885
-0.0246649
-0.0258419
-0.0270194
-0.0281972
-0.029375
-0.0305528
-0.0317302
-0.032907
-0.0340832
-0.0352584
-0.0364325
-0.0376054
-0.0387767
-0.0399463
-0.041114
-0.0422796
-0.043443
-0.0446039
-0.0457621
-0.0469176
-0.04807
-0.0492192
-0.0503651
-0.0515075
-0.0526461
-0.053781
-0.0549115
-0.0560377
-0.0571594
-0.0230502
-0.0241781
-0.0253067
-0.0264358
-0.0275652
-0.0286948
-0.0298243
-0.0309535
-0.0320823
-0.0332104
-0.0343376
-0.0354638
-0.0365887
-0.0377122
-0.038834
-0.0399539
-0.0410718
-0.0421874
-0.0433006
-0.0444111
-0.0455188
-0.0466235
-0.047725
-0.0488232
-0.0499178
-0.0510088
-0.052097
-0.0531802
-0.0542584
-0.0553322
-0.022613
-0.0236955
-0.0247789
-0.0258628
-0.026947
-0.0280315
-0.0291159
-0.0302
-0.0312837
-0.0323668
-0.0334491
-0.0345303
-0.0356103
-0.0366888
-0.0377657
-0.0388408
-0.0399138
-0.0409846
-0.042053
-0.0431188
-0.0441817
-0.0452416
-0.0462983
-0.0473516
-0.0484013
-0.049447
-0.0504881
-0.0515259
-0.0525601
-0.0535899
-0.0221795
-0.0232199
-0.0242611
-0.0253028
-0.026345
-0.0273872
-0.0284295
-0.0294716
-0.0305132
-0.0315542
-0.0325943
-0.0336335
-0.0346714
-0.0357078
-0.0367427
-0.0377757
-0.0388066
-0.0398353
-0.0408616
-0.0418852
-0.042906
-0.0439238
-0.0449384
-0.0459496
-0.0469571
-0.0479609
-0.0489604
-0.0499562
-0.0509479
-0.0519352
-0.0217525
-0.0227538
-0.0237558
-0.0247583
-0.0257612
-0.0267643
-0.0277673
-0.0287701
-0.0297725
-0.0307742
-0.0317751
-0.0327749
-0.0337735
-0.0347707
-0.0357662
-0.0367598
-0.0377514
-0.0387408
-0.0397277
-0.040712
-0.0416934
-0.0426719
-0.043647
-0.0446188
-0.045587
-0.0465514
-0.0475116
-0.0484678
-0.0494198
-0.0503673
-0.0213348
-0.0222998
-0.0232654
-0.0242316
-0.0251982
-0.0261648
-0.0271314
-0.0280977
-0.0290636
-0.0300288
-0.0309931
-0.0319564
-0.0329184
-0.0338789
-0.0348378
-0.0357948
-0.0367497
-0.0377023
-0.0386525
-0.0396
-0.0405447
-0.0414863
-0.0424246
-0.0433595
-0.0442908
-0.0452183
-0.0461416
-0.0470609
-0.0479758
-0.0488862
-0.0209291
-0.0218606
-0.0227927
-0.0237253
-0.0246582
-0.0255912
-0.0265241
-0.0274566
-0.0283887
-0.02932
-0.0302504
-0.0311798
-0.0321078
-0.0330343
-0.0339591
-0.0348821
-0.0358029
-0.0367214
-0.0376374
-0.0385507
-0.0394611
-0.0403685
-0.0412725
-0.0421731
-0.04307
-0.0439631
-0.0448521
-0.0457369
-0.0466174
-0.0474932
-0.0205382
-0.0214389
-0.0223403
-0.023242
-0.0241439
-0.0250459
-0.0259477
-0.0268491
-0.0277499
-0.02865
-0.0295491
-0.0304471
-0.0313437
-0.0322388
-0.0331321
-0.0340235
-0.0349127
-0.0357996
-0.036684
-0.0375656
-0.0384443
-0.0393198
-0.0401921
-0.0410608
-0.0419259
-0.0427871
-0.0436442
-0.044497
-0.0453455
-0.0461893
-0.020165
-0.0210377
-0.0219108
-0.0227843
-0.0236578
-0.0245314
-0.0254046
-0.0262775
-0.0271497
-0.028021
-0.0288914
-0.0297605
-0.0306283
-0.0314944
-0.0323587
-0.033221
-0.0340812
-0.0349389
-0.0357941
-0.0366465
-0.0374959
-0.0383421
-0.039185
-0.0400244
-0.04086
-0.0416917
-0.0425193
-0.0433427
-0.0441616
-0.0449759
-0.0198124
-0.0206596
-0.0215071
-0.0223548
-0.0232026
-0.0240503
-0.0248976
-0.0257443
-0.0265904
-0.0274356
-0.0282796
-0.0291224
-0.0299637
-0.0308034
-0.0316412
-0.0324769
-0.0333103
-0.0341414
-0.0349698
-0.0357954
-0.0366179
-0.0374373
-0.0382532
-0.0390656
-0.0398742
-0.0406789
-0.0414794
-0.0422757
-0.0430674
-0.0438546
-0.0194834
-0.0203076
-0.021132
-0.0219566
-0.0227811
-0.0236054
-0.0244292
-0.0252524
-0.0260748
-0.0268963
-0.0277165
-0.0285354
-0.0293527
-0.0301683
-0.0309819
-0.0317935
-0.0326027
-0.0334094
-0.0342134
-0.0350146
-0.0358127
-0.0366075
-0.037399
-0.0381868
-0.0389708
-0.0397508
-0.0405266
-0.0412981
-0.0420652
-0.0428275
-0.0191809
-0.0199847
-0.0207886
-0.0215925
-0.0223962
-0.0231996
-0.0240024
-0.0248045
-0.0256057
-0.0264058
-0.0272047
-0.028002
-0.0287978
-0.0295917
-0.0303837
-0.0311734
-0.0319608
-0.0327455
-0.0335276
-0.0343067
-0.0350827
-0.0358554
-0.0366247
-0.0373902
-0.038152
-0.0389097
-0.0396632
-0.0404124
-0.0411571
-0.041897
-0.0189082
-0.0196941
-0.0204799
-0.0212657
-0.0220511
-0.0228361
-0.0236203
-0.0244038
-0.0251862
-0.0259675
-0.0267473
-0.0275257
-0.0283023
-0.029077
-0.0298496
-0.0306199
-0.0313878
-0.032153
-0.0329155
-0.0336749
-0.0344312
-0.0351842
-0.0359336
-0.0366793
-0.0374212
-0.038159
-0.0388926
-0.0396218
-0.0403464
-0.0410663
-0.0186682
-0.0194387
-0.020209
-0.0209791
-0.0217487
-0.0225177
-0.0232859
-0.0240531
-0.0248192
-0.025584
-0.0263473
-0.027109
-0.0278688
-0.0286267
-0.0293823
-0.0301356
-0.0308864
-0.0316345
-0.0323797
-0.0331219
-0.0338608
-0.0345963
-0.0353283
-0.0360565
-0.0367809
-0.0375011
-0.0382171
-0.0389287
-0.0396357
-0.0403381
-0.0184648
-0.0192225
-0.0199799
-0.0207369
-0.0214933
-0.0222488
-0.0230035
-0.0237571
-0.0245094
-0.0252602
-0.0260095
-0.026757
-0.0275025
-0.028246
-0.0289872
-0.0297259
-0.0304621
-0.0311954
-0.0319258
-0.0326531
-0.0333771
-0.0340976
-0.0348146
-0.0355277
-0.0362369
-0.036942
-0.0376428
-0.0383392
-0.039031
-0.039718
-0.0183
-0.0190474
-0.0197944
-0.0205407
-0.0212863
-0.0220309
-0.0227745
-0.0235168
-0.0242577
-0.024997
-0.0257346
-0.0264704
-0.0272041
-0.0279355
-0.0286646
-0.0293912
-0.0301151
-0.0308361
-0.0315541
-0.0322689
-0.0329804
-0.0336883
-0.0343927
-0.0350931
-0.0357897
-0.036482
-0.0371701
-0.0378538
-0.0385329
-0.0392072
-0.0181811
-0.0189212
-0.0196607
-0.0203993
-0.021137
-0.0218736
-0.0226089
-0.0233428
-0.0240752
-0.0248058
-0.0255345
-0.0262612
-0.0269857
-0.0277079
-0.0284276
-0.0291446
-0.0298588
-0.03057
-0.0312781
-0.031983
-0.0326844
-0.0333822
-0.0340763
-0.0347666
-0.0354528
-0.0361348
-0.0368125
-0.0374857
-0.0381543
-0.0388182
-0.0181021
-0.0188371
-0.0195713
-0.0203044
-0.0210365
-0.0217672
-0.0224966
-0.0232243
-0.0239504
-0.0246747
-0.0253969
-0.026117
-0.0268348
-0.0275502
-0.0282629
-0.028973
-0.0296802
-0.0303843
-0.0310853
-0.0317829
-0.0324771
-0.0331677
-0.0338546
-0.0345375
-0.0352164
-0.0358911
-0.0365615
-0.0372275
-0.0378889
-0.0385455
-0.0180909
-0.0188252
-0.0195583
-0.0202902
-0.0210205
-0.0217493
-0.0224764
-0.0232016
-0.0239249
-0.024646
-0.0253648
-0.0260813
-0.0267952
-0.0275064
-0.0282149
-0.0289203
-0.0296228
-0.030322
-0.0310178
-0.0317102
-0.032399
-0.033084
-0.0337652
-0.0344424
-0.0351154
-0.0357842
-0.0364486
-0.0371084
-0.0377637
-0.0384143
-0.0173558
-0.0180912
-0.0188254
-0.0195586
-0.0202904
-0.0210208
-0.0217496
-0.0224766
-0.0232019
-0.0239251
-0.0246462
-0.0253651
-0.0260815
-0.0267954
-0.0275066
-0.0282151
-0.0289206
-0.029623
-0.0303222
-0.031018
-0.0317104
-0.0323992
-0.0330842
-0.0337654
-0.0344426
-0.0351156
-0.0357844
-0.0364488
-0.0371086
-0.0377639
-0.0384145
-0.0173666
-0.0181023
-0.0188373
-0.0195715
-0.0203047
-0.0210367
-0.0217674
-0.0224968
-0.0232246
-0.0239506
-0.0246749
-0.0253971
-0.0261172
-0.026835
-0.0275504
-0.0282632
-0.0289732
-0.0296804
-0.0303845
-0.0310855
-0.0317832
-0.0324774
-0.0331679
-0.0338548
-0.0345377
-0.0352166
-0.0358913
-0.0365617
-0.0372277
-0.0378891
-0.0385457
-0.0174406
-0.0181813
-0.0189214
-0.0196609
-0.0203995
-0.0211372
-0.0218738
-0.0226091
-0.0233431
-0.0240754
-0.024806
-0.0255347
-0.0262614
-0.0269859
-0.0277081
-0.0284278
-0.0291448
-0.029859
-0.0305702
-0.0312783
-0.0319832
-0.0326846
-0.0333824
-0.0340765
-0.0347668
-0.035453
-0.036135
-0.0368127
-0.0374859
-0.0381545
-0.0388184
-0.0175525
-0.0183002
-0.0190477
-0.0197946
-0.0205409
-0.0212865
-0.0220311
-0.0227747
-0.023517
-0.0242579
-0.0249972
-0.0257349
-0.0264706
-0.0272043
-0.0279357
-0.0286648
-0.0293914
-0.0301153
-0.0308363
-0.0315543
-0.0322691
-0.0329806
-0.0336886
-0.0343929
-0.0350934
-0.0357899
-0.0364823
-0.0371703
-0.037854
-0.0385331
-0.0392074
-0.0177072
-0.0184651
-0.0192228
-0.0199802
-0.0207371
-0.0214935
-0.0222491
-0.0230037
-0.0237573
-0.0245096
-0.0252604
-0.0260097
-0.0267572
-0.0275028
-0.0282462
-0.0289874
-0.0297262
-0.0304623
-0.0311956
-0.031926
-0.0326533
-0.0333773
-0.0340979
-0.0348148
-0.0355279
-0.0362371
-0.0369422
-0.037643
-0.0383394
-0.0390312
-0.0397182
-0.017898
-0.0186684
-0.0194389
-0.0202093
-0.0209793
-0.0217489
-0.0225179
-0.0232861
-0.0240533
-0.0248194
-0.0255842
-0.0263476
-0.0271092
-0.0278691
-0.0286269
-0.0293826
-0.0301359
-0.0308867
-0.0316347
-0.0323799
-0.0331221
-0.033861
-0.0345966
-0.0353285
-0.0360568
-0.0367811
-0.0375013
-0.0382173
-0.0389289
-0.039636
-0.0403383
-0.0181228
-0.0189084
-0.0196943
-0.0204802
-0.0212659
-0.0220514
-0.0228363
-0.0236206
-0.024404
-0.0251865
-0.0259677
-0.0267476
-0.0275259
-0.0283025
-0.0290772
-0.0298498
-0.0306201
-0.031388
-0.0321533
-0.0329157
-0.0336752
-0.0344315
-0.0351844
-0.0359338
-0.0366795
-0.0374214
-0.0381592
-0.0388928
-0.039622
-0.0403466
-0.0410666
-0.0191812
-0.0199849
-0.0207888
-0.0215928
-0.0223965
-0.0231998
-0.0240027
-0.0248048
-0.0256059
-0.0264061
-0.0272049
-0.0280023
-0.028798
-0.029592
-0.0303839
-0.0311736
-0.031961
-0.0327458
-0.0335278
-0.034307
-0.035083
-0.0358557
-0.0366249
-0.0373905
-0.0381522
-0.0389099
-0.0396635
-0.0404126
-0.0411573
-0.0418972
-0.0194837
-0.0203078
-0.0211323
-0.0219569
-0.0227814
-0.0236056
-0.0244295
-0.0252527
-0.0260751
-0.0268965
-0.0277167
-0.0285356
-0.0293529
-0.0301685
-0.0309822
-0.0317937
-0.0326029
-0.0334097
-0.0342137
-0.0350149
-0.0358129
-0.0366078
-0.0373992
-0.038187
-0.038971
-0.039751
-0.0405269
-0.0412984
-0.0420654
-0.0428277
-0.0198127
-0.0206598
-0.0215074
-0.0223551
-0.0232029
-0.0240505
-0.0248978
-0.0257446
-0.0265907
-0.0274358
-0.0282799
-0.0291227
-0.029964
-0.0308036
-0.0316414
-0.0324771
-0.0333106
-0.0341416
-0.03497
-0.0357956
-0.0366182
-0.0374375
-0.0382535
-0.0390659
-0.0398745
-0.0406792
-0.0414797
-0.0422759
-0.0430677
-0.0438548
-0.0201653
-0.0210379
-0.0219111
-0.0227845
-0.0236581
-0.0245316
-0.0254049
-0.0262777
-0.0271499
-0.0280213
-0.0288917
-0.0297608
-0.0306285
-0.0314947
-0.032359
-0.0332213
-0.0340814
-0.0349392
-0.0357943
-0.0366467
-0.0374961
-0.0383424
-0.0391853
-0.0400247
-0.0408603
-0.041692
-0.0425196
-0.0433429
-0.0441618
-0.0449761
-0.0205385
-0.0214392
-0.0223406
-0.0232423
-0.0241442
-0.0250462
-0.0259479
-0.0268493
-0.0277502
-0.0286503
-0.0295494
-0.0304474
-0.031344
-0.0322391
-0.0331324
-0.0340238
-0.034913
-0.0357999
-0.0366842
-0.0375659
-0.0384446
-0.0393201
-0.0401924
-0.0410611
-0.0419262
-0.0427873
-0.0436444
-0.0444973
-0.0453457
-0.0461896
-0.0209294
-0.0218609
-0.022793
-0.0237256
-0.0246585
-0.0255915
-0.0265244
-0.0274569
-0.028389
-0.0293203
-0.0302507
-0.0311801
-0.0321081
-0.0330346
-0.0339594
-0.0348823
-0.0358032
-0.0367217
-0.0376377
-0.038551
-0.0394614
-0.0403688
-0.0412728
-0.0421734
-0.0430703
-0.0439634
-0.0448524
-0.0457372
-0.0466176
-0.0474935
-0.0213351
-0.0223001
-0.0232657
-0.0242319
-0.0251985
-0.0261651
-0.0271317
-0.028098
-0.0290639
-0.0300291
-0.0309934
-0.0319567
-0.0329187
-0.0338792
-0.0348381
-0.0357951
-0.03675
-0.0377026
-0.0386528
-0.0396003
-0.040545
-0.0414866
-0.0424249
-0.0433598
-0.0442911
-0.0452186
-0.0461419
-0.0470612
-0.0479761
-0.0488865
-0.0217528
-0.0227541
-0.0237561
-0.0247586
-0.0257615
-0.0267646
-0.0277676
-0.0287704
-0.0297728
-0.0307745
-0.0317754
-0.0327752
-0.0337738
-0.034771
-0.0357665
-0.0367601
-0.0377518
-0.0387411
-0.039728
-0.0407123
-0.0416938
-0.0426722
-0.0436473
-0.0446191
-0.0455873
-0.0465517
-0.0475119
-0.0484681
-0.0494201
-0.0503676
-0.0221798
-0.0232202
-0.0242614
-0.0253032
-0.0263453
-0.0273876
-0.0284298
-0.0294719
-0.0305135
-0.0315545
-0.0325946
-0.0336338
-0.0346717
-0.0357081
-0.036743
-0.037776
-0.0388069
-0.0398356
-0.0408619
-0.0418855
-0.0429064
-0.0439241
-0.0449387
-0.0459499
-0.0469574
-0.0479613
-0.0489607
-0.0499565
-0.0509482
-0.0519355
-0.0226133
-0.0236959
-0.0247792
-0.0258631
-0.0269474
-0.0280318
-0.0291162
-0.0302003
-0.0312841
-0.0323672
-0.0334494
-0.0345306
-0.0356106
-0.0366892
-0.0377661
-0.0388411
-0.0399142
-0.040985
-0.0420533
-0.0431191
-0.044182
-0.0452419
-0.0462986
-0.0473519
-0.0484016
-0.0494473
-0.0504884
-0.0515262
-0.0525604
-0.0535902
-0.0230505
-0.0241784
-0.025307
-0.0264361
-0.0275655
-0.0286951
-0.0298246
-0.0309539
-0.0320826
-0.0332107
-0.034338
-0.0354642
-0.0365891
-0.0377125
-0.0388343
-0.0399543
-0.0410721
-0.0421878
-0.0433009
-0.0444115
-0.0455192
-0.0466239
-0.0477254
-0.0488235
-0.0499181
-0.0510092
-0.0520973
-0.0531805
-0.0542587
-0.0553325
-0.0234889
-0.0246652
-0.0258423
-0.0270198
-0.0281976
-0.0293754
-0.0305531
-0.0317305
-0.0329074
-0.0340835
-0.0352588
-0.0364329
-0.0376057
-0.038777
-0.0399466
-0.0411144
-0.04228
-0.0434433
-0.0446042
-0.0457625
-0.0469179
-0.0480703
-0.0492196
-0.0503655
-0.0515078
-0.0526464
-0.0537813
-0.0549119
-0.056038
-0.0571597
-0.0239256
-0.0251539
-0.0263827
-0.0276119
-0.0288413
-0.0300706
-0.0312998
-0.0325285
-0.0337566
-0.034984
-0.0362103
-0.0374354
-0.0386592
-0.0398814
-0.0411018
-0.0423203
-0.0435366
-0.0447506
-0.0459621
-0.0471709
-0.0483768
-0.0495796
-0.0507793
-0.0519755
-0.0531681
-0.054357
-0.0555421
-0.0567232
-0.0578999
-0.0590723
-0.024358
-0.0256417
-0.0269259
-0.0282102
-0.0294946
-0.0307789
-0.0320628
-0.0333462
-0.0346288
-0.0359106
-0.0371912
-0.0384705
-0.0397484
-0.0410246
-0.0422989
-0.0435712
-0.0448413
-0.0461089
-0.047374
-0.0486363
-0.0498957
-0.051152
-0.052405
-0.0536546
-0.0549006
-0.0561427
-0.0573811
-0.0586155
-0.0598456
-0.0610714
-0.0247836
-0.0261264
-0.0274695
-0.0288126
-0.0301556
-0.0314982
-0.0328404
-0.0341819
-0.0355225
-0.036862
-0.0382003
-0.0395371
-0.0408723
-0.0422058
-0.0435372
-0.0448665
-0.0461934
-0.0475179
-0.0488397
-0.0501586
-0.0514745
-0.0527873
-0.0540967
-0.0554027
-0.0567049
-0.0580033
-0.0592979
-0.0605885
-0.0618749
-0.063157
-0.0251996
-0.0266054
-0.0280113
-0.0294169
-0.0308222
-0.032227
-0.033631
-0.0350341
-0.0364362
-0.037837
-0.0392364
-0.0406342
-0.0420301
-0.0434242
-0.044816
-0.0462056
-0.0475927
-0.0489772
-0.0503589
-0.0517376
-0.0531132
-0.0544855
-0.0558545
-0.0572198
-0.0585814
-0.059939
-0.0612928
-0.0626427
-0.0639883
-0.0653297
-0.0256035
-0.0270764
-0.028549
-0.0300211
-0.0314926
-0.0329633
-0.034433
-0.0359016
-0.0373688
-0.0388346
-0.0402986
-0.0417609
-0.0432211
-0.0446792
-0.0461349
-0.0475882
-0.0490388
-0.0504866
-0.0519315
-0.0533732
-0.0548118
-0.0562469
-0.0576785
-0.0591065
-0.0605306
-0.0619502
-0.0633663
-0.0647786
-0.0661867
-0.0675904
-0.0259927
-0.0275369
-0.0290804
-0.0306232
-0.032165
-0.0337056
-0.035245
-0.0367828
-0.0383191
-0.0398536
-0.0413861
-0.0429165
-0.0444447
-0.0459704
-0.0474936
-0.049014
-0.0505316
-0.0520461
-0.0535576
-0.0550657
-0.0565705
-0.0580717
-0.0595693
-0.0610632
-0.0625533
-0.0640371
-0.0655184
-0.0669965
-0.0684703
-0.0699394
-0.0263646
-0.0279846
-0.0296035
-0.0312212
-0.0328375
-0.0344524
-0.0360655
-0.0376768
-0.0392861
-0.0408933
-0.0424981
-0.0441006
-0.0457004
-0.0472975
-0.0488918
-0.050483
-0.0520711
-0.053656
-0.0552375
-0.0568154
-0.0583898
-0.0599604
-0.0615272
-0.0630899
-0.0646484
-0.0662017
-0.0677517
-0.0692983
-0.0708407
-0.0723785
-0.0267167
-0.0284172
-0.0301161
-0.0318133
-0.0335087
-0.0352021
-0.0368933
-0.0385823
-0.0402688
-0.0419528
-0.0436341
-0.0453126
-0.046988
-0.0486604
-0.0503296
-0.0519954
-0.0536577
-0.0553165
-0.0569715
-0.0586228
-0.0602701
-0.0619133
-0.0635524
-0.0651872
-0.0668177
-0.0684472
-0.0700707
-0.0716884
-0.0733014
-0.0749101
-0.0270464
-0.0288323
-0.0306162
-0.0323977
-0.0341768
-0.0359534
-0.0377273
-0.0394984
-0.0412666
-0.0430317
-0.0447937
-0.0465523
-0.0483075
-0.0500592
-0.0518073
-0.0535516
-0.0552921
-0.0570286
-0.0587611
-0.0604895
-0.0622137
-0.0639336
-0.0656492
-0.0673605
-0.0690672
-0.0707704
-0.0724683
-0.0741611
-0.0758494
-0.0775332
-0.0273511
-0.0292278
-0.0311016
-0.0329725
-0.0348404
-0.036705
-0.0385664
-0.0404243
-0.0422787
-0.0441295
-0.0459765
-0.0478197
-0.0496589
-0.0514941
-0.0533252
-0.055152
-0.0569746
-0.0587927
-0.0606065
-0.0624157
-0.0642203
-0.0660203
-0.0678156
-0.0696061
-0.0713915
-0.0731729
-0.0749495
-0.0767212
-0.078488
-0.0802501
-0.0276282
-0.0296012
-0.0315705
-0.0335361
-0.0354979
-0.0374557
-0.0394095
-0.0413592
-0.0433047
-0.0452458
-0.0471826
-0.0491148
-0.0510425
-0.0529655
-0.0548839
-0.0567974
-0.0587062
-0.06061
-0.0625089
-0.0644028
-0.0662917
-0.0681755
-0.0700542
-0.0719278
-0.0737955
-0.0756591
-0.0775178
-0.0793715
-0.0812201
-0.0830636
-0.0278752
-0.0299503
-0.0320209
-0.0340868
-0.036148
-0.0382044
-0.0402559
-0.0423025
-0.0443441
-0.0463805
-0.0484118
-0.0504379
-0.0524587
-0.0544741
-0.0564842
-0.0584888
-0.060488
-0.0624816
-0.0644698
-0.0664525
-0.0684296
-0.0704012
-0.0723672
-0.0743274
-0.0762804
-0.0782296
-0.0801743
-0.0821136
-0.0840472
-0.0859755
-0.0280894
-0.0302728
-0.0324507
-0.0346229
-0.0367893
-0.03895
-0.0411048
-0.0432537
-0.0453967
-0.0475336
-0.0496646
-0.0517894
-0.0539081
-0.0560206
-0.058127
-0.0602272
-0.0623212
-0.0644091
-0.0664908
-0.0685663
-0.0706358
-0.0726994
-0.0747571
-0.076809
-0.0788486
-0.0808864
-0.0829207
-0.0849491
-0.0869714
-0.0889879
-0.0282681
-0.0305665
-0.0328581
-0.0351428
-0.0374206
-0.0396915
-0.0419554
-0.0442124
-0.0464624
-0.0487053
-0.0509412
-0.05317
-0.0553916
-0.0576062
-0.0598138
-0.0620142
-0.0642076
-0.0663939
-0.0685732
-0.0707456
-0.0729111
-0.0750697
-0.0772215
-0.079366
-0.0815033
-0.0836353
-0.0857617
-0.087882
-0.089996
-0.0921039
-0.0284087
-0.0308289
-0.033241
-0.0356449
-0.0380405
-0.040428
-0.0428073
-0.0451784
-0.0475413
-0.0498959
-0.0522423
-0.0545805
-0.0569105
-0.0592323
-0.061546
-0.0638515
-0.066149
-0.0684385
-0.07072
-0.0729935
-0.075259
-0.0775166
-0.0797661
-0.0820075
-0.0842494
-0.0864807
-0.0887023
-0.0909168
-0.0931252
-0.0953274
-0.0285082
-0.0310576
-0.0335975
-0.0361276
-0.038648
-0.0411588
-0.04366
-0.0461515
-0.0486335
-0.0511058
-0.0535686
-0.056022
-0.0584658
-0.0609003
-0.0633255
-0.0657414
-0.0681481
-0.0705457
-0.0729343
-0.075314
-0.077685
-0.0800473
-0.0824011
-0.084746
-0.0870858
-0.0894163
-0.0917379
-0.0940519
-0.096359
-0.0986593
-0.0285636
-0.0312503
-0.0339255
-0.0365893
-0.0392418
-0.041883
-0.0445129
-0.0471317
-0.0497393
-0.0523357
-0.0549212
-0.0574957
-0.0600593
-0.0626121
-0.0651542
-0.0676858
-0.0702069
-0.0727176
-0.0752182
-0.0777087
-0.0801893
-0.08266
-0.0851209
-0.0875708
-0.0900143
-0.0924493
-0.0948754
-0.0972928
-0.0997022
-0.102104
-0.028572
-0.0314041
-0.034223
-0.0370284
-0.0398206
-0.0425998
-0.0453658
-0.0481189
-0.0508591
-0.0535864
-0.056301
-0.059003
-0.0616924
-0.0643695
-0.0670344
-0.0696871
-0.072328
-0.0749571
-0.0775747
-0.080181
-0.0827761
-0.08536
-0.0879324
-0.0904899
-0.093042
-0.0955862
-0.0981205
-0.100645
-0.103159
-0.105666
-0.0285301
-0.0315166
-0.0344876
-0.0374432
-0.0403834
-0.0433084
-0.0462184
-0.0491134
-0.0519934
-0.0548587
-0.0577094
-0.0605455
-0.0633673
-0.0661748
-0.0689684
-0.0717482
-0.0745143
-0.0772671
-0.0800069
-0.0827341
-0.0854492
-0.088153
-0.090846
-0.0935108
-0.0961741
-0.0988308
-0.101476
-0.10411
-0.106734
-0.109348
-0.0284344
-0.0315847
-0.0347171
-0.0378318
-0.0409287
-0.0440082
-0.0470703
-0.0501152
-0.053143
-0.0561538
-0.0591478
-0.0621251
-0.065086
-0.0680307
-0.0709593
-0.073872
-0.0767691
-0.0796509
-0.0825175
-0.0853691
-0.0882059
-0.0910278
-0.093834
-0.096633
-0.0994181
-0.10219
-0.104949
-0.107696
-0.110432
-0.113157
-0.0316054
-0.0349091
-0.0381923
-0.0414553
-0.0446983
-0.0479214
-0.0511247
-0.0543084
-0.0574728
-0.0606179
-0.0637439
-0.0668512
-0.0699399
-0.0730103
-0.0760625
-0.0790969
-0.0821137
-0.0851132
-0.0880954
-0.0910604
-0.0940084
-0.0969388
-0.0998684
-0.102777
-0.105667
-0.108543
-0.111407
-0.114258
-0.117096
-0.0315754
-0.0350608
-0.0385228
-0.0419618
-0.0453779
-0.0487713
-0.0521421
-0.0554906
-0.058817
-0.0621214
-0.0654041
-0.0686654
-0.0719056
-0.0751249
-0.0783236
-0.081502
-0.0846605
-0.0877993
-0.0909189
-0.0940194
-0.0971014
-0.100163
-0.103215
-0.106248
-0.109263
-0.112262
-0.115246
-0.118215
-0.121171
-0.0314911
-0.0351694
-0.0388211
-0.0424465
-0.046046
-0.0496196
-0.0531677
-0.0566903
-0.0601877
-0.0636602
-0.0671081
-0.0705315
-0.0739309
-0.0773066
-0.0806589
-0.0839883
-0.087295
-0.0905796
-0.0938424
-0.0970834
-0.100303
-0.103495
-0.106676
-0.109841
-0.112986
-0.116112
-0.11922
-0.122311
-0.125387
-0.0313488
-0.0352317
-0.0390846
-0.0429078
-0.0467016
-0.0504661
-0.0542016
-0.0579083
-0.0615865
-0.0652363
-0.0688582
-0.0724524
-0.0760193
-0.0795592
-0.0830726
-0.0865599
-0.0900217
-0.0934586
-0.0968713
-0.100261
-0.103627
-0.106949
-0.110265
-0.113566
-0.116844
-0.1201
-0.123336
-0.126552
-0.129751
-0.0311442
-0.0352444
-0.0393107
-0.0433437
-0.0473434
-0.0513102
-0.0552442
-0.0591456
-0.0630148
-0.0668519
-0.0706573
-0.0744314
-0.0781744
-0.0818869
-0.0855692
-0.0892217
-0.092845
-0.0964395
-0.100006
-0.103546
-0.107058
-0.110535
-0.113996
-0.117433
-0.120846
-0.124235
-0.127601
-0.130946
-0.13427
-0.0308727
-0.0352036
-0.0394966
-0.043752
-0.0479702
-0.0521514
-0.0562955
-0.060403
-0.0644741
-0.0685091
-0.0725082
-0.0764719
-0.0804006
-0.0842946
-0.0881543
-0.0919801
-0.0957723
-0.099531
-0.103256
-0.106946
-0.110599
-0.114257
-0.117872
-0.12145
-0.125
-0.128524
-0.132024
-0.135499
-0.13895
-0.0305293
-0.0351053
-0.0396388
-0.0441304
-0.0485804
-0.0529887
-0.0573556
-0.0616813
-0.0659661
-0.0702101
-0.0744139
-0.0785777
-0.082702
-0.0867872
-0.0908338
-0.0948422
-0.0988129
-0.102746
-0.106642
-0.1105
-0.114318
-0.11812
-0.121885
-0.125612
-0.129308
-0.132973
-0.13661
-0.140219
-0.1438
-0.0301087
-0.0349448
-0.0397338
-0.0444761
-0.0491719
-0.0538213
-0.0584243
-0.0629812
-0.0674921
-0.0719574
-0.0763773
-0.0807523
-0.0850828
-0.0893693
-0.0936125
-0.097813
-0.101972
-0.106089
-0.110165
-0.114196
-0.118165
-0.122121
-0.126047
-0.129933
-0.133779
-0.137591
-0.141368
-0.145114
-0.148827
-0.0296049
-0.0347172
-0.0397774
-0.0447859
-0.0497427
-0.0546479
-0.0595013
-0.0643032
-0.0690537
-0.0737531
-0.0784016
-0.0829996
-0.0875475
-0.0920457
-0.096495
-0.100896
-0.105251
-0.109562
-0.113835
-0.118081
-0.122186
-0.1263
-0.130388
-0.13443
-0.13843
-0.142389
-0.14631
-0.150194
-0.154041
-0.0290113
-0.034417
-0.0397652
-0.0450563
-0.0502903
-0.0554669
-0.0605861
-0.0656479
-0.0706524
-0.0755997
-0.0804901
-0.0853238
-0.0901012
-0.0948225
-0.099488
-0.104098
-0.108652
-0.113147
-0.117579
-0.121936
-0.126341
-0.130659
-0.134908
-0.139108
-0.143264
-0.147376
-0.151443
-0.155468
-0.159452
-0.028321
-0.034038
-0.039692
-0.0452834
-0.0508116
-0.0562765
-0.0616778
-0.0670154
-0.0722893
-0.0774995
-0.0826461
-0.0877293
-0.0927495
-0.0977069
-0.102602
-0.107434
-0.112204
-0.116911
-0.121555
-0.126131
-0.130695
-0.135187
-0.13961
-0.143979
-0.148296
-0.152563
-0.15678
-0.160948
-0.165069
-0.027526
-0.0335734
-0.0395523
-0.0454624
-0.0513033
-0.0570744
-0.0627753
-0.0684057
-0.0739655
-0.0794545
-0.0848727
-0.0902203
-0.0954974
-0.100704
-0.105842
-0.110911
-0.115913
-0.120845
-0.125706
-0.130468
-0.135208
-0.139892
-0.144503
-0.149049
-0.153534
-0.157961
-0.16233
-0.166644
-0.170903
-0.026618
-0.033016
-0.0393395
-0.0455883
-0.0517613
-0.0578577
-0.0638769
-0.0698184
-0.0756818
-0.0814667
-0.0871729
-0.0928005
-0.0983494
-0.10382
-0.109213
-0.114529
-0.119772
-0.12495
-0.130077
-0.135007
-0.139937
-0.144814
-0.149612
-0.154337
-0.158993
-0.163583
-0.168107
-0.172568
-0.176967
-0.0255877
-0.0323574
-0.0390468
-0.0456551
-0.052181
-0.0586231
-0.0649806
-0.0712526
-0.0774386
-0.0835378
-0.0895498
-0.0954744
-0.101311
-0.10706
-0.112721
-0.118292
-0.123769
-0.129147
-0.134407
-0.139711
-0.144889
-0.149958
-0.154944
-0.159853
-0.164686
-0.169442
-0.174124
-0.178734
-0.183273
-0.0244251
-0.0315887
-0.0386663
-0.0456563
-0.0525569
-0.0593665
-0.0660836
-0.0727071
-0.079236
-0.0856693
-0.0920063
-0.0982465
-0.104389
-0.110434
-0.116381
-0.122228
-0.127974
-0.133618
-0.139144
-0.144652
-0.150046
-0.155326
-0.160513
-0.165614
-0.170627
-0.175554
-0.180396
-0.185156
-0.189836
-0.0231191
-0.0306999
-0.0381891
-0.0455843
-0.0528831
-0.0600831
-0.0671826
-0.0741799
-0.0810735
-0.0878621
-0.0945447
-0.10112
-0.107588
-0.113948
-0.1202
-0.126345
-0.132381
-0.138309
-0.144069
-0.149795
-0.155423
-0.160931
-0.166331
-0.17163
-0.17683
-0.181932
-0.186938
-0.19185
-0.196671
-0.0216566
-0.0296789
-0.0376044
-0.0454297
-0.0531513
-0.0607665
-0.0682727
-0.0756678
-0.0829495
-0.0901163
-0.0971665
-0.104099
-0.110912
-0.117606
-0.124179
-0.130631
-0.136969
-0.143197
-0.149227
-0.155205
-0.161069
-0.166804
-0.172421
-0.177925
-0.183317
-0.188597
-0.193769
-0.198834
-0.203796
-0.0200299
-0.0285194
-0.0369074
-0.045189
-0.0533601
-0.061417
-0.0693563
-0.0771749
-0.0848702
-0.0924398
-0.0998816
-0.107194
-0.114375
-0.121423
-0.128336
-0.135104
-0.141715
-0.148134
-0.154606
-0.160888
-0.166994
-0.172962
-0.178805
-0.18452
-0.190108
-0.195571
-0.20091
-0.206129
-0.211231
-0.018235
-0.0272164
-0.036092
-0.0448558
-0.0535026
-0.0620277
-0.0704265
-0.0786952
-0.0868301
-0.0948281
-0.102687
-0.110403
-0.117976
-0.125405
-0.132689
-0.139825
-0.146807
-0.153548
-0.160263
-0.166816
-0.173192
-0.179415
-0.185495
-0.19143
-0.197222
-0.202871
-0.208381
-0.213755
-0.218995
-0.0160731
-0.0255818
-0.0349809
-0.0442632
-0.0534222
-0.0624519
-0.0713466
-0.0801013
-0.0887112
-0.0971723
-0.105481
-0.113634
-0.121629
-0.129466
-0.137148
-0.144682
-0.152079
-0.159144
-0.166153
-0.172995
-0.179653
-0.186146
-0.192476
-0.198643
-0.204647
-0.210491
-0.216177
-0.22171
-0.22709
-0.0142091
-0.0242569
-0.0341934
-0.0440091
-0.0536954
-0.0632447
-0.0726496
-0.0819037
-0.0910008
-0.0999355
-0.108703
-0.117298
-0.125717
-0.133956
-0.142007
-0.149855
-0.157454
-0.165148
-0.172524
-0.179641
-0.18657
-0.193322
-0.199893
-0.206281
-0.212487
-0.218513
-0.224363
-0.23004
-0.235546
-0.0390602
-0.0397009
-0.0403365
-0.0409669
-0.041592
-0.0422116
-0.0428256
-0.043434
-0.0440366
-0.0446333
-0.045224
-0.0458087
-0.0463871
-0.0469593
-0.0475251
-0.0480844
-0.0486371
-0.0491832
-0.0391974
-0.0398441
-0.0404857
-0.041122
-0.041753
-0.0423784
-0.0429982
-0.0436123
-0.0442204
-0.0448226
-0.0454187
-0.0460085
-0.0465921
-0.0471691
-0.0477397
-0.0483036
-0.0488608
-0.0494111
-0.0394774
-0.0401313
-0.0407801
-0.0414236
-0.0420617
-0.0426941
-0.043321
-0.0439419
-0.044557
-0.045166
-0.0457688
-0.0463654
-0.0469555
-0.0475392
-0.0481162
-0.0486865
-0.04925
-0.0498065
-0.0398769
-0.0405413
-0.0412005
-0.0418544
-0.0425029
-0.0431458
-0.0437829
-0.0444142
-0.0450395
-0.0456588
-0.0462717
-0.0468783
-0.0474785
-0.0480721
-0.0486589
-0.049239
-0.0498122
-0.0404004
-0.0410775
-0.0417495
-0.0424161
-0.0430772
-0.0437327
-0.0443824
-0.0450262
-0.045664
-0.0462957
-0.0469211
-0.04754
-0.0481525
-0.0487583
-0.0493573
-0.0499495
-0.0505347
-0.0410357
-0.0417281
-0.0424153
-0.0430971
-0.0437734
-0.0444441
-0.0451091
-0.0457681
-0.046421
-0.0470678
-0.0477082
-0.0483422
-0.0489697
-0.0495904
-0.0502044
-0.0508114
-0.0514114
-0.0417816
-0.0424917
-0.0431965
-0.0438959
-0.0445899
-0.0452782
-0.0459608
-0.0466374
-0.0473079
-0.0479722
-0.0486301
-0.0492816
-0.0499265
-0.0505646
-0.0511959
-0.0518203
-0.0524376
-0.0426323
-0.0433624
-0.0440872
-0.0448068
-0.0455208
-0.0462292
-0.0469317
-0.0476283
-0.0483189
-0.0490032
-0.0496811
-0.0503526
-0.0510174
-0.0516755
-0.0523267
-0.052971
-0.0536082
-0.0435852
-0.0443377
-0.045085
-0.045827
-0.0465634
-0.0472943
-0.0480193
-0.0487383
-0.0494513
-0.0501581
-0.0508585
-0.0515523
-0.0522396
-0.0529201
-0.0535938
-0.0542604
-0.05492
-0.0446371
-0.0454144
-0.0461865
-0.0469533
-0.0477146
-0.0484703
-0.0492202
-0.0499641
-0.050702
-0.0514336
-0.0521589
-0.0528777
-0.0535899
-0.0542953
-0.0549939
-0.0556855
-0.05637
-0.0457856
-0.0465901
-0.0473894
-0.0481835
-0.0489721
-0.049755
-0.0505322
-0.0513035
-0.0520687
-0.0528277
-0.0535804
-0.0543266
-0.0550662
-0.055799
-0.0565251
-0.0572441
-0.0579561
-0.0470286
-0.0478628
-0.0486918
-0.0495155
-0.0503338
-0.0511465
-0.0519535
-0.0527546
-0.0535496
-0.0543385
-0.055121
-0.0558971
-0.0566666
-0.0574295
-0.0581855
-0.0589346
-0.0596767
-0.0483646
-0.0492309
-0.050092
-0.0509479
-0.0517984
-0.0526433
-0.0534825
-0.0543159
-0.0551433
-0.0559645
-0.0567795
-0.057588
-0.05839
-0.0591854
-0.059974
-0.0607557
-0.0615305
-0.0497922
-0.050693
-0.0515888
-0.0524793
-0.0533645
-0.0542442
-0.0551182
-0.0559864
-0.0568487
-0.0577048
-0.0585548
-0.0593983
-0.0602355
-0.061066
-0.0618898
-0.0627068
-0.0635169
-0.0513104
-0.0522483
-0.0531812
-0.054109
-0.0550315
-0.0559484
-0.0568598
-0.0577654
-0.0586651
-0.0595588
-0.0604463
-0.0613275
-0.0622024
-0.0630707
-0.0639324
-0.0647873
-0.0656355
-0.052918
-0.0538957
-0.0548684
-0.0558361
-0.0567984
-0.0577553
-0.0587067
-0.0596523
-0.0605921
-0.061526
-0.0624537
-0.0633753
-0.0642905
-0.0651993
-0.0661016
-0.0669973
-0.0678863
-0.0546152
-0.0556353
-0.0566505
-0.0576605
-0.0586654
-0.0596648
-0.0606588
-0.0616471
-0.0626297
-0.0636064
-0.0645771
-0.0655417
-0.0665
-0.0674521
-0.0683977
-0.0693369
-0.0702694
-0.056402
-0.0574669
-0.058527
-0.059582
-0.060632
-0.0616766
-0.0627159
-0.0637496
-0.0647777
-0.0658
-0.0668163
-0.0678267
-0.068831
-0.0698292
-0.070821
-0.0718065
-0.0727855
-0.0582771
-0.0593897
-0.0604976
-0.0616005
-0.0626984
-0.063791
-0.0648784
-0.0659602
-0.0670366
-0.0681072
-0.0691721
-0.0702311
-0.0712841
-0.0723311
-0.073372
-0.0744067
-0.0754351
-0.0602402
-0.0614035
-0.0625621
-0.0637157
-0.0648644
-0.0660079
-0.0671462
-0.0682791
-0.0694065
-0.0705284
-0.0716446
-0.0727552
-0.0738599
-0.0749587
-0.0760515
-0.0771384
-0.0782192
-0.0622927
-0.0635095
-0.0647215
-0.0659287
-0.067131
-0.0683281
-0.0695202
-0.070707
-0.0718884
-0.0730644
-0.0742349
-0.0753998
-0.0765591
-0.0777127
-0.0788605
-0.0800026
-0.0811387
-0.0644347
-0.0657078
-0.0669762
-0.0682398
-0.0694986
-0.0707523
-0.0720011
-0.0732447
-0.074483
-0.0757161
-0.0769438
-0.0781661
-0.0793829
-0.0805943
-0.0818001
-0.0830003
-0.0841949
-0.0666666
-0.067999
-0.0693268
-0.0706498
-0.071968
-0.0732813
-0.0745897
-0.0758931
-0.0771913
-0.0784844
-0.0797723
-0.081055
-0.0823324
-0.0836045
-0.0848713
-0.0861328
-0.087389
-0.0689896
-0.0703843
-0.0717743
-0.0731597
-0.0745404
-0.0759163
-0.0772872
-0.0786533
-0.0800144
-0.0813706
-0.0827217
-0.0840677
-0.0854087
-0.0867447
-0.0880756
-0.0894014
-0.0907223
-0.071404
-0.0728641
-0.0743196
-0.0757705
-0.0772166
-0.078658
-0.0800947
-0.0815265
-0.0829536
-0.0843757
-0.0857931
-0.0872056
-0.0886133
-0.0900161
-0.0914142
-0.0928076
-0.0941962
-0.0739117
-0.0754402
-0.0769642
-0.0784836
-0.0799983
-0.0815083
-0.0830136
-0.0845143
-0.0860102
-0.0875015
-0.0889881
-0.0904701
-0.0919475
-0.0934204
-0.0948887
-0.0963527
-0.0978123
-0.0765146
-0.0781145
-0.0797099
-0.0813006
-0.0828868
-0.0844684
-0.0860454
-0.0876179
-0.0891858
-0.0907492
-0.0923081
-0.0938627
-0.0954129
-0.0969588
-0.0985006
-0.100038
-0.101572
-0.0792125
-0.0808872
-0.0825572
-0.0842227
-0.0858836
-0.0875399
-0.0891917
-0.090839
-0.0924819
-0.0941205
-0.0957548
-0.097385
-0.099011
-0.100633
-0.102251
-0.103866
-0.105477
-0.0820075
-0.0837602
-0.0855081
-0.0872514
-0.0889901
-0.0907243
-0.092454
-0.0941793
-0.0959002
-0.097617
-0.0993298
-0.101038
-0.102743
-0.104445
-0.106142
-0.107837
-0.109528
-0.0849023
-0.086736
-0.088565
-0.0903893
-0.0922088
-0.0940239
-0.0958345
-0.0976407
-0.0994428
-0.101241
-0.103035
-0.104825
-0.106612
-0.108395
-0.110175
-0.111953
-0.113727
-0.0878987
-0.0898168
-0.0917299
-0.0936382
-0.0955418
-0.0974407
-0.0993352
-0.101225
-0.103111
-0.104994
-0.106872
-0.108747
-0.110618
-0.112487
-0.114352
-0.116215
-0.118076
-0.0909988
-0.0930045
-0.095005
-0.0970005
-0.098991
-0.100977
-0.102958
-0.104935
-0.106908
-0.108877
-0.110843
-0.112805
-0.114764
-0.11672
-0.118674
-0.120625
-0.122575
-0.0942059
-0.0963023
-0.0983932
-0.100479
-0.102559
-0.104635
-0.106706
-0.108773
-0.110836
-0.112895
-0.11495
-0.117002
-0.119051
-0.121098
-0.123142
-0.125185
-0.127226
-0.0975234
-0.0997134
-0.101898
-0.104076
-0.10625
-0.108418
-0.110582
-0.112741
-0.114896
-0.117047
-0.119195
-0.121339
-0.123481
-0.125621
-0.127759
-0.129895
-0.13203
-0.100953
-0.10324
-0.105521
-0.107795
-0.110064
-0.112328
-0.114587
-0.116841
-0.119091
-0.121337
-0.12358
-0.12582
-0.128057
-0.130292
-0.132525
-0.134757
-0.136988
-0.104498
-0.106885
-0.109265
-0.111639
-0.114007
-0.116369
-0.118725
-0.121077
-0.123424
-0.125768
-0.128108
-0.130444
-0.132779
-0.135111
-0.137442
-0.139772
-0.142101
-0.108164
-0.110654
-0.113136
-0.115612
-0.118081
-0.120543
-0.123
-0.125452
-0.127898
-0.130341
-0.13278
-0.135216
-0.137649
-0.14008
-0.142511
-0.14494
-0.14737
-0.111953
-0.114549
-0.117137
-0.119717
-0.122289
-0.124854
-0.127414
-0.129967
-0.132516
-0.135059
-0.137599
-0.140136
-0.14267
-0.145202
-0.147733
-0.150263
-0.152794
-0.115871
-0.118576
-0.121271
-0.123958
-0.126636
-0.129307
-0.13197
-0.134628
-0.137279
-0.139926
-0.142568
-0.145207
-0.147843
-0.150477
-0.153109
-0.155742
-0.158375
-0.119923
-0.122739
-0.125545
-0.12834
-0.131126
-0.133904
-0.136673
-0.139436
-0.142192
-0.144943
-0.147689
-0.15043
-0.153169
-0.155906
-0.158641
-0.161376
-0.164112
-0.124113
-0.127043
-0.129961
-0.132867
-0.135763
-0.13865
-0.141527
-0.144396
-0.147258
-0.150113
-0.152963
-0.155809
-0.158651
-0.16149
-0.164328
-0.167166
-0.170004
-0.128448
-0.131494
-0.134526
-0.137545
-0.140553
-0.143549
-0.146535
-0.149512
-0.15248
-0.155441
-0.158395
-0.161344
-0.16429
-0.167232
-0.170172
-0.173111
-0.176051
-0.132932
-0.136096
-0.139245
-0.142379
-0.145499
-0.148606
-0.151702
-0.154786
-0.157861
-0.160928
-0.163986
-0.167039
-0.170087
-0.17313
-0.176172
-0.179212
-0.182253
-0.137573
-0.140858
-0.144125
-0.147374
-0.150608
-0.153827
-0.157032
-0.160225
-0.163406
-0.166577
-0.16974
-0.172894
-0.176043
-0.179187
-0.182328
-0.185467
-0.142379
-0.145785
-0.149171
-0.152537
-0.155885
-0.159216
-0.162531
-0.165831
-0.169118
-0.172393
-0.175657
-0.178913
-0.182161
-0.185403
-0.188641
-0.191876
-0.147355
-0.150885
-0.154391
-0.157875
-0.161337
-0.164779
-0.168203
-0.17161
-0.175001
-0.178378
-0.181742
-0.185096
-0.18844
-0.191777
-0.195109
-0.198437
-0.152511
-0.156165
-0.159792
-0.163393
-0.16697
-0.170523
-0.174054
-0.177566
-0.181059
-0.184535
-0.187997
-0.191445
-0.194883
-0.198311
-0.201732
-0.205148
-0.157855
-0.161635
-0.165383
-0.169101
-0.17279
-0.176453
-0.18009
-0.183704
-0.187297
-0.190869
-0.194424
-0.197963
-0.201489
-0.205003
-0.208508
-0.212007
-0.163396
-0.167301
-0.171171
-0.175005
-0.178806
-0.182577
-0.186317
-0.190031
-0.193719
-0.197383
-0.201027
-0.204652
-0.20826
-0.211854
-0.215437
-0.219011
-0.169144
-0.173176
-0.177165
-0.181115
-0.185026
-0.188901
-0.192742
-0.19655
-0.20033
-0.204081
-0.207808
-0.211512
-0.215197
-0.218864
-0.222517
-0.226158
-0.175111
-0.179268
-0.183376
-0.187439
-0.191457
-0.195434
-0.19937
-0.20327
-0.207135
-0.210968
-0.214771
-0.218547
-0.2223
-0.226032
-0.229746
-0.233445
-0.181306
-0.185588
-0.189815
-0.193988
-0.19811
-0.202184
-0.206212
-0.210196
-0.21414
-0.218047
-0.221919
-0.225759
-0.22957
-0.233357
-0.237122
-0.240868
-0.187745
-0.19215
-0.196491
-0.200772
-0.204994
-0.20916
-0.213274
-0.217337
-0.221353
-0.225325
-0.229256
-0.23315
-0.23701
-0.240839
-0.244642
-0.248423
-0.194439
-0.198966
-0.20342
-0.207804
-0.212121
-0.216374
-0.220566
-0.2247
-0.228779
-0.232806
-0.236786
-0.240723
-0.244618
-0.248478
-0.252305
-0.256105
-0.201404
-0.20605
-0.210614
-0.215097
-0.219504
-0.223836
-0.228098
-0.232294
-0.236426
-0.240498
-0.244515
-0.24848
-0.252397
-0.256271
-0.260107
-0.263908
-0.208657
-0.21342
-0.218088
-0.222665
-0.227154
-0.231558
-0.235881
-0.240127
-0.2443
-0.248404
-0.252443
-0.256421
-0.260344
-0.264215
-0.26804
-0.271824
-0.216218
-0.221093
-0.225861
-0.230523
-0.235085
-0.23955
-0.243923
-0.248206
-0.252405
-0.256525
-0.260568
-0.264542
-0.26845
-0.272297
-0.276089
-0.279832
-0.224105
-0.229089
-0.233948
-0.238689
-0.243314
-0.247829
-0.252237
-0.256543
-0.260752
-0.264868
-0.268898
-0.272845
-0.276716
-0.280515
-0.284248
-0.287922
-0.232323
-0.237412
-0.24236
-0.247173
-0.251854
-0.256408
-0.260841
-0.265158
-0.269363
-0.273462
-0.277461
-0.281366
-0.285181
-0.288913
-0.292567
-0.296149
-0.240887
-0.246066
-0.251087
-0.255955
-0.260677
-0.265256
-0.269698
-0.27401
-0.278196
-0.282264
-0.286219
-0.290067
-0.293814
-0.297466
-0.30103
-0.304509
)
;

boundaryField
{
    inlet
    {
        type            zeroGradient;
    }
    outlet
    {
        type            fixedValue;
        value           nonuniform 0();
    }
    cylinder
    {
        type            zeroGradient;
    }
    top
    {
        type            symmetryPlane;
    }
    bottom
    {
        type            symmetryPlane;
    }
    defaultFaces
    {
        type            empty;
    }
    procBoundary1to0
    {
        type            processor;
        value           nonuniform List<scalar> 
261
(
0.0077928
-0.00405986
0.0077928
0.0109193
0.0109193
0.0144572
0.0144572
0.018791
0.018791
0.0317045
0.0368607
0.0368607
0.0421206
0.0421206
0.056708
0.0629387
0.0629387
0.0784337
0.0856618
0.0856618
0.092974
0.092974
0.110304
0.11861
0.11861
0.136854
0.155005
0.165263
0.165263
0.184229
0.195443
0.195443
0.215154
0.227278
0.227278
0.247633
0.267655
0.281514
0.281514
0.301951
0.321933
0.337342
0.337342
0.357444
0.376957
0.395845
0.412972
0.412972
0.431508
0.449282
0.466262
0.482415
0.500297
0.500297
0.515447
0.529641
0.54285
0.555049
0.566215
0.576327
0.585365
0.593311
0.606835
0.606835
0.612796
0.617579
0.621175
0.623576
0.624778
0.624778
0.623576
0.621175
0.617579
0.612796
0.606834
0.606834
0.593311
0.585365
0.576327
0.566215
0.555049
0.54285
0.529641
0.515447
0.500297
0.500297
0.482414
0.466262
0.449282
0.431508
0.412972
0.412972
0.395845
0.376957
0.357443
0.357443
0.341421
0.321932
0.301951
0.281513
0.281513
0.267654
0.247633
0.227278
0.227278
0.215154
0.195443
0.195443
0.184229
0.165262
0.165262
0.155004
0.136853
0.118609
0.118609
0.110303
0.110303
0.10206
0.0856611
0.0856611
0.078433
0.062938
0.062938
0.0567073
0.0421198
0.0421198
0.0368599
0.0368599
0.0317037
0.0317037
0.0266557
0.0144564
0.0144564
0.0109185
0.0109185
0.00779207
0.00779207
-0.00406059
-0.00405986
-0.00646186
-0.009153
-0.0114421
-0.013539
-0.0154473
-0.0171755
-0.0187376
-0.0201453
-0.0214096
-0.0225406
-0.0235479
-0.02444
-0.0252251
-0.0259105
-0.0265032
-0.0270095
-0.0274352
-0.0277857
-0.028066
-0.0282806
-0.0284338
-0.0285296
-0.0285715
-0.0285631
-0.0285076
-0.0284082
-0.0282676
-0.0280889
-0.0278747
-0.0276277
-0.0276277
-0.0254714
-0.0252582
-0.0250146
-0.0247435
-0.0244478
-0.0241302
-0.0237937
-0.0234409
-0.0230746
-0.0226977
-0.022313
-0.0219233
-0.0215314
-0.0211401
-0.0207522
-0.0203707
-0.0199984
-0.0196382
-0.0192931
-0.0189659
-0.0186597
-0.0183775
-0.0181225
-0.0178978
-0.017707
-0.0175523
-0.0174404
-0.0173663
-0.0173556
-0.0166196
-0.0166303
-0.0166996
-0.0168046
-0.0169495
-0.0171278
-0.0173375
-0.0183778
-0.0183778
-0.01866
-0.0189662
-0.0192934
-0.0196385
-0.0199987
-0.020371
-0.0207525
-0.0211404
-0.0215317
-0.0219236
-0.0223134
-0.0226981
-0.023075
-0.0234413
-0.0237941
-0.0241307
-0.0244482
-0.0247439
-0.025015
-0.0252586
-0.0254719
-0.025652
-0.0257959
-0.0259008
-0.0259635
-0.0259808
-0.0259495
-0.0258662
-0.0257272
-0.0255288
-0.025267
-0.0282812
-0.0282812
-0.0280666
-0.0277863
-0.0274358
-0.0270101
-0.0265038
-0.0259111
-0.0252257
-0.0244406
-0.0235485
-0.0225413
-0.0214102
-0.0201459
-0.0187383
-0.0171762
-0.015448
-0.0135397
-0.0114428
-0.00915372
-0.00646259
-0.00406059
)
;
    }
    procBoundary1to2
    {
        type            processor;
        value           nonuniform List<scalar> 
200
(
-0.405853
-0.407477
-0.407477
-0.408549
-0.408549
-0.409003
-0.41193
-0.41193
-0.411876
-0.411876
-0.411437
-0.411437
-0.41073
-0.41073
-0.409826
-0.409826
-0.408694
-0.408694
-0.407155
-0.407155
-0.404853
-0.404853
-0.40131
-0.40131
-0.394787
-0.388276
-0.388276
-0.379685
-0.379685
-0.369141
-0.369141
-0.358713
-0.345951
-0.345951
-0.332084
-0.332084
-0.321361
-0.30791
-0.332085
-0.321363
-0.307911
-0.332085
-0.345952
-0.369142
-0.345952
-0.358715
-0.369142
-0.379687
-0.396044
-0.379687
-0.388278
-0.396044
-0.401311
-0.401311
-0.404855
-0.404855
-0.407157
-0.407157
-0.408696
-0.408696
-0.409827
-0.409827
-0.410732
-0.410732
-0.411439
-0.411439
-0.411878
-0.411878
-0.411932
-0.411932
-0.411456
-0.411456
-0.408551
-0.407478
-0.407478
-0.405855
-0.30791
-0.299663
-0.29154
-0.283529
-0.27557
-0.267679
-0.25988
-0.252184
-0.252184
-0.248321
-0.240814
-0.233419
-0.226143
-0.218992
-0.211973
-0.205089
-0.198346
-0.191746
-0.185294
-0.178993
-0.172844
-0.166849
-0.161009
-0.155326
-0.1498
-0.144431
-0.139219
-0.134164
-0.129266
-0.124522
-0.119934
-0.115498
-0.111216
-0.107084
-0.103101
-0.0992672
-0.0955798
-0.0920377
-0.0886394
-0.0853836
-0.0822687
-0.0792936
-0.0764569
-0.0737577
-0.071195
-0.0687681
-0.0664764
-0.0643197
-0.0622979
-0.0622979
-0.061139
-0.0593583
-0.0577171
-0.0562172
-0.0548607
-0.0536504
-0.0525898
-0.0516836
-0.0509372
-0.0503559
-0.0499543
-0.0497223
-0.0497225
-0.0499545
-0.0503561
-0.0503784
-0.0503784
-0.0511128
-0.0520043
-0.0530478
-0.0542382
-0.0555724
-0.0570473
-0.0586609
-0.0604116
-0.0622982
-0.06432
-0.0664767
-0.0687684
-0.0711953
-0.073758
-0.0764572
-0.0792939
-0.082269
-0.0853839
-0.0886398
-0.0920381
-0.0955802
-0.0992676
-0.103102
-0.107084
-0.111216
-0.115499
-0.119934
-0.124523
-0.129266
-0.134165
-0.13922
-0.144432
-0.149801
-0.155327
-0.16101
-0.166849
-0.172844
-0.178993
-0.185295
-0.188606
-0.188606
-0.19511
-0.201763
-0.208561
-0.215501
-0.222579
-0.229791
-0.237134
-0.2446
-0.252185
-0.259881
-0.26768
-0.275571
-0.28353
-0.291541
-0.299664
-0.307911
)
;
    }
}


// ************************************************************************* //
