/*--------------------------------*- C++ -*----------------------------------*\
  =========                 |
  \\      /  F ield         | OpenFOAM: The Open Source CFD Toolbox
   \\    /   O peration     | Website:  https://openfoam.org
    \\  /    A nd           | Version:  7
     \\/     M anipulation  |
\*---------------------------------------------------------------------------*/
FoamFile
{
    version     2.0;
    format      ascii;
    class       volScalarField;
    location    "80";
    object      p;
}
// * * * * * * * * * * * * * * * * * * * * * * * * * * * * * * * * * * * * * //

dimensions      [0 2 -2 0 0 0 0];

internalField   nonuniform List<scalar> 
8500
(
-0.351014
-0.352638
-0.353555
-0.354296
-0.354923
-0.355459
-0.355944
-0.356405
-0.356857
-0.357311
-0.357769
-0.35823
-0.358691
-0.359144
-0.359585
-0.360008
-0.360408
-0.360786
-0.361134
-0.361471
-0.353793
-0.355427
-0.35636
-0.357129
-0.357796
-0.358387
-0.358945
-0.359497
-0.360061
-0.360646
-0.361257
-0.361892
-0.362548
-0.36322
-0.363901
-0.364587
-0.365273
-0.365956
-0.366638
-0.367327
-0.35666
-0.358293
-0.359238
-0.36003
-0.360734
-0.361379
-0.362008
-0.362651
-0.363326
-0.364044
-0.364808
-0.365618
-0.366471
-0.367362
-0.368285
-0.369236
-0.37021
-0.371203
-0.372223
-0.373267
-0.35961
-0.361232
-0.362183
-0.362994
-0.363733
-0.364429
-0.365128
-0.365861
-0.366647
-0.367496
-0.368413
-0.369398
-0.370448
-0.371558
-0.372724
-0.37394
-0.375203
-0.376508
-0.377867
-0.379264
-0.362639
-0.364239
-0.36519
-0.366016
-0.366785
-0.36753
-0.368298
-0.369119
-0.370014
-0.370994
-0.372062
-0.373221
-0.374467
-0.375795
-0.377202
-0.378682
-0.380231
-0.381849
-0.383544
-0.38529
-0.365741
-0.367307
-0.368252
-0.369088
-0.369885
-0.370676
-0.371509
-0.372417
-0.373419
-0.374527
-0.375746
-0.377076
-0.378515
-0.380058
-0.381702
-0.383442
-0.385275
-0.3872
-0.389226
-0.391311
-0.36891
-0.37043
-0.371364
-0.372205
-0.373024
-0.373858
-0.374754
-0.375745
-0.376851
-0.378085
-0.37945
-0.380949
-0.382577
-0.384332
-0.386207
-0.388201
-0.39031
-0.392536
-0.394883
-0.397294
-0.372137
-0.3736
-0.374516
-0.375357
-0.376195
-0.377067
-0.378022
-0.379093
-0.3803
-0.381656
-0.383164
-0.384826
-0.386639
-0.388598
-0.390699
-0.392937
-0.395312
-0.397829
-0.400484
-0.403201
-0.375415
-0.37681
-0.377701
-0.378537
-0.379388
-0.380294
-0.381304
-0.38245
-0.383755
-0.385228
-0.386874
-0.388694
-0.390684
-0.392839
-0.395156
-0.397628
-0.400256
-0.40305
-0.405995
-0.408994
-0.378733
-0.38005
-0.380909
-0.381734
-0.382594
-0.38353
-0.384589
-0.385807
-0.387202
-0.388787
-0.390566
-0.392536
-0.394696
-0.397038
-0.399558
-0.402251
-0.405116
-0.408169
-0.411383
-0.414634
-0.382084
-0.38331
-0.384133
-0.384941
-0.385804
-0.386763
-0.387868
-0.389151
-0.390632
-0.392322
-0.394224
-0.396338
-0.398657
-0.401175
-0.403886
-0.406783
-0.409866
-0.413157
-0.416615
-0.420081
-0.385455
-0.386582
-0.387361
-0.388147
-0.389007
-0.389985
-0.391128
-0.39247
-0.394029
-0.395817
-0.397836
-0.400083
-0.402551
-0.405232
-0.408118
-0.411202
-0.414481
-0.417986
-0.421659
-0.425298
-0.388836
-0.389855
-0.390584
-0.391342
-0.392194
-0.393183
-0.394359
-0.395752
-0.397383
-0.39926
-0.401386
-0.403755
-0.40636
-0.40919
-0.412235
-0.415485
-0.418937
-0.422628
-0.426485
-0.430246
-0.392217
-0.393119
-0.393792
-0.394517
-0.395354
-0.396349
-0.397549
-0.398986
-0.40068
-0.402637
-0.404859
-0.40734
-0.410068
-0.413032
-0.416217
-0.419612
-0.423209
-0.427056
-0.431065
-0.434893
-0.395585
-0.396363
-0.396976
-0.397661
-0.398477
-0.39947
-0.400687
-0.40216
-0.403907
-0.405935
-0.408242
-0.410821
-0.413659
-0.41674
-0.420046
-0.423562
-0.427277
-0.431246
-0.435375
-0.43921
-0.398929
-0.399578
-0.400125
-0.400765
-0.401553
-0.402537
-0.403764
-0.405263
-0.407053
-0.40914
-0.411521
-0.414185
-0.417117
-0.420297
-0.423705
-0.427317
-0.431121
-0.435177
-0.439395
-0.443167
-0.402239
-0.402754
-0.403231
-0.40382
-0.404574
-0.405541
-0.406768
-0.408284
-0.410107
-0.412241
-0.414682
-0.417417
-0.420428
-0.42369
-0.427177
-0.430862
-0.434723
-0.438831
-0.443105
-0.446714
-0.405503
-0.405882
-0.406284
-0.406817
-0.40753
-0.408472
-0.40969
-0.411212
-0.413056
-0.415225
-0.417713
-0.420505
-0.423578
-0.426903
-0.430449
-0.434181
-0.43807
-0.442189
-0.446489
-0.449822
-0.408713
-0.408952
-0.409277
-0.409748
-0.410413
-0.411323
-0.412521
-0.414039
-0.415891
-0.418082
-0.420602
-0.423435
-0.426554
-0.429925
-0.433508
-0.437263
-0.441148
-0.445234
-0.44947
-0.452595
-0.411857
-0.411958
-0.412202
-0.412607
-0.413217
-0.414085
-0.415255
-0.416755
-0.418604
-0.420802
-0.423341
-0.426199
-0.429346
-0.432744
-0.436345
-0.440098
-0.443951
-0.447966
-0.452092
-0.454931
-0.414929
-0.414892
-0.415054
-0.415387
-0.415936
-0.416753
-0.417883
-0.419355
-0.421186
-0.423378
-0.425918
-0.428786
-0.431945
-0.435351
-0.438949
-0.442679
-0.446472
-0.450383
-0.454376
-0.456824
-0.417921
-0.417749
-0.417826
-0.418084
-0.418564
-0.419322
-0.4204
-0.421832
-0.423631
-0.425801
-0.428329
-0.431188
-0.434342
-0.437738
-0.441314
-0.444999
-0.448708
-0.452483
-0.456322
-0.458287
-0.420826
-0.420523
-0.420515
-0.420693
-0.421098
-0.421787
-0.422804
-0.424181
-0.425935
-0.428067
-0.430565
-0.4334
-0.436531
-0.439899
-0.443436
-0.447056
-0.450659
-0.454267
-0.457931
-0.459322
-0.423641
-0.423212
-0.423118
-0.423213
-0.423537
-0.424148
-0.425091
-0.4264
-0.428093
-0.430173
-0.432624
-0.435418
-0.438508
-0.441831
-0.445309
-0.448847
-0.452325
-0.455737
-0.459209
-0.459932
-0.426362
-0.425814
-0.425634
-0.425642
-0.425878
-0.426402
-0.42726
-0.428488
-0.430106
-0.432116
-0.434504
-0.437238
-0.44027
-0.443531
-0.446933
-0.450371
-0.453707
-0.456897
-0.460164
-0.460125
-0.428987
-0.428329
-0.428063
-0.427982
-0.428123
-0.428551
-0.429313
-0.430446
-0.431973
-0.433898
-0.436205
-0.438863
-0.441818
-0.444999
-0.448309
-0.45163
-0.454808
-0.457751
-0.460808
-0.459914
-0.431518
-0.430757
-0.430407
-0.430233
-0.430275
-0.430597
-0.431251
-0.432277
-0.433698
-0.435521
-0.43773
-0.440294
-0.443156
-0.446239
-0.449438
-0.452627
-0.455632
-0.458306
-0.461152
-0.459313
-0.433956
-0.433102
-0.432669
-0.432401
-0.432336
-0.432545
-0.43308
-0.433984
-0.435285
-0.43699
-0.439085
-0.441536
-0.444287
-0.447255
-0.450328
-0.453368
-0.456187
-0.458568
-0.461208
-0.45834
-0.436304
-0.435368
-0.434853
-0.434488
-0.434313
-0.4344
-0.434805
-0.435576
-0.436741
-0.438312
-0.440277
-0.4426
-0.445222
-0.448058
-0.450987
-0.45386
-0.456481
-0.458548
-0.460985
-0.457014
-0.438571
-0.437561
-0.436967
-0.436503
-0.436212
-0.436169
-0.436435
-0.437059
-0.438076
-0.439499
-0.441317
-0.443495
-0.445972
-0.448658
-0.451426
-0.454117
-0.456524
-0.458255
-0.460494
-0.455361
-0.440762
-0.439689
-0.439017
-0.438453
-0.438041
-0.437862
-0.437978
-0.438445
-0.439301
-0.440562
-0.442218
-0.444235
-0.446552
-0.449072
-0.451662
-0.454152
-0.456329
-0.457705
-0.45974
-0.453409
-0.442887
-0.441761
-0.441013
-0.440347
-0.439811
-0.439488
-0.439446
-0.439746
-0.44043
-0.441515
-0.442996
-0.444839
-0.446979
-0.449317
-0.451713
-0.453984
-0.455913
-0.456914
-0.458729
-0.451192
-0.44496
-0.443787
-0.442965
-0.442196
-0.441531
-0.441059
-0.440852
-0.440976
-0.441476
-0.442375
-0.443669
-0.445324
-0.447274
-0.449415
-0.451599
-0.453634
-0.455293
-0.455905
-0.457461
-0.448747
-0.446991
-0.44578
-0.444885
-0.444011
-0.443214
-0.442588
-0.44221
-0.44215
-0.442458
-0.443161
-0.444257
-0.445713
-0.447459
-0.44939
-0.451346
-0.453126
-0.454492
-0.454704
-0.455938
-0.446121
-0.448997
-0.447753
-0.446786
-0.445806
-0.444874
-0.444089
-0.443534
-0.443283
-0.443392
-0.443892
-0.444781
-0.446027
-0.447559
-0.449264
-0.450978
-0.452486
-0.45353
-0.453346
-0.454162
-0.443377
-0.450993
-0.449721
-0.44868
-0.447592
-0.446523
-0.445576
-0.44484
-0.444394
-0.444299
-0.444587
-0.445262
-0.44629
-0.447597
-0.449065
-0.45052
-0.45174
-0.452432
-0.451865
-0.452134
-0.440595
-0.452996
-0.451697
-0.450584
-0.449386
-0.448177
-0.447066
-0.446145
-0.4455
-0.445196
-0.44527
-0.445724
-0.446525
-0.447597
-0.448816
-0.449998
-0.450915
-0.451223
-0.450299
-0.44982
-0.437763
-0.455025
-0.453698
-0.45251
-0.451201
-0.44985
-0.448572
-0.447466
-0.44662
-0.446105
-0.445959
-0.446188
-0.446756
-0.447583
-0.448541
-0.449435
-0.450037
-0.449942
-0.448711
-0.44715
-0.434667
-0.457098
-0.455741
-0.454475
-0.453052
-0.451558
-0.450112
-0.448818
-0.447771
-0.447043
-0.446676
-0.446675
-0.447003
-0.447577
-0.44826
-0.448853
-0.44913
-0.448642
-0.447221
-0.444275
-0.431692
-0.459234
-0.457841
-0.456494
-0.454955
-0.453315
-0.451701
-0.45022
-0.448971
-0.448029
-0.447439
-0.447205
-0.447287
-0.447596
-0.44799
-0.448265
-0.448205
-0.447348
-0.44588
-0.441875
-0.432367
-0.461451
-0.460014
-0.458582
-0.456923
-0.455137
-0.453353
-0.451686
-0.450236
-0.449081
-0.448267
-0.447796
-0.447624
-0.447656
-0.447744
-0.447679
-0.447257
-0.446025
-0.444465
-0.440234
-0.441639
-0.463768
-0.462276
-0.460753
-0.458972
-0.457037
-0.455085
-0.453231
-0.451582
-0.450215
-0.449175
-0.448462
-0.448027
-0.447768
-0.447529
-0.447096
-0.446277
-0.444632
-0.442825
-0.438244
-0.441091
-0.466203
-0.464643
-0.463023
-0.461115
-0.45903
-0.456908
-0.45487
-0.453022
-0.451444
-0.450176
-0.449216
-0.448508
-0.44794
-0.447349
-0.446516
-0.445253
-0.443137
-0.440877
-0.435746
-0.437739
-0.468771
-0.467129
-0.465404
-0.463365
-0.461128
-0.458837
-0.456616
-0.454571
-0.45278
-0.451283
-0.450068
-0.449073
-0.448176
-0.447205
-0.445935
-0.444178
-0.441527
-0.438656
-0.432895
-0.433454
-0.471488
-0.469747
-0.467909
-0.465734
-0.463342
-0.460882
-0.458479
-0.456237
-0.454234
-0.452502
-0.451024
-0.449726
-0.448477
-0.447094
-0.445347
-0.443045
-0.4398
-0.43621
-0.429775
-0.428669
-0.474368
-0.472508
-0.470549
-0.468232
-0.465683
-0.463054
-0.460468
-0.45803
-0.455812
-0.453839
-0.452086
-0.450468
-0.44884
-0.447011
-0.444746
-0.441851
-0.437959
-0.433583
-0.426449
-0.423681
-0.475425
-0.473335
-0.470871
-0.468162
-0.465362
-0.462593
-0.459957
-0.45752
-0.455299
-0.453257
-0.451296
-0.449261
-0.44695
-0.444125
-0.440593
-0.436011
-0.430814
-0.422981
-0.418664
-0.476276
-0.473658
-0.470784
-0.467812
-0.464859
-0.462023
-0.459362
-0.456882
-0.454534
-0.452206
-0.449731
-0.4469
-0.443476
-0.43927
-0.433967
-0.427937
-0.41942
-0.413711
-0.4766
-0.473558
-0.47041
-0.467272
-0.464232
-0.461338
-0.458587
-0.455912
-0.45319
-0.450242
-0.446854
-0.442793
-0.43788
-0.431836
-0.424981
-0.415804
-0.408869
-0.479704
-0.476489
-0.473163
-0.469834
-0.466584
-0.463449
-0.460409
-0.457385
-0.454239
-0.450782
-0.446799
-0.442068
-0.436423
-0.429628
-0.421967
-0.412161
-0.404159
-0.479581
-0.476072
-0.472549
-0.469081
-0.465691
-0.462345
-0.458945
-0.455341
-0.451339
-0.446726
-0.441293
-0.434899
-0.42735
-0.418912
-0.408513
-0.399586
-0.479142
-0.475417
-0.471721
-0.468062
-0.464386
-0.460582
-0.456486
-0.4519
-0.446622
-0.440463
-0.433307
-0.42501
-0.415828
-0.404871
-0.395143
-0.478438
-0.474502
-0.470554
-0.466524
-0.462282
-0.457657
-0.452452
-0.446476
-0.43957
-0.431648
-0.422614
-0.412724
-0.401243
-0.390822
-0.47742
-0.473162
-0.468748
-0.464035
-0.458842
-0.452981
-0.446278
-0.438607
-0.429919
-0.420165
-0.409604
-0.397632
-0.386607
-0.475876
-0.471047
-0.465823
-0.460024
-0.453471
-0.446016
-0.437569
-0.42812
-0.417667
-0.40647
-0.394039
-0.382483
-0.473406
-0.467633
-0.461188
-0.453908
-0.44568
-0.43645
-0.42625
-0.415119
-0.403322
-0.390462
-0.378434
-0.469446
-0.462315
-0.454279
-0.445259
-0.435244
-0.424305
-0.412521
-0.400159
-0.386894
-0.374446
-0.463389
-0.454569
-0.444743
-0.433946
-0.422285
-0.409872
-0.396976
-0.383332
-0.370502
-0.444122
-0.432549
-0.420185
-0.40717
-0.39377
-0.379767
-0.366588
-0.431048
-0.418001
-0.40441
-0.390532
-0.376192
-0.362691
-0.415729
-0.401587
-0.387258
-0.372598
-0.358796
-0.38394
-0.368976
-0.35489
-0.365316
-0.350962
-0.254158
-0.243263
-0.267476
-0.256042
-0.245418
-0.290853
-0.279941
-0.268958
-0.257813
-0.247472
-0.301464
-0.291376
-0.280916
-0.270323
-0.259474
-0.249432
-0.318682
-0.310349
-0.301337
-0.291767
-0.281764
-0.271571
-0.261026
-0.251303
-0.324442
-0.317357
-0.309561
-0.301087
-0.292028
-0.282485
-0.272705
-0.262471
-0.253092
-0.328572
-0.322585
-0.315969
-0.308678
-0.300719
-0.292162
-0.283082
-0.273725
-0.263809
-0.254806
-0.331469
-0.326336
-0.320722
-0.314533
-0.307711
-0.300241
-0.292173
-0.283554
-0.274631
-0.265041
-0.256454
-0.333534
-0.329008
-0.324153
-0.318869
-0.313063
-0.30667
-0.299659
-0.292063
-0.2839
-0.275423
-0.266164
-0.258046
-0.33506
-0.330962
-0.326644
-0.322032
-0.317037
-0.311571
-0.305567
-0.298983
-0.291837
-0.284122
-0.276098
-0.267178
-0.259592
-0.336205
-0.332445
-0.328517
-0.324382
-0.319981
-0.315236
-0.310069
-0.304412
-0.29822
-0.291499
-0.284217
-0.276657
-0.268078
-0.261102
-0.337002
-0.333571
-0.329969
-0.326196
-0.322224
-0.318006
-0.313477
-0.308568
-0.303217
-0.297377
-0.291052
-0.284186
-0.277095
-0.268861
-0.262588
-0.337408
-0.334349
-0.33108
-0.327628
-0.323998
-0.32017
-0.31611
-0.311765
-0.307077
-0.301992
-0.296465
-0.290502
-0.284028
-0.277408
-0.269519
-0.26406
-0.337344
-0.334727
-0.33184
-0.328727
-0.325417
-0.321917
-0.318219
-0.314295
-0.310106
-0.305605
-0.300746
-0.295492
-0.289853
-0.283743
-0.277591
-0.270044
-0.265522
-0.33671
-0.334628
-0.332191
-0.329469
-0.326505
-0.323328
-0.31995
-0.316367
-0.312562
-0.308504
-0.304158
-0.299489
-0.294466
-0.289113
-0.283331
-0.277635
-0.270422
-0.266976
-0.333963
-0.33206
-0.329794
-0.32723
-0.324409
-0.321358
-0.318092
-0.314613
-0.310909
-0.306962
-0.302743
-0.29823
-0.293399
-0.288287
-0.282793
-0.277531
-0.270636
-0.26841
-0.332671
-0.331368
-0.329635
-0.327533
-0.325119
-0.322433
-0.319501
-0.316339
-0.312953
-0.309338
-0.305481
-0.301366
-0.296977
-0.2923
-0.287385
-0.282129
-0.277264
-0.270666
-0.269791
-0.33078
-0.330064
-0.328924
-0.327352
-0.325404
-0.323132
-0.320572
-0.317751
-0.314686
-0.311384
-0.307845
-0.304065
-0.300032
-0.295739
-0.291179
-0.286415
-0.281345
-0.276819
-0.270482
-0.271058
-0.328126
-0.327615
-0.326629
-0.325207
-0.323405
-0.321266
-0.318825
-0.316107
-0.31313
-0.309903
-0.306432
-0.302714
-0.298745
-0.294524
-0.290048
-0.285389
-0.280446
-0.276178
-0.27005
-0.272095
-0.325641
-0.325323
-0.32448
-0.3232
-0.321534
-0.319519
-0.317188
-0.314566
-0.31167
-0.308511
-0.305097
-0.301431
-0.297512
-0.293341
-0.288921
-0.284321
-0.279444
-0.275322
-0.269334
-0.272701
-0.323326
-0.323187
-0.322479
-0.32133
-0.319789
-0.31789
-0.315661
-0.313127
-0.310305
-0.307207
-0.303844
-0.300219
-0.296338
-0.292201
-0.287811
-0.28323
-0.278356
-0.274237
-0.268303
-0.272604
-0.32118
-0.321208
-0.320623
-0.319596
-0.318172
-0.316378
-0.314244
-0.311791
-0.309036
-0.305993
-0.302673
-0.299083
-0.295229
-0.291112
-0.286733
-0.282136
-0.277206
-0.272902
-0.266917
-0.271507
-0.319205
-0.319385
-0.318914
-0.317999
-0.316681
-0.314986
-0.312938
-0.310559
-0.307866
-0.304872
-0.30159
-0.298028
-0.294194
-0.290088
-0.285704
-0.281066
-0.276029
-0.271311
-0.264934
-0.267078
-0.317401
-0.317719
-0.317352
-0.316538
-0.315319
-0.313713
-0.311745
-0.309434
-0.306797
-0.303847
-0.300598
-0.29706
-0.29324
-0.289138
-0.284743
-0.280051
-0.274888
-0.269641
-0.262451
-0.25005
-0.31577
-0.316211
-0.315937
-0.315216
-0.314086
-0.312562
-0.310667
-0.308419
-0.305833
-0.302924
-0.299704
-0.296186
-0.292377
-0.288277
-0.283868
-0.279129
-0.273864
-0.268144
-0.261211
-0.245175
-0.314311
-0.31486
-0.314669
-0.314031
-0.312983
-0.311535
-0.309708
-0.307518
-0.304979
-0.302107
-0.298915
-0.295415
-0.291615
-0.287515
-0.283096
-0.278328
-0.273027
-0.267087
-0.260937
-0.245116
-0.313024
-0.313666
-0.313549
-0.312986
-0.312012
-0.310634
-0.308869
-0.306734
-0.304241
-0.301404
-0.298238
-0.294754
-0.290963
-0.286863
-0.282439
-0.277659
-0.27237
-0.266384
-0.260762
-0.245461
-0.311908
-0.312628
-0.312575
-0.31208
-0.311174
-0.30986
-0.308154
-0.306071
-0.303621
-0.300819
-0.297679
-0.294212
-0.29043
-0.286333
-0.281907
-0.277126
-0.271864
-0.265911
-0.260536
-0.245875
-0.310963
-0.311745
-0.311748
-0.311313
-0.310469
-0.309214
-0.307565
-0.305532
-0.303125
-0.300359
-0.297245
-0.293797
-0.290026
-0.285934
-0.281511
-0.276735
-0.271504
-0.265629
-0.260375
-0.246617
-0.310184
-0.311016
-0.311067
-0.310685
-0.309897
-0.308699
-0.307103
-0.305119
-0.302756
-0.300027
-0.296942
-0.293516
-0.289759
-0.285676
-0.281261
-0.276495
-0.2713
-0.265535
-0.260349
-0.247688
-0.30957
-0.310438
-0.310529
-0.310194
-0.309458
-0.308313
-0.306769
-0.304835
-0.302517
-0.299826
-0.296775
-0.293375
-0.289637
-0.285569
-0.281166
-0.27642
-0.271267
-0.26563
-0.26049
-0.249009
-0.309116
-0.310008
-0.310132
-0.309839
-0.309151
-0.308056
-0.306564
-0.304679
-0.302409
-0.299761
-0.296747
-0.293378
-0.289667
-0.28562
-0.281239
-0.27652
-0.271419
-0.265922
-0.26083
-0.250525
-0.308817
-0.309722
-0.309874
-0.309618
-0.308974
-0.307928
-0.306487
-0.304653
-0.302432
-0.299831
-0.29686
-0.29353
-0.289853
-0.285836
-0.281486
-0.276806
-0.27177
-0.266418
-0.26139
-0.252197
-0.308667
-0.309577
-0.30975
-0.309528
-0.308925
-0.307926
-0.306536
-0.304755
-0.302587
-0.300038
-0.297116
-0.293832
-0.290198
-0.286222
-0.281915
-0.277286
-0.272327
-0.267125
-0.262182
-0.253997
-0.30866
-0.309568
-0.309759
-0.309566
-0.309002
-0.30805
-0.30671
-0.304984
-0.302872
-0.300379
-0.297514
-0.294284
-0.290702
-0.286779
-0.282527
-0.277963
-0.273096
-0.268045
-0.263207
-0.255899
-0.30879
-0.30969
-0.309894
-0.309729
-0.309202
-0.308295
-0.307007
-0.305337
-0.303285
-0.300854
-0.298051
-0.294885
-0.291366
-0.287507
-0.283322
-0.278837
-0.274074
-0.269176
-0.264456
-0.257884
-0.309049
-0.309938
-0.310154
-0.310013
-0.309521
-0.308659
-0.307424
-0.305813
-0.303824
-0.30146
-0.298726
-0.295631
-0.292185
-0.288402
-0.284299
-0.279905
-0.275257
-0.270511
-0.265916
-0.259943
-0.309432
-0.310306
-0.310532
-0.310414
-0.309957
-0.309139
-0.307957
-0.306406
-0.304484
-0.302192
-0.299535
-0.296519
-0.293156
-0.28946
-0.28545
-0.28116
-0.276635
-0.272039
-0.267571
-0.262071
-0.30993
-0.31079
-0.311025
-0.310929
-0.310506
-0.309732
-0.308604
-0.307116
-0.305264
-0.303048
-0.300473
-0.297545
-0.294274
-0.290674
-0.286768
-0.282592
-0.278197
-0.273748
-0.269405
-0.26427
-0.310539
-0.311385
-0.311628
-0.311554
-0.311164
-0.310435
-0.309362
-0.307938
-0.306158
-0.304023
-0.301535
-0.298701
-0.295531
-0.292038
-0.288245
-0.284191
-0.279931
-0.275626
-0.271402
-0.266546
-0.311251
-0.312086
-0.312338
-0.312286
-0.311929
-0.311245
-0.310227
-0.308868
-0.307164
-0.305113
-0.302718
-0.299985
-0.296921
-0.293543
-0.289872
-0.285947
-0.281825
-0.27766
-0.273552
-0.268907
-0.31206
-0.312888
-0.313151
-0.313121
-0.312798
-0.312159
-0.311196
-0.309904
-0.308278
-0.306314
-0.304016
-0.301388
-0.298439
-0.295181
-0.291639
-0.287849
-0.283867
-0.279841
-0.275843
-0.271362
-0.312963
-0.313788
-0.314063
-0.314056
-0.313767
-0.313173
-0.312267
-0.311044
-0.309496
-0.307623
-0.305426
-0.302908
-0.300077
-0.296947
-0.293539
-0.289887
-0.286047
-0.282157
-0.278269
-0.273921
-0.313954
-0.314781
-0.31507
-0.315088
-0.314834
-0.314286
-0.313438
-0.312283
-0.310817
-0.309036
-0.306943
-0.304539
-0.301832
-0.298833
-0.295563
-0.292054
-0.288358
-0.284604
-0.280824
-0.276591
-0.31503
-0.315865
-0.316171
-0.316215
-0.315997
-0.315495
-0.314705
-0.31362
-0.312237
-0.310551
-0.308564
-0.306277
-0.303697
-0.300834
-0.297706
-0.294343
-0.290792
-0.287175
-0.283507
-0.27938
-0.316187
-0.317038
-0.317363
-0.317435
-0.317253
-0.316799
-0.316067
-0.315054
-0.313754
-0.312165
-0.310286
-0.308119
-0.30567
-0.302945
-0.299963
-0.296749
-0.293347
-0.289867
-0.286314
-0.282294
-0.317424
-0.318296
-0.318644
-0.318745
-0.318602
-0.318195
-0.317524
-0.316582
-0.315367
-0.313875
-0.312107
-0.310063
-0.307747
-0.305165
-0.302331
-0.29927
-0.296017
-0.292679
-0.289246
-0.285341
-0.318739
-0.319639
-0.320013
-0.320145
-0.320041
-0.319684
-0.319072
-0.318203
-0.317074
-0.315682
-0.314026
-0.312107
-0.309926
-0.307489
-0.304808
-0.301902
-0.298804
-0.295608
-0.292305
-0.288526
-0.320132
-0.321065
-0.321467
-0.321633
-0.32157
-0.321262
-0.320712
-0.319917
-0.318875
-0.317583
-0.316042
-0.31425
-0.312207
-0.309918
-0.307392
-0.304646
-0.301706
-0.298659
-0.2955
-0.291843
-0.321601
-0.322575
-0.323008
-0.323209
-0.323188
-0.322931
-0.322443
-0.321722
-0.320768
-0.319579
-0.318154
-0.31649
-0.314589
-0.312451
-0.310085
-0.307503
-0.304728
-0.30184
-0.298833
-0.295287
-0.323149
-0.324167
-0.324634
-0.324871
-0.324894
-0.324689
-0.324264
-0.323619
-0.322755
-0.321669
-0.320362
-0.31883
-0.317072
-0.315089
-0.312886
-0.310473
-0.307871
-0.305152
-0.302285
-0.298929
-0.324774
-0.325842
-0.326344
-0.326621
-0.326688
-0.326536
-0.326175
-0.325607
-0.324834
-0.323854
-0.322666
-0.321267
-0.319657
-0.317832
-0.315797
-0.31356
-0.311137
-0.308597
-0.305888
-0.30276
-0.32648
-0.327601
-0.32814
-0.328456
-0.328569
-0.328472
-0.328176
-0.327687
-0.327005
-0.326132
-0.325066
-0.323805
-0.322344
-0.320682
-0.31882
-0.316764
-0.314529
-0.312175
-0.30964
-0.306737
-0.328267
-0.329443
-0.330022
-0.330379
-0.330538
-0.330497
-0.330267
-0.329857
-0.329269
-0.328506
-0.327564
-0.326442
-0.325135
-0.32364
-0.321957
-0.320088
-0.318048
-0.31589
-0.313543
-0.310873
-0.330138
-0.331371
-0.331989
-0.332388
-0.332595
-0.332609
-0.332447
-0.332118
-0.331626
-0.330974
-0.330159
-0.32918
-0.32803
-0.326707
-0.325208
-0.323535
-0.321698
-0.319745
-0.317601
-0.315177
-0.332094
-0.333385
-0.334043
-0.334483
-0.334738
-0.33481
-0.334716
-0.33447
-0.334075
-0.333537
-0.332852
-0.332018
-0.331031
-0.329884
-0.328576
-0.327105
-0.325481
-0.323743
-0.321818
-0.319654
-0.334138
-0.335486
-0.336183
-0.336665
-0.336969
-0.337098
-0.337074
-0.336911
-0.336617
-0.336194
-0.335642
-0.334958
-0.334137
-0.333172
-0.332061
-0.330801
-0.329398
-0.327886
-0.326196
-0.324303
-0.336272
-0.337674
-0.338409
-0.338933
-0.339286
-0.339473
-0.33952
-0.339443
-0.33925
-0.338945
-0.33853
-0.337999
-0.337348
-0.336571
-0.335663
-0.334621
-0.33345
-0.332175
-0.330736
-0.329127
-0.338496
-0.33995
-0.340723
-0.341287
-0.341688
-0.341934
-0.342053
-0.342062
-0.341973
-0.341789
-0.341512
-0.341139
-0.340663
-0.340079
-0.339381
-0.338566
-0.337635
-0.336609
-0.335435
-0.334123
-0.340813
-0.342314
-0.343122
-0.343726
-0.344174
-0.344479
-0.34467
-0.344768
-0.344784
-0.344724
-0.344589
-0.344376
-0.34408
-0.343694
-0.343213
-0.342632
-0.341951
-0.341185
-0.340291
-0.339288
-0.343223
-0.344765
-0.345606
-0.346248
-0.346743
-0.347107
-0.347371
-0.347559
-0.347682
-0.347748
-0.347757
-0.347709
-0.347596
-0.347414
-0.347156
-0.346816
-0.346394
-0.3459
-0.345299
-0.344616
-0.345727
-0.347304
-0.348174
-0.348852
-0.349393
-0.349815
-0.350153
-0.350431
-0.350663
-0.350856
-0.351013
-0.351132
-0.351207
-0.351233
-0.351203
-0.351112
-0.350957
-0.350744
-0.350449
-0.350098
-0.348324
-0.349929
-0.350825
-0.351536
-0.352121
-0.3526
-0.353012
-0.353381
-0.353723
-0.354046
-0.354352
-0.354641
-0.354908
-0.355146
-0.355349
-0.355512
-0.355632
-0.35571
-0.355733
-0.355722
-0.36194
-0.361713
-0.361685
-0.36125
-0.360812
-0.360318
-0.360096
-0.360441
-0.361846
-0.364828
-0.369901
-0.3774
-0.387321
-0.399167
-0.411839
-0.368082
-0.36796
-0.368027
-0.367512
-0.366825
-0.365836
-0.364839
-0.364097
-0.364098
-0.365387
-0.368543
-0.373994
-0.381858
-0.391755
-0.402711
-0.374369
-0.37434
-0.374527
-0.373941
-0.373015
-0.37153
-0.369748
-0.36789
-0.366441
-0.365973
-0.367129
-0.370437
-0.376134
-0.383976
-0.393112
-0.380776
-0.380829
-0.38116
-0.380516
-0.379364
-0.377389
-0.374816
-0.371822
-0.368887
-0.366608
-0.365692
-0.366768
-0.370202
-0.375886
-0.383103
-0.387275
-0.387397
-0.387897
-0.387209
-0.385849
-0.383395
-0.380032
-0.375892
-0.371444
-0.36731
-0.364262
-0.363031
-0.364111
-0.367542
-0.372748
-0.393833
-0.39401
-0.394705
-0.393992
-0.392442
-0.389524
-0.385381
-0.380092
-0.374116
-0.368094
-0.362867
-0.359264
-0.357914
-0.359006
-0.362113
-0.400413
-0.400633
-0.401548
-0.400826
-0.399111
-0.395751
-0.390842
-0.384411
-0.3769
-0.368972
-0.361529
-0.355506
-0.351662
-0.35034
-0.351266
-0.353467
-0.406976
-0.407224
-0.408384
-0.407674
-0.405818
-0.402041
-0.396389
-0.388831
-0.37979
-0.369948
-0.36027
-0.351791
-0.345403
-0.341603
-0.340278
-0.340596
-0.413481
-0.413741
-0.415169
-0.414491
-0.412522
-0.408358
-0.401991
-0.39333
-0.382774
-0.371024
-0.359105
-0.34815
-0.339184
-0.332856
-0.329218
-0.327587
-0.419883
-0.420141
-0.421857
-0.421232
-0.419177
-0.414659
-0.407612
-0.39788
-0.385836
-0.372196
-0.358043
-0.34461
-0.333047
-0.324157
-0.318153
-0.314515
-0.426138
-0.426376
-0.428398
-0.427847
-0.425736
-0.420901
-0.413213
-0.40245
-0.388953
-0.373455
-0.357092
-0.341193
-0.327032
-0.315559
-0.307152
-0.301453
-0.432204
-0.432403
-0.434746
-0.434287
-0.432149
-0.427035
-0.41875
-0.407004
-0.392102
-0.374787
-0.356253
-0.337917
-0.321171
-0.307113
-0.296277
-0.288473
-0.438038
-0.438175
-0.440851
-0.440502
-0.438364
-0.433013
-0.424179
-0.411503
-0.395252
-0.376177
-0.355521
-0.334793
-0.315497
-0.298867
-0.28559
-0.275645
-0.4436
-0.443651
-0.44667
-0.446444
-0.444333
-0.438785
-0.429453
-0.415908
-0.398371
-0.377602
-0.354891
-0.331831
-0.310033
-0.290862
-0.275149
-0.263039
-0.44885
-0.448791
-0.452158
-0.452066
-0.450007
-0.444301
-0.434526
-0.420176
-0.401427
-0.379042
-0.354353
-0.329036
-0.304801
-0.283136
-0.265007
-0.250719
-0.453759
-0.453557
-0.457277
-0.457327
-0.455341
-0.449516
-0.439352
-0.424267
-0.404386
-0.380471
-0.353895
-0.326408
-0.299818
-0.275723
-0.255214
-0.238747
-0.458348
-0.457892
-0.461991
-0.462185
-0.460294
-0.454385
-0.443889
-0.428141
-0.407214
-0.381866
-0.353504
-0.323949
-0.295097
-0.268652
-0.245813
-0.227181
-0.462619
-0.461761
-0.466282
-0.466596
-0.464826
-0.458866
-0.448096
-0.43176
-0.409878
-0.383201
-0.353166
-0.321654
-0.29065
-0.261948
-0.236845
-0.216076
-0.466167
-0.465471
-0.470151
-0.470525
-0.468909
-0.46292
-0.451938
-0.435087
-0.412348
-0.384455
-0.352869
-0.319522
-0.286485
-0.255633
-0.228345
-0.20548
-0.469331
-0.468712
-0.473419
-0.474092
-0.472535
-0.466515
-0.455378
-0.438091
-0.414597
-0.385604
-0.3526
-0.317547
-0.282609
-0.249725
-0.220346
-0.195439
-0.472127
-0.471457
-0.476224
-0.477131
-0.475625
-0.469685
-0.458394
-0.440744
-0.416599
-0.386631
-0.352355
-0.315723
-0.279026
-0.244239
-0.212874
-0.185992
-0.474511
-0.473731
-0.47856
-0.479656
-0.478214
-0.472347
-0.460965
-0.443034
-0.418331
-0.387515
-0.352125
-0.314051
-0.275742
-0.239187
-0.205952
-0.177174
-0.476476
-0.475549
-0.480415
-0.481673
-0.480295
-0.474505
-0.463072
-0.444931
-0.419778
-0.388239
-0.35188
-0.312543
-0.272768
-0.234584
-0.199598
-0.169014
-0.47803
-0.476925
-0.481791
-0.483184
-0.481865
-0.476154
-0.464708
-0.446425
-0.420927
-0.38881
-0.351583
-0.311191
-0.270116
-0.230447
-0.193831
-0.161535
-0.134341
-0.479185
-0.477872
-0.482695
-0.484198
-0.482926
-0.477293
-0.465868
-0.447507
-0.421766
-0.3892
-0.35127
-0.309979
-0.26776
-0.226782
-0.188677
-0.154763
-0.125925
-0.479953
-0.478407
-0.483141
-0.484726
-0.483485
-0.477927
-0.466551
-0.448175
-0.422292
-0.389405
-0.350931
-0.308922
-0.265732
-0.223528
-0.184132
-0.148726
-0.118304
-0.480344
-0.478549
-0.483146
-0.484783
-0.483554
-0.478066
-0.466762
-0.448428
-0.4225
-0.389424
-0.350568
-0.308001
-0.264027
-0.220798
-0.180091
-0.143412
-0.111511
-0.480365
-0.478316
-0.482727
-0.484384
-0.483148
-0.47772
-0.466508
-0.44827
-0.422393
-0.389258
-0.350183
-0.307215
-0.262623
-0.218547
-0.176758
-0.138671
-0.10552
-0.480019
-0.477726
-0.481904
-0.483547
-0.482284
-0.476905
-0.4658
-0.447709
-0.421972
-0.388907
-0.349771
-0.306563
-0.261514
-0.216748
-0.174042
-0.134809
-0.100115
-0.479305
-0.476795
-0.480695
-0.48229
-0.480979
-0.475638
-0.464653
-0.446755
-0.421245
-0.388374
-0.349329
-0.306043
-0.260698
-0.215391
-0.171905
-0.131676
-0.0958093
-0.478216
-0.475534
-0.479121
-0.480629
-0.479251
-0.473936
-0.463084
-0.445421
-0.420221
-0.387662
-0.348854
-0.305648
-0.260164
-0.214467
-0.170336
-0.129227
-0.0922943
-0.476739
-0.473955
-0.4772
-0.478582
-0.477119
-0.471821
-0.461111
-0.443725
-0.418911
-0.386777
-0.348345
-0.305368
-0.259899
-0.213959
-0.169318
-0.127446
-0.0895353
-0.474852
-0.472059
-0.474948
-0.476163
-0.4746
-0.469312
-0.458756
-0.441687
-0.417331
-0.385727
-0.347802
-0.3052
-0.259892
-0.21385
-0.168832
-0.126317
-0.0875257
-0.053433
-0.47253
-0.469845
-0.472379
-0.473387
-0.471712
-0.466431
-0.456042
-0.439329
-0.415499
-0.384525
-0.347228
-0.305136
-0.260128
-0.214121
-0.168853
-0.125815
-0.086245
-0.051143
-0.469742
-0.467297
-0.469501
-0.470264
-0.468469
-0.463197
-0.452992
-0.436669
-0.413428
-0.38317
-0.346607
-0.305146
-0.260565
-0.21472
-0.169325
-0.125877
-0.0856345
-0.0496234
-0.466443
-0.464397
-0.466328
-0.466817
-0.464897
-0.45964
-0.449633
-0.43373
-0.411123
-0.381646
-0.345902
-0.30517
-0.261124
-0.215554
-0.170148
-0.126405
-0.0855974
-0.0487811
-0.462574
-0.461137
-0.462889
-0.463088
-0.461046
-0.45582
-0.446035
-0.430585
-0.408661
-0.380031
-0.345189
-0.305283
-0.26188
-0.216697
-0.171392
-0.127462
-0.0861913
-0.0486644
-0.458138
-0.457483
-0.459136
-0.459044
-0.456903
-0.451754
-0.442261
-0.427358
-0.406235
-0.378594
-0.344811
-0.305896
-0.263292
-0.218637
-0.173549
-0.129523
-0.0878579
-0.0496701
-0.453115
-0.453138
-0.454829
-0.454464
-0.452243
-0.447219
-0.438086
-0.423819
-0.403609
-0.377092
-0.344517
-0.306748
-0.265095
-0.221106
-0.176356
-0.132334
-0.0903507
-0.0515587
-0.446465
-0.448009
-0.450266
-0.449611
-0.447212
-0.442139
-0.433096
-0.4191
-0.399369
-0.373514
-0.341718
-0.304751
-0.263828
-0.220422
-0.176058
-0.132198
-0.0901402
-0.0510415
-0.434515
-0.442655
-0.446391
-0.445437
-0.442684
-0.437258
-0.427836
-0.413477
-0.39346
-0.367435
-0.335607
-0.298738
-0.258013
-0.214857
-0.170743
-0.12708
-0.0851222
-0.0459883
-0.424646
-0.433783
-0.437485
-0.435741
-0.432227
-0.426139
-0.41615
-0.401425
-0.381357
-0.355655
-0.324515
-0.288631
-0.24908
-0.207162
-0.164239
-0.121628
-0.0805193
-0.0419934
-0.416473
-0.424111
-0.426911
-0.424488
-0.420265
-0.413548
-0.403065
-0.388084
-0.368103
-0.342878
-0.312589
-0.277854
-0.239641
-0.199131
-0.157575
-0.116202
-0.0761424
-0.0384386
-0.408486
-0.413825
-0.415448
-0.412566
-0.407795
-0.400566
-0.389731
-0.37464
-0.354871
-0.330223
-0.300858
-0.267329
-0.230504
-0.19145
-0.151319
-0.111253
-0.0723215
-0.0355286
-0.399744
-0.402959
-0.403285
-0.400045
-0.394861
-0.38723
-0.376167
-0.361096
-0.341659
-0.317688
-0.28933
-0.257076
-0.221703
-0.184173
-0.145539
-0.106862
-0.0691536
-0.0333727
-0.390031
-0.391594
-0.390599
-0.38703
-0.381552
-0.373625
-0.362442
-0.347506
-0.328505
-0.305299
-0.278018
-0.247098
-0.213229
-0.177278
-0.140205
-0.102993
-0.0665931
-0.0319224
-0.379435
-0.379801
-0.377584
-0.373699
-0.368029
-0.359911
-0.348706
-0.334
-0.315519
-0.293143
-0.266989
-0.237438
-0.205105
-0.170767
-0.135298
-0.0996046
-0.0645827
-0.0311048
-0.368041
-0.367651
-0.364407
-0.360224
-0.354442
-0.346233
-0.335091
-0.320692
-0.302797
-0.281297
-0.256297
-0.228132
-0.197346
-0.164635
-0.130793
-0.0966561
-0.0630639
-0.0308454
-0.356093
-0.355241
-0.351197
-0.346745
-0.340913
-0.332701
-0.321699
-0.307669
-0.290406
-0.269812
-0.245977
-0.219197
-0.189953
-0.158867
-0.126659
-0.0940993
-0.0619726
-0.0310643
-0.343749
-0.342668
-0.338056
-0.333377
-0.327541
-0.319401
-0.308603
-0.294992
-0.278394
-0.258721
-0.23605
-0.21064
-0.182919
-0.153441
-0.12286
-0.0918825
-0.0612414
-0.0316788
-0.331188
-0.330031
-0.325056
-0.320205
-0.3144
-0.306395
-0.295858
-0.282703
-0.266792
-0.248044
-0.226522
-0.202459
-0.176229
-0.148332
-0.119357
-0.0899532
-0.0608036
-0.0326071
-0.318558
-0.317417
-0.312252
-0.307289
-0.301547
-0.293725
-0.283497
-0.270827
-0.255616
-0.237786
-0.217394
-0.194643
-0.169867
-0.143512
-0.116111
-0.0882613
-0.0605957
-0.033772
-0.305972
-0.304897
-0.299683
-0.294671
-0.28902
-0.281421
-0.271539
-0.259377
-0.244868
-0.227945
-0.208655
-0.187178
-0.16381
-0.138952
-0.113087
-0.0867601
-0.0605599
-0.0351028
-0.293518
-0.292538
-0.287378
-0.282375
-0.276843
-0.269496
-0.25999
-0.248352
-0.234545
-0.218512
-0.200293
-0.180046
-0.158038
-0.134627
-0.11025
-0.0854079
-0.0606447
-0.0365374
-0.281258
-0.280385
-0.275357
-0.270418
-0.26503
-0.257958
-0.24885
-0.237746
-0.224636
-0.209473
-0.19229
-0.173229
-0.152528
-0.13051
-0.107571
-0.0841683
-0.0608058
-0.0380221
-0.269236
-0.268476
-0.263636
-0.258806
-0.253585
-0.246808
-0.238114
-0.22755
-0.215127
-0.20081
-0.184628
-0.166706
-0.14726
-0.126579
-0.105023
-0.0830101
-0.0610061
-0.0395124
-0.257487
-0.25684
-0.252225
-0.247542
-0.242509
-0.236039
-0.227769
-0.217747
-0.206
-0.192505
-0.177287
-0.160459
-0.142213
-0.122813
-0.102583
-0.0819074
-0.061215
-0.040972
-0.246031
-0.245495
-0.241132
-0.236626
-0.231799
-0.225645
-0.217806
-0.208324
-0.19724
-0.184541
-0.17025
-0.154468
-0.13737
-0.119192
-0.100232
-0.0808386
-0.0614079
-0.0423718
-0.234885
-0.234457
-0.230359
-0.226053
-0.221447
-0.215617
-0.20821
-0.199263
-0.188826
-0.176897
-0.163497
-0.148716
-0.132712
-0.115702
-0.097953
-0.0797862
-0.061565
-0.0436893
-0.224059
-0.223735
-0.219909
-0.215821
-0.211448
-0.205945
-0.198968
-0.190548
-0.180743
-0.169556
-0.15701
-0.143185
-0.128225
-0.112326
-0.0957319
-0.0787356
-0.061671
-0.0449073
-0.213558
-0.213334
-0.209783
-0.205924
-0.201792
-0.196617
-0.190067
-0.182165
-0.172973
-0.162502
-0.150773
-0.137861
-0.123895
-0.109052
-0.0935569
-0.0776752
-0.0617138
-0.0460127
-0.203386
-0.203259
-0.19998
-0.196358
-0.192473
-0.187625
-0.181494
-0.174099
-0.165501
-0.155718
-0.144772
-0.132729
-0.119707
-0.105869
-0.0914175
-0.0765956
-0.0616842
-0.046996
-0.193545
-0.19351
-0.1905
-0.187118
-0.183482
-0.178957
-0.173238
-0.166335
-0.158312
-0.14919
-0.138991
-0.127776
-0.115652
-0.102767
-0.0893052
-0.0754891
-0.0615752
-0.0478505
-0.184035
-0.184088
-0.181339
-0.178199
-0.174813
-0.170605
-0.165287
-0.158862
-0.151392
-0.142903
-0.133417
-0.12299
-0.111718
-0.0997359
-0.0872124
-0.0743495
-0.0613816
-0.0485716
-0.174856
-0.174992
-0.172496
-0.169595
-0.166457
-0.16256
-0.15763
-0.151667
-0.14473
-0.136847
-0.12804
-0.11836
-0.107896
-0.0967688
-0.085133
-0.0731721
-0.0610998
-0.0491562
-0.166004
-0.166219
-0.163967
-0.161302
-0.158408
-0.154814
-0.150259
-0.144741
-0.138314
-0.131009
-0.122848
-0.113877
-0.104177
-0.0938588
-0.0830617
-0.0719531
-0.0607276
-0.0496039
-0.157479
-0.157767
-0.155749
-0.153315
-0.150659
-0.147357
-0.143164
-0.138072
-0.132133
-0.125379
-0.117831
-0.109532
-0.100555
-0.091
-0.0809945
-0.0706902
-0.0602639
-0.0499147
-0.149277
-0.149633
-0.147839
-0.145628
-0.143203
-0.140183
-0.136337
-0.131652
-0.126179
-0.119948
-0.112982
-0.105318
-0.0970226
-0.0881877
-0.0789282
-0.0693817
-0.0597087
-0.05009
-0.141394
-0.141812
-0.14023
-0.138236
-0.136034
-0.133285
-0.12977
-0.125472
-0.120443
-0.114708
-0.108291
-0.101227
-0.093575
-0.0854181
-0.0768606
-0.0680273
-0.0590632
-0.0501323
-0.133826
-0.134302
-0.13292
-0.131134
-0.129146
-0.126654
-0.123455
-0.11953
-0.114917
-0.109652
-0.103754
-0.0972544
-0.0902076
-0.0826882
-0.0747904
-0.0666271
-0.0583294
-0.050045
-0.126569
-0.127096
-0.125903
-0.124315
-0.122532
-0.120286
-0.117385
-0.113808
-0.109594
-0.104772
-0.0993627
-0.093395
-0.0869169
-0.079996
-0.0727173
-0.0651826
-0.0575102
-0.049833
-0.119617
-0.120189
-0.119174
-0.117774
-0.116187
-0.114172
-0.111553
-0.108307
-0.104467
-0.100063
-0.0951134
-0.0896449
-0.0837003
-0.0773404
-0.0706417
-0.0636959
-0.0566094
-0.0495018
-0.112964
-0.113577
-0.112727
-0.111505
-0.110103
-0.108306
-0.105953
-0.103018
-0.0995314
-0.09552
-0.0910021
-0.086001
-0.0805558
-0.0747209
-0.0685649
-0.06217
-0.0556316
-0.0490576
-0.106605
-0.107253
-0.106557
-0.105503
-0.104275
-0.102684
-0.10058
-0.0979371
-0.0947812
-0.0911379
-0.087024
-0.0824607
-0.0774825
-0.0721379
-0.0664887
-0.0606084
-0.0545825
-0.0485073
-0.100532
-0.101212
-0.100657
-0.0997608
-0.0986966
-0.0972985
-0.0954283
-0.0930583
-0.0902121
-0.086913
-0.0831766
-0.0790219
-0.0744795
-0.0695925
-0.064416
-0.0590157
-0.0534679
-0.0478587
-0.0947402
-0.0954461
-0.0950231
-0.0942738
-0.0933631
-0.0921448
-0.0904921
-0.0883772
-0.08582
-0.082842
-0.0794576
-0.0756837
-0.0715471
-0.0670862
-0.0623498
-0.0573965
-0.0522943
-0.0471198
-0.0892221
-0.0899504
-0.0896482
-0.0890359
-0.0882685
-0.0872174
-0.0857671
-0.0838894
-0.0816013
-0.0789222
-0.0758653
-0.0724454
-0.0686861
-0.0646212
-0.0602939
-0.0557564
-0.0510689
-0.0462993
-0.0839715
-0.0847183
-0.0845268
-0.0840417
-0.0834074
-0.0825115
-0.0812486
-0.0795911
-0.0775528
-0.0751513
-0.0723983
-0.069307
-0.0658977
-0.0622002
-0.0582527
-0.0541011
-0.0497989
-0.0454061
-0.0789818
-0.0797436
-0.0796533
-0.0792856
-0.0787747
-0.0780222
-0.0769326
-0.0754787
-0.0736718
-0.0715273
-0.0690558
-0.0662687
-0.0631836
-0.0598264
-0.0562307
-0.0524369
-0.0484922
-0.0444495
-0.0403674
-0.0742468
-0.0750202
-0.075022
-0.0747626
-0.0743655
-0.0737452
-0.0728152
-0.0715492
-0.0699559
-0.0680489
-0.0658375
-0.0633314
-0.0605459
-0.0575032
-0.0542329
-0.0507702
-0.0471567
-0.0434388
-0.0396683
-0.06976
-0.0705423
-0.0706275
-0.0704676
-0.0701752
-0.0696763
-0.0688929
-0.0677997
-0.0664031
-0.064715
-0.0627433
-0.0604964
-0.057987
-0.0552346
-0.0522645
-0.0491078
-0.0458006
-0.0423837
-0.0389024
-0.0655157
-0.066304
-0.0664648
-0.0663958
-0.0661994
-0.0658117
-0.0651626
-0.0642277
-0.0630119
-0.0615248
-0.0597736
-0.057765
-0.0555099
-0.0530246
-0.0503313
-0.0474566
-0.0444323
-0.0412938
-0.0380807
-0.061508
-0.0623001
-0.0625288
-0.0625427
-0.0624341
-0.0621478
-0.0616212
-0.0608312
-0.0597808
-0.0584782
-0.0569292
-0.0551393
-0.0531175
-0.0508777
-0.0484387
-0.0458238
-0.0430601
-0.0401787
-0.0372139
-0.0577316
-0.0585254
-0.0588151
-0.0589043
-0.0588755
-0.0586815
-0.0582664
-0.0576085
-0.0567092
-0.0555751
-0.054211
-0.0526213
-0.0508132
-0.0487984
-0.0465928
-0.0442163
-0.0416925
-0.039048
-0.0363127
-0.0541815
-0.0549751
-0.0553193
-0.0554768
-0.0555205
-0.05541
-0.0550961
-0.0545581
-0.0537963
-0.0528159
-0.0516205
-0.0502135
-0.0486006
-0.0467915
-0.0447995
-0.0426416
-0.0403379
-0.0379113
-0.0353876
-0.0508531
-0.0516451
-0.0520378
-0.0522567
-0.0523659
-0.052331
-0.0521084
-0.0516791
-0.0510421
-0.0502013
-0.0491593
-0.0479185
-0.0464835
-0.044862
-0.043065
-0.0411069
-0.0390047
-0.0367781
-0.0344491
-0.0477425
-0.0485314
-0.0489671
-0.0492413
-0.0494095
-0.0494425
-0.0493022
-0.0489709
-0.0484467
-0.0477323
-0.0468294
-0.0457395
-0.044466
-0.043015
-0.0413955
-0.0396195
-0.0377013
-0.0356576
-0.0335073
-0.0448461
-0.0456309
-0.0461046
-0.0464282
-0.0466493
-0.0467431
-0.0466766
-0.0464333
-0.0460108
-0.0454104
-0.0446331
-0.0436797
-0.0425523
-0.0412558
-0.0397973
-0.0381867
-0.036436
-0.0345592
-0.0325723
-0.0421611
-0.042941
-0.0434479
-0.0438156
-0.0440838
-0.044232
-0.0442312
-0.0440668
-0.0437354
-0.0432375
-0.0425732
-0.0417425
-0.0407469
-0.0395898
-0.0382768
-0.0368159
-0.035217
-0.0334918
-0.0316538
-0.0396854
-0.0404596
-0.0409956
-0.0414022
-0.0417124
-0.0419087
-0.0419664
-0.0418722
-0.0416221
-0.0412158
-0.0406526
-0.039932
-0.0390546
-0.0380226
-0.0368405
-0.0355145
-0.0340527
-0.0324646
-0.0307617
-0.0374174
-0.0381857
-0.0387468
-0.0391878
-0.0395349
-0.0397737
-0.0398831
-0.0398509
-0.039673
-0.0393481
-0.0388749
-0.0382524
-0.0374804
-0.0365603
-0.0354952
-0.03429
-0.0329511
-0.0314864
-0.0299052
-0.0353569
-0.0361189
-0.0367016
-0.0371726
-0.0375522
-0.0378282
-0.0379828
-0.0380052
-0.0378908
-0.0376377
-0.0372441
-0.0367083
-0.0360297
-0.0352087
-0.0342476
-0.0331498
-0.0319205
-0.0305659
-0.0290938
-0.0335041
-0.0342599
-0.0348609
-0.0353579
-0.0357657
-0.036074
-0.036268
-0.0363379
-0.036279
-0.0360887
-0.0357647
-0.035305
-0.0347083
-0.0339745
-0.0331047
-0.0321017
-0.0309691
-0.029712
-0.0283366
-0.0318606
-0.0326103
-0.0332269
-0.0337462
-0.0341781
-0.0345142
-0.0347419
-0.0348527
-0.0348416
-0.0347056
-0.0344419
-0.0340481
-0.0335224
-0.0328643
-0.0320741
-0.0311534
-0.0301052
-0.0289332
-0.0276425
-0.0304294
-0.0311734
-0.0318027
-0.0323408
-0.0327932
-0.0331527
-0.033409
-0.0335544
-0.0335839
-0.033494
-0.0332816
-0.0329439
-0.0324789
-0.0318854
-0.0311632
-0.0303132
-0.0293373
-0.0282384
-0.0270206
-0.0292145
-0.0299533
-0.0305931
-0.0311466
-0.0316159
-0.0319948
-0.0322747
-0.0324487
-0.032512
-0.0324604
-0.0322907
-0.0319998
-0.0315853
-0.0310457
-0.0303802
-0.0295892
-0.0286739
-0.0276364
-0.0264798
-0.0282223
-0.0289565
-0.0296043
-0.0301702
-0.030653
-0.0310473
-0.031346
-0.031543
-0.0316332
-0.0316124
-0.0314769
-0.0312236
-0.0308497
-0.0303535
-0.0297338
-0.0289904
-0.028124
-0.0271361
-0.0260291
-0.0274594
-0.0281903
-0.0288442
-0.0294194
-0.0299125
-0.0303185
-0.0306314
-0.0308457
-0.0309563
-0.0309588
-0.0308493
-0.0306244
-0.0302814
-0.029818
-0.0292331
-0.0285258
-0.0276966
-0.0267465
-0.0256774
-0.026938
-0.027666
-0.0283239
-0.0289054
-0.0294054
-0.0298192
-0.0301417
-0.0303676
-0.030492
-0.0305102
-0.0304182
-0.0302127
-0.0298905
-0.0294495
-0.0288881
-0.0282055
-0.0274015
-0.0264771
-0.0254338
-0.0266671
-0.0273946
-0.0280549
-0.0286397
-0.0291435
-0.0295614
-0.0298889
-0.0301209
-0.0302523
-0.0302786
-0.0301957
-0.03
-0.0296886
-0.029259
-0.0287097
-0.0280397
-0.0272487
-0.0263375
-0.0253074
-0.333416
-0.337427
-0.341401
-0.345344
-0.349265
-0.353174
-0.357078
-0.360987
-0.364911
-0.36886
-0.372847
-0.376884
-0.380988
-0.385177
-0.389474
-0.393903
-0.398498
-0.403296
-0.408352
-0.41375
-0.419638
-0.426384
-0.43445
-0.447678
-0.322598
-0.326637
-0.330643
-0.334625
-0.338592
-0.342554
-0.346522
-0.350506
-0.354519
-0.358575
-0.362691
-0.366885
-0.371181
-0.375605
-0.380192
-0.384981
-0.390025
-0.395391
-0.401166
-0.407472
-0.414433
-0.42233
-0.430379
-0.442968
-0.312008
-0.316075
-0.320117
-0.324142
-0.328162
-0.332185
-0.336223
-0.340288
-0.344393
-0.348554
-0.352788
-0.357113
-0.361552
-0.366128
-0.370871
-0.375812
-0.380988
-0.386438
-0.392201
-0.398319
-0.404759
-0.411771
-0.418318
-0.429649
-0.301603
-0.305677
-0.309732
-0.313776
-0.317817
-0.321865
-0.32593
-0.330023
-0.334157
-0.338344
-0.342599
-0.346936
-0.351374
-0.355931
-0.360627
-0.365483
-0.370523
-0.37577
-0.381248
-0.387008
-0.393038
-0.399738
-0.40607
-0.416745
-0.291312
-0.295367
-0.299405
-0.303435
-0.307464
-0.3115
-0.315553
-0.319632
-0.323748
-0.327912
-0.332136
-0.336433
-0.34082
-0.345311
-0.349925
-0.354683
-0.359609
-0.364734
-0.370091
-0.375746
-0.381673
-0.388224
-0.394325
-0.403904
-0.281155
-0.285169
-0.28917
-0.293163
-0.297157
-0.301158
-0.305175
-0.309216
-0.313292
-0.317411
-0.321586
-0.325829
-0.330153
-0.334575
-0.339111
-0.343781
-0.348607
-0.353617
-0.35883
-0.364293
-0.369947
-0.376095
-0.38183
-0.390377
-0.27116
-0.275117
-0.279062
-0.283001
-0.286942
-0.290889
-0.294852
-0.298837
-0.302854
-0.30691
-0.311017
-0.315186
-0.319427
-0.323754
-0.328181
-0.332724
-0.337398
-0.342223
-0.347209
-0.352397
-0.357743
-0.363514
-0.369002
-0.37668
-0.261338
-0.265223
-0.269098
-0.272969
-0.27684
-0.280718
-0.284609
-0.28852
-0.292459
-0.296434
-0.300452
-0.304523
-0.308658
-0.312865
-0.317158
-0.321547
-0.326047
-0.330675
-0.335441
-0.340386
-0.345474
-0.350911
-0.356158
-0.363028
-0.255499
-0.259292
-0.26308
-0.266868
-0.270663
-0.274468
-0.278291
-0.282138
-0.286015
-0.28993
-0.29389
-0.297905
-0.301982
-0.306132
-0.310366
-0.314695
-0.319134
-0.323693
-0.3284
-0.333228
-0.338326
-0.343316
-0.349482
-0.245954
-0.249654
-0.25335
-0.257045
-0.260745
-0.264454
-0.268178
-0.271922
-0.275692
-0.279494
-0.283335
-0.287222
-0.291163
-0.295166
-0.299241
-0.303396
-0.307642
-0.311988
-0.316455
-0.321026
-0.325808
-0.33055
-0.336124
-0.236596
-0.240196
-0.243791
-0.247385
-0.250983
-0.254588
-0.258204
-0.261837
-0.265492
-0.269175
-0.27289
-0.276643
-0.280443
-0.284294
-0.288205
-0.292183
-0.296238
-0.300376
-0.304614
-0.308944
-0.313437
-0.317937
-0.323009
-0.22743
-0.230924
-0.234413
-0.2379
-0.241389
-0.244883
-0.248386
-0.251903
-0.255438
-0.258995
-0.262579
-0.266196
-0.269851
-0.273549
-0.277297
-0.281101
-0.28497
-0.288908
-0.292929
-0.297029
-0.301254
-0.305515
-0.310163
-0.218464
-0.221847
-0.225225
-0.2286
-0.231975
-0.235354
-0.23874
-0.242136
-0.245547
-0.248976
-0.252427
-0.255906
-0.259415
-0.262961
-0.266548
-0.270182
-0.273869
-0.277615
-0.281428
-0.285308
-0.289286
-0.293314
-0.297603
-0.209701
-0.21297
-0.216232
-0.219492
-0.222751
-0.226011
-0.229277
-0.232551
-0.235836
-0.239135
-0.242452
-0.245791
-0.249156
-0.252551
-0.255979
-0.259447
-0.262958
-0.266518
-0.270133
-0.273806
-0.277555
-0.28136
-0.28534
-0.201145
-0.204297
-0.207443
-0.210585
-0.213725
-0.216865
-0.220009
-0.223158
-0.226316
-0.229485
-0.232668
-0.235869
-0.23909
-0.242336
-0.24561
-0.248916
-0.252257
-0.255639
-0.259066
-0.262542
-0.266077
-0.269669
-0.273379
-0.1928
-0.195834
-0.198861
-0.201884
-0.204904
-0.207923
-0.210944
-0.213968
-0.216999
-0.220038
-0.223088
-0.226151
-0.229232
-0.232332
-0.235454
-0.238603
-0.24178
-0.244991
-0.248239
-0.251528
-0.254863
-0.258252
-0.261722
-0.184668
-0.187584
-0.190492
-0.193395
-0.196295
-0.199193
-0.20209
-0.20499
-0.207894
-0.210803
-0.213721
-0.21665
-0.219591
-0.222548
-0.225523
-0.228519
-0.231539
-0.234586
-0.237663
-0.240774
-0.243922
-0.247118
-0.250372
-0.176752
-0.179549
-0.182338
-0.185122
-0.187902
-0.190678
-0.193454
-0.19623
-0.199008
-0.201789
-0.204577
-0.207373
-0.210178
-0.212995
-0.215827
-0.218676
-0.221543
-0.224432
-0.227346
-0.230288
-0.233259
-0.236272
-0.239328
-0.169052
-0.171731
-0.174403
-0.177069
-0.179729
-0.182386
-0.18504
-0.187693
-0.190347
-0.193003
-0.195663
-0.198328
-0.201
-0.203681
-0.206374
-0.209079
-0.211799
-0.214537
-0.217295
-0.220075
-0.222879
-0.225718
-0.228591
-0.161569
-0.164132
-0.166688
-0.169236
-0.171779
-0.174317
-0.176852
-0.179385
-0.181917
-0.184449
-0.186983
-0.189521
-0.192063
-0.194612
-0.197169
-0.199736
-0.202315
-0.204907
-0.207514
-0.21014
-0.212785
-0.215458
-0.218161
-0.154304
-0.156753
-0.159194
-0.161627
-0.164055
-0.166477
-0.168894
-0.171309
-0.173721
-0.176132
-0.178544
-0.180957
-0.183373
-0.185793
-0.188219
-0.190652
-0.193093
-0.195545
-0.198009
-0.200487
-0.20298
-0.205497
-0.208037
-0.147256
-0.149593
-0.151921
-0.154242
-0.156556
-0.158865
-0.161168
-0.163467
-0.165762
-0.168056
-0.170348
-0.17264
-0.174933
-0.177228
-0.179527
-0.181831
-0.18414
-0.186457
-0.188783
-0.19112
-0.193468
-0.195835
-0.198222
-0.140424
-0.142652
-0.144871
-0.147082
-0.149285
-0.151482
-0.153674
-0.15586
-0.158042
-0.160221
-0.162397
-0.164572
-0.166746
-0.168921
-0.171097
-0.173276
-0.175458
-0.177645
-0.179839
-0.18204
-0.184251
-0.186475
-0.188715
-0.133807
-0.135928
-0.138041
-0.140145
-0.142241
-0.14433
-0.146413
-0.14849
-0.150562
-0.152629
-0.154693
-0.156755
-0.158814
-0.160872
-0.16293
-0.164988
-0.167049
-0.169112
-0.171179
-0.173251
-0.175329
-0.177418
-0.179519
-0.127404
-0.129422
-0.131431
-0.133431
-0.135423
-0.137408
-0.139385
-0.141356
-0.143322
-0.145282
-0.147237
-0.149189
-0.151137
-0.153083
-0.155027
-0.156971
-0.158914
-0.160858
-0.162804
-0.164753
-0.166705
-0.168664
-0.170633
-0.121212
-0.12313
-0.125039
-0.126939
-0.12883
-0.130714
-0.13259
-0.134459
-0.136321
-0.138177
-0.140028
-0.141874
-0.143716
-0.145554
-0.14739
-0.149222
-0.151054
-0.152884
-0.154714
-0.156545
-0.158378
-0.160215
-0.162057
-0.11523
-0.117051
-0.118863
-0.120666
-0.122461
-0.124247
-0.126025
-0.127795
-0.129559
-0.131316
-0.133066
-0.134811
-0.13655
-0.138285
-0.140016
-0.141743
-0.143467
-0.145189
-0.146909
-0.148628
-0.150347
-0.152068
-0.153791
-0.109455
-0.111183
-0.112902
-0.114612
-0.116313
-0.118005
-0.119689
-0.121365
-0.123033
-0.124695
-0.126349
-0.127996
-0.129638
-0.131274
-0.132905
-0.134531
-0.136153
-0.137772
-0.139387
-0.141
-0.142611
-0.144222
-0.145832
-0.103884
-0.105523
-0.107153
-0.108773
-0.110384
-0.111987
-0.11358
-0.115166
-0.116743
-0.118312
-0.119874
-0.121429
-0.122977
-0.124519
-0.126055
-0.127585
-0.12911
-0.13063
-0.132146
-0.133658
-0.135167
-0.136674
-0.138178
-0.0985146
-0.100068
-0.101613
-0.103147
-0.104673
-0.106189
-0.107696
-0.109195
-0.110685
-0.112167
-0.113641
-0.115107
-0.116566
-0.118018
-0.119463
-0.120901
-0.122334
-0.123761
-0.125183
-0.1266
-0.128012
-0.129421
-0.130824
-0.0933441
-0.0948162
-0.0962785
-0.0977312
-0.0991744
-0.100608
-0.102033
-0.103449
-0.104856
-0.106254
-0.107644
-0.109026
-0.110401
-0.111767
-0.113126
-0.114478
-0.115823
-0.117162
-0.118494
-0.119821
-0.121142
-0.122459
-0.123768
-0.0883694
-0.0897634
-0.0911476
-0.0925221
-0.093887
-0.0952425
-0.0965886
-0.0979256
-0.0992535
-0.100573
-0.101883
-0.103185
-0.104478
-0.105764
-0.107041
-0.108311
-0.109573
-0.110829
-0.112077
-0.113318
-0.114554
-0.115784
-0.117004
-0.0835874
-0.084907
-0.0862168
-0.0875168
-0.0888072
-0.090088
-0.0913594
-0.0926213
-0.0938741
-0.0951177
-0.0963523
-0.0975781
-0.0987952
-0.100004
-0.101204
-0.102396
-0.10358
-0.104757
-0.105926
-0.107087
-0.108242
-0.10939
-0.110527
-0.078995
-0.0802438
-0.0814829
-0.0827122
-0.0839317
-0.0851416
-0.0863419
-0.0875327
-0.0887141
-0.0898862
-0.0910491
-0.0922029
-0.0933477
-0.0944837
-0.095611
-0.0967298
-0.0978402
-0.0989423
-0.100036
-0.101123
-0.102201
-0.103273
-0.104332
-0.074589
-0.0757707
-0.0769426
-0.0781047
-0.0792571
-0.0803997
-0.0815327
-0.0826561
-0.08377
-0.0848744
-0.0859694
-0.0870551
-0.0881317
-0.0891991
-0.0902576
-0.0913072
-0.0923481
-0.0933804
-0.0944042
-0.0954197
-0.096427
-0.0974268
-0.0984132
-0.0703663
-0.0714844
-0.0725927
-0.0736912
-0.0747799
-0.0758589
-0.0769282
-0.0779878
-0.0790379
-0.0800783
-0.0811093
-0.0821308
-0.0831429
-0.0841458
-0.0851394
-0.0861239
-0.0870994
-0.0880661
-0.0890239
-0.0899731
-0.0909136
-0.0918462
-0.0927647
-0.0663239
-0.0673817
-0.0684298
-0.0694682
-0.0704968
-0.0715156
-0.0725248
-0.0735242
-0.074514
-0.0754941
-0.0764646
-0.0774256
-0.0783771
-0.0793192
-0.0802519
-0.0811752
-0.0820894
-0.0829944
-0.0838904
-0.0847775
-0.0856556
-0.0865253
-0.0873805
-0.0624586
-0.0634596
-0.0644508
-0.0654324
-0.0664042
-0.0673664
-0.0683188
-0.0692615
-0.0701945
-0.0711178
-0.0720315
-0.0729356
-0.0738301
-0.074715
-0.0755905
-0.0764565
-0.0773131
-0.0781605
-0.0789986
-0.0798275
-0.0806473
-0.0814584
-0.0822547
-0.0587675
-0.0597148
-0.0606525
-0.0615806
-0.0624989
-0.0634077
-0.0643067
-0.065196
-0.0660756
-0.0669456
-0.0678059
-0.0686565
-0.0694975
-0.0703289
-0.0711507
-0.071963
-0.0727658
-0.0735592
-0.0743432
-0.0751179
-0.0758832
-0.0766398
-0.0773813
-0.0552477
-0.0561445
-0.0570318
-0.0579095
-0.0587776
-0.0596361
-0.060485
-0.0613242
-0.0621537
-0.0629735
-0.0637837
-0.0645842
-0.0653751
-0.0661564
-0.066928
-0.0676901
-0.0684426
-0.0691856
-0.0699191
-0.0706433
-0.071358
-0.0720637
-0.0727544
-0.0518964
-0.0527458
-0.0535857
-0.0544162
-0.0552371
-0.0560485
-0.0568503
-0.0576425
-0.058425
-0.059198
-0.0599613
-0.0607149
-0.0614589
-0.0621933
-0.0629181
-0.0636332
-0.0643388
-0.0650349
-0.0657215
-0.0663985
-0.0670661
-0.0677246
-0.0683682
-0.0487111
-0.0495159
-0.0503115
-0.0510977
-0.0518744
-0.0526416
-0.0533994
-0.0541476
-0.0548862
-0.0556153
-0.0563348
-0.0570446
-0.0577449
-0.0584356
-0.0591167
-0.0597881
-0.0604501
-0.0611024
-0.0617453
-0.0623787
-0.0630025
-0.0636172
-0.0642172
-0.0456892
-0.0464524
-0.0472065
-0.0479512
-0.0486866
-0.0494126
-0.0501292
-0.0508364
-0.051534
-0.0522222
-0.0529008
-0.0535698
-0.0542294
-0.0548793
-0.0555198
-0.0561506
-0.056772
-0.0573838
-0.0579861
-0.0585789
-0.0591622
-0.0597363
-0.0602962
-0.0428286
-0.043553
-0.0442683
-0.0449743
-0.0456712
-0.0463588
-0.047037
-0.0477059
-0.0483653
-0.0490154
-0.049656
-0.0502871
-0.0509087
-0.0515209
-0.0521236
-0.0527168
-0.0533005
-0.0538747
-0.0544395
-0.0549948
-0.0555407
-0.0560773
-0.0566001
-0.0401273
-0.0408155
-0.0414946
-0.0421647
-0.0428257
-0.0434775
-0.0441201
-0.0447534
-0.0453774
-0.045992
-0.0465974
-0.0471933
-0.0477798
-0.048357
-0.0489247
-0.049483
-0.0500319
-0.0505714
-0.0511015
-0.0516222
-0.0521335
-0.0526356
-0.0531243
-0.0375836
-0.0382381
-0.0388838
-0.0395205
-0.0401481
-0.0407667
-0.0413762
-0.0419766
-0.0425677
-0.0431496
-0.0437222
-0.0442856
-0.0448397
-0.0453844
-0.0459199
-0.046446
-0.0469628
-0.0474702
-0.0479684
-0.0484572
-0.0489368
-0.0494071
-0.0498646
-0.0351961
-0.0358194
-0.0364341
-0.0370398
-0.0376367
-0.0382246
-0.0388035
-0.0393734
-0.0399342
-0.0404858
-0.0410283
-0.0415617
-0.0420858
-0.0426008
-0.0431065
-0.043603
-0.0440902
-0.0445683
-0.0450371
-0.0454967
-0.045947
-0.0463883
-0.0468172
-0.0329637
-0.0335583
-0.0341443
-0.0347215
-0.03529
-0.0358496
-0.0364004
-0.0369422
-0.0374751
-0.0379989
-0.0385137
-0.0390195
-0.0395161
-0.0400037
-0.0404821
-0.0409515
-0.0414117
-0.0418628
-0.0423048
-0.0427376
-0.0431614
-0.0435761
-0.043979
-0.031454
-0.0320137
-0.0325648
-0.0331072
-0.0336408
-0.0341658
-0.0346819
-0.0351891
-0.0356875
-0.0361769
-0.0366574
-0.037129
-0.0375915
-0.0380451
-0.0384896
-0.0389252
-0.0393517
-0.0397693
-0.0401778
-0.0405773
-0.0409679
-0.0413472
-0.0295064
-0.030042
-0.0305691
-0.0310877
-0.0315977
-0.032099
-0.0325917
-0.0330756
-0.0335508
-0.0340171
-0.0344747
-0.0349233
-0.0353632
-0.0357941
-0.0362162
-0.0366294
-0.0370336
-0.037429
-0.0378155
-0.0381931
-0.038562
-0.0389199
-0.0277155
-0.0282293
-0.0287347
-0.0292317
-0.0297202
-0.0302001
-0.0306715
-0.0311343
-0.0315885
-0.032034
-0.0324707
-0.0328988
-0.0333181
-0.0337286
-0.0341304
-0.0345234
-0.0349077
-0.0352832
-0.0356499
-0.0360078
-0.036357
-0.0366959
-0.0260825
-0.0265766
-0.0270624
-0.0275399
-0.028009
-0.0284698
-0.0289221
-0.0293659
-0.0298012
-0.0302279
-0.0306461
-0.0310556
-0.0314566
-0.0318489
-0.0322325
-0.0326075
-0.0329739
-0.0333316
-0.0336806
-0.0340211
-0.0343529
-0.0346747
-0.0246087
-0.0250851
-0.0255534
-0.0260136
-0.0264655
-0.0269092
-0.0273445
-0.0277714
-0.02819
-0.0286001
-0.0290017
-0.0293949
-0.0297796
-0.0301557
-0.0305234
-0.0308825
-0.0312331
-0.0315751
-0.0319086
-0.0322336
-0.0325501
-0.0328571
-0.0232966
-0.0237575
-0.0242105
-0.0246553
-0.0250921
-0.0255207
-0.0259411
-0.0263532
-0.0267571
-0.0271526
-0.0275398
-0.0279187
-0.0282892
-0.0286513
-0.0290049
-0.0293502
-0.029687
-0.0300155
-0.0303355
-0.0306471
-0.0309503
-0.0312444
-0.0221491
-0.0225966
-0.0230363
-0.023468
-0.0238916
-0.0243073
-0.0247148
-0.0251143
-0.0255056
-0.0258886
-0.0262635
-0.0266301
-0.0269885
-0.0273385
-0.0276803
-0.0280138
-0.028339
-0.0286558
-0.0289644
-0.0292647
-0.0295566
-0.0298398
-0.021171
-0.0216071
-0.0220354
-0.022456
-0.0228686
-0.0232733
-0.02367
-0.0240588
-0.0244395
-0.0248121
-0.0251766
-0.025533
-0.0258812
-0.0262213
-0.0265532
-0.026877
-0.0271925
-0.0274998
-0.027799
-0.02809
-0.0283728
-0.028647
-0.0203673
-0.0207943
-0.0212135
-0.0216251
-0.0220289
-0.0224249
-0.022813
-0.0231932
-0.0235655
-0.0239299
-0.0242862
-0.0246345
-0.0249748
-0.025307
-0.0256311
-0.0259471
-0.0262551
-0.0265549
-0.0268466
-0.0271302
-0.0274057
-0.0276729
-0.019744
-0.0201636
-0.0205758
-0.0209803
-0.0213772
-0.0217664
-0.0221479
-0.0225216
-0.0228875
-0.0232455
-0.0235957
-0.023938
-0.0242724
-0.0245988
-0.0249173
-0.0252278
-0.0255303
-0.0258249
-0.0261114
-0.02639
-0.0266605
-0.026923
-0.0193144
-0.0197294
-0.020137
-0.020537
-0.0209295
-0.0213144
-0.0216916
-0.0220612
-0.022423
-0.0227771
-0.0231234
-0.0234618
-0.0237924
-0.0241152
-0.02443
-0.0247369
-0.0250359
-0.025327
-0.02561
-0.0258852
-0.0261524
-0.0264115
-0.0190734
-0.0194854
-0.0198902
-0.0202876
-0.0206777
-0.0210603
-0.0214355
-0.0218031
-0.0221632
-0.0225157
-0.0228606
-0.0231978
-0.0235273
-0.0238491
-0.0241632
-0.0244695
-0.024768
-0.0250586
-0.0253415
-0.0256165
-0.0258837
-0.026143
-0.00539625
-0.0059762
-0.00655039
-0.00711873
-0.00768114
-0.00823752
-0.0087878
-0.00933187
-0.00986967
-0.0104011
-0.0109261
-0.0114446
-0.0119565
-0.0124617
-0.0129602
-0.0134519
-0.0139366
-0.0144145
-0.0148853
-0.015349
-0.0158056
-0.0162549
-0.00560446
-0.00618843
-0.00676645
-0.00733842
-0.00790425
-0.00846384
-0.00901711
-0.00956397
-0.0101043
-0.0106381
-0.0111652
-0.0116856
-0.0121992
-0.0127059
-0.0132056
-0.0136983
-0.0141839
-0.0146624
-0.0151336
-0.0155975
-0.0160541
-0.0165032
-0.00595549
-0.00654554
-0.00712957
-0.00770748
-0.00827918
-0.00884457
-0.00940358
-0.00995611
-0.0105021
-0.0110414
-0.011574
-0.0120999
-0.0126188
-0.0131309
-0.0136359
-0.0141339
-0.0146247
-0.0151084
-0.0155848
-0.0160539
-0.0165156
-0.0169698
-0.00585697
-0.00646242
-0.00706186
-0.00765519
-0.00824232
-0.00882314
-0.00939758
-0.00996554
-0.0105269
-0.0110817
-0.0116297
-0.0121709
-0.0127052
-0.0132325
-0.0137528
-0.0142661
-0.0147721
-0.015271
-0.0157625
-0.0162468
-0.0167236
-0.017193
-0.0176546
-0.00649366
-0.00711088
-0.00772205
-0.00832706
-0.00892582
-0.00951823
-0.0101042
-0.0106837
-0.0112565
-0.0118227
-0.012382
-0.0129346
-0.0134802
-0.0140188
-0.0145504
-0.0150748
-0.0155921
-0.0161021
-0.0166049
-0.0171003
-0.0175883
-0.0180689
-0.0185416
-0.00726479
-0.0078965
-0.00852213
-0.00914158
-0.00975475
-0.0103615
-0.0109619
-0.0115556
-0.0121428
-0.0127232
-0.0132968
-0.0138636
-0.0144234
-0.0149762
-0.0155219
-0.0160605
-0.0165919
-0.017116
-0.0176329
-0.0181424
-0.0186445
-0.0191392
-0.0196258
-0.00816581
-0.00881442
-0.00945694
-0.0100933
-0.0107233
-0.011347
-0.0119642
-0.0125748
-0.0131788
-0.0137761
-0.0143666
-0.0149502
-0.0155269
-0.0160966
-0.0166593
-0.0172148
-0.0177631
-0.0183043
-0.0188381
-0.0193647
-0.0198839
-0.0203958
-0.0208992
-0.00919195
-0.00985992
-0.0105218
-0.0111775
-0.011827
-0.0124701
-0.0131067
-0.0137368
-0.0143603
-0.0149771
-0.0155872
-0.0161904
-0.0167867
-0.017376
-0.0179584
-0.0185336
-0.0191018
-0.0196627
-0.0202165
-0.020763
-0.0213022
-0.0218342
-0.0223573
-0.0103403
-0.01103
-0.0117137
-0.0123912
-0.0130626
-0.0137276
-0.0143861
-0.0150382
-0.0156838
-0.0163226
-0.0169548
-0.0175802
-0.0181988
-0.0188104
-0.0194151
-0.0200128
-0.0206035
-0.0211871
-0.0217635
-0.0223328
-0.0228949
-0.0234499
-0.0239957
-0.0116077
-0.0123216
-0.0130295
-0.0137313
-0.0144269
-0.0151162
-0.0157992
-0.0164758
-0.0171459
-0.0178094
-0.0184663
-0.0191165
-0.01976
-0.0203966
-0.0210264
-0.0216493
-0.0222652
-0.0228742
-0.0234761
-0.024071
-0.0246589
-0.0252398
-0.025811
-0.0129923
-0.0137326
-0.0144671
-0.0151955
-0.0159178
-0.016634
-0.0173439
-0.0180474
-0.0187446
-0.0194353
-0.0201195
-0.020797
-0.021468
-0.0221323
-0.0227898
-0.0234405
-0.0240845
-0.0247216
-0.0253519
-0.0259752
-0.0265916
-0.0272014
-0.0278009
-0.014492
-0.0152612
-0.0160246
-0.016782
-0.0175335
-0.0182789
-0.0190181
-0.0197511
-0.0204779
-0.0211983
-0.0219123
-0.0226198
-0.0233209
-0.0240154
-0.0247034
-0.0253847
-0.0260594
-0.0267275
-0.0273888
-0.0280435
-0.0286914
-0.0293328
-0.0299635
-0.0161057
-0.0169061
-0.0177007
-0.0184896
-0.0192726
-0.0200496
-0.0208207
-0.0215856
-0.0223444
-0.0230971
-0.0238435
-0.0245836
-0.0253174
-0.0260448
-0.0267658
-0.0274805
-0.0281887
-0.0288904
-0.0295857
-0.0302744
-0.0309567
-0.0316328
-0.0322975
-0.0178323
-0.0186662
-0.0194945
-0.0203172
-0.0211341
-0.0219453
-0.0227505
-0.0235499
-0.0243433
-0.0251307
-0.025912
-0.0266873
-0.0274564
-0.0282194
-0.0289762
-0.0297268
-0.0304712
-0.0312095
-0.0319415
-0.0326672
-0.0333868
-0.0341005
-0.034802
-0.0196713
-0.0205411
-0.0214054
-0.0222643
-0.0231175
-0.0239652
-0.0248071
-0.0256433
-0.0264738
-0.0272985
-0.0281173
-0.0289303
-0.0297374
-0.0305385
-0.0313338
-0.0321232
-0.0329066
-0.0336841
-0.0344556
-0.0352213
-0.035981
-0.0367353
-0.0374765
-0.0216223
-0.0225303
-0.023433
-0.0243304
-0.0252224
-0.026109
-0.0269901
-0.0278656
-0.0287357
-0.0296001
-0.030459
-0.0313123
-0.03216
-0.033002
-0.0338384
-0.0346692
-0.0354943
-0.0363139
-0.0371279
-0.0379363
-0.0387391
-0.039537
-0.0403207
-0.0236853
-0.0246339
-0.0255773
-0.0265156
-0.0274487
-0.0283766
-0.0292993
-0.0302167
-0.0311288
-0.0320356
-0.0329371
-0.0338332
-0.0347241
-0.0356096
-0.0364898
-0.0373648
-0.0382344
-0.0390989
-0.0399581
-0.0408122
-0.041661
-0.0425055
-0.0433346
-0.0258605
-0.0268519
-0.0278384
-0.02882
-0.0297966
-0.0307683
-0.0317349
-0.0326966
-0.0336533
-0.0346049
-0.0355515
-0.0364931
-0.0374298
-0.0383614
-0.0392882
-0.04021
-0.0411269
-0.0420391
-0.0429464
-0.043849
-0.0447467
-0.0456408
-0.0465182
-0.0281482
-0.0291848
-0.0302167
-0.0312439
-0.0322664
-0.0332843
-0.0342974
-0.0353057
-0.0363094
-0.0373084
-0.0383027
-0.0392923
-0.0402773
-0.0412578
-0.0422337
-0.0432051
-0.044172
-0.0451346
-0.0460928
-0.0470468
-0.0479965
-0.0489431
-0.0498715
-0.030549
-0.0316331
-0.0327127
-0.033788
-0.0348587
-0.0359251
-0.036987
-0.0380445
-0.0390977
-0.0401464
-0.0411909
-0.0422311
-0.0432671
-0.0442989
-0.0453266
-0.0463502
-0.0473699
-0.0483857
-0.0493976
-0.0504059
-0.0514103
-0.0524125
-0.0533948
-0.0330637
-0.0341976
-0.0353273
-0.0364528
-0.0375742
-0.0386914
-0.0398045
-0.0409136
-0.0420186
-0.0431196
-0.0442167
-0.04531
-0.0463994
-0.0474851
-0.0485672
-0.0496457
-0.0507208
-0.0517925
-0.052861
-0.0539263
-0.0549883
-0.056049
-0.0570879
-0.0356932
-0.0368791
-0.0380612
-0.0392393
-0.0404135
-0.041584
-0.0427506
-0.0439135
-0.0450728
-0.0462285
-0.0473806
-0.0485294
-0.0496748
-0.0508169
-0.051956
-0.0530919
-0.054225
-0.0553553
-0.056483
-0.0576081
-0.0587305
-0.0598525
-0.0609507
-0.0384386
-0.0396788
-0.0409154
-0.0421484
-0.0433778
-0.0446037
-0.0458261
-0.0470452
-0.048261
-0.0494737
-0.0506833
-0.0518899
-0.0530936
-0.0542947
-0.0554931
-0.056689
-0.0578827
-0.0590741
-0.0602636
-0.0614512
-0.0626367
-0.0638227
-0.0649829
-0.0413011
-0.0425978
-0.0438911
-0.0451811
-0.0464678
-0.0477514
-0.0490319
-0.0503094
-0.051584
-0.0528559
-0.0541252
-0.0553919
-0.0566564
-0.0579186
-0.0591788
-0.0604371
-0.0616938
-0.0629488
-0.0642026
-0.0654552
-0.0667064
-0.0679591
-0.0691837
-0.0442821
-0.0456374
-0.0469896
-0.0483387
-0.0496848
-0.0510282
-0.0523688
-0.0537068
-0.0550424
-0.0563757
-0.0577069
-0.059036
-0.0603633
-0.061689
-0.0630133
-0.0643362
-0.0656581
-0.0669792
-0.0682996
-0.0696197
-0.0709389
-0.0722609
-0.0735523
-0.047383
-0.0487989
-0.050212
-0.0516222
-0.0530299
-0.054435
-0.0558378
-0.0572385
-0.058637
-0.0600338
-0.0614288
-0.0628224
-0.0642147
-0.065606
-0.0669963
-0.0683861
-0.0697755
-0.0711647
-0.072554
-0.0739437
-0.0753333
-0.0767269
-0.0780871
-0.0506053
-0.0520838
-0.0535597
-0.0550331
-0.0565041
-0.057973
-0.0594399
-0.060905
-0.0623685
-0.0638306
-0.0652915
-0.0667514
-0.0682106
-0.0696694
-0.0711278
-0.0725863
-0.0740451
-0.0755045
-0.0769647
-0.0784261
-0.0798881
-0.0813553
-0.0827864
-0.0539507
-0.0554937
-0.0570342
-0.0585725
-0.0601087
-0.0616432
-0.0631759
-0.0647073
-0.0662374
-0.0677666
-0.0692951
-0.0708231
-0.072351
-0.0738789
-0.0754072
-0.0769362
-0.0784662
-0.0799975
-0.0815303
-0.0830653
-0.0846014
-0.0861441
-0.0876477
-0.0574209
-0.05903
-0.0606369
-0.0622418
-0.0638449
-0.0654465
-0.0670467
-0.0686459
-0.0702443
-0.0718421
-0.0734397
-0.0750374
-0.0766354
-0.0782341
-0.0798338
-0.0814348
-0.0830374
-0.0846421
-0.0862491
-0.0878591
-0.0894709
-0.0910906
-0.0926681
-0.0610176
-0.0626945
-0.0643693
-0.0660423
-0.0677137
-0.0693839
-0.071053
-0.0727215
-0.0743894
-0.0760573
-0.0777254
-0.0793939
-0.0810634
-0.0827341
-0.0844064
-0.0860806
-0.0877571
-0.0894364
-0.0911188
-0.0928049
-0.0944936
-0.0961915
-0.0978438
-0.0647428
-0.0664888
-0.0682329
-0.0699753
-0.0717164
-0.0734564
-0.0751956
-0.0769344
-0.0786731
-0.0804121
-0.0821517
-0.0838922
-0.0856341
-0.0873778
-0.0891236
-0.0908719
-0.0926232
-0.094378
-0.0961365
-0.0978996
-0.0996659
-0.101443
-0.103171
-0.0685982
-0.0704146
-0.0722291
-0.0740421
-0.0758539
-0.0776647
-0.079475
-0.0812851
-0.0830954
-0.0849063
-0.0867182
-0.0885314
-0.0903464
-0.0921636
-0.0939835
-0.0958066
-0.0976332
-0.0994638
-0.101299
-0.103139
-0.104984
-0.10684
-0.108643
-0.0725857
-0.0744735
-0.0763595
-0.0782439
-0.0801271
-0.0820096
-0.0838916
-0.0857737
-0.0876561
-0.0895394
-0.091424
-0.0933103
-0.0951987
-0.0970898
-0.098984
-0.100882
-0.102784
-0.10469
-0.106602
-0.10852
-0.110441
-0.112377
-0.114256
-0.0767072
-0.0786672
-0.0806253
-0.0825817
-0.084537
-0.0864915
-0.0884457
-0.0904
-0.0923548
-0.0943107
-0.096268
-0.0982273
-0.100189
-0.102154
-0.104122
-0.106095
-0.108071
-0.110053
-0.112041
-0.114035
-0.116034
-0.118048
-0.120001
-0.0809646
-0.0829973
-0.0850279
-0.0870567
-0.0890843
-0.091111
-0.0931373
-0.0951638
-0.0971908
-0.099219
-0.101249
-0.103281
-0.105315
-0.107353
-0.109395
-0.111441
-0.113492
-0.115548
-0.117611
-0.11968
-0.121755
-0.123845
-0.125871
-0.0853597
-0.0874653
-0.0895685
-0.0916697
-0.0937694
-0.095868
-0.0979662
-0.100064
-0.102163
-0.104263
-0.106364
-0.108468
-0.110575
-0.112684
-0.114798
-0.116916
-0.11904
-0.121169
-0.123305
-0.125448
-0.127596
-0.129761
-0.131857
-0.0898943
-0.0920727
-0.0942483
-0.0964214
-0.0985927
-0.100763
-0.102932
-0.105101
-0.10727
-0.109441
-0.111613
-0.113787
-0.115963
-0.118143
-0.120328
-0.122516
-0.12471
-0.12691
-0.129117
-0.131331
-0.133549
-0.135786
-0.137949
-0.09457
-0.0968208
-0.099068
-0.101312
-0.103554
-0.105795
-0.108034
-0.110272
-0.112511
-0.11475
-0.11699
-0.119233
-0.121478
-0.123726
-0.125978
-0.128235
-0.130497
-0.132765
-0.135039
-0.13732
-0.139606
-0.141911
-0.144138
-0.0993885
-0.101711
-0.104029
-0.106343
-0.108654
-0.110963
-0.11327
-0.115577
-0.117882
-0.120188
-0.122495
-0.124803
-0.127114
-0.129428
-0.131745
-0.134066
-0.136393
-0.138725
-0.141063
-0.143408
-0.145757
-0.148127
-0.150412
-0.104351
-0.106743
-0.10913
-0.111513
-0.113892
-0.116267
-0.118641
-0.121012
-0.123382
-0.125752
-0.128122
-0.130494
-0.132867
-0.135242
-0.137621
-0.140003
-0.14239
-0.144782
-0.14718
-0.149585
-0.151993
-0.154421
-0.15676
-0.109459
-0.11192
-0.114374
-0.116822
-0.119266
-0.121706
-0.124142
-0.126576
-0.129008
-0.131438
-0.133868
-0.136299
-0.13873
-0.141164
-0.1436
-0.146039
-0.148482
-0.15093
-0.153382
-0.155842
-0.158303
-0.160785
-0.163173
-0.114714
-0.11724
-0.119759
-0.122271
-0.124776
-0.127277
-0.129773
-0.132265
-0.134755
-0.137242
-0.139728
-0.142213
-0.144699
-0.147186
-0.149674
-0.152165
-0.154659
-0.157158
-0.15966
-0.162168
-0.164678
-0.167207
-0.169641
-0.120115
-0.122705
-0.125285
-0.127856
-0.13042
-0.132978
-0.13553
-0.138076
-0.140619
-0.143159
-0.145696
-0.148231
-0.150766
-0.153301
-0.155837
-0.158374
-0.160914
-0.163457
-0.166004
-0.168556
-0.171108
-0.173679
-0.176157
-0.123004
-0.125665
-0.128313
-0.130951
-0.133578
-0.136196
-0.138806
-0.141409
-0.144005
-0.146596
-0.149182
-0.151765
-0.154345
-0.156923
-0.1595
-0.162078
-0.164656
-0.167236
-0.169819
-0.172404
-0.174994
-0.177585
-0.180191
-0.182716
-0.128644
-0.131361
-0.134065
-0.136755
-0.139434
-0.142101
-0.144758
-0.147406
-0.150046
-0.152679
-0.155306
-0.157929
-0.160547
-0.163162
-0.165776
-0.168389
-0.171002
-0.173616
-0.176232
-0.178851
-0.181473
-0.1841
-0.186733
-0.189311
-0.134436
-0.137206
-0.139959
-0.142697
-0.145421
-0.148131
-0.150829
-0.153516
-0.156194
-0.158863
-0.161524
-0.164179
-0.166829
-0.169474
-0.172118
-0.174759
-0.1774
-0.180042
-0.182686
-0.185333
-0.187982
-0.190642
-0.193295
-0.19594
-0.14038
-0.143197
-0.145994
-0.148773
-0.151536
-0.154282
-0.157015
-0.159734
-0.162441
-0.165138
-0.167826
-0.170506
-0.17318
-0.175848
-0.178513
-0.181176
-0.183839
-0.186502
-0.189167
-0.191838
-0.194509
-0.1972
-0.199864
-0.2026
-0.146476
-0.149333
-0.152168
-0.154981
-0.157775
-0.16055
-0.163309
-0.166052
-0.168781
-0.171497
-0.174203
-0.176899
-0.179588
-0.182271
-0.18495
-0.187626
-0.190302
-0.19298
-0.195661
-0.19835
-0.201039
-0.203763
-0.206428
-0.209288
-0.152724
-0.155614
-0.158478
-0.161317
-0.164134
-0.166929
-0.169704
-0.172462
-0.175203
-0.177929
-0.180643
-0.183346
-0.18604
-0.188728
-0.191411
-0.194092
-0.196773
-0.199458
-0.202147
-0.204851
-0.207553
-0.210314
-0.212968
-0.216003
-0.159122
-0.162037
-0.164921
-0.167777
-0.170607
-0.173411
-0.176193
-0.178954
-0.181696
-0.184422
-0.187132
-0.189831
-0.192519
-0.195201
-0.197878
-0.200553
-0.203231
-0.205914
-0.208605
-0.211317
-0.214028
-0.21683
-0.219463
-0.222739
-0.165671
-0.168599
-0.171494
-0.174356
-0.177187
-0.17999
-0.182766
-0.185518
-0.188249
-0.190959
-0.193653
-0.196333
-0.199002
-0.201664
-0.204322
-0.206981
-0.209645
-0.21232
-0.215007
-0.217724
-0.220441
-0.22329
-0.225886
-0.229483
-0.172366
-0.175299
-0.178191
-0.181047
-0.183867
-0.186655
-0.189412
-0.192141
-0.194845
-0.197526
-0.200188
-0.202834
-0.205468
-0.208094
-0.210716
-0.213342
-0.215976
-0.218628
-0.221303
-0.224023
-0.226747
-0.229655
-0.23221
-0.236218
-0.179207
-0.18213
-0.185008
-0.187843
-0.190637
-0.193394
-0.196115
-0.198805
-0.201465
-0.2041
-0.206713
-0.209309
-0.211892
-0.214466
-0.217039
-0.219616
-0.222205
-0.224817
-0.227459
-0.230162
-0.232884
-0.235853
-0.238368
-0.242889
-0.18619
-0.189088
-0.191935
-0.194732
-0.197483
-0.20019
-0.202857
-0.205486
-0.208082
-0.210648
-0.213189
-0.215712
-0.218222
-0.220726
-0.223232
-0.22575
-0.228288
-0.23086
-0.23347
-0.236152
-0.238858
-0.241863
-0.244321
-0.249429
-0.19331
-0.196167
-0.198966
-0.201707
-0.204395
-0.207032
-0.209621
-0.212166
-0.214671
-0.217141
-0.219582
-0.221998
-0.2244
-0.226795
-0.229195
-0.231615
-0.23407
-0.23658
-0.23916
-0.241846
-0.244588
-0.247667
-0.250103
-0.255835
-0.200562
-0.203361
-0.206093
-0.20876
-0.211365
-0.213912
-0.216404
-0.218845
-0.221238
-0.22359
-0.225906
-0.228192
-0.230457
-0.23271
-0.234963
-0.237231
-0.239533
-0.241895
-0.244347
-0.246946
-0.249683
-0.252856
-0.255429
-0.261929
-0.207927
-0.210647
-0.21329
-0.215861
-0.218361
-0.220795
-0.223168
-0.225483
-0.227747
-0.229965
-0.232145
-0.234294
-0.236423
-0.238543
-0.240667
-0.242808
-0.244984
-0.247213
-0.249517
-0.251939
-0.254499
-0.257507
-0.260106
-0.267385
-0.215378
-0.217988
-0.22051
-0.222947
-0.225303
-0.22758
-0.229784
-0.231921
-0.233997
-0.236021
-0.238002
-0.239954
-0.241891
-0.243833
-0.245802
-0.247825
-0.249932
-0.252156
-0.254533
-0.257093
-0.259837
-0.262911
-0.265602
-0.2732
-0.222963
-0.225435
-0.227802
-0.230065
-0.232227
-0.234289
-0.236253
-0.238123
-0.239904
-0.241604
-0.243233
-0.244804
-0.246337
-0.247856
-0.249392
-0.250986
-0.252692
-0.254578
-0.256734
-0.259283
-0.262367
-0.26618
-0.270361
-0.279065
-0.230823
-0.233172
-0.235404
-0.237518
-0.239515
-0.241393
-0.243153
-0.244794
-0.24632
-0.247731
-0.249033
-0.250235
-0.251348
-0.252388
-0.253375
-0.254338
-0.255308
-0.256331
-0.257466
-0.258808
-0.26052
-0.262943
-0.266895
-0.27606
-0.0171776
-0.0185259
-0.0198256
-0.0210667
-0.0222413
-0.0233422
-0.024362
-0.0252924
-0.0261248
-0.0268502
-0.02746
-0.0279455
-0.0282981
-0.0285095
-0.0285717
-0.0284775
-0.0282201
-0.0277937
-0.0174308
-0.0187847
-0.020088
-0.021332
-0.0225097
-0.0236136
-0.024636
-0.0255683
-0.0264016
-0.0271272
-0.0277361
-0.0282198
-0.0285696
-0.0287771
-0.0288342
-0.0287337
-0.0284686
-0.0280332
-0.0179145
-0.0192828
-0.0205938
-0.0218442
-0.0230284
-0.0241388
-0.0251666
-0.0261027
-0.0269381
-0.027664
-0.0282715
-0.0287518
-0.0290963
-0.0292962
-0.0293435
-0.0292307
-0.0289508
-0.028498
-0.0186223
-0.0200102
-0.0213325
-0.022592
-0.0237857
-0.0249054
-0.025941
-0.0268825
-0.0277209
-0.0284472
-0.0290526
-0.029528
-0.0298646
-0.0300535
-0.0300864
-0.0299556
-0.0296542
-0.029176
-0.0195409
-0.020955
-0.0222919
-0.0235635
-0.0247697
-0.0259016
-0.0269473
-0.027896
-0.0287382
-0.0294651
-0.0300678
-0.0305369
-0.0308632
-0.0310377
-0.0310519
-0.0308979
-0.0305684
-0.0300572
-0.0206636
-0.0221094
-0.023464
-0.0247502
-0.0259718
-0.0271186
-0.0281767
-0.029134
-0.0299809
-0.0307085
-0.0313077
-0.0317691
-0.032083
-0.03224
-0.0322314
-0.0320489
-0.0316851
-0.0311335
-0.0219831
-0.023466
-0.0248413
-0.0261447
-0.0273844
-0.0285487
-0.0296213
-0.0305888
-0.0314412
-0.0321696
-0.0327648
-0.0332171
-0.0335164
-0.0336529
-0.0336175
-0.0334016
-0.0329975
-0.0323984
-0.0234942
-0.0250195
-0.0264182
-0.0277412
-0.0290016
-0.030186
-0.0312752
-0.0322542
-0.0331128
-0.0338422
-0.034433
-0.0348749
-0.0351575
-0.0352706
-0.0352045
-0.0349503
-0.0345001
-0.0338467
-0.0251926
-0.0267653
-0.0281901
-0.0295349
-0.0308186
-0.0320256
-0.0331333
-0.0341253
-0.0349909
-0.0357213
-0.036307
-0.0367374
-0.0370013
-0.0370881
-0.0369877
-0.0366907
-0.0361887
-0.0354743
-0.0270749
-0.0286999
-0.0301532
-0.0315221
-0.0328315
-0.0340635
-0.0351917
-0.0361979
-0.0370712
-0.0378028
-0.038383
-0.0388007
-0.0390442
-0.039102
-0.0389637
-0.0386193
-0.0380601
-0.0372781
-0.0291385
-0.0308207
-0.0323047
-0.0336997
-0.0350374
-0.0362967
-0.0374473
-0.0384689
-0.0393506
-0.0400837
-0.0406581
-0.041062
-0.041283
-0.0413093
-0.0411297
-0.0407337
-0.0401118
-0.0392559
-0.0313816
-0.0331255
-0.0346424
-0.0360656
-0.0374338
-0.0387227
-0.0398974
-0.0409357
-0.0418265
-0.0425613
-0.0431294
-0.0435186
-0.0437156
-0.043708
-0.0434838
-0.043032
-0.0423424
-0.0414063
-0.0338027
-0.0356127
-0.0371645
-0.0386178
-0.0400189
-0.0413395
-0.0425401
-0.0435964
-0.044497
-0.0452335
-0.0457952
-0.0461688
-0.0463405
-0.0462967
-0.0460249
-0.0455133
-0.044751
-0.0437287
-0.036401
-0.0382814
-0.0398699
-0.041355
-0.0427911
-0.0441457
-0.0453738
-0.0464492
-0.0473603
-0.0480989
-0.048654
-0.0490115
-0.0491564
-0.0490745
-0.0487522
-0.048177
-0.0473373
-0.0462229
-0.0391759
-0.0411307
-0.0427574
-0.044276
-0.0457492
-0.0471397
-0.0483971
-0.0494928
-0.0504153
-0.0511565
-0.051705
-0.0520457
-0.0521628
-0.0520408
-0.0516655
-0.0510233
-0.0501017
-0.0488896
-0.042127
-0.04416
-0.0458262
-0.0473798
-0.0488922
-0.0503206
-0.0516087
-0.0527257
-0.0536605
-0.0544052
-0.0549473
-0.0552709
-0.0553591
-0.0551957
-0.0547651
-0.0540527
-0.053045
-0.0517299
-0.0452541
-0.0473689
-0.0490757
-0.0506655
-0.052219
-0.0536873
-0.0550076
-0.0561472
-0.0570952
-0.0578437
-0.0583798
-0.0586864
-0.0587454
-0.0585394
-0.0580515
-0.0572661
-0.0561684
-0.0547452
-0.0485572
-0.0507569
-0.0525051
-0.0541323
-0.0557286
-0.0572385
-0.0585926
-0.059756
-0.060718
-0.0614711
-0.0620019
-0.0622919
-0.0623216
-0.0620722
-0.0615257
-0.0606649
-0.0594737
-0.0579376
-0.0520361
-0.0543237
-0.0561137
-0.0577792
-0.0594199
-0.060973
-0.0623622
-0.0635507
-0.064528
-0.0652869
-0.0658133
-0.0660874
-0.066088
-0.0657949
-0.0651887
-0.0642507
-0.062963
-0.0613097
-0.0556909
-0.0580686
-0.0599005
-0.0616049
-0.0632914
-0.0648894
-0.0663149
-0.0675294
-0.0685236
-0.0692902
-0.0698135
-0.0700724
-0.0700447
-0.0697083
-0.069042
-0.0680254
-0.0666387
-0.0648643
-0.0595211
-0.061991
-0.0638644
-0.065608
-0.0673416
-0.0689858
-0.070449
-0.071691
-0.0727034
-0.0734789
-0.0740009
-0.0742467
-0.074192
-0.0738133
-0.0730872
-0.0719913
-0.0705038
-0.0686049
-0.0635265
-0.0660897
-0.0680037
-0.0697866
-0.0715684
-0.07326
-0.0747621
-0.0760331
-0.0770653
-0.0778516
-0.0783746
-0.0786095
-0.0785301
-0.0781107
-0.0773259
-0.0761508
-0.0745613
-0.0725353
-0.0677062
-0.0703635
-0.0723167
-0.0741385
-0.0759693
-0.0777093
-0.0792514
-0.0805528
-0.0816068
-0.0824067
-0.0829334
-0.0831604
-0.0830592
-0.0826017
-0.0817601
-0.0805068
-0.0788149
-0.0766596
-0.0720592
-0.0748106
-0.0768008
-0.0786609
-0.0805412
-0.0823305
-0.0839137
-0.085247
-0.0863253
-0.0871417
-0.0876757
-0.0878985
-0.0877792
-0.0872872
-0.0863918
-0.0850623
-0.0832684
-0.0809825
-0.0765841
-0.0794286
-0.0814532
-0.0833504
-0.0852803
-0.0871197
-0.088745
-0.090112
-0.0912172
-0.0920538
-0.0925994
-0.0928226
-0.09269
-0.0921682
-0.0912231
-0.0898203
-0.0879261
-0.0855091
-0.081279
-0.0842147
-0.0862702
-0.0882029
-0.0901824
-0.0920722
-0.0937406
-0.0951435
-0.0962788
-0.0971396
-0.0977017
-0.0979311
-0.0977913
-0.0972455
-0.0962561
-0.0947845
-0.0927926
-0.090245
-0.0861413
-0.0891653
-0.0912475
-0.0932136
-0.0952421
-0.0971826
-0.0988951
-0.100336
-0.101505
-0.102395
-0.10298
-0.103222
-0.103083
-0.10252
-0.101493
-0.0999585
-0.0978728
-0.0951962
-0.0911679
-0.0942762
-0.09638
-0.0983768
-0.100453
-0.102445
-0.104202
-0.105683
-0.106891
-0.107816
-0.108431
-0.108694
-0.108563
-0.107993
-0.106937
-0.105346
-0.103172
-0.100369
-0.0963552
-0.0995424
-0.101662
-0.103686
-0.105809
-0.107851
-0.109655
-0.111179
-0.112429
-0.113397
-0.114049
-0.114343
-0.114231
-0.113664
-0.11259
-0.110952
-0.108696
-0.105771
-0.101698
-0.104958
-0.107086
-0.109133
-0.111302
-0.113393
-0.115244
-0.116815
-0.118114
-0.119131
-0.119831
-0.120167
-0.120086
-0.119535
-0.118454
-0.11678
-0.114452
-0.11141
-0.107192
-0.110516
-0.112644
-0.114711
-0.116923
-0.119063
-0.120962
-0.122583
-0.123936
-0.125012
-0.125771
-0.126161
-0.126127
-0.125606
-0.124532
-0.122835
-0.120445
-0.117293
-0.112831
-0.116209
-0.118328
-0.120409
-0.122661
-0.124849
-0.126797
-0.128472
-0.129888
-0.131032
-0.131862
-0.132323
-0.13235
-0.131877
-0.130827
-0.129123
-0.126682
-0.12343
-0.118607
-0.122028
-0.124128
-0.126216
-0.128505
-0.13074
-0.132738
-0.134472
-0.135958
-0.137183
-0.138099
-0.138646
-0.138754
-0.138348
-0.137343
-0.135648
-0.133173
-0.12983
-0.124512
-0.127962
-0.130032
-0.132121
-0.134444
-0.136723
-0.138773
-0.140572
-0.142137
-0.143455
-0.144474
-0.145127
-0.145337
-0.14502
-0.144081
-0.142417
-0.139925
-0.136504
-0.130538
-0.134003
-0.136028
-0.138111
-0.140463
-0.142785
-0.144889
-0.146757
-0.148413
-0.149839
-0.150978
-0.151758
-0.152095
-0.151894
-0.151046
-0.149436
-0.146946
-0.143462
-0.136675
-0.140137
-0.142104
-0.144172
-0.146548
-0.148911
-0.15107
-0.153015
-0.154773
-0.156323
-0.157604
-0.158535
-0.159026
-0.158968
-0.158241
-0.156712
-0.154247
-0.150718
-0.142912
-0.146352
-0.148245
-0.150289
-0.152684
-0.155085
-0.157301
-0.15933
-0.161203
-0.162895
-0.164341
-0.165451
-0.166126
-0.166244
-0.165669
-0.164252
-0.161839
-0.158283
-0.149238
-0.152634
-0.154435
-0.156446
-0.158854
-0.161291
-0.163565
-0.165687
-0.167689
-0.169544
-0.171179
-0.172499
-0.173391
-0.173722
-0.173336
-0.172064
-0.169732
-0.166173
-0.155641
-0.158968
-0.160659
-0.162625
-0.16504
-0.167509
-0.169845
-0.172069
-0.174216
-0.176256
-0.178108
-0.17967
-0.180818
-0.181401
-0.181245
-0.180157
-0.177939
-0.174401
-0.162108
-0.165339
-0.166898
-0.168809
-0.171224
-0.173723
-0.176122
-0.178458
-0.180767
-0.183015
-0.185116
-0.186958
-0.188403
-0.189283
-0.189401
-0.18854
-0.186473
-0.182985
-0.168626
-0.171727
-0.173134
-0.17498
-0.177387
-0.17991
-0.182376
-0.184834
-0.187325
-0.189808
-0.192191
-0.194352
-0.19614
-0.197366
-0.197808
-0.19722
-0.195347
-0.191942
-0.175176
-0.178113
-0.179347
-0.181117
-0.183508
-0.18605
-0.188585
-0.191178
-0.19387
-0.196616
-0.199317
-0.201841
-0.204022
-0.205648
-0.206469
-0.206208
-0.204574
-0.201287
-0.18174
-0.184472
-0.185515
-0.187199
-0.189565
-0.192119
-0.194726
-0.197467
-0.200381
-0.20342
-0.206477
-0.209412
-0.21204
-0.214124
-0.215386
-0.215509
-0.214166
-0.211038
-0.188293
-0.190777
-0.191615
-0.193205
-0.195531
-0.19809
-0.200772
-0.203674
-0.206833
-0.210195
-0.213651
-0.217047
-0.22018
-0.222788
-0.224555
-0.225128
-0.224134
-0.22121
-0.194806
-0.196995
-0.197621
-0.199109
-0.20138
-0.203934
-0.206695
-0.209771
-0.213196
-0.216915
-0.220812
-0.224724
-0.228425
-0.231624
-0.23397
-0.235063
-0.234481
-0.231813
-0.201239
-0.203085
-0.203504
-0.204884
-0.20708
-0.209616
-0.212459
-0.215722
-0.219436
-0.223543
-0.227927
-0.232411
-0.236746
-0.240611
-0.243613
-0.245304
-0.245206
-0.242853
-0.207543
-0.209002
-0.209235
-0.210499
-0.212592
-0.215099
-0.218026
-0.221488
-0.225511
-0.230039
-0.234955
-0.240067
-0.245106
-0.249715
-0.253459
-0.255832
-0.256298
-0.254325
-0.213653
-0.214692
-0.21478
-0.215918
-0.217875
-0.220338
-0.223352
-0.227021
-0.23137
-0.236351
-0.241841
-0.247639
-0.253453
-0.258889
-0.263462
-0.266611
-0.267729
-0.266213
-0.219487
-0.220096
-0.220106
-0.221099
-0.22288
-0.225285
-0.228384
-0.232265
-0.236955
-0.242414
-0.248521
-0.255061
-0.26172
-0.268066
-0.273564
-0.277587
-0.279454
-0.278483
-0.22494
-0.22515
-0.225175
-0.225993
-0.227552
-0.229885
-0.233067
-0.237157
-0.242196
-0.248157
-0.254916
-0.262251
-0.269822
-0.277162
-0.28368
-0.288684
-0.291408
-0.291082
-0.229885
-0.229791
-0.22995
-0.230545
-0.231834
-0.234083
-0.237337
-0.241629
-0.247019
-0.253496
-0.260937
-0.269111
-0.277657
-0.28607
-0.293706
-0.2998
-0.303498
-0.30393
-0.234185
-0.233965
-0.234389
-0.234695
-0.23567
-0.237823
-0.241132
-0.24561
-0.251346
-0.258345
-0.266488
-0.275537
-0.28511
-0.29467
-0.303518
-0.310815
-0.31561
-0.316926
-0.237699
-0.237639
-0.23845
-0.238382
-0.239009
-0.241054
-0.244394
-0.249034
-0.255103
-0.26262
-0.271472
-0.281418
-0.292061
-0.302832
-0.312978
-0.321588
-0.32761
-0.329946
-0.240322
-0.24081
-0.242087
-0.241552
-0.241813
-0.243737
-0.247074
-0.251849
-0.258229
-0.266249
-0.275804
-0.286656
-0.298397
-0.310428
-0.321949
-0.331974
-0.339349
-0.342849
-0.24204
-0.24352
-0.245256
-0.244167
-0.244068
-0.245851
-0.249148
-0.254027
-0.26069
-0.269187
-0.279426
-0.291177
-0.304027
-0.31735
-0.330303
-0.341833
-0.350682
-0.355489
-0.242961
-0.24586
-0.247927
-0.246222
-0.245784
-0.247402
-0.250623
-0.255574
-0.262485
-0.271423
-0.282316
-0.294943
-0.308894
-0.323519
-0.337938
-0.351043
-0.361469
-0.367717
-0.243306
-0.247936
-0.250082
-0.247752
-0.247008
-0.248428
-0.251538
-0.256527
-0.263648
-0.272984
-0.284485
-0.297952
-0.312975
-0.328893
-0.344792
-0.359519
-0.371603
-0.379409
-0.243579
-0.249777
-0.251696
-0.248828
-0.247805
-0.248986
-0.251951
-0.256945
-0.264231
-0.273916
-0.285982
-0.300249
-0.316318
-0.333511
-0.350892
-0.367297
-0.381115
-0.390582
-0.244786
-0.251418
-0.252733
-0.249526
-0.248259
-0.249169
-0.251969
-0.256945
-0.264367
-0.27437
-0.286971
-0.302012
-0.319112
-0.337585
-0.356424
-0.37457
-0.390193
-0.401415
-0.249233
-0.253435
-0.253356
-0.249996
-0.248575
-0.24927
-0.251959
-0.256947
-0.264507
-0.274799
-0.287867
-0.303577
-0.321562
-0.34116
-0.361564
-0.380942
-0.398199
-0.411048
-0.261386
-0.256367
-0.254059
-0.250641
-0.249181
-0.249807
-0.252454
-0.257428
-0.264997
-0.275327
-0.288472
-0.304307
-0.322474
-0.34231
-0.362913
-0.382829
-0.400768
-0.414293
-0.265699
-0.257415
-0.25405
-0.250763
-0.249427
-0.250178
-0.25301
-0.258241
-0.266137
-0.276868
-0.290491
-0.306876
-0.325652
-0.34616
-0.367443
-0.38796
-0.406325
-0.420273
-0.267074
-0.25714
-0.253613
-0.250652
-0.249614
-0.250669
-0.253863
-0.259528
-0.267928
-0.279236
-0.293504
-0.310589
-0.330096
-0.351353
-0.373276
-0.394524
-0.413369
-0.42762
-0.267786
-0.256635
-0.253258
-0.250658
-0.249916
-0.251271
-0.254813
-0.260884
-0.269752
-0.28159
-0.296446
-0.314165
-0.33433
-0.356247
-0.378738
-0.400595
-0.419958
-0.434521
-0.268006
-0.256152
-0.253071
-0.250817
-0.250353
-0.25199
-0.255855
-0.262303
-0.271602
-0.283933
-0.299335
-0.317645
-0.33842
-0.360949
-0.384017
-0.406632
-0.426161
-0.441052
-0.267793
-0.255708
-0.253034
-0.251107
-0.250922
-0.252838
-0.257019
-0.263831
-0.27355
-0.286357
-0.302289
-0.321168
-0.342532
-0.365644
-0.389283
-0.41248
-0.432218
-0.447454
-0.267324
-0.255382
-0.253163
-0.251541
-0.251631
-0.253823
-0.258313
-0.265479
-0.275604
-0.288873
-0.305318
-0.324747
-0.346678
-0.370343
-0.394509
-0.417889
-0.43817
-0.453745
-0.266749
-0.255248
-0.25348
-0.252135
-0.252492
-0.254951
-0.259738
-0.267245
-0.277761
-0.291475
-0.308414
-0.328373
-0.350846
-0.375033
-0.399685
-0.42334
-0.444023
-0.459894
-0.266183
-0.25535
-0.253996
-0.252899
-0.253513
-0.256226
-0.261297
-0.26913
-0.280021
-0.294163
-0.311578
-0.332045
-0.355036
-0.379715
-0.404813
-0.42881
-0.449774
-0.26572
-0.255711
-0.254714
-0.25384
-0.254696
-0.257648
-0.26299
-0.271132
-0.282383
-0.296936
-0.314809
-0.335763
-0.359248
-0.384391
-0.409898
-0.434228
-0.455409
-0.265435
-0.256338
-0.255633
-0.254959
-0.256041
-0.259218
-0.264813
-0.273251
-0.284844
-0.299793
-0.318104
-0.339525
-0.363478
-0.389056
-0.414938
-0.439557
-0.460914
-0.265383
-0.25723
-0.256751
-0.256257
-0.257548
-0.260931
-0.266765
-0.275481
-0.287401
-0.302727
-0.321458
-0.343324
-0.36772
-0.393703
-0.419925
-0.444789
-0.466279
-0.265604
-0.258378
-0.258062
-0.257732
-0.259212
-0.262785
-0.268841
-0.277818
-0.290048
-0.305732
-0.324863
-0.34715
-0.371962
-0.39832
-0.424849
-0.449913
-0.471496
-0.26612
-0.259765
-0.25956
-0.259379
-0.261029
-0.264774
-0.271035
-0.280257
-0.292778
-0.3088
-0.328307
-0.350991
-0.376191
-0.402891
-0.429693
-0.454912
-0.4765
-0.26694
-0.261376
-0.26124
-0.261193
-0.262992
-0.266893
-0.273341
-0.282789
-0.295581
-0.31192
-0.331779
-0.354831
-0.380388
-0.407398
-0.43444
-0.459792
-0.481339
-0.268063
-0.263192
-0.263092
-0.263166
-0.265097
-0.269136
-0.275754
-0.285408
-0.298449
-0.315079
-0.335262
-0.358652
-0.384532
-0.411816
-0.439061
-0.464548
-0.487229
-0.269479
-0.265198
-0.265112
-0.265294
-0.267337
-0.271497
-0.278266
-0.288104
-0.30137
-0.318263
-0.338739
-0.362433
-0.388599
-0.416118
-0.443524
-0.469074
-0.491406
-0.271171
-0.267378
-0.267292
-0.267568
-0.269707
-0.273971
-0.28087
-0.290869
-0.304331
-0.321456
-0.34219
-0.366148
-0.39256
-0.420274
-0.447798
-0.473356
-0.27312
-0.26972
-0.269627
-0.269985
-0.272202
-0.276552
-0.283559
-0.293692
-0.30732
-0.324641
-0.345592
-0.369771
-0.396386
-0.424251
-0.451846
-0.477366
-0.275303
-0.272215
-0.27211
-0.272539
-0.274818
-0.279235
-0.286326
-0.296565
-0.310323
-0.327799
-0.348921
-0.373275
-0.400042
-0.428011
-0.455632
-0.481073
-0.277702
-0.274856
-0.27474
-0.275227
-0.277552
-0.282015
-0.289165
-0.299475
-0.313325
-0.33091
-0.352154
-0.376628
-0.403495
-0.431517
-0.459117
-0.48444
-0.280295
-0.277638
-0.277512
-0.278047
-0.280401
-0.28489
-0.29207
-0.302415
-0.316311
-0.333954
-0.355264
-0.3798
-0.406709
-0.43473
-0.462261
-0.487426
-0.283067
-0.280562
-0.280426
-0.280999
-0.283364
-0.287856
-0.295033
-0.305374
-0.319268
-0.336913
-0.358225
-0.382759
-0.409646
-0.437608
-0.46502
-0.489988
-0.286005
-0.283626
-0.28348
-0.284084
-0.286441
-0.290911
-0.298052
-0.308344
-0.322183
-0.339766
-0.361013
-0.385474
-0.412271
-0.440112
-0.467352
-0.492082
-0.289098
-0.286837
-0.286675
-0.287305
-0.289634
-0.294056
-0.301122
-0.311317
-0.325041
-0.342496
-0.363603
-0.387914
-0.414548
-0.442201
-0.469213
-0.493663
-0.292342
-0.290199
-0.290012
-0.290666
-0.292943
-0.29729
-0.304241
-0.314286
-0.327833
-0.345085
-0.365973
-0.390052
-0.416442
-0.443836
-0.470562
-0.494686
-0.29572
-0.293735
-0.293496
-0.294175
-0.29637
-0.300616
-0.307407
-0.317248
-0.33055
-0.34752
-0.368101
-0.39186
-0.417922
-0.44498
-0.471358
-0.495108
-0.299175
-0.297467
-0.297111
-0.297863
-0.299923
-0.304037
-0.31062
-0.320199
-0.333184
-0.349788
-0.369971
-0.393315
-0.418958
-0.4456
-0.471562
-0.49489
-0.302956
-0.301205
-0.300798
-0.301761
-0.303604
-0.307566
-0.313883
-0.323139
-0.335731
-0.35188
-0.371567
-0.394396
-0.419524
-0.445664
-0.471139
-0.493992
-0.306861
-0.305172
-0.304884
-0.305591
-0.307393
-0.31121
-0.317205
-0.326071
-0.338191
-0.35379
-0.37288
-0.395088
-0.419599
-0.445146
-0.470059
-0.492381
-0.310919
-0.309335
-0.309095
-0.309646
-0.311375
-0.31491
-0.320588
-0.329001
-0.340566
-0.355515
-0.373901
-0.395379
-0.419166
-0.444023
-0.468295
-0.490027
-0.315147
-0.313687
-0.313463
-0.3139
-0.315502
-0.318744
-0.324042
-0.331927
-0.342861
-0.35706
-0.37463
-0.395261
-0.418213
-0.442281
-0.465826
-0.486906
-0.319557
-0.318233
-0.318011
-0.318346
-0.319786
-0.322712
-0.327577
-0.334875
-0.34507
-0.35843
-0.375069
-0.394735
-0.416735
-0.439907
-0.462638
-0.482999
-0.324157
-0.322977
-0.322752
-0.322988
-0.32424
-0.326822
-0.331203
-0.337844
-0.347219
-0.35963
-0.375224
-0.393802
-0.414731
-0.4369
-0.458722
-0.478296
-0.328954
-0.327921
-0.327693
-0.327832
-0.328875
-0.331085
-0.33493
-0.340849
-0.349319
-0.360677
-0.375109
-0.392475
-0.412207
-0.433261
-0.454078
-0.333953
-0.333067
-0.332841
-0.332883
-0.333699
-0.33551
-0.338771
-0.343902
-0.351384
-0.361586
-0.374739
-0.390767
-0.409178
-0.428999
-0.448711
-0.339155
-0.338414
-0.338199
-0.338142
-0.338718
-0.340106
-0.34274
-0.34702
-0.353433
-0.362378
-0.374134
-0.388699
-0.405664
-0.424135
-0.442633
-0.34456
-0.343959
-0.343767
-0.343611
-0.343939
-0.34488
-0.346847
-0.350219
-0.355484
-0.363073
-0.373319
-0.386296
-0.401687
-0.418695
-0.435865
-0.350165
-0.349698
-0.349542
-0.349289
-0.349363
-0.349838
-0.351103
-0.353513
-0.357557
-0.363697
-0.372322
-0.383589
-0.397279
-0.412681
-0.428465
-0.355962
-0.35562
-0.355518
-0.355172
-0.354988
-0.354984
-0.355518
-0.356916
-0.359672
-0.364273
-0.371172
-0.380611
-0.392477
-0.406157
-0.420441
)
;

boundaryField
{
    inlet
    {
        type            zeroGradient;
    }
    outlet
    {
        type            fixedValue;
        value           nonuniform 0();
    }
    cylinder
    {
        type            zeroGradient;
    }
    top
    {
        type            symmetryPlane;
    }
    bottom
    {
        type            symmetryPlane;
    }
    defaultFaces
    {
        type            empty;
    }
    procBoundary2to1
    {
        type            processor;
        value           nonuniform List<scalar> 
200
(
-0.477422
-0.477422
-0.478506
-0.478506
-0.479378
-0.479378
-0.482649
-0.482974
-0.482974
-0.482839
-0.482839
-0.482372
-0.482372
-0.48161
-0.48161
-0.480469
-0.480469
-0.478687
-0.478687
-0.475811
-0.475811
-0.471245
-0.471245
-0.464394
-0.454763
-0.454763
-0.443388
-0.443388
-0.429438
-0.429438
-0.413364
-0.398696
-0.398696
-0.380569
-0.380569
-0.36161
-0.347
-0.347
-0.252159
-0.241002
-0.241002
-0.265874
-0.265874
-0.290195
-0.278837
-0.278837
-0.301459
-0.301459
-0.319931
-0.31103
-0.31103
-0.32628
-0.32628
-0.330847
-0.330847
-0.334021
-0.334021
-0.33623
-0.33623
-0.337818
-0.337818
-0.338988
-0.338988
-0.339805
-0.339805
-0.340239
-0.340239
-0.340212
-0.340212
-0.339613
-0.339613
-0.338366
-0.335438
-0.335438
-0.333603
-0.333603
-0.329357
-0.318519
-0.307908
-0.297501
-0.287233
-0.27712
-0.267185
-0.257437
-0.251697
-0.251697
-0.242245
-0.232987
-0.223928
-0.215073
-0.206424
-0.197985
-0.189758
-0.181744
-0.173946
-0.166364
-0.158997
-0.151846
-0.14491
-0.138187
-0.131677
-0.125377
-0.119285
-0.113399
-0.107716
-0.102235
-0.0969509
-0.0918621
-0.0869655
-0.0822579
-0.0777362
-0.0733974
-0.0692385
-0.0652564
-0.061448
-0.0578107
-0.0543414
-0.0510377
-0.0478969
-0.0449167
-0.0420951
-0.0394302
-0.0369202
-0.034564
-0.0323605
-0.0308858
-0.0308858
-0.0289623
-0.0271935
-0.0255803
-0.0241242
-0.0228277
-0.0216938
-0.0207272
-0.0199328
-0.0193168
-0.0188921
-0.0186541
-0.00481063
-0.00501464
-0.00535952
-0.00535952
-0.00524562
-0.00587049
-0.0066271
-0.00751122
-0.008518
-0.00964462
-0.010888
-0.0122461
-0.0137171
-0.0152997
-0.0169929
-0.0187962
-0.0207092
-0.0227318
-0.0248643
-0.027107
-0.0294605
-0.0319256
-0.0345033
-0.0371947
-0.040001
-0.0429236
-0.0459641
-0.049124
-0.0524052
-0.0558094
-0.0593385
-0.0629946
-0.0667796
-0.0706956
-0.0747448
-0.0789293
-0.0832511
-0.0877124
-0.0923153
-0.0970616
-0.101953
-0.106992
-0.112179
-0.117516
-0.117516
-0.120331
-0.125911
-0.131648
-0.137543
-0.143595
-0.149807
-0.156177
-0.162706
-0.169393
-0.176237
-0.183237
-0.19039
-0.197692
-0.205128
-0.212676
-0.220384
-0.228354
)
;
    }
    procBoundary2to3
    {
        type            processor;
        value           nonuniform List<scalar> 
207
(
-0.423759
-0.41321
-0.402109
-0.390517
-0.378499
-0.366126
-0.366126
-0.355346
-0.341072
-0.326603
-0.312012
-0.297374
-0.282763
-0.268253
-0.253916
-0.239823
-0.226043
-0.212642
-0.199685
-0.187232
-0.17534
-0.16406
-0.15344
-0.143522
-0.143522
-0.112547
-0.102589
-0.0934489
-0.085171
-0.0778013
-0.0712874
-0.0652699
-0.0604886
-0.0565489
-0.0565489
-0.0247198
-0.0212767
-0.0186694
-0.0168234
-0.0157813
-0.0158897
-0.0169187
-0.0158741
-0.0106218
-0.00698016
-0.00400821
-0.00177511
-0.000401218
0.000160542
-4.0053e-06
-0.000805176
-0.00214848
-0.00393617
-0.00607155
-0.00846288
-0.0110263
-0.0136875
-0.016383
-0.0190597
-0.0216743
-0.0241929
-0.0265891
-0.0288431
-0.0309404
-0.0328706
-0.0346271
-0.0362058
-0.0376044
-0.038822
-0.0398609
-0.0407234
-0.0414136
-0.0419365
-0.042298
-0.0425052
-0.0425659
-0.0424886
-0.0422825
-0.0419571
-0.0415225
-0.0409891
-0.0409891
-0.0363081
-0.0358997
-0.0354047
-0.0348351
-0.0342025
-0.0335185
-0.0327944
-0.0320416
-0.0312708
-0.0304927
-0.0297177
-0.0289562
-0.0282179
-0.0275127
-0.0268499
-0.0262388
-0.0256885
-0.025208
-0.0248062
-0.0244919
-0.0242737
-0.0241604
-0.0271935
-0.0274227
-0.0278674
-0.0285161
-0.0293591
-0.0303889
-0.031599
-0.0329844
-0.0345414
-0.0362669
-0.0381589
-0.0402163
-0.0424384
-0.0448253
-0.0473779
-0.0500973
-0.0529854
-0.0560445
-0.0592773
-0.0626873
-0.0662781
-0.0700541
-0.0740199
-0.0781808
-0.0825426
-0.0871115
-0.0918944
-0.0968986
-0.102132
-0.107604
-0.113323
-0.1193
-0.125545
-0.13207
-0.138888
-0.146013
-0.153458
-0.161242
-0.169379
-0.177889
-0.186791
-0.196104
-0.205848
-0.216042
-0.226701
-0.237836
-0.24945
-0.261536
-0.274072
-0.287018
-0.300311
-0.313867
-0.327578
-0.341319
-0.354951
-0.368329
-0.381319
-0.39392
-0.406301
-0.417465
-0.42151
-0.427806
-0.435198
-0.442167
-0.448803
-0.455318
-0.461712
-0.46794
-0.465886
-0.465886
-0.471713
-0.477366
-0.482835
-0.488108
-0.49317
-0.497978
-0.502513
-0.50672
-0.495282
-0.495282
-0.498998
-0.502448
-0.505559
-0.508265
-0.510522
-0.512285
-0.513509
-0.514147
-0.514154
-0.513488
-0.512108
-0.509979
-0.50707
-0.503356
-0.498817
-0.493438
-0.472793
-0.472793
-0.466494
-0.459411
-0.451565
-0.442983
-0.433701
)
;
    }
}


// ************************************************************************* //
