/*--------------------------------*- C++ -*----------------------------------*\
  =========                 |
  \\      /  F ield         | OpenFOAM: The Open Source CFD Toolbox
   \\    /   O peration     | Website:  https://openfoam.org
    \\  /    A nd           | Version:  7
     \\/     M anipulation  |
\*---------------------------------------------------------------------------*/
FoamFile
{
    version     2.0;
    format      ascii;
    class       volScalarField;
    location    "90";
    object      p;
}
// * * * * * * * * * * * * * * * * * * * * * * * * * * * * * * * * * * * * * //

dimensions      [0 2 -2 0 0 0 0];

internalField   nonuniform List<scalar> 
8500
(
-0.513683
-0.516747
-0.51515
-0.50807
-0.494836
-0.475108
-0.449071
-0.417655
-0.382546
-0.345899
-0.309962
-0.276563
-0.246995
-0.222001
-0.20195
-0.187024
-0.177395
-0.173322
-0.175051
-0.182448
-0.194486
-0.208964
-0.222695
-0.23222
-0.234584
-0.22811
-0.212788
-0.190504
-0.164253
-0.137545
-0.112949
-0.0925018
-0.0764407
-0.0655257
-0.0585566
-0.0566512
-0.0577338
-0.0651932
-0.0754225
-0.0921448
-0.104222
-0.113306
-0.106662
-0.0898649
-0.0597351
-0.0203819
-0.524441
-0.527992
-0.526733
-0.5198
-0.506474
-0.486355
-0.459594
-0.427125
-0.390703
-0.352598
-0.315167
-0.28033
-0.249424
-0.223207
-0.202035
-0.186059
-0.175407
-0.170292
-0.170944
-0.177273
-0.188356
-0.202117
-0.215463
-0.224967
-0.227651
-0.221788
-0.207289
-0.185946
-0.16065
-0.134839
-0.111041
-0.0912941
-0.0758402
-0.0654898
-0.0590395
-0.0576705
-0.0592842
-0.0673846
-0.0782564
-0.0956541
-0.108173
-0.117445
-0.110434
-0.0929619
-0.061699
-0.0211155
-0.534339
-0.53837
-0.537464
-0.530714
-0.517347
-0.496903
-0.469486
-0.436032
-0.398359
-0.35885
-0.319973
-0.283737
-0.251526
-0.224111
-0.201839
-0.184832
-0.173176
-0.167038
-0.16663
-0.171897
-0.182015
-0.195035
-0.207971
-0.217435
-0.220435
-0.215192
-0.201536
-0.181159
-0.156845
-0.13196
-0.108984
-0.0899587
-0.0751292
-0.0653572
-0.0594368
-0.058613
-0.060766
-0.0695136
-0.0810342
-0.0991115
-0.112078
-0.121543
-0.114168
-0.0960245
-0.0636329
-0.0218374
-0.543337
-0.547846
-0.547309
-0.540778
-0.527424
-0.506722
-0.478723
-0.444358
-0.405503
-0.364653
-0.324384
-0.286795
-0.253316
-0.224733
-0.201383
-0.183365
-0.170724
-0.163585
-0.162132
-0.166344
-0.175489
-0.187748
-0.200246
-0.20965
-0.212958
-0.20834
-0.195542
-0.176152
-0.152846
-0.128911
-0.10678
-0.0884951
-0.0743057
-0.0651252
-0.0597451
-0.0594745
-0.0621741
-0.0715743
-0.0837493
-0.102509
-0.115928
-0.125593
-0.117857
-0.0990476
-0.0655335
-0.0225465
-0.551411
-0.556394
-0.556243
-0.549967
-0.536681
-0.515789
-0.487286
-0.452089
-0.412127
-0.370005
-0.328406
-0.289518
-0.254814
-0.225095
-0.200693
-0.181684
-0.168078
-0.159956
-0.157477
-0.160642
-0.168808
-0.180285
-0.192319
-0.201639
-0.205243
-0.20125
-0.189321
-0.170936
-0.148658
-0.125695
-0.104429
-0.0869031
-0.0733685
-0.0647913
-0.0599611
-0.0602507
-0.0635037
-0.0735607
-0.0863949
-0.10584
-0.119717
-0.129588
-0.121496
-0.102026
-0.0673978
-0.0232417
-0.558544
-0.563997
-0.564248
-0.558263
-0.545099
-0.524087
-0.495158
-0.459211
-0.418226
-0.374907
-0.332048
-0.291918
-0.256036
-0.225219
-0.199792
-0.179814
-0.165263
-0.156178
-0.152691
-0.154818
-0.162
-0.172677
-0.18422
-0.193431
-0.197314
-0.193942
-0.182888
-0.165521
-0.14429
-0.122318
-0.101936
-0.0851829
-0.0723164
-0.0643533
-0.0600818
-0.0609379
-0.06475
-0.0754671
-0.0889644
-0.109096
-0.123436
-0.133518
-0.125078
-0.104955
-0.0692226
-0.0239219
-0.564732
-0.570651
-0.571317
-0.565656
-0.552667
-0.531603
-0.502328
-0.465717
-0.423794
-0.379362
-0.335316
-0.294009
-0.257002
-0.225127
-0.198706
-0.177782
-0.162305
-0.152277
-0.147799
-0.1489
-0.155097
-0.164957
-0.17598
-0.185056
-0.189198
-0.186439
-0.17626
-0.159921
-0.13975
-0.118785
-0.099301
-0.0833352
-0.0711488
-0.0638094
-0.0601042
-0.0615321
-0.0659085
-0.0772877
-0.0914512
-0.112271
-0.127079
-0.137377
-0.128596
-0.107828
-0.0710048
-0.0245862
-0.569979
-0.576357
-0.577451
-0.572144
-0.559379
-0.53833
-0.508788
-0.4716
-0.42883
-0.383372
-0.338222
-0.295807
-0.257731
-0.224841
-0.19746
-0.175615
-0.159232
-0.14828
-0.14283
-0.142916
-0.148128
-0.157155
-0.167633
-0.176543
-0.180922
-0.178763
-0.169456
-0.154148
-0.135047
-0.115101
-0.0965284
-0.0813613
-0.0698653
-0.063158
-0.0600259
-0.06203
-0.0669746
-0.0790171
-0.0938488
-0.115355
-0.130636
-0.141157
-0.132043
-0.110642
-0.0727413
-0.0252335
-0.574296
-0.581127
-0.582657
-0.577733
-0.565238
-0.544266
-0.514535
-0.476859
-0.433335
-0.386944
-0.340774
-0.297326
-0.258242
-0.224385
-0.196077
-0.173337
-0.15607
-0.144214
-0.13781
-0.136895
-0.141123
-0.149303
-0.159209
-0.167923
-0.172513
-0.170936
-0.162492
-0.148216
-0.13019
-0.111273
-0.0936217
-0.0792627
-0.0684661
-0.062398
-0.0598446
-0.0624283
-0.0679443
-0.0806497
-0.0961509
-0.118343
-0.134101
-0.14485
-0.135415
-0.11339
-0.074429
-0.0258627
-0.584979
-0.586954
-0.582436
-0.570251
-0.549416
-0.519569
-0.481493
-0.437311
-0.390083
-0.342984
-0.298581
-0.258553
-0.223779
-0.194583
-0.170976
-0.152846
-0.140106
-0.132767
-0.130864
-0.134111
-0.141434
-0.150742
-0.159228
-0.163998
-0.162983
-0.155389
-0.14214
-0.125192
-0.107308
-0.0905852
-0.0770416
-0.0669515
-0.0615283
-0.0595584
-0.0627238
-0.0688135
-0.0821804
-0.0983514
-0.121227
-0.137466
-0.148448
-0.138703
-0.116068
-0.076065
-0.026473
-0.587944
-0.590364
-0.586271
-0.574432
-0.553786
-0.523896
-0.485505
-0.440763
-0.392798
-0.344865
-0.299589
-0.258684
-0.223045
-0.193
-0.168555
-0.149586
-0.135982
-0.127726
-0.124851
-0.127121
-0.133576
-0.142262
-0.150487
-0.155407
-0.154929
-0.148166
-0.135934
-0.120061
-0.103214
-0.0874236
-0.0747005
-0.0653226
-0.0605487
-0.0591656
-0.062914
-0.0695785
-0.0836042
-0.100444
-0.124
-0.140724
-0.151945
-0.141902
-0.11867
-0.0776463
-0.0270632
-0.590061
-0.592918
-0.589262
-0.5778
-0.557391
-0.527523
-0.488903
-0.443697
-0.395098
-0.346428
-0.300364
-0.258653
-0.222203
-0.191351
-0.166099
-0.146315
-0.131867
-0.122714
-0.118881
-0.120181
-0.12576
-0.133801
-0.141732
-0.146766
-0.146796
-0.140843
-0.129615
-0.11481
-0.0989973
-0.084142
-0.0722425
-0.0635807
-0.0594588
-0.058665
-0.0629963
-0.0702358
-0.0849163
-0.102424
-0.126655
-0.143868
-0.155333
-0.145006
-0.121192
-0.0791701
-0.0276324
-0.591368
-0.594648
-0.591438
-0.580377
-0.560246
-0.530463
-0.491694
-0.446123
-0.396994
-0.347686
-0.300923
-0.258477
-0.221274
-0.189657
-0.163632
-0.143057
-0.127785
-0.117755
-0.112982
-0.113318
-0.118014
-0.125389
-0.132992
-0.138104
-0.138604
-0.133439
-0.123198
-0.109452
-0.0946679
-0.0807463
-0.0696709
-0.0617274
-0.058259
-0.0580556
-0.0629686
-0.0707822
-0.0861124
-0.104285
-0.129186
-0.14689
-0.158604
-0.148009
-0.123629
-0.0806336
-0.0281798
-0.591893
-0.595592
-0.592833
-0.582189
-0.562372
-0.532729
-0.49389
-0.448051
-0.398496
-0.348653
-0.301281
-0.258174
-0.220275
-0.187938
-0.161173
-0.139834
-0.123761
-0.112873
-0.107176
-0.106557
-0.110366
-0.117053
-0.124296
-0.129447
-0.130385
-0.125975
-0.1167
-0.103997
-0.0902345
-0.0772425
-0.0669897
-0.0597648
-0.0569498
-0.0573367
-0.062829
-0.0712149
-0.0871881
-0.106021
-0.131587
-0.149785
-0.161753
-0.150904
-0.125976
-0.0820341
-0.0287043
-0.591655
-0.595787
-0.593481
-0.583267
-0.563791
-0.534338
-0.495505
-0.449493
-0.399619
-0.349344
-0.301452
-0.25776
-0.219225
-0.186214
-0.158743
-0.136667
-0.119814
-0.108089
-0.101486
-0.0999224
-0.10284
-0.108822
-0.115672
-0.120822
-0.122147
-0.11847
-0.110137
-0.0984596
-0.0857062
-0.0736371
-0.0642032
-0.0576956
-0.0555322
-0.0565082
-0.0625761
-0.0715312
-0.0881395
-0.107629
-0.133852
-0.152546
-0.164772
-0.153687
-0.128229
-0.0833691
-0.0292051
-0.590701
-0.595276
-0.593421
-0.583642
-0.564528
-0.53531
-0.496554
-0.450464
-0.400376
-0.349772
-0.301453
-0.25725
-0.21814
-0.184501
-0.156361
-0.133575
-0.115967
-0.103425
-0.0959344
-0.0934368
-0.0954614
-0.100721
-0.107145
-0.112255
-0.113927
-0.110947
-0.103525
-0.0928518
-0.0810927
-0.0699371
-0.061316
-0.0555226
-0.0540075
-0.0555701
-0.0622087
-0.0717289
-0.0889633
-0.109103
-0.135975
-0.155167
-0.167655
-0.156351
-0.130383
-0.0846362
-0.0296814
-0.589114
-0.594107
-0.592692
-0.583346
-0.564609
-0.535665
-0.497055
-0.450978
-0.400781
-0.349951
-0.301297
-0.256661
-0.217035
-0.182816
-0.154044
-0.130577
-0.112237
-0.0988989
-0.0905399
-0.0871211
-0.0882524
-0.092773
-0.0987423
-0.103771
-0.105754
-0.103426
-0.096881
-0.0871868
-0.0764039
-0.0661497
-0.0583333
-0.0532491
-0.0523775
-0.0545228
-0.0617258
-0.0718061
-0.089656
-0.11044
-0.137951
-0.157642
-0.170396
-0.158892
-0.132434
-0.0858329
-0.0301323
-0.586942
-0.592327
-0.591334
-0.582413
-0.564063
-0.535427
-0.497026
-0.451053
-0.40085
-0.349898
-0.300999
-0.256005
-0.215924
-0.181173
-0.151805
-0.127689
-0.10864
-0.0945286
-0.0853206
-0.0809943
-0.0812335
-0.0850015
-0.0904856
-0.0953923
-0.0976475
-0.0959261
-0.0902213
-0.0814777
-0.0716499
-0.0622824
-0.0552603
-0.0508788
-0.0506442
-0.0533671
-0.0611272
-0.0717613
-0.0902149
-0.111636
-0.139775
-0.159966
-0.172989
-0.161304
-0.134379
-0.0869571
-0.030557
-0.584234
-0.58998
-0.589387
-0.580878
-0.562916
-0.534618
-0.496487
-0.450707
-0.4006
-0.349625
-0.300573
-0.255296
-0.21482
-0.179584
-0.149659
-0.124923
-0.105193
-0.0903294
-0.0802927
-0.0750737
-0.0744237
-0.0774264
-0.0823973
-0.0871419
-0.0896235
-0.0884645
-0.0835617
-0.0757376
-0.066841
-0.0583431
-0.0521028
-0.0484155
-0.0488099
-0.0521042
-0.0604124
-0.0715932
-0.0906375
-0.112686
-0.141443
-0.162135
-0.175429
-0.163583
-0.136212
-0.0880068
-0.0309549
-0.581035
-0.587108
-0.586889
-0.578772
-0.561198
-0.533263
-0.495461
-0.449958
-0.400047
-0.349149
-0.300031
-0.254545
-0.213735
-0.178061
-0.147618
-0.122293
-0.101907
-0.086315
-0.0754703
-0.0693746
-0.0678398
-0.0700663
-0.0744971
-0.0790396
-0.0817004
-0.0810596
-0.076918
-0.0699795
-0.0619874
-0.0543398
-0.0488668
-0.0458637
-0.0468775
-0.0507356
-0.0595819
-0.071301
-0.0909216
-0.113589
-0.142951
-0.164144
-0.177711
-0.165725
-0.137931
-0.0889801
-0.0313251
-0.583754
-0.583875
-0.576128
-0.558936
-0.531387
-0.493969
-0.448827
-0.399209
-0.348484
-0.299386
-0.253764
-0.212677
-0.176615
-0.145691
-0.119809
-0.0987939
-0.0824971
-0.0708658
-0.0639105
-0.061497
-0.0629377
-0.0668033
-0.0711044
-0.0738978
-0.0737286
-0.0703052
-0.0642161
-0.0570996
-0.0502806
-0.0455587
-0.0432279
-0.04485
-0.049263
-0.0586361
-0.0708842
-0.0910657
-0.114341
-0.144295
-0.165989
-0.179831
-0.167725
-0.139532
-0.0898752
-0.031667
-0.579954
-0.580381
-0.572977
-0.556158
-0.529016
-0.492036
-0.447335
-0.398103
-0.347644
-0.29865
-0.252962
-0.211658
-0.175252
-0.143886
-0.117479
-0.0958628
-0.0788856
-0.0664899
-0.058693
-0.0554086
-0.0560555
-0.0593321
-0.0633536
-0.0662331
-0.0664876
-0.0637379
-0.0584599
-0.052188
-0.046174
-0.0421848
-0.040513
-0.0427308
-0.0476887
-0.0575759
-0.0703428
-0.0910685
-0.114941
-0.145473
-0.167666
-0.181784
-0.16958
-0.141013
-0.0906906
-0.03198
-0.575743
-0.576438
-0.569348
-0.552893
-0.526176
-0.489685
-0.445503
-0.396748
-0.346644
-0.297834
-0.252148
-0.210683
-0.173981
-0.142211
-0.115311
-0.0931211
-0.0754885
-0.0623513
-0.0537318
-0.0495858
-0.0494327
-0.0520981
-0.0558031
-0.0587215
-0.0593515
-0.0572301
-0.0527232
-0.0472628
-0.0420284
-0.0387519
-0.0377242
-0.0405235
-0.0460151
-0.0564026
-0.069677
-0.090929
-0.115387
-0.146481
-0.169173
-0.183567
-0.171286
-0.14237
-0.0914249
-0.0322635
-0.571153
-0.572076
-0.565269
-0.549166
-0.522893
-0.486942
-0.443355
-0.395161
-0.345497
-0.296949
-0.251331
-0.209759
-0.172806
-0.14067
-0.113309
-0.0905744
-0.0723123
-0.0584569
-0.0490348
-0.0440382
-0.0430806
-0.0451139
-0.0484669
-0.0513776
-0.0523342
-0.050795
-0.0470178
-0.0423343
-0.0378522
-0.0352668
-0.0348667
-0.038232
-0.044245
-0.0551176
-0.0688874
-0.0906469
-0.115677
-0.147318
-0.170507
-0.185177
-0.17284
-0.1436
-0.0920769
-0.0325169
-0.566211
-0.56732
-0.560766
-0.545005
-0.519195
-0.483834
-0.440912
-0.393362
-0.344218
-0.296003
-0.250517
-0.208892
-0.171733
-0.139267
-0.111478
-0.0882266
-0.0693612
-0.0548119
-0.0446081
-0.0387736
-0.0370086
-0.0383906
-0.0413576
-0.0442149
-0.0454524
-0.0444451
-0.041355
-0.0374123
-0.0336539
-0.0317364
-0.0319463
-0.0358606
-0.0423814
-0.0537229
-0.0679751
-0.090222
-0.115811
-0.147982
-0.171665
-0.18661
-0.174239
-0.144702
-0.0926456
-0.0327398
-0.560941
-0.562195
-0.555863
-0.540435
-0.515108
-0.480386
-0.438198
-0.391368
-0.34282
-0.295007
-0.249713
-0.208086
-0.170763
-0.138005
-0.109819
-0.08608
-0.0666382
-0.0514199
-0.0404562
-0.0337978
-0.0312247
-0.0319376
-0.0344861
-0.0372456
-0.0387241
-0.0381921
-0.0357457
-0.0325066
-0.0294418
-0.0281679
-0.0289685
-0.0334136
-0.0404276
-0.0522207
-0.0669414
-0.0896548
-0.115789
-0.148472
-0.172646
-0.187864
-0.175482
-0.145674
-0.0931301
-0.0329316
-0.555363
-0.556721
-0.550584
-0.535483
-0.510661
-0.476625
-0.435237
-0.389199
-0.341315
-0.293969
-0.248923
-0.207344
-0.1699
-0.136886
-0.108334
-0.0841355
-0.0641445
-0.0482828
-0.0365819
-0.0291152
-0.025735
-0.0257626
-0.0278619
-0.0304799
-0.0321346
-0.0320468
-0.0302002
-0.0276266
-0.0252244
-0.0245682
-0.0259392
-0.0308956
-0.0383873
-0.0506133
-0.065788
-0.088946
-0.11561
-0.148788
-0.17345
-0.188938
-0.176566
-0.146514
-0.09353
-0.0330919
-0.549491
-0.550918
-0.544951
-0.530175
-0.505883
-0.472581
-0.432053
-0.386871
-0.339717
-0.292896
-0.248153
-0.206668
-0.169144
-0.135908
-0.107022
-0.0823927
-0.0618798
-0.045401
-0.0329866
-0.0247287
-0.0205444
-0.0198719
-0.0214927
-0.0239276
-0.0257104
-0.0260196
-0.0247282
-0.0227814
-0.0210097
-0.0209445
-0.0228643
-0.0283114
-0.0362641
-0.0489036
-0.0645168
-0.0880969
-0.115276
-0.148928
-0.174075
-0.18983
-0.177489
-0.147219
-0.0938446
-0.0332204
-0.544804
-0.538987
-0.524539
-0.500802
-0.46828
-0.428669
-0.384403
-0.338036
-0.291796
-0.247405
-0.20606
-0.168495
-0.135072
-0.105882
-0.0808497
-0.0598426
-0.0427735
-0.0296701
-0.0206394
-0.0156559
-0.0142704
-0.0153849
-0.017597
-0.0194628
-0.0201201
-0.019339
-0.0179798
-0.0168058
-0.0173037
-0.01975
-0.0256659
-0.0340621
-0.0470945
-0.0631304
-0.087109
-0.114788
-0.148894
-0.174522
-0.190538
-0.17825
-0.147791
-0.094074
-0.0333166
-0.538395
-0.532714
-0.5186
-0.495448
-0.463751
-0.425108
-0.381812
-0.336284
-0.290675
-0.246682
-0.205519
-0.167952
-0.134375
-0.10491
-0.0795036
-0.0580296
-0.0403976
-0.0266308
-0.0168472
-0.0110715
-0.00896173
-0.00954356
-0.0114949
-0.0133998
-0.0143568
-0.014041
-0.0132301
-0.0126203
-0.0136528
-0.0166021
-0.0229642
-0.0317855
-0.0451894
-0.0616313
-0.0859844
-0.114147
-0.148687
-0.17479
-0.191063
-0.178849
-0.148227
-0.094218
-0.0333802
-0.531709
-0.526156
-0.512388
-0.489853
-0.459022
-0.421394
-0.379113
-0.33447
-0.289536
-0.245986
-0.205046
-0.167512
-0.133814
-0.104104
-0.0783499
-0.0564364
-0.0382695
-0.0238658
-0.0133506
-0.00679177
-0.00394813
-0.00397233
-0.00562704
-0.00752774
-0.0087374
-0.00884235
-0.00854017
-0.00846085
-0.00999868
-0.0134267
-0.0202114
-0.0294386
-0.0431918
-0.0600226
-0.0847253
-0.113355
-0.148307
-0.17488
-0.191405
-0.179285
-0.148527
-0.0942768
-0.0334111
-0.524764
-0.519336
-0.505932
-0.484046
-0.454122
-0.41755
-0.376323
-0.332604
-0.288386
-0.245319
-0.20464
-0.167175
-0.133387
-0.10346
-0.0773848
-0.0550587
-0.0363849
-0.0213716
-0.0101474
-0.00281639
0.000768844
0.00132612
2.32857e-06
-0.0018523
-0.00326924
-0.00375051
-0.00391745
-0.00433451
-0.00634796
-0.0102298
-0.0174127
-0.0270259
-0.0411053
-0.0583074
-0.0833345
-0.112415
-0.147758
-0.174794
-0.191563
-0.179558
-0.148691
-0.094251
-0.0334088
-0.517578
-0.512281
-0.499265
-0.478062
-0.449082
-0.413601
-0.373464
-0.330704
-0.287238
-0.244691
-0.204309
-0.166945
-0.133097
-0.102979
-0.0766076
-0.053894
-0.0347405
-0.0191452
-0.00723569
0.000855031
0.00518812
0.00634989
0.00538974
0.00362123
0.0020409
0.00122731
0.000630862
-0.000248253
-0.00270716
-0.0070174
-0.0145733
-0.0245519
-0.0389338
-0.0564892
-0.0818151
-0.11133
-0.14704
-0.174534
-0.191539
-0.179667
-0.14872
-0.0941411
-0.0333732
-0.510169
-0.505018
-0.492418
-0.471934
-0.443935
-0.409576
-0.370557
-0.328786
-0.286105
-0.24411
-0.204056
-0.166823
-0.132941
-0.102657
-0.0760133
-0.0529365
-0.03333
-0.0171807
-0.00461075
0.00422533
0.00931082
0.0110992
0.0105339
0.00888896
0.00718686
0.00608426
0.00509784
0.00379117
0.000917342
-0.0037953
-0.0116986
-0.0220215
-0.0366815
-0.0545718
-0.0801705
-0.110103
-0.146156
-0.174101
-0.191332
-0.179614
-0.148614
-0.0939484
-0.0333041
-0.497577
-0.485422
-0.465688
-0.43869
-0.405469
-0.367582
-0.326816
-0.284941
-0.243527
-0.203832
-0.166762
-0.132878
-0.102457
-0.0755694
-0.0521577
-0.0321287
-0.0154575
-0.00225638
0.00730619
0.0131446
0.0155795
0.0154381
0.0139511
0.012169
0.0108154
0.0094777
0.0077777
0.00451955
-0.000569227
-0.00879371
-0.0194392
-0.0343526
-0.0525593
-0.0784043
-0.108737
-0.14511
-0.173498
-0.190945
-0.179399
-0.148373
-0.0936734
-0.0332008
-0.489997
-0.478301
-0.459322
-0.433322
-0.401227
-0.364461
-0.324703
-0.28365
-0.242845
-0.203547
-0.166681
-0.132837
-0.102319
-0.0752241
-0.051514
-0.0311001
-0.0139464
-0.000150463
0.0101123
0.0166974
0.0197948
0.020105
0.0188086
0.0169867
0.0154183
0.0137668
0.0117068
0.00809449
0.00265569
-0.00586372
-0.0168099
-0.0319514
-0.0504557
-0.0765208
-0.107238
-0.143906
-0.172729
-0.190381
-0.179024
-0.147997
-0.0933155
-0.0330627
-0.482318
-0.471106
-0.4529
-0.427908
-0.396947
-0.361316
-0.322585
-0.282383
-0.242219
-0.203351
-0.166719
-0.13294
-0.102348
-0.0750672
-0.0510793
-0.0303041
-0.0126958
0.0016659
0.0126073
0.0199363
0.0237161
0.024509
0.0234364
0.0215459
0.019875
0.0179525
0.0155697
0.0116354
0.00587375
-0.00291385
-0.0141384
-0.0294825
-0.0482656
-0.0745245
-0.105609
-0.142548
-0.171795
-0.189637
-0.178485
-0.147489
-0.0928744
-0.0328916
-0.474559
-0.463977
-0.446704
-0.422877
-0.393195
-0.358821
-0.32121
-0.281915
-0.24241
-0.203956
-0.167518
-0.13375
-0.103025
-0.0754998
-0.0511835
-0.0300081
-0.0119197
0.00302435
0.0146632
0.0227686
0.0272774
0.0285948
0.0277753
0.0259214
0.0241211
0.021983
0.0193296
0.0151186
0.00907032
4.61826e-05
-0.0114317
-0.026951
-0.0459912
-0.0724143
-0.103846
-0.141021
-0.170673
-0.188695
-0.177772
-0.146868
-0.0923624
-0.0326952
-0.466675
-0.456922
-0.440785
-0.418314
-0.390073
-0.357078
-0.320665
-0.282309
-0.243456
-0.205377
-0.169074
-0.135247
-0.104317
-0.0764799
-0.0517747
-0.0301503
-0.0115475
0.00400605
0.0163756
0.0253066
0.0306043
0.0324899
0.0319309
0.0300877
0.0281738
0.0258481
0.0229631
0.0185201
0.0122265
0.00300389
-0.0086984
-0.0243624
-0.0436342
-0.0701844
-0.101932
-0.139302
-0.169346
-0.187554
-0.176914
-0.146148
-0.0918154
-0.032472
-0.458609
-0.449075
-0.433404
-0.411614
-0.384208
-0.352123
-0.316615
-0.279096
-0.240968
-0.203472
-0.167599
-0.134052
-0.103265
-0.075451
-0.0506645
-0.0288698
-0.0100088
0.00591745
0.0188045
0.0283884
0.0343768
0.0368252
0.0365695
0.0347433
0.0326517
0.0300302
0.0268073
0.0220493
0.0154548
0.00601769
-0.00590946
-0.0217112
-0.0412384
-0.0679414
-0.10006
-0.137655
-0.168143
-0.186452
-0.176071
-0.145237
-0.0912222
-0.0321601
-0.43287
-0.416254
-0.394001
-0.36666
-0.335155
-0.300664
-0.264481
-0.227862
-0.191901
-0.157463
-0.125163
-0.095385
-0.0683216
-0.0440326
-0.0225017
-0.00369108
0.0124058
0.0257194
0.0360579
0.0431599
0.0469501
0.0479291
0.0469147
0.0446862
0.0413617
0.0371293
0.0312685
0.023579
0.0133562
0.000758372
-0.0155063
-0.035954
-0.0635919
-0.0971898
-0.135653
-0.167042
-0.184867
-0.174578
-0.142844
-0.0897942
-0.0312977
-0.396453
-0.379973
-0.358837
-0.333527
-0.304802
-0.273605
-0.24096
-0.207862
-0.175189
-0.143655
-0.113787
-0.0859421
-0.0603318
-0.0370552
-0.0161398
0.00242804
0.0186696
0.0325335
0.043779
0.0520079
0.0569266
0.0587455
0.0581079
0.0558033
0.0523849
0.0476741
0.0412454
0.0329547
0.0222004
0.00906601
-0.00770591
-0.0288306
-0.057075
-0.0912825
-0.129982
-0.161507
-0.178891
-0.168935
-0.137331
-0.0861414
-0.029781
-0.361872
-0.346177
-0.326615
-0.303565
-0.277612
-0.249494
-0.220021
-0.189999
-0.160164
-0.131134
-0.103387
-0.0772681
-0.0529981
-0.030701
-0.0104319
0.00779362
0.0239769
0.0380779
0.0498913
0.0590239
0.065068
0.0679572
0.0680637
0.0659895
0.0622689
0.0571435
0.050289
0.0416136
0.0305041
0.0170568
-6.57271e-05
-0.0214899
-0.050007
-0.0842092
-0.122773
-0.1541
-0.171087
-0.161567
-0.130604
-0.0815935
-0.0281278
-0.328944
-0.314192
-0.296215
-0.275313
-0.251943
-0.226685
-0.200177
-0.173067
-0.145956
-0.119366
-0.093719
-0.0693348
-0.0464386
-0.0251744
-0.00562556
0.0121608
0.0281546
0.0423103
0.0544705
0.0643037
0.0713864
0.0754616
0.0765564
0.0750631
0.0714846
0.0662259
0.0591231
0.0502139
0.0389102
0.0253272
0.00802562
-0.0135398
-0.042184
-0.0762907
-0.114543
-0.14554
-0.161875
-0.152663
-0.122677
-0.0762067
-0.0262664
-0.298355
-0.284678
-0.268306
-0.249467
-0.228509
-0.205873
-0.18206
-0.157587
-0.132948
-0.10859
-0.0848904
-0.0621496
-0.0405929
-0.0203783
-0.00161039
0.0156411
0.0313203
0.0453686
0.0576628
0.067947
0.0758359
0.0809887
0.0831625
0.0825829
0.0795607
0.0745282
0.0674719
0.0585696
0.0472893
0.0337372
0.0164017
-0.00523894
-0.0339015
-0.0678467
-0.105474
-0.135776
-0.151175
-0.142209
-0.113608
-0.0701154
-0.0242256
-0.270511
-0.257914
-0.243045
-0.226071
-0.207255
-0.186938
-0.165512
-0.143395
-0.120996
-0.098694
-0.0768229
-0.0556588
-0.0354202
-0.0162719
0.00166589
0.0183052
0.0335698
0.0473848
0.0596396
0.0701437
0.078579
0.0846291
0.087848
0.0883368
0.0861653
0.0817028
0.0750095
0.0663659
0.0553093
0.0419144
0.0246555
0.00301516
-0.0254916
-0.0590328
-0.0956053
-0.124797
-0.139098
-0.130399
-0.103573
-0.063477
-0.022039
-0.245385
-0.233808
-0.2203
-0.204983
-0.188058
-0.169787
-0.15048
-0.130471
-0.110096
-0.0896793
-0.0695111
-0.0498438
-0.0308862
-0.0128049
0.00427008
0.0202369
0.0350049
0.0484864
0.0605697
0.071106
0.0798405
0.0864286
0.0906533
0.0922214
0.0910819
0.0874797
0.0814505
0.0733054
0.0626479
0.0495128
0.0324338
0.0109141
-0.0172012
-0.0500123
-0.0851313
-0.112836
-0.125896
-0.117483
-0.0927849
-0.0564614
-0.0197538
-0.222782
-0.212149
-0.199863
-0.186015
-0.170756
-0.154289
-0.136857
-0.118728
-0.100182
-0.0814887
-0.0629043
-0.0446558
-0.0269391
-0.00991793
0.00627244
0.0215212
0.035727
0.0487938
0.0606063
0.0710363
0.0798862
0.0868781
0.0917551
0.0942545
0.0941676
0.0915904
0.0864617
0.0790372
0.0689517
0.0561909
0.0394114
0.0181667
-0.00930793
-0.041063
-0.0743421
-0.10014
-0.111812
-0.103744
-0.0815041
-0.049257
-0.0174229
-0.20245
-0.192684
-0.181495
-0.168949
-0.15516
-0.140287
-0.124519
-0.108073
-0.0911793
-0.0740661
-0.0569547
-0.0400482
-0.0235285
-0.00755302
0.00774196
0.0222403
0.0358338
0.0484212
0.0598836
0.0701028
0.0789048
0.0860895
0.0913893
0.0945907
0.0954171
0.0938537
0.0897247
0.0831735
0.0738128
0.06156
0.0452247
0.0244422
-0.00211975
-0.0324465
-0.0634385
-0.086883
-0.0967725
-0.0895018
-0.0700305
-0.0420623
-0.0151014
-0.184126
-0.175158
-0.164956
-0.153571
-0.141087
-0.127628
-0.113344
-0.0984105
-0.0830149
-0.0673511
-0.0516096
-0.035971
-0.0206018
-0.00565121
0.00874662
0.0224738
0.035418
0.0474754
0.0585243
0.0684539
0.0770944
0.0843099
0.0898326
0.0934934
0.0950034
0.0942891
0.0910914
0.0854365
0.0768819
0.0652654
0.0495473
0.0294744
0.00417321
-0.0242582
-0.0524934
-0.0732709
-0.0816965
-0.0751715
-0.0586904
-0.0350759
-0.0128423
-0.167569
-0.159337
-0.15003
-0.139685
-0.128367
-0.116171
-0.103217
-0.0896468
-0.0756143
-0.0612826
-0.0468157
-0.0323733
-0.0181065
-0.00415496
0.00935184
0.022297
0.0345667
0.0460557
0.0566448
0.0662252
0.0746354
0.081751
0.087344
0.0912626
0.093228
0.0931363
0.0906885
0.0858262
0.0780636
0.06718
0.0522779
0.0332359
0.00962449
-0.0163978
-0.0414915
-0.0594729
-0.0666277
-0.0611654
-0.0478124
-0.0284815
-0.0106943
-0.152566
-0.145016
-0.136524
-0.127118
-0.116848
-0.105787
-0.0940313
-0.0816951
-0.0689059
-0.0558007
-0.0425203
-0.0292051
-0.0159915
-0.00300877
0.00962003
0.0217809
0.0333611
0.0442558
0.0543486
0.0635299
0.0716481
0.078586
0.084142
0.0881734
0.090419
0.0907536
0.0888682
0.0846527
0.0776202
0.0675389
0.0536625
0.0360061
0.0145159
-0.00866699
-0.0304521
-0.0457725
-0.0520251
-0.0479228
-0.0377006
-0.0224331
-0.00869867
-0.138935
-0.132018
-0.124273
-0.115719
-0.106396
-0.0963599
-0.0856886
-0.0744742
-0.0628223
-0.050848
-0.0386722
-0.026418
-0.0142075
-0.00215973
0.00960997
0.0209919
0.0318765
0.0421602
0.0517292
0.0604757
0.0682582
0.0749617
0.0804055
0.0844512
0.0868599
0.0874896
0.0860401
0.0823714
0.0760343
0.0668283
0.0541735
0.0382122
0.019154
-0.000989684
-0.0195962
-0.0326331
-0.0384082
-0.0358499
-0.0285988
-0.0170401
-0.0068869
-0.12652
-0.120193
-0.113134
-0.105358
-0.0968938
-0.087788
-0.0781016
-0.06791
-0.0573005
-0.0463701
-0.0352226
-0.0239654
-0.0127078
-0.00155806
0.00937639
0.0199913
0.0301816
0.0398457
0.0488744
0.0571627
0.0645767
0.071004
0.0762824
0.0802762
0.0827714
0.0836171
0.0825364
0.0793757
0.0737469
0.0654977
0.0542131
0.0401337
0.0236023
0.00640767
-0.00939051
-0.0206231
-0.0262559
-0.0252532
-0.0206606
-0.0123585
-0.00527865
-0.115188
-0.10941
-0.102984
-0.095919
-0.088239
-0.0799799
-0.0711912
-0.0619344
-0.0522821
-0.0423161
-0.0321253
-0.0218038
-0.0114484
-0.0011576
0.00896962
0.018835
0.028339
0.0373832
0.0458635
0.0536776
0.0607015
0.0668238
0.0718989
0.075795
0.0783235
0.0793338
0.0785816
0.0759144
0.0710143
0.0637752
0.0539205
0.0417471
0.0276213
0.0130715
-0.00037921
-0.0102301
-0.0158866
-0.0162842
-0.0139368
-0.00839309
-0.00388151
-0.104823
-0.0995576
-0.0937156
-0.0873041
-0.0803409
-0.0728551
-0.0648865
-0.0564858
-0.0477134
-0.0386386
-0.0293376
-0.0198924
-0.0103889
-0.000916171
0.00843527
0.0175736
0.0264052
0.0348359
0.0427667
0.0500961
0.0567194
0.0625186
0.0673641
0.0711304
0.0736524
0.0747872
0.0743263
0.0721295
0.0679456
0.0617076
0.0532388
0.0428536
0.0308768
0.0185859
0.00705795
-0.00170662
-0.00739522
-0.00893374
-0.00838777
-0.00510796
-0.00269235
-0.0953263
-0.0905392
-0.0852375
-0.0794264
-0.0731201
-0.0663418
-0.0591239
-0.0515084
-0.0435456
-0.0352943
-0.02682
-0.0181941
-0.00949269
-0.000795825
0.00781398
0.0162516
0.0244299
0.0322594
0.0396474
0.0464974
0.0527089
0.0581732
0.0627716
0.0663855
0.0688707
0.0700961
0.0698863
0.06812
0.0646019
0.059297
0.0520932
0.0432971
0.0331674
0.0227626
0.0128217
0.00496401
-0.000683988
-0.00307749
-0.00391378
-0.00244171
-0.00169988
-0.0866129
-0.0822707
-0.0774685
-0.07221
-0.0665065
-0.0603766
-0.0538468
-0.046952
-0.0397344
-0.0322438
-0.0245366
-0.0166753
-0.00872681
-0.000763016
0.00714131
0.0149078
0.0224557
0.0297011
0.0365573
0.0429333
0.0487343
0.0538595
0.0582007
0.0616472
0.0640727
0.0653597
0.0653611
0.0639759
0.0610525
0.0565808
0.0504875
0.043059
0.0344888
0.0256503
0.0170399
0.00997486
0.00445646
0.00146947
-0.000385395
-0.000321446
-0.000887512
-0.0786072
-0.0746787
-0.0703382
-0.0655885
-0.0604385
-0.0549033
-0.0490047
-0.0427716
-0.0362398
-0.0294516
-0.0224555
-0.0153061
-0.00806237
-0.000788623
0.0064477
0.0135749
0.0205187
0.0272007
0.0335407
0.0394531
0.0448498
0.0496372
0.0537167
0.0569868
0.059336
0.0606604
0.0608365
0.0597818
0.057378
0.0536326
0.0484947
0.042226
0.034964
0.0274279
0.0199432
0.013587
0.00827717
0.00490959
0.00233402
0.00132781
-0.000235812
-0.0712433
-0.0676986
-0.0637846
-0.0595033
-0.0548617
-0.049872
-0.0445525
-0.0389272
-0.0330262
-0.026886
-0.0205481
-0.0140602
-0.00747438
-0.000847869
0.00575866
0.0122799
0.0186482
0.0247908
0.0306334
0.0360965
0.041099
0.0455541
0.0493725
0.0524613
0.0547224
0.0560643
0.0563829
0.0556117
0.0536564
0.0505368
0.0462144
0.0409234
0.0347573
0.0283099
0.02178
0.0160601
0.0110151
0.00743384
0.0043744
0.00257739
0.000275503
-0.0644631
-0.0612738
-0.0577533
-0.0539029
-0.0497281
-0.0452389
-0.0404505
-0.0353832
-0.0300623
-0.0245191
-0.0187895
-0.012915
-0.0069416
-0.00092011
0.00509508
0.0110447
0.0168675
0.0224967
0.0278636
0.0328948
0.0375161
0.0416478
0.0452088
0.0481148
0.0502795
0.0516224
0.0520554
0.0515248
0.0499542
0.0473703
0.0437418
0.0392739
0.0340279
0.0284937
0.0227802
0.0176259
0.0128398
0.00920663
0.00585295
0.00349267
0.00066635
-0.058215
-0.0553543
-0.0521963
-0.0487418
-0.0449954
-0.0409651
-0.0366637
-0.0321082
-0.0273202
-0.0223265
-0.0171581
-0.0118513
-0.00644643
-0.000988662
0.00447346
0.00988641
0.0151946
0.0203374
0.0252523
0.029871
0.0341266
0.0379458
0.0412556
0.0439798
0.0460423
0.0473724
0.0478948
0.0475664
0.0463237
0.0441963
0.0411569
0.0373834
0.0329114
0.0281451
0.0231337
0.018487
0.0139972
0.0103839
0.00687431
0.00413203
0.000955435
-0.0524536
-0.0498956
-0.0470709
-0.04398
-0.0406262
-0.0370164
-0.0331611
-0.0290747
-0.0247757
-0.020287
-0.0156356
-0.010853
-0.00597459
-0.00104047
0.00390612
0.00881728
0.0136427
0.0183267
0.0228135
0.027041
0.0309479
0.0344674
0.0375339
0.0400789
0.0420351
0.0433405
0.0439305
0.0437695
0.0428045
0.0410643
0.0385241
0.0353364
0.0315169
0.0274002
0.022994
0.0188044
0.0146401
0.0110913
0.00752728
0.0045462
0.00115977
-0.0471378
-0.0448584
-0.0423397
-0.0395819
-0.0365876
-0.0333626
-0.0299155
-0.0262587
-0.0224078
-0.0183826
-0.0142065
-0.00990687
-0.00551484
-0.00106579
0.00340186
0.00784522
0.0122192
0.0164731
0.0205572
0.0244149
0.0279909
0.0312243
0.0340566
0.036426
0.0382733
0.0395439
0.0401819
0.0401573
0.0394251
0.0380116
0.0358934
0.0331995
0.0299317
0.0263666
0.0224844
0.0187084
0.0148539
0.011421
0.00788428
0.00477927
0.00129465
-0.0422314
-0.0402075
-0.037969
-0.035516
-0.0328504
-0.029977
-0.0269031
-0.0236391
-0.0201983
-0.0165979
-0.0128579
-0.00900238
-0.00505856
-0.00105769
0.00296626
0.00697507
0.0109285
0.0147806
0.0184876
0.0219974
0.0252606
0.0282222
0.0308299
0.0330283
0.034765
0.035992
0.0366604
0.0367446
0.0362056
0.0350661
0.0333035
0.031026
0.028225
0.0251297
0.0217033
0.0182991
0.0147407
0.0114577
0.00800867
0.0048684
0.00137328
-0.0377014
-0.0359114
-0.0339291
-0.0317545
-0.029389
-0.0268365
-0.0241031
-0.0211977
-0.0181317
-0.0149198
-0.0115793
-0.00813137
-0.00459959
-0.00101163
0.00260264
0.00620927
0.00977232
0.0132517
0.0166048
0.0197883
0.0227571
0.0254613
0.0278545
0.029887
0.0315125
0.0326882
0.0333717
0.0335401
0.0331592
0.0322478
0.0307839
0.0288573
0.0264519
0.023758
0.0207286
0.0176582
0.0143822
0.0112719
0.00795308
0.00484546
0.0014072
-0.0335185
-0.0319419
-0.0301934
-0.0282724
-0.0261803
-0.0239202
-0.0214972
-0.0189187
-0.0161947
-0.0133376
-0.0103625
-0.00728777
-0.004134
-0.000925437
0.00231158
0.00554661
0.00874733
0.011879
0.0149048
0.0177841
0.0204766
0.0229381
0.025127
0.0269991
0.0285133
0.0296315
0.0303164
0.0305474
0.030294
0.029571
0.0283568
0.0267255
0.0246559
0.022306
0.0196226
0.0168519
0.0138452
0.0109212
0.00776181
0.00473713
0.0014062
-0.0296558
-0.0282737
-0.0267378
-0.0250478
-0.0232044
-0.0212101
-0.0190695
-0.0167886
-0.014376
-0.0118423
-0.00920081
-0.00646718
-0.00365948
-0.000798872
0.0020913
0.00498404
0.00785108
0.0106616
0.013383
0.0159785
0.0184125
0.0206455
0.0226405
0.0243579
0.0257615
0.0268171
0.0274917
0.0277663
0.0276138
0.0270449
0.0260385
0.0246551
0.0228708
0.0208156
0.0184347
0.0159355
0.0131836
0.0104523
0.00747066
0.0045657
0.00137864
-0.026089
-0.0248836
-0.023541
-0.0220605
-0.0204429
-0.0186902
-0.0168059
-0.0147954
-0.0126659
-0.0104267
-0.00808895
-0.00566649
-0.00317501
-0.000633004
0.00193915
0.00451764
0.00707827
0.00959204
0.0120312
0.014363
0.0165557
0.0185742
0.0203855
0.0219544
0.0232486
0.0242375
0.0248919
0.025194
0.0251192
0.024675
0.0238406
0.022665
0.0211229
0.0193208
0.0172059
0.0149528
0.0124396
0.00990242
0.00710892
0.00434952
0.00133143
-0.0227961
-0.0217509
-0.0205833
-0.0192928
-0.0178798
-0.0163459
-0.0146942
-0.012929
-0.0110565
-0.00908463
-0.00702317
-0.00488397
-0.00268072
-0.000429609
0.00185149
0.00414197
0.00642027
0.00866144
0.0108402
0.0129275
0.0148956
0.0167131
0.0183509
0.0197774
0.0209642
0.0218835
0.0225094
0.0228252
0.0228084
0.0224635
0.0217706
0.0207688
0.0194324
0.017849
0.0159684
0.0139366
0.0116451
0.00929082
0.00669999
0.00410359
0.00127028
-0.0197566
-0.0188564
-0.0178472
-0.0167286
-0.0155006
-0.0141647
-0.0127234
-0.0111803
-0.00954066
-0.00781134
-0.00600065
-0.00411887
-0.00217792
-0.000191922
0.0018235
0.0038509
0.00587063
0.00786101
0.00979959
0.0116609
0.0134203
0.01505
0.0165243
0.0178149
0.0188966
0.0197444
0.0203352
0.020653
0.0206776
0.0204107
0.0198334
0.0189764
0.0178148
0.0164204
0.0147464
0.0129147
0.0108309
0.00866467
0.00626633
0.00384057
0.00119995
-0.0169521
-0.0161826
-0.0153164
-0.0143529
-0.0132923
-0.0121353
-0.010884
-0.00954156
-0.00811255
-0.00660274
-0.00501929
-0.00337106
-0.00166829
7.67135e-05
0.00185068
0.00363743
0.00542067
0.00718096
0.00889868
0.0105514
0.0121174
0.013572
0.0148925
0.0160538
0.0170334
0.0178088
0.0183592
0.0186696
0.0187215
0.0185146
0.0180309
0.0172944
0.0162813
0.0150502
0.0135585
0.0119074
0.0100161
0.00803055
0.00582235
0.00357001
0.00112415
-0.0143685
-0.0137154
-0.012977
-0.012153
-0.0112429
-0.0102471
-0.00916716
-0.00800594
-0.00676714
-0.00545568
-0.00407772
-0.00264089
-0.001154
0.000372316
0.00192624
0.00349417
0.00506148
0.00661127
0.00812635
0.00958701
0.0109741
0.0122659
0.0134423
0.0144808
0.0153617
0.0160645
0.0165707
0.0168661
0.0169338
0.0167718
0.0163633
0.0157266
0.0148396
0.0137497
0.0124187
0.0109308
0.00921744
0.00740264
0.00537856
0.00329895
0.00104585
-0.0119877
-0.0114405
-0.010818
-0.0101188
-0.00934313
-0.00849169
-0.00756585
-0.00656767
-0.00550018
-0.00436756
-0.00317505
-0.00192918
-0.000637661
0.000690421
0.00204488
0.00341378
0.0047844
0.00614199
0.00747154
0.00875572
0.00997776
0.0111184
0.01216
0.0130826
0.0138686
0.0144995
0.0149589
0.0152332
0.0153072
0.0151776
0.0148288
0.0142745
0.0134943
0.0125266
0.0113375
0.00999711
0.00844699
0.00679196
0.00494305
0.00303296
0.000967354
-0.00979532
-0.00934272
-0.00882343
-0.0082367
-0.00758237
-0.00686092
-0.00607339
-0.00522155
-0.00430798
-0.00333622
-0.00231075
-0.00123713
-0.000121934
0.00102696
0.00220074
0.00338907
0.00458088
0.00576334
0.00692334
0.00804572
0.00911577
0.0101166
0.0110325
0.0118459
0.0125411
0.0131016
0.0135125
0.0137613
0.0138341
0.0137265
0.0134245
0.0129378
0.012248
0.0113859
0.0103219
0.00911419
0.00771313
0.00620738
0.00452438
0.0027767
0.00089045
-0.00777841
-0.00741022
-0.00698339
-0.00649722
-0.00595147
-0.0053464
-0.00468284
-0.00396228
-0.00318688
-0.00235964
-0.00148434
-0.000565735
0.000390545
0.00137772
0.0023882
0.00341304
0.00444264
0.00546585
0.00647126
0.00744561
0.00837604
0.00924766
0.0100468
0.0107577
0.0113666
0.0118586
0.0122205
0.0124404
0.012506
0.0124121
0.012146
0.0117145
0.0111011
0.0103303
0.00937647
0.00828765
0.0070223
0.00565498
0.00412684
0.00253314
0.000816434
-0.00592475
-0.00563181
-0.00528745
-0.004891
-0.00444216
-0.00394108
-0.00338841
-0.00278535
-0.00213373
-0.00143604
-0.000695494
8.3855e-05
0.000897202
0.00173873
0.00260191
0.00347902
0.00436177
0.00524047
0.00610521
0.00694444
0.00774693
0.00849962
0.00919048
0.00980565
0.0103329
0.0107589
0.0110718
0.0112607
0.0113145
0.0112276
0.0109885
0.0106017
0.0100526
0.00936047
0.00850344
0.00752099
0.00637855
0.00513861
0.0037538
0.00230443
0.000746236
-0.00422295
-0.00399691
-0.00372591
-0.00340932
-0.00304682
-0.00263846
-0.00218474
-0.00168663
-0.00114563
-0.000563847
5.60218e-05
0.000710532
0.00139559
0.00210622
0.0028368
0.00358071
0.00433078
0.00507864
0.00581568
0.00653187
0.00721741
0.00786089
0.00845175
0.00897777
0.00942819
0.00979101
0.0100558
0.0102124
0.0102509
0.0101656
0.0099462
0.00959524
0.00910004
0.00847566
0.00770347
0.00681576
0.00578408
0.0046606
0.00340745
0.00209194
0.000680496
-0.00266239
-0.00249567
-0.00228978
-0.00204412
-0.00175835
-0.00143247
-0.00106684
-0.000662248
-0.000219912
0.00025841
0.000770444
0.00131328
0.00188343
0.00247665
0.00308815
0.00371222
0.00434269
0.00497234
0.00559373
0.00619815
0.00677708
0.00732054
0.00781934
0.00826267
0.00864112
0.00894393
0.00916188
0.00928569
0.00930647
0.00921856
0.00901286
0.00869039
0.00824021
0.00767387
0.00697579
0.00617216
0.00523984
0.00422206
0.00308884
0.00189636
0.000619596
-0.00123322
-0.00111895
-0.000970682
-0.000787852
-0.00057012
-0.000317432
-3.00448e-05
0.000291425
0.000645973
0.00103215
0.00144804
0.00189119
0.00235866
0.00284683
0.0033516
0.00386809
0.004391
0.00491412
0.00543102
0.00593416
0.00641616
0.00686832
0.00728263
0.00764959
0.00796095
0.00820713
0.00838002
0.00847112
0.0084726
0.00837886
0.00818195
0.00788175
0.00746892
0.00695217
0.00631859
0.00558925
0.00474555
0.00382302
0.00279831
0.00171795
0.000563779
7.37716e-05
0.000141804
0.000239211
0.000366532
0.000524097
0.000712001
0.000930071
0.00117783
0.00145445
0.00175875
0.00208912
0.00244352
0.00281943
0.00321381
0.00362316
0.00404331
0.00446973
0.00489708
0.00531981
0.00573144
0.00612556
0.00649462
0.00683166
0.00712835
0.00737749
0.00757056
0.00770046
0.00775946
0.00774069
0.00763872
0.00744666
0.00716354
0.00678149
0.00630688
0.00572917
0.00506514
0.0043
0.00346279
0.0025356
0.00155662
0.000513131
0.00126716
0.00129455
0.0013472
0.00142562
0.00153013
0.00166085
0.00181767
0.00200022
0.00220785
0.00243958
0.00269409
0.00296964
0.00326414
0.00357499
0.00389924
0.00423334
0.00457341
0.00491487
0.00525298
0.00558214
0.00589683
0.0061905
0.00645712
0.00668941
0.0068811
0.00702466
0.00711388
0.00714177
0.00710235
0.00699042
0.00680007
0.00652971
0.0061728
0.00573378
0.00520423
0.00459728
0.00390144
0.00314011
0.00229992
0.00141184
0.000467528
0.00235494
0.00234673
0.00236013
0.0023956
0.00245345
0.00253383
0.00263668
0.00276172
0.00290844
0.00307603
0.00326339
0.00346909
0.00369137
0.00392804
0.00417659
0.00443402
0.00469703
0.0049617
0.00522397
0.00547903
0.00572215
0.00594765
0.00615032
0.00632382
0.00646273
0.00656037
0.00661139
0.00660945
0.00654943
0.00642636
0.00623525
0.00597407
0.00563745
0.00522831
0.00474002
0.00418266
0.0035475
0.00285319
0.00209005
0.00128287
0.000426808
0.00334457
0.00330528
0.00328436
0.00328223
0.0032992
0.0033354
0.00339084
0.0034653
0.00355839
0.00366943
0.00379755
0.00394154
0.00409994
0.0042709
0.00445232
0.00464164
0.00483606
0.00503226
0.00522678
0.00541548
0.0055943
0.00575836
0.00590318
0.00602324
0.00611385
0.00616916
0.00618453
0.00615429
0.00607403
0.00593911
0.00574534
0.00549038
0.00516992
0.00478563
0.00433241
0.00381782
0.00323547
0.00259992
0.00190458
0.00116887
0.000390771
0.00424298
0.00417667
0.00412586
0.00409094
0.00407218
0.00406975
0.00408367
0.00411379
0.0041598
0.00422117
0.00429716
0.0043868
0.00448885
0.00460179
0.00472384
0.00485283
0.00498642
0.00512176
0.00525592
0.00538537
0.00550665
0.00561554
0.00570821
0.00577988
0.00582652
0.00584299
0.00582533
0.00576844
0.00566859
0.00552146
0.00532358
0.00507242
0.00476458
0.00440074
0.00397712
0.00349918
0.00296247
0.00237809
0.00174195
0.0010689
0.000359131
0.00505662
0.00496691
0.00489017
0.00482675
0.00477691
0.00474081
0.0047185
0.00470988
0.0047147
0.00473256
0.00476285
0.00480477
0.0048573
0.00491916
0.00498887
0.00506461
0.00514439
0.00522582
0.00530641
0.00538315
0.00545309
0.00551262
0.00555848
0.00558652
0.0055933
0.00557433
0.00552623
0.00544446
0.00532587
0.00516646
0.00496341
0.00471408
0.00441587
0.00406866
0.00366983
0.00322303
0.00272546
0.00218527
0.00160043
0.000981878
0.000331579
0.00579148
0.0056816
0.00558246
0.00549438
0.00541759
0.00535227
0.00529846
0.00525611
0.00522504
0.00520493
0.00519529
0.00519545
0.0052046
0.00522165
0.00524539
0.00527428
0.00530665
0.0053405
0.0053737
0.00540371
0.00542804
0.0054436
0.0054476
0.00543647
0.00540729
0.00535615
0.00528016
0.00517531
0.00503898
0.00486746
0.00465851
0.00440944
0.00411835
0.00378448
0.00340617
0.0029856
0.00252132
0.00201899
0.00147827
0.000906745
0.000307792
0.00645306
0.00632589
0.0062075
0.00609817
0.00599813
0.00590754
0.00582647
0.00575488
0.00569266
0.00563954
0.00559514
0.00555892
0.0055302
0.00550811
0.00549161
0.00547944
0.00547021
0.00546221
0.00545367
0.00544243
0.0054264
0.00540292
0.00536966
0.00532353
0.00526208
0.00518187
0.00508051
0.00495441
0.00480143
0.00461816
0.00440285
0.00415281
0.00386674
0.00354338
0.00318186
0.00278317
0.00234695
0.00187679
0.0013737
0.000842412
0.000287435
0.00704647
0.00690455
0.00676969
0.00664216
0.00652215
0.00640983
0.00630525
0.00620844
0.00611928
0.00603759
0.00596307
0.00589528
0.00583367
0.00577751
0.00572596
0.00567796
0.00563236
0.00558772
0.00554257
0.00549508
0.00544349
0.00538554
0.00531927
0.00524202
0.00515174
0.00504543
0.0049211
0.00477558
0.00460712
0.00441259
0.00419069
0.00393874
0.00365595
0.00334069
0.00299274
0.0026121
0.00219932
0.00175624
0.00128496
0.000787806
0.000270174
0.00757635
0.00742192
0.00727307
0.00713002
0.00699296
0.00686203
0.00673732
0.00661883
0.00650652
0.00640023
0.00629974
0.00620468
0.00611463
0.00602897
0.00594702
0.00586791
0.00579068
0.00571412
0.00563702
0.00555782
0.00547506
0.00538682
0.00529145
0.00518669
0.0050708
0.00494119
0.00479622
0.00463306
0.00445034
0.00424517
0.00401663
0.00376209
0.00348119
0.00317199
0.00283485
0.00246891
0.00207551
0.00165499
0.00121035
0.000741883
0.000255681
0.00804691
0.00788196
0.00772129
0.0075651
0.00741357
0.00726682
0.00712494
0.00698796
0.00685585
0.0067285
0.00660573
0.00648726
0.00637274
0.00626169
0.00615353
0.00604755
0.00594296
0.00583875
0.00573392
0.00562715
0.00551723
0.00540253
0.00528168
0.00515273
0.00501425
0.00486398
0.00470058
0.00452154
0.0043258
0.0041107
0.00387563
0.00361803
0.00333792
0.00303309
0.00270439
0.00235029
0.00197272
0.0015708
0.00114825
0.000703648
0.000243638
0.00846194
0.00828821
0.00811763
0.0079504
0.00778666
0.00762655
0.00747015
0.00731749
0.00716857
0.0070233
0.00688156
0.00674313
0.00660771
0.00647494
0.00634433
0.0062153
0.00608721
0.00595921
0.00583047
0.0056999
0.00556648
0.00542883
0.00528582
0.00513577
0.0049775
0.00480905
0.00462934
0.00443613
0.00422861
0.00400436
0.00376302
0.00350209
0.00322191
0.00292009
0.00259785
0.00225312
0.00188831
0.00150155
0.00109712
0.000672157
0.000233745
0.00882477
0.00864377
0.00846497
0.00828854
0.00811461
0.00794331
0.00777472
0.00760888
0.0074458
0.00728543
0.00712766
0.00697233
0.00681922
0.00666802
0.00651834
0.00636971
0.00622159
0.0060733
0.00592413
0.00577318
0.0056196
0.00546222
0.0053001
0.00513181
0.00495638
0.00477208
0.00457808
0.00437235
0.00415432
0.00392174
0.00367449
0.00341014
0.00312927
0.00282937
0.00251195
0.00217452
0.00181986
0.00144529
0.00105553
0.000646533
0.000225718
0.00913826
0.00895132
0.00876577
0.00858176
0.00839942
0.00821885
0.00804014
0.00786334
0.00768846
0.00751548
0.00734432
0.00717486
0.00700692
0.00684025
0.00667455
0.00650942
0.00634443
0.006179
0.00601257
0.00584436
0.00567367
0.00549952
0.00532112
0.00513724
0.00494709
0.00474916
0.00454278
0.00432614
0.00409885
0.00385883
0.00360614
0.00333841
0.00305644
0.00275762
0.0024437
0.00211184
0.00176513
0.00140022
0.00102216
0.000625972
0.000219298
0.00940481
0.00921308
0.00902206
0.00883189
0.00864269
0.00845456
0.00826758
0.00808179
0.00789723
0.00771387
0.00753168
0.00735056
0.00717037
0.00699091
0.00681194
0.00663313
0.00645413
0.00627446
0.00609364
0.00591104
0.00572606
0.00553786
0.00534581
0.00514881
0.00494624
0.00473676
0.00451985
0.00429387
0.00405858
0.00381204
0.00355446
0.00328355
0.00300025
0.00270189
0.00239041
0.0020627
0.0017221
0.0013647
0.000995836
0.000609747
0.000214249
0.00962624
0.00943073
0.00923539
0.00904032
0.00884565
0.00865147
0.00845785
0.00826484
0.00807249
0.00788078
0.00768969
0.00749915
0.00730905
0.00711923
0.0069295
0.00673958
0.00654919
0.00635792
0.00616539
0.00597103
0.00577437
0.00557467
0.00537141
0.00516362
0.00495081
0.00473177
0.0045061
0.00427231
0.00403029
0.00377819
0.00351636
0.00324256
0.00295787
0.00265955
0.00234971
0.00202502
0.00168899
0.00133732
0.000975509
0.000597218
0.000210362
0.00980382
0.00960541
0.00940674
0.0092079
0.009009
0.00881013
0.00861135
0.00841273
0.00821431
0.00801608
0.00781804
0.00762012
0.00742226
0.00722432
0.00702614
0.0068275
0.00662815
0.00642775
0.00622598
0.00602234
0.00581644
0.00560764
0.00539548
0.00517912
0.00495815
0.00473146
0.00449877
0.00425869
0.0040112
0.00375455
0.00348918
0.00321291
0.00292689
0.00262838
0.00231957
0.001997
0.00166429
0.00131685
0.000960286
0.000587835
0.000207456
0.00993819
0.00973768
0.00953657
0.00933497
0.00913296
0.00893064
0.00872807
0.00852531
0.0083224
0.00811935
0.00791616
0.00771279
0.00750917
0.00730519
0.00710074
0.0068956
0.00668959
0.00648238
0.00627371
0.00606315
0.00585035
0.00563472
0.00541589
0.0051931
0.00496598
0.00473353
0.00449553
0.00425068
0.00399901
0.00373886
0.00347073
0.00319248
0.00290533
0.00260653
0.00229833
0.00197718
0.00164676
0.0013023
0.000949443
0.000581154
0.000205387
0.0100291
0.00982722
0.00962451
0.00942109
0.00921704
0.00901243
0.00880735
0.00860184
0.00839595
0.0081897
0.00798308
0.00777607
0.00756862
0.00736062
0.00715198
0.0069425
0.00673203
0.00652027
0.00630698
0.00609178
0.00587434
0.00565413
0.00543083
0.0052037
0.00497244
0.0047361
0.00449451
0.00424641
0.0039919
0.00372935
0.00345932
0.00317968
0.0028917
0.00259263
0.00228475
0.00196447
0.00163548
0.00129293
0.000942435
0.00057685
0.000204028
0.0100757
0.00987307
0.00966956
0.00946522
0.00926013
0.00905437
0.00884802
0.00864112
0.00843372
0.00822585
0.00801749
0.00780864
0.00759924
0.00738921
0.00717843
0.00696676
0.00675402
0.00653995
0.00632432
0.00610675
0.00588696
0.00566442
0.00543883
0.00520949
0.00497612
0.0047378
0.00449436
0.00424461
0.00398863
0.00372486
0.00345382
0.00317348
0.00288502
0.00258583
0.00227805
0.00195824
0.00162988
0.00128834
0.000938905
0.000574766
0.000203253
0.00664689
0.00645083
0.00625467
0.0060586
0.00586284
0.00566763
0.00547318
0.00527972
0.0050875
0.00489675
0.0047077
0.00452057
0.0043356
0.00415301
0.00397299
0.00379574
0.00362144
0.00345025
0.00328229
0.00311771
0.00295653
0.00279887
0.00264466
0.002494
0.00234665
0.00220274
0.00206181
0.00192409
0.00178875
0.00165631
0.00152538
0.00139698
0.00126886
0.001143
0.00101578
0.000890721
0.000762168
0.000635964
0.000503423
0.000373554
0.000233005
9.39586e-05
0.00659058
0.00639456
0.00619851
0.00600264
0.00580718
0.00561236
0.0054184
0.00522554
0.00503402
0.00484407
0.00465593
0.00446984
0.004286
0.00410465
0.00392598
0.00375019
0.00357745
0.00340792
0.00324172
0.00307897
0.00291971
0.00276405
0.00261189
0.00246333
0.00231811
0.00217637
0.0020376
0.00190205
0.00176884
0.00163851
0.0015096
0.00138319
0.00125692
0.00113288
0.00100726
0.000883819
0.000756576
0.000631792
0.000500249
0.000371659
0.00023182
9.39523e-05
0.00648096
0.006285
0.00608918
0.00589373
0.00569886
0.00550482
0.00531184
0.00512016
0.00493002
0.00474167
0.00455534
0.00437126
0.00418966
0.00401076
0.00383475
0.00366184
0.00349216
0.0033259
0.00316314
0.00300401
0.00284851
0.00269675
0.00254861
0.00240417
0.00226313
0.00212562
0.00199108
0.00185975
0.00173071
0.00160447
0.00147951
0.00135694
0.00123429
0.00111371
0.000991259
0.000870827
0.000746218
0.000623977
0.000494531
0.000368065
0.000229839
9.37161e-05
0.0063196
0.0061238
0.0059284
0.00573361
0.00553969
0.00534687
0.0051554
0.00496553
0.00477751
0.00459158
0.00440798
0.00422696
0.00404872
0.0038735
0.00370149
0.00353286
0.00336778
0.00320638
0.00304876
0.00289501
0.00274512
0.00259916
0.00245698
0.00231864
0.0021838
0.00205253
0.00192425
0.00179915
0.00167623
0.001556
0.00143685
0.00131987
0.00120249
0.00108693
0.000969054
0.000852937
0.000732089
0.000613423
0.000486915
0.000363343
0.000227314
9.34498e-05
0.00610758
0.00591209
0.00571733
0.00552353
0.00533095
0.00513985
0.00495049
0.00476311
0.00457798
0.00439536
0.00421548
0.00403859
0.00386491
0.00369465
0.00352801
0.00336515
0.00320622
0.00305135
0.00290059
0.00275402
0.0026116
0.00247336
0.00233912
0.00220888
0.00208225
0.00195925
0.00183923
0.00172234
0.00160748
0.00149513
0.00138356
0.00127388
0.00116333
0.00105424
0.000942214
0.000831577
0.000715445
0.00060121
0.000478261
0.000358149
0.000224638
9.33303e-05
0.00584501
0.00565006
0.00545625
0.00526384
0.0050731
0.0048843
0.00469771
0.00451361
0.00433226
0.00415391
0.00397883
0.00380726
0.00363941
0.00347549
0.0033157
0.00316018
0.00300905
0.00286244
0.00272036
0.00258286
0.00244985
0.00232133
0.00219706
0.00207696
0.00196061
0.00184794
0.00173822
0.00163153
0.00152667
0.00142405
0.00132181
0.00122107
0.00111884
0.00101757
0.000912552
0.00080841
0.000697763
0.000588615
0.000469608
0.000353271
0.000222307
9.3552e-05
0.00553148
0.00533739
0.00514494
0.00495441
0.0047661
0.0045803
0.00439728
0.00421734
0.00404075
0.00386778
0.00369869
0.00353373
0.00337311
0.00321703
0.00306568
0.00291918
0.00277764
0.00264114
0.00250967
0.00238324
0.0022617
0.002145
0.00203281
0.00192502
0.00182108
0.00172088
0.00162355
0.00152909
0.00143618
0.00134517
0.001254
0.00116379
0.00107131
0.000979124
0.000882129
0.000785342
0.000680753
0.000577126
0.000462171
0.000349634
0.000220907
9.43461e-05
0.00516602
0.00497321
0.00478263
0.0045946
0.00440943
0.00422743
0.00404889
0.00387413
0.00370343
0.00353707
0.00337531
0.0032184
0.00306656
0.00291998
0.00277881
0.00264318
0.00251315
0.00238877
0.00226999
0.00215677
0.0020489
0.00194624
0.0018484
0.00175518
0.00166592
0.00158041
0.00149765
0.00141755
0.0013386
0.00126108
0.00118272
0.00110463
0.00102325
0.000941333
0.000853257
0.000764528
0.000666352
0.000568439
0.000457341
0.000348304
0.000221111
9.59797e-05
0.00474719
0.00455619
0.00436813
0.00418334
0.00400215
0.0038249
0.00365191
0.00348349
0.00331996
0.0031616
0.00300867
0.00286143
0.00272008
0.00258481
0.00245575
0.00233299
0.00221658
0.00210651
0.00200268
0.00190498
0.00181314
0.00172693
0.00164586
0.00156962
0.00149745
0.00142899
0.00136311
0.00129956
0.00123666
0.0011746
0.0011108
0.00104642
0.000977462
0.000906914
0.000828519
0.000748385
0.000656747
0.000564475
0.000456698
0.000350497
0.000223691
9.87617e-05
0.00427312
0.00408461
0.00389983
0.00371916
0.00354295
0.00337156
0.00320533
0.00304461
0.0028897
0.00274091
0.0025985
0.00246272
0.00233378
0.00221183
0.00209699
0.00198933
0.00188884
0.00179546
0.00170903
0.00162937
0.00155612
0.00148895
0.00142726
0.00137061
0.0013181
0.00126921
0.00122263
0.00117798
0.00113333
0.00108875
0.00104134
0.000992251
0.000937008
0.000878863
0.000810782
0.00073961
0.000654385
0.000567396
0.000462027
0.000357591
0.000229524
0.000103046
0.00374159
0.00355637
0.0033758
0.00320029
0.00303022
0.00286597
0.00270791
0.0025564
0.00241176
0.0022743
0.0021443
0.00202199
0.00190757
0.00180118
0.0017029
0.00161276
0.00153071
0.00145663
0.00139029
0.0013314
0.00127952
0.0012342
0.00119471
0.00116045
0.00113036
0.00110375
0.0010791
0.00105584
0.00103175
0.0010068
0.000977648
0.000945498
0.000905241
0.000860479
0.000803217
0.000741201
0.000662
0.000579629
0.000475339
0.000371147
0.000239606
0.000109236
0.00315003
0.00296907
0.0027938
0.00262466
0.00246207
0.00230643
0.00215813
0.00201755
0.00188504
0.00176089
0.0016454
0.00153879
0.00144123
0.00135286
0.00127371
0.00120377
0.00114292
0.00109098
0.00104764
0.00101251
0.000985019
0.00096459
0.00095035
0.000941522
0.000936845
0.000935443
0.000935524
0.000936334
0.000935298
0.000932237
0.000923331
0.000909815
0.000885821
0.000855383
0.000809322
0.000756486
0.00068264
0.000603892
0.000498893
0.000392925
0.000255063
0.000117789
0.00249556
0.00232
0.00215131
0.00198994
0.00183636
0.001691
0.00155427
0.00142657
0.00130825
0.00119963
0.00110098
0.00101253
0.000934427
0.000866768
0.000809561
0.000762735
0.000726111
0.000699419
0.000682249
0.000674103
0.000674288
0.000682062
0.000696381
0.000716273
0.000740252
0.000767217
0.000795072
0.00082284
0.000847527
0.000868806
0.000882247
0.000889154
0.000882728
0.000867534
0.000832945
0.000789143
0.000719689
0.00064322
0.000535224
0.000424909
0.000277169
0.000129226
0.00177505
0.00160622
0.00144556
0.00129357
0.00115075
0.00101756
0.000894429
0.000781774
0.000679961
0.00058931
0.00051009
0.000442508
0.000386696
0.000342714
0.000310522
0.00028999
0.000280864
0.000282784
0.000295232
0.000317581
0.000348993
0.000388549
0.000435013
0.000487193
0.000543342
0.000602104
0.000661033
0.000718896
0.000772206
0.00082047
0.000858523
0.000887769
0.000900273
0.000901251
0.000878303
0.000843231
0.000776903
0.000700999
0.000587171
0.000469337
0.000307364
0.000144137
0.000985111
0.00082453
0.00067358
0.000532802
0.000402715
0.00028381
0.00017655
8.13576e-05
-1.39196e-06
-7.13758e-05
-0.000128334
-0.000172079
-0.000202502
-0.000219589
-0.000223429
-0.000214222
-0.000192301
-0.000158131
-0.000112344
-5.5713e-05
1.07631e-05
8.5972e-05
0.00016846
0.000256789
0.00034892
0.000443207
0.000536799
0.000628179
0.000713274
0.000791412
0.000856546
0.000910214
0.000943101
0.000961218
0.000950004
0.000923214
0.000858434
0.000781
0.000657915
0.000528723
0.000347274
0.000163191
0.000122141
-2.84351e-05
-0.000167767
-0.000295278
-0.000410417
-0.000512662
-0.000601534
-0.000676597
-0.000737469
-0.000783829
-0.000815432
-0.000832109
-0.000833788
-0.000820498
-0.000792386
-0.000749727
-0.000692942
-0.000622607
-0.000539482
-0.000444497
-0.000338828
-0.000223797
-0.000101099
2.75564e-05
0.000159801
0.000293667
0.000425833
0.00055447
0.000674818
0.000786011
0.000880945
0.000961335
0.00101619
0.0010525
0.00105306
0.00103399
0.000968866
0.000887412
0.000751003
0.000605894
0.000398735
0.000187146
-0.000817639
-0.000956218
-0.00108178
-0.00119371
-0.00129142
-0.00137438
-0.00144208
-0.00149408
-0.00153
-0.00154951
-0.00155241
-0.00153853
-0.00150784
-0.00146044
-0.00139651
-0.00131643
-0.0012207
-0.00111002
-0.000985282
-0.000847587
-0.000698299
-0.000538971
-0.000371559
-0.000198076
-2.12545e-05
0.000156598
0.000331613
0.000501616
0.000661034
0.000808806
0.000936563
0.00104626
0.00112486
0.00118056
0.00119292
0.00118091
0.00111324
0.00102488
0.000870394
0.000704024
0.000463816
0.000216863
-0.00183816
-0.00196248
-0.00207185
-0.00216561
-0.00224315
-0.00230391
-0.00234739
-0.00237312
-0.00238074
-0.00236993
-0.00234049
-0.00229232
-0.00222541
-0.0021399
-0.00203606
-0.00191433
-0.00177533
-0.00161987
-0.00144898
-0.00126394
-0.00106632
-0.000857902
-0.000640923
-0.00041774
-0.000191548
3.50277e-05
0.000257549
0.000473437
0.000676165
0.000864456
0.00102843
0.00117035
0.00127474
0.0013512
0.00137543
0.00136979
0.00129708
0.00119853
0.00102049
0.000826667
0.000544849
0.000253314
-0.00294344
-0.00305097
-0.00314143
-0.00321414
-0.00326847
-0.00330385
-0.00331976
-0.00331574
-0.00329144
-0.00324657
-0.00318095
-0.0030945
-0.00298726
-0.00285944
-0.00271136
-0.00254354
-0.00235671
-0.0021518
-0.00192998
-0.00169272
-0.0014418
-0.00117924
-0.000907535
-0.000629374
-0.000348476
-6.78411e-05
0.000207201
0.000473739
0.000724349
0.000957648
0.00116172
0.00133922
0.00147172
0.00157063
0.00160688
0.00160693
0.00152642
0.00141402
0.00120617
0.0009778
0.000644459
0.000297602
-0.00413757
-0.00422545
-0.00429397
-0.00434244
-0.00437021
-0.00437672
-0.00436143
-0.00432392
-0.00426383
-0.0041809
-0.004075
-0.00394607
-0.00379422
-0.00361967
-0.00342283
-0.00320429
-0.00296486
-0.00270563
-0.00242793
-0.00213335
-0.00182393
-0.00150193
-0.00117015
-0.0008316
-0.000490199
-0.000149732
0.000183737
0.000506508
0.000810102
0.00109319
0.00134169
0.00155861
0.00172199
0.00184537
0.00189395
0.00189911
0.0018078
0.00167754
0.00143283
0.00116186
0.00076559
0.000350973
-0.00542462
-0.00548963
-0.00553285
-0.00555356
-0.00555111
-0.00552494
-0.00547454
-0.00539949
-0.00529948
-0.00517428
-0.00502379
-0.00484801
-0.00464709
-0.00442131
-0.00417105
-0.00389693
-0.00359991
-0.00328131
-0.00294261
-0.00258561
-0.00221222
-0.00182505
-0.00142729
-0.0010223
-0.000614692
-0.00020856
0.000189358
0.000575205
0.000938112
0.00127612
0.00157344
0.00183431
0.00203187
0.00218223
0.0022437
0.00225356
0.00214827
0.00199584
0.00170641
0.00138376
0.000911543
0.000414834
-0.00680857
-0.00684715
-0.00686133
-0.0068504
-0.00681373
-0.00675077
-0.00666104
-0.00654416
-0.00639984
-0.00622792
-0.00602834
-0.00580117
-0.00554662
-0.00526507
-0.00495686
-0.00462212
-0.00426246
-0.00387962
-0.00347473
-0.00304955
-0.00260644
-0.00214825
-0.00167845
-0.0012008
-0.000720463
-0.000241953
0.000226999
0.00068213
0.00111085
0.00151053
0.00186264
0.00217235
0.00240785
0.00258825
0.00266349
0.00267798
0.0025554
0.00237627
0.00203341
0.00164897
0.001086
0.00049077
-0.00829325
-0.00830141
-0.00828242
-0.00823561
-0.00816036
-0.00805617
-0.00792261
-0.00775934
-0.00756613
-0.00734285
-0.00708949
-0.0068062
-0.00649333
-0.00615144
-0.00578201
-0.00538037
-0.0049535
-0.00450108
-0.00402436
-0.00352552
-0.00300699
-0.00247177
-0.00192363
-0.00136669
-0.000806701
-0.000248678
0.000298486
0.000829879
0.00133123
0.00180051
0.00221432
0.0025791
0.00285629
0.00307048
0.00316093
0.00318041
0.00303721
0.0028267
0.00242089
0.00196347
0.00129304
0.000580561
-0.00988222
-0.00985552
-0.0097988
-0.00971145
-0.00959291
-0.00944275
-0.00926059
-0.00904616
-0.00879929
-0.00851989
-0.00820796
-0.00786359
-0.00748686
-0.00707805
-0.00663701
-0.0061704
-0.00567264
-0.00514597
-0.00459258
-0.00401477
-0.00341505
-0.00279665
-0.00216361
-0.00152042
-0.000873491
-0.000228333
0.000404846
0.00102059
0.00160258
0.00214896
0.00263185
0.00306062
0.00338354
0.00363607
0.00374377
0.00376924
0.00360217
0.00335557
0.00287648
0.00233384
0.00153719
0.000686203
-0.0115787
-0.0115121
-0.0114127
-0.0112797
-0.0111128
-0.0109116
-0.0106758
-0.0104053
-0.0100999
-0.0097597
-0.00938466
-0.00897483
-0.00853054
-0.00805261
-0.00754172
-0.00699851
-0.00642309
-0.00581695
-0.00518169
-0.0045194
-0.00383264
-0.00312477
-0.00240007
-0.00166339
-0.000921746
-0.000181239
0.000546524
0.00125572
0.00192707
0.00255861
0.0031176
0.00361159
0.00399417
0.00429191
0.00441976
0.00445304
0.00425904
0.00397177
0.00340833
0.00276717
0.00182342
0.000809922
-0.0133852
-0.0132734
-0.0131256
-0.0129416
-0.0127208
-0.0124632
-0.0121685
-0.0118368
-0.011468
-0.0110623
-0.0106196
-0.0101401
-0.00962442
-0.00907299
-0.00848578
-0.00786327
-0.0072064
-0.00651631
-0.00579424
-0.00504218
-0.00426263
-0.003459
-0.00263574
-0.00179798
-0.000953456
-0.000108758
0.000722947
0.00153533
0.00230591
0.0030331
0.0036787
0.00425446
0.0046976
0.00504569
0.00519683
0.00524054
0.00501683
0.00468459
0.00402508
0.00327112
0.00215714
0.00095419
-0.0153038
-0.0151405
-0.0149385
-0.0146973
-0.0144168
-0.0140971
-0.0137382
-0.0133401
-0.012903
-0.012427
-0.0119123
-0.0113594
-0.0107684
-0.0101392
-0.00947175
-0.00876679
-0.00802492
-0.00724685
-0.00643353
-0.0055868
-0.00470894
-0.00380332
-0.00287452
-0.00192788
-0.000971846
-1.3518e-05
0.000932203
0.00185846
0.00273919
0.00357337
0.00431557
0.00498158
0.00549302
0.00590323
0.00608232
0.00614028
0.00588454
0.00550357
0.0047357
0.00385378
0.0025442
0.00112173
-0.0173354
-0.017114
-0.0168509
-0.0165461
-0.0161997
-0.015812
-0.0153831
-0.0149135
-0.0144033
-0.0138527
-0.0132622
-0.0126321
-0.0119622
-0.011252
-0.0105017
-0.00971159
-0.00888167
-0.00801225
-0.0071039
-0.00615808
-0.00517675
-0.00416312
-0.00312174
-0.0020582
-0.000981609
0.000100405
0.00117097
0.00222281
0.00322569
0.00417938
0.00503031
0.00579875
0.00639157
0.00687109
0.00708321
0.00716057
0.00687101
0.00643834
0.00554941
0.00452365
0.00299086
0.00131551
-0.0194802
-0.019193
-0.0188616
-0.0184861
-0.0180672
-0.0176052
-0.0171007
-0.0165544
-0.0159665
-0.0153376
-0.0146679
-0.0139574
-0.0132058
-0.0124127
-0.0115778
-0.0107006
-0.00978046
-0.00881727
-0.00781088
-0.00676223
-0.00567272
-0.00454528
-0.00338437
-0.00219569
-0.000989081
0.00022732
0.00143443
0.00262466
0.00376288
0.00485002
0.00582289
0.00670693
0.00739159
0.0079519
0.00820539
0.00830905
0.0079846
0.00749834
0.00647544
0.00528941
0.00350371
0.00153874
-0.0217366
-0.0213753
-0.0209675
-0.0205139
-0.0200152
-0.0194726
-0.0188869
-0.0182589
-0.0175892
-0.0168784
-0.0161268
-0.0153341
-0.0144995
-0.0136226
-0.0127022
-0.0117372
-0.0107261
-0.0096678
-0.00856139
-0.00740696
-0.00620518
-0.0049585
-0.00367118
-0.00234895
-0.00100242
0.000359772
0.00171606
0.00305853
0.00434647
0.00558237
0.00669177
0.00770695
0.00849625
0.00915191
0.00945385
0.00959245
0.00923296
0.00869264
0.00752274
0.00615983
0.00408959
0.00179478
-0.0241016
-0.023657
-0.023164
-0.0226239
-0.0220383
-0.0214084
-0.0207357
-0.0200214
-0.0192663
-0.0184712
-0.0176359
-0.0167602
-0.0158428
-0.0148827
-0.0138777
-0.0128258
-0.0117243
-0.0105711
-0.00936387
-0.00810174
-0.00678433
-0.00541346
-0.00399299
-0.00252864
-0.00103181
0.000488307
0.00200735
0.00351709
0.00497043
0.00637192
0.00763406
0.00879752
0.00970574
0.0104718
0.0108319
0.011016
0.0106226
0.0100295
0.00869969
0.00714343
0.00475544
0.00208706
-0.0265703
-0.0260319
-0.0254441
-0.0248089
-0.0241284
-0.0234046
-0.0226396
-0.0218349
-0.0209916
-0.0201105
-0.0191914
-0.0182334
-0.0172351
-0.0161941
-0.0151074
-0.0139714
-0.0127822
-0.0115358
-0.0102286
-0.00885806
-0.00742259
-0.00592311
-0.00436292
-0.0027477
-0.0010897
0.000601295
0.0022977
0.00399103
0.00562684
0.00721226
0.00864481
0.00997517
0.0110183
0.0119116
0.0123414
0.0125838
0.0121588
0.0115161
0.0100136
0.00824824
0.00550799
0.00241893
-0.0291354
-0.0284918
-0.0277986
-0.0270587
-0.0262752
-0.0254509
-0.0245884
-0.0236898
-0.0227566
-0.0217894
-0.0207878
-0.0197506
-0.0186752
-0.0175582
-0.016395
-0.0151803
-0.0139081
-0.0125726
-0.0111679
-0.00968974
-0.00813482
-0.00650292
-0.00479666
-0.00302159
-0.00119094
0.000684775
0.00257431
0.00446887
0.00630564
0.00809486
0.00971701
0.0112346
0.0124302
0.013469
0.0139824
0.0142974
0.013845
0.0131576
0.0114703
0.00948138
0.00635342
0.00279337
-0.0317871
-0.0310254
-0.0302151
-0.0293605
-0.0284655
-0.027534
-0.0265695
-0.0255745
-0.0245509
-0.0234993
-0.0224189
-0.0213076
-0.0201619
-0.0189766
-0.0177451
-0.0164599
-0.0151123
-0.0136941
-0.0121965
-0.0106132
-0.00893866
-0.00717124
-0.00531272
-0.00336851
-0.00135307
0.000722279
0.00282193
0.00493682
0.0069945
0.00900896
0.0108415
0.012568
0.0139357
0.0151399
0.0157527
0.0161544
0.0156821
0.0149569
0.0130737
0.0108486
0.00729684
0.00321262
-0.0345122
-0.0336181
-0.0326782
-0.0316979
-0.0306827
-0.0296376
-0.028567
-0.0274744
-0.0263617
-0.0252295
-0.0240765
-0.0228997
-0.0216936
-0.0204513
-0.0191633
-0.0178192
-0.0164071
-0.0149154
-0.0133322
-0.0116481
-0.00985498
-0.0079496
-0.00593274
-0.00380969
-0.00159642
0.000694667
0.00302284
0.00537873
0.0076788
0.00994149
0.0120067
0.0139652
0.0155265
0.0169163
0.0176472
0.0181496
0.0176696
0.0169136
0.0148255
0.0123538
0.00834152
0.00367746
-0.0372943
-0.0362519
-0.0351682
-0.0340506
-0.0329062
-0.0317414
-0.0305619
-0.0293717
-0.0281734
-0.0269673
-0.0257513
-0.0245209
-0.0232686
-0.0219846
-0.0206561
-0.019269
-0.0178071
-0.0162547
-0.0145958
-0.0128173
-0.0109082
-0.00886315
-0.00668185
-0.00436961
-0.00194443
0.000580002
0.00315666
0.00577599
0.00834146
0.010877
0.0131985
0.0154132
0.0171914
0.0187869
0.0196587
0.0202744
0.019804
0.019023
0.0167247
0.0139982
0.00948828
0.00418613
-0.0389042
-0.0376615
-0.0363941
-0.0351113
-0.0338212
-0.0325309
-0.0312454
-0.0299676
-0.0286976
-0.0274321
-0.0261646
-0.024885
-0.0235798
-0.022232
-0.0208225
-0.01933
-0.0177336
-0.0160121
-0.0141482
-0.0121271
-0.00994105
-0.00758901
-0.0050763
-0.00242373
0.000353428
0.00320033
0.00610749
0.008963
0.0117977
0.0144004
0.0168961
0.0189163
0.0207368
0.021777
0.0225153
0.0220791
0.0212759
0.0187675
0.0157805
0.010735
0.00473343
-0.041548
-0.0401293
-0.0386987
-0.0372681
-0.0358477
-0.0344463
-0.0330702
-0.0317223
-0.0304024
-0.0291057
-0.0278232
-0.026541
-0.0252412
-0.0239011
-0.0224957
-0.0209971
-0.0193778
-0.0176104
-0.0156724
-0.0135447
-0.011217
-0.00868739
-0.00596161
-0.00306438
-1.29315e-05
0.0031281
0.00634966
0.00952149
0.0126831
0.0155932
0.0183957
0.0206842
0.0227481
0.0239876
0.0248539
0.024484
0.0236578
0.0209458
0.0176962
0.0120762
0.00531164
-0.0441507
-0.0425373
-0.0409293
-0.0393414
-0.0377866
-0.0362758
-0.0348164
-0.0334119
-0.0320611
-0.0307573
-0.0294881
-0.0282351
-0.0269743
-0.0256763
-0.0243083
-0.022834
-0.0212181
-0.0194255
-0.0174275
-0.0152
-0.0127298
-0.0100148
-0.00706152
-0.00390004
-0.000550052
0.0029115
0.00647647
0.00999273
0.0135107
0.016755
0.0198905
0.0224749
0.0247999
0.0262718
0.0272694
0.027003
0.0261498
0.0232462
0.019737
0.0135031
0.00591537
-0.046674
-0.0448452
-0.0430443
-0.0412896
-0.0395975
-0.0379812
-0.0364496
-0.0350066
-0.0336498
-0.0323698
-0.0311502
-0.0299664
-0.028787
-0.0275737
-0.026284
-0.0248716
-0.0232911
-0.0214984
-0.019457
-0.0171377
-0.014524
-0.0116143
-0.00841648
-0.00496808
-0.00129206
0.00251949
0.0064595
0.0103504
0.0142555
0.0178618
0.0213564
0.0242646
0.026868
0.0286063
0.0297385
0.0296157
0.0287288
0.0256498
0.0218902
0.0150024
0.00654989
-0.0490732
-0.047006
-0.0449955
-0.0430646
-0.0412335
-0.0395184
-0.0379299
-0.0364722
-0.0351414
-0.0339246
-0.0327999
-0.0317351
-0.0306894
-0.0296133
-0.0284523
-0.0271472
-0.0256408
-0.0238775
-0.0218124
-0.0194099
-0.0166507
-0.0135344
-0.0100717
-0.00630975
-0.00227624
0.00191853
0.00626813
0.0105664
0.0148902
0.0188877
0.022767
0.0260261
0.0289256
0.0309629
0.0322359
0.0322949
0.0313669
0.0281337
0.0241362
0.0165567
0.00723721
-0.0512966
-0.0489655
-0.0467273
-0.0446107
-0.0426406
-0.0408366
-0.0392116
-0.0377698
-0.0365053
-0.0354009
-0.0344274
-0.0335432
-0.0326954
-0.0318206
-0.0308491
-0.0297061
-0.0283193
-0.0266203
-0.0245533
-0.0220767
-0.019168
-0.0158299
-0.0120775
-0.00797028
-0.003543
0.0010728
0.00586974
0.0106109
0.0153859
0.0198045
0.0240933
0.0277297
0.0309432
0.0333072
0.0347322
0.0350035
0.034033
0.030676
0.026446
0.0181427
0.00801062
-0.0532853
-0.0506614
-0.048176
-0.0458643
-0.043757
-0.0418781
-0.0402428
-0.0388556
-0.0377079
-0.0367765
-0.0360236
-0.0353951
-0.0348233
-0.0342275
-0.0335186
-0.0326028
-0.0313895
-0.0297945
-0.0277501
-0.0252076
-0.0221427
-0.0185626
-0.0144896
-0.00999897
-0.00513573
-5.55921e-05
0.00523009
0.010453
0.0157125
0.0205828
0.0253052
0.0293427
0.0328887
0.0356012
0.0371938
0.0377062
0.036694
0.033259
0.0287812
0.0197288
0.00889469
-0.0549724
-0.0520236
-0.0492693
-0.0467532
-0.0445127
-0.0425773
-0.0409652
-0.0396806
-0.0387119
-0.0380285
-0.0375801
-0.0372985
-0.0370976
-0.0368742
-0.0365155
-0.0359038
-0.0349265
-0.0334806
-0.0314847
-0.0288832
-0.0256505
-0.0218016
-0.0173696
-0.0124492
-0.00710061
-0.00150635
0.00431379
0.0100607
0.0158387
0.0211921
0.0263706
0.0308299
0.0347277
0.0378032
0.0395836
0.0403601
0.0393119
0.0358616
0.0310969
0.0212741
0.00988136
-0.0562833
-0.0529731
-0.0499262
-0.0471962
-0.0448293
-0.0428612
-0.0413135
-0.0401907
-0.0394766
-0.0391321
-0.0390918
-0.0392684
-0.0395512
-0.0398117
-0.039907
-0.0396898
-0.0390205
-0.037774
-0.0358535
-0.0331962
-0.029778
-0.0256246
-0.020785
-0.0153786
-0.00948634
-0.00332057
0.00308481
0.00940161
0.0157333
0.0216008
0.0272569
0.0321552
0.0364241
0.0398682
0.0418596
0.0429178
0.0418456
0.0384463
0.0333433
0.0227372
0.0109205
-0.0571351
-0.0534221
-0.0500562
-0.047103
-0.0446191
-0.042648
-0.0412158
-0.0403267
-0.0399591
-0.0400623
-0.0405559
-0.0413263
-0.0422271
-0.0431038
-0.043776
-0.0440586
-0.0437796
-0.0427879
-0.0409692
-0.0382543
-0.0346234
-0.0301181
-0.0248099
-0.0188487
-0.0123437
-0.0055403
0.00150713
0.00844344
0.0153654
0.0217774
0.0279308
0.0332821
0.0379397
0.0417499
0.0439746
0.0453264
0.0442505
0.0409499
0.0354634
0.0240898
0.0119349
-0.0574369
-0.0532742
-0.0495596
-0.0463736
-0.0437854
-0.0418481
-0.0405932
-0.0400246
-0.0401142
-0.0407975
-0.0419717
-0.0434883
-0.0451802
-0.0468315
-0.0482245
-0.0491291
-0.0493336
-0.0486562
-0.0469636
-0.0441812
-0.0402983
-0.0353786
-0.0295248
-0.0229249
-0.0157251
-0.00820782
-0.000454579
0.00715471
0.0147051
0.0216908
0.0283597
0.034174
0.0392338
0.0434017
0.045882
0.047532
0.0464783
0.0432851
0.0373893
0.0253245
0.01285
-0.0570904
-0.0524243
-0.0483275
-0.0448986
-0.0422222
-0.0403632
-0.0393596
-0.0392156
-0.039895
-0.0413157
-0.043347
-0.0458105
-0.0484851
-0.0510943
-0.053375
-0.0550427
-0.0558359
-0.0555363
-0.0539899
-0.0511194
-0.0469288
-0.0415129
-0.0350166
-0.0276759
-0.0196839
-0.0113649
-0.0028342
0.00550569
0.0137244
0.0213112
0.0285116
0.0347954
0.0402645
0.0447778
0.0475355
0.0494751
0.048452
0.0453561
0.0390482
0.0264437
0.0136176
-0.0559904
-0.0507595
-0.0462425
-0.0425596
-0.0398144
-0.0380863
-0.0374215
-0.0378247
-0.0392501
-0.0415946
-0.0446947
-0.0483257
-0.0521992
-0.0560003
-0.0593702
-0.0619646
-0.0634645
-0.0636095
-0.0622237
-0.0592299
-0.0546555
-0.0486381
-0.0413785
-0.033173
-0.0242735
-0.0150517
-0.00566318
0.00346934
0.0123975
0.0206115
0.0283569
0.0351123
0.0409899
0.0458345
0.0488877
0.0510927
0.0501018
0.0470779
0.0403728
0.0274388
0.0142196
-0.0540279
-0.0481618
-0.0431808
-0.0392311
-0.0364391
-0.0349018
-0.0346764
-0.0357682
-0.0381209
-0.0416065
-0.0460209
-0.0510818
-0.0564345
-0.0616757
-0.0663641
-0.0700729
-0.0724135
-0.0730754
-0.0718582
-0.0686899
-0.0636318
-0.0568798
-0.048708
-0.0394887
-0.0295456
-0.0193056
-0.00896938
0.00102231
0.0107021
0.0195675
0.0278685
0.0350927
0.0413702
0.0465318
0.0498905
0.0523213
0.0513508
0.0483701
0.0413079
0.0282766
0.014656
-0.0510962
-0.0445144
-0.0390186
-0.0347856
-0.0319693
-0.0306881
-0.0310121
-0.0329492
-0.0364309
-0.0413006
-0.0473058
-0.0540962
-0.0612369
-0.0682186
-0.074494
-0.0795346
-0.0828716
-0.0841334
-0.0830913
-0.0796826
-0.0740168
-0.0663672
-0.0571034
-0.0466936
-0.0355488
-0.0241594
-0.0127757
-0.00185394
0.00862017
0.0181597
0.0270229
0.0347075
0.04137
0.0468332
0.0504929
0.0530978
0.0521216
0.0491638
0.0418106
0.0289013
0.0149297
-0.0471048
-0.0397165
-0.0336467
-0.0291079
-0.0262858
-0.0253242
-0.0263093
-0.0292525
-0.0340731
-0.0405827
-0.0484738
-0.057318
-0.0665814
-0.0756435
-0.0838211
-0.0904526
-0.0949741
-0.0969431
-0.0960935
-0.0923745
-0.0859591
-0.0772225
-0.0666571
-0.054852
-0.0423246
-0.029639
-0.0170986
-0.00517196
0.00613926
0.0163737
0.0258006
0.0339319
0.0409592
0.046705
0.050643
0.0533608
0.0523426
0.0494029
0.0418475
0.029247
0.0150383
-0.0420106
-0.0337146
-0.0270017
-0.0221244
-0.0193038
-0.0187118
-0.0204532
-0.0245455
-0.0308974
-0.0392877
-0.0493513
-0.0605735
-0.0723024
-0.0837935
-0.0942184
-0.102764
-0.108719
-0.111552
-0.110951
-0.106873
-0.0995685
-0.0895418
-0.077443
-0.0640142
-0.0499032
-0.0357605
-0.0219457
-0.00893685
0.0032537
0.0142013
0.0241876
0.0327466
0.0401136
0.0461165
0.050291
0.0530533
0.0519517
0.0490353
0.0413894
0.0292503
0.0149731
-0.0358697
-0.0265611
-0.0191263
-0.0138627
-0.0110284
-0.0108236
-0.0133732
-0.0187044
-0.0267195
-0.0371695
-0.0496352
-0.0635171
-0.0780404
-0.0922996
-0.105318
-0.116126
-0.123856
-0.127803
-0.127586
-0.123164
-0.11487
-0.103366
-0.0894981
-0.0742049
-0.0582963
-0.0425259
-0.0273139
-0.0131449
-3.45004e-05
0.0116405
0.0221754
0.0311387
0.0388149
0.0450411
0.0493916
0.0521244
0.0508998
0.0480172
0.0404066
0.0288563
0.0147237
-0.0289141
-0.0184973
-0.010262
-0.00454934
-0.00165462
-0.00180324
-0.00514039
-0.0117069
-0.0214069
-0.0339756
-0.0489527
-0.0656649
-0.0832299
-0.100573
-0.116538
-0.129914
-0.139843
-0.145256
-0.14568
-0.141041
-0.131749
-0.118638
-0.102798
-0.0854097
-0.0674892
-0.0499182
-0.0331859
-0.0177811
-0.00371402
0.00869744
0.0197631
0.0291028
0.0370511
0.0434574
0.0479057
0.0505328
0.0491497
0.0463118
0.0388694
0.0280209
0.014281
-0.0216719
-0.0100558
-0.000957224
0.00526826
0.00829863
0.00788753
0.0038695
-0.00381456
-0.0150808
-0.0296643
-0.0470847
-0.0666197
-0.0872969
-0.107903
-0.127073
-0.143337
-0.155928
-0.163212
-0.164658
-0.160079
-0.149915
-0.135174
-0.117224
-0.0975527
-0.0774303
-0.0578987
-0.0395306
-0.0228204
-0.00776499
0.00538537
0.0169573
0.0266417
0.0348165
0.0413503
0.0458024
0.0482483
0.0466724
0.0438916
0.0367507
0.0267107
0.0136383
-0.0150661
-0.00217895
0.00782818
0.0146116
0.0178629
0.0173303
0.0128246
0.00426059
-0.00830437
-0.0246276
-0.0442354
-0.0663819
-0.0900265
-0.11385
-0.136367
-0.156199
-0.17135
-0.180846
-0.183746
-0.179638
-0.168901
-0.152657
-0.13257
-0.11049
-0.0880124
-0.0663852
-0.046286
-0.0282169
-0.0121543
0.00172687
0.0137728
0.0237658
0.0321115
0.0387123
0.0430605
0.0452548
0.0434461
0.0407381
0.0340308
0.0249064
0.0127937
-0.0103531
0.00371022
0.0146408
0.0220778
0.0256914
0.0252614
0.0205723
0.011497
-0.00195725
-0.0196015
-0.0410021
-0.0654178
-0.091756
-0.118579
-0.144219
-0.167031
-0.185391
-0.197441
-0.202194
-0.198963
-0.18804
-0.170583
-0.148507
-0.124036
-0.0991341
-0.0753159
-0.0534043
-0.0339275
-0.0168429
-0.00224546
0.0102359
0.0204967
0.028945
0.0355461
0.0396688
0.0415554
0.0394635
0.0368507
0.0307155
0.0226233
0.0117609
-0.00881248
0.00630697
0.0180214
0.0263607
0.0306212
0.0306113
0.0261078
0.0169386
0.0030456
-0.0154579
-0.0382065
-0.0644955
-0.0932026
-0.122786
-0.151398
-0.177124
-0.198171
-0.212875
-0.219798
-0.217744
-0.206896
-0.188438
-0.164515
-0.137726
-0.110434
-0.0844419
-0.0607319
-0.0398661
-0.0217859
-0.0065068
0.00636263
0.0168488
0.0253204
0.0318564
0.0356186
0.0371745
0.0347518
0.0322987
0.0268512
0.019909
0.0105764
-0.0108211
0.00530537
0.0180323
0.0267061
0.0313628
0.0317015
0.0274651
0.0184518
0.00454802
-0.014211
-0.0375537
-0.0648687
-0.0951077
-0.126726
-0.157829
-0.186348
-0.210216
-0.227502
-0.236344
-0.235731
-0.225376
-0.206353
-0.180909
-0.151942
-0.122236
-0.0939641
-0.068347
-0.0460213
-0.0269216
-0.0109831
0.00223125
0.0129037
0.0213068
0.0276878
0.0308978
0.0321307
0.0292663
0.0270522
0.022352
0.0166847
0.00925094
-0.0381701
-0.0191899
-0.0033291
0.00925621
0.0184595
0.0234476
0.0242033
0.0205632
0.0123467
-0.000576796
-0.0182334
-0.0404543
-0.0667613
-0.0962473
-0.127493
-0.158671
-0.187634
-0.212249
-0.230745
-0.241326
-0.242144
-0.232919
-0.214545
-0.189181
-0.159759
-0.129235
-0.0999982
-0.0734557
-0.0503636
-0.0306938
-0.0143671
-0.00098049
0.00978023
0.018081
0.024447
0.0270786
0.0280323
0.0244995
0.0224378
0.0183993
0.0138801
0.00817789
-0.0390185
-0.0203497
-0.00479322
0.00771843
0.0163077
0.0210559
0.0216475
0.017904
0.00963019
-0.00331501
-0.0209774
-0.0432133
-0.0695686
-0.0991514
-0.130544
-0.161902
-0.19105
-0.215862
-0.234572
-0.245235
-0.246044
-0.236667
-0.218004
-0.192255
-0.162397
-0.131444
-0.101826
-0.0749872
-0.0516864
-0.0319
-0.0155229
-0.002164
0.00854905
0.0167308
0.0229675
0.0253104
0.0260678
0.0223357
0.0203462
0.0165973
0.0125951
0.0076673
-0.0382824
-0.0202266
-0.00532684
0.00657026
0.0145321
0.0187632
0.0189159
0.0148216
0.00627798
-0.00686678
-0.0246808
-0.0470481
-0.073542
-0.103288
-0.134868
-0.166418
-0.195743
-0.220722
-0.239461
-0.249966
-0.250417
-0.240481
-0.221124
-0.194661
-0.164175
-0.13274
-0.102795
-0.0757766
-0.0523987
-0.0326284
-0.0163155
-0.00307565
0.00751077
0.0155144
0.0215215
0.0235749
0.0240822
0.0202347
0.0182922
0.0148129
0.0113114
0.00714364
-0.0387369
-0.0212621
-0.00700049
0.00432827
0.0118209
0.0156405
0.0154581
0.0111262
0.00243704
-0.0107755
-0.0286061
-0.0509709
-0.0774749
-0.107266
-0.138933
-0.170601
-0.200062
-0.225189
-0.243955
-0.254445
-0.254661
-0.244297
-0.224355
-0.197249
-0.166159
-0.134235
-0.10394
-0.0767127
-0.0532312
-0.0334563
-0.0171915
-0.00405999
0.00640508
0.0142299
0.020006
0.0217698
0.0220252
0.018063
0.0161623
0.0129656
0.00998078
0.00660082
-0.0402792
-0.0233681
-0.00971728
0.00116617
0.00822967
0.0117265
0.0113142
0.00685858
-0.00185938
-0.0150229
-0.0327562
-0.0550098
-0.0814228
-0.111167
-0.142842
-0.174561
-0.204108
-0.229347
-0.248198
-0.258637
-0.258699
-0.248012
-0.227593
-0.199932
-0.168297
-0.135909
-0.10526
-0.0778088
-0.0542036
-0.0344049
-0.0181725
-0.00513891
0.00521139
0.0128562
0.0184074
0.0198708
0.0198776
0.0157902
0.0139399
0.0110476
0.00860184
0.00604024
-0.0426034
-0.0262986
-0.0133351
-0.00277172
0.00389553
0.0071194
0.00654573
0.00204687
-0.00661293
-0.0196369
-0.0371821
-0.059237
-0.085478
-0.115104
-0.146728
-0.178451
-0.208048
-0.233369
-0.252503
-0.262664
-0.262588
-0.251604
-0.230739
-0.202557
-0.170406
-0.137576
-0.106592
-0.0789274
-0.0552069
-0.0353911
-0.0191966
-0.00626708
0.00396202
0.0114164
0.016736
0.0178857
0.0176415
0.0134263
0.0116354
0.00906587
0.00717942
0.00546325
-0.0641965
-0.0457209
-0.0300676
-0.0180265
-0.00750498
-0.00117828
0.00182526
0.00115826
-0.00330481
-0.0118207
-0.0246153
-0.041882
-0.0636503
-0.0896378
-0.119075
-0.150589
-0.182274
-0.211888
-0.237259
-0.256367
-0.266538
-0.266339
-0.255073
-0.233779
-0.205091
-0.172441
-0.13919
-0.107889
-0.080028
-0.0562078
-0.0363887
-0.0202437
-0.00742913
0.00266827
0.00991916
0.0149958
0.0158197
0.0153199
0.0109772
0.0092532
0.00702271
0.00571517
0.00487052
-0.0675624
-0.0496936
-0.034674
-0.0237215
-0.0130655
-0.00700855
-0.0041639
-0.0048499
-0.00919321
-0.017476
-0.0299493
-0.0468452
-0.0682374
-0.0938881
-0.123064
-0.154409
-0.186009
-0.215607
-0.240998
-0.260058
-0.270247
-0.269937
-0.258412
-0.236714
-0.207544
-0.174416
-0.140761
-0.10916
-0.0811192
-0.0572128
-0.0374023
-0.0213171
-0.00862729
0.00132857
0.00836348
0.0131863
0.0136726
0.012913
0.00844279
0.00679368
0.00491817
0.00420971
0.00426257
-0.0718064
-0.054561
-0.0401019
-0.0281431
-0.0193912
-0.0136047
-0.010846
-0.0114731
-0.0156105
-0.0235702
-0.0356297
-0.0520625
-0.0729888
-0.098219
-0.127059
-0.158175
-0.189646
-0.219195
-0.244578
-0.26359
-0.27378
-0.273369
-0.261607
-0.239535
-0.209912
-0.176332
-0.142296
-0.110414
-0.0822074
-0.0582272
-0.0384362
-0.0224198
-0.00986387
-5.88066e-05
0.00674806
0.0113065
0.0114441
0.0104203
0.00582256
0.00425699
0.00275249
0.00266382
0.00363995
-0.076926
-0.0603124
-0.0464258
-0.0351764
-0.0265554
-0.0209587
-0.0182127
-0.0186999
-0.0225441
-0.0300905
-0.0416446
-0.0575231
-0.0778945
-0.102621
-0.131051
-0.161877
-0.193174
-0.222643
-0.247992
-0.266948
-0.277129
-0.276625
-0.264648
-0.242232
-0.212188
-0.178184
-0.14379
-0.111646
-0.0832904
-0.0592496
-0.0394892
-0.023551
-0.0111384
-0.0014936
0.00507301
0.00935644
0.0091339
0.00784185
0.00311658
0.0016439
0.000526182
0.00107841
0.00300319
-0.0830112
-0.0670481
-0.0532633
-0.0433929
-0.0345749
-0.0290574
-0.0262495
-0.0265137
-0.0299765
-0.03702
-0.0479783
-0.0632128
-0.0829418
-0.107081
-0.135029
-0.165504
-0.196582
-0.225939
-0.251234
-0.27013
-0.280286
-0.279696
-0.267524
-0.244794
-0.21436
-0.179963
-0.145237
-0.112852
-0.0843642
-0.0602769
-0.0405591
-0.024709
-0.0124496
-0.00297489
0.00333903
0.0073364
0.00674255
0.00517799
0.000325298
-0.00104464
-0.00176012
-0.000545583
0.00235281
-0.0899922
-0.0747789
-0.0618388
-0.0515786
-0.0434264
-0.0378806
-0.0349339
-0.0348914
-0.0378841
-0.0443362
-0.0546108
-0.0691144
-0.0881159
-0.111588
-0.138979
-0.169043
-0.199858
-0.229071
-0.25429
-0.273125
-0.283244
-0.28257
-0.270223
-0.247208
-0.216419
-0.181659
-0.146629
-0.114027
-0.0854251
-0.0613064
-0.0416436
-0.0258921
-0.0137961
-0.00450168
0.00154689
0.00524688
0.00427058
0.00242921
-0.0025507
-0.00380763
-0.00410571
-0.00220718
0.00168931
-0.114404
-0.0978838
-0.0834262
-0.0712639
-0.0609805
-0.0528441
-0.047418
-0.0442347
-0.0438029
-0.0462371
-0.0520117
-0.0615182
-0.0752077
-0.0933998
-0.116126
-0.142889
-0.172481
-0.202986
-0.232026
-0.257151
-0.275921
-0.285991
-0.285238
-0.272734
-0.249466
-0.218356
-0.183268
-0.147962
-0.115167
-0.08647
-0.0623355
-0.0427407
-0.0270985
-0.0151767
-0.00607293
-0.000302521
0.00308853
0.00171868
-0.000403802
-0.00551072
-0.00664395
-0.00650978
-0.00390536
0.00101323
-0.122428
-0.106699
-0.0929811
-0.0816546
-0.0712908
-0.0629421
-0.057718
-0.0541187
-0.053209
-0.0549996
-0.0600138
-0.0686721
-0.081469
-0.0987743
-0.120679
-0.146744
-0.175804
-0.205955
-0.234791
-0.259802
-0.278505
-0.288517
-0.287688
-0.275046
-0.251556
-0.220161
-0.184779
-0.14923
-0.116266
-0.0874953
-0.0633616
-0.0438482
-0.0283266
-0.0165899
-0.00768741
-0.00220815
0.000862218
-0.000912248
-0.0033202
-0.00855389
-0.00955241
-0.00897144
-0.00563902
0.000325093
-0.131352
-0.116416
-0.103387
-0.0929628
-0.082319
-0.073775
-0.0686883
-0.0645562
-0.063064
-0.0641299
-0.068305
-0.0760405
-0.087872
-0.104218
-0.125229
-0.150529
-0.179
-0.208751
-0.237351
-0.262232
-0.280856
-0.290808
-0.289908
-0.277148
-0.253467
-0.221826
-0.186188
-0.150426
-0.117321
-0.0884976
-0.0643819
-0.0449638
-0.0295744
-0.018034
-0.00934371
-0.00416873
-0.001431
-0.00362112
-0.00631894
-0.0116792
-0.0125317
-0.0114896
-0.007407
-0.000374567
-0.141163
-0.127011
-0.114552
-0.102666
-0.0939874
-0.0857223
-0.0798149
-0.0755007
-0.0733181
-0.0735811
-0.0768434
-0.0835877
-0.0943873
-0.109707
-0.129759
-0.154229
-0.182053
-0.211359
-0.239693
-0.264426
-0.282963
-0.292851
-0.291887
-0.279029
-0.255189
-0.22334
-0.187484
-0.151545
-0.118326
-0.0894731
-0.0653932
-0.0460849
-0.0308395
-0.0195072
-0.0110402
-0.0061828
-0.00378981
-0.00640664
-0.00939876
-0.0148854
-0.0155803
-0.0140632
-0.00920808
-0.0010852
-0.151842
-0.138456
-0.126573
-0.115233
-0.106397
-0.0981504
-0.0915431
-0.0869031
-0.0839155
-0.0833017
-0.0855837
-0.0912749
-0.100983
-0.115217
-0.134247
-0.157827
-0.184948
-0.213765
-0.241802
-0.26637
-0.284811
-0.294635
-0.293614
-0.280677
-0.256712
-0.224695
-0.188661
-0.15258
-0.119277
-0.0904178
-0.0663923
-0.0472087
-0.0321198
-0.0210073
-0.012775
-0.00824868
-0.00621272
-0.00926729
-0.0125582
-0.0181712
-0.0186966
-0.0166909
-0.011041
-0.00180623
-0.163366
-0.150733
-0.139391
-0.128497
-0.119472
-0.111034
-0.103788
-0.0986929
-0.0947964
-0.0932371
-0.0944771
-0.0990607
-0.107626
-0.12072
-0.138673
-0.161306
-0.187671
-0.215954
-0.243663
-0.268049
-0.286389
-0.296147
-0.295077
-0.282081
-0.258025
-0.225881
-0.189711
-0.153525
-0.120169
-0.0913276
-0.0673758
-0.0483323
-0.0334126
-0.0225322
-0.0145462
-0.0103645
-0.00869796
-0.0122013
-0.0157956
-0.021535
-0.021879
-0.0193713
-0.0129042
-0.00253707
-0.175699
-0.163806
-0.153015
-0.142299
-0.133117
-0.124368
-0.116448
-0.110789
-0.105899
-0.10333
-0.103473
-0.106902
-0.114279
-0.126189
-0.143015
-0.164648
-0.190207
-0.217913
-0.245263
-0.269449
-0.287681
-0.297374
-0.296263
-0.283231
-0.259117
-0.226889
-0.190626
-0.154374
-0.120996
-0.0921983
-0.0683403
-0.0494526
-0.0347153
-0.0240795
-0.0163514
-0.0125281
-0.0112436
-0.0152068
-0.0191091
-0.0249749
-0.0251255
-0.0221027
-0.0147965
-0.00327713
-0.200795
-0.188798
-0.177622
-0.167493
-0.156674
-0.147262
-0.138101
-0.129457
-0.123105
-0.117161
-0.113522
-0.11252
-0.114754
-0.120907
-0.131593
-0.147249
-0.167836
-0.19254
-0.219627
-0.246586
-0.270554
-0.288672
-0.298302
-0.297161
-0.284116
-0.25998
-0.22771
-0.191398
-0.15512
-0.121754
-0.0930258
-0.0692819
-0.0505664
-0.036025
-0.0256464
-0.0181884
-0.0147372
-0.0138473
-0.0182815
-0.0224966
-0.0284891
-0.0284342
-0.0248835
-0.0167162
-0.00402577
-0.213717
-0.202606
-0.192088
-0.182709
-0.171551
-0.161833
-0.152164
-0.142757
-0.135557
-0.128521
-0.123754
-0.121566
-0.122572
-0.127471
-0.136903
-0.151353
-0.17085
-0.194654
-0.221081
-0.247618
-0.27135
-0.289348
-0.298917
-0.29776
-0.284725
-0.260602
-0.228336
-0.192021
-0.155757
-0.122437
-0.0938055
-0.0701969
-0.0516703
-0.0373385
-0.0272302
-0.0200543
-0.0169893
-0.0165067
-0.0214229
-0.0259557
-0.0320753
-0.0318029
-0.0277118
-0.0186616
-0.00478235
-0.227325
-0.217064
-0.207073
-0.196375
-0.186797
-0.176766
-0.166489
-0.156284
-0.148068
-0.139916
-0.133971
-0.13056
-0.130311
-0.133933
-0.142088
-0.155302
-0.173672
-0.196535
-0.222262
-0.248345
-0.271822
-0.289694
-0.299208
-0.298047
-0.285047
-0.260976
-0.228758
-0.192486
-0.156279
-0.123039
-0.0945329
-0.0710814
-0.0527607
-0.0386528
-0.0288279
-0.0219465
-0.0192815
-0.0192191
-0.0246284
-0.0294838
-0.0357311
-0.0352291
-0.0305855
-0.0206312
-0.00554621
-0.241565
-0.232109
-0.222628
-0.212398
-0.202469
-0.191988
-0.181007
-0.169959
-0.160579
-0.15129
-0.144117
-0.139452
-0.137927
-0.140257
-0.147118
-0.159073
-0.176284
-0.198168
-0.223155
-0.248754
-0.271957
-0.289697
-0.299161
-0.298011
-0.285073
-0.261091
-0.228968
-0.192787
-0.156679
-0.123557
-0.0952035
-0.0719312
-0.0538339
-0.0399644
-0.0304362
-0.0238617
-0.021611
-0.0219816
-0.0278949
-0.0330781
-0.0394538
-0.0387103
-0.0335024
-0.0226231
-0.00631666
-0.256372
-0.247684
-0.238658
-0.228729
-0.218457
-0.207433
-0.195651
-0.183701
-0.173046
-0.162585
-0.15414
-0.148194
-0.145377
-0.146406
-0.151963
-0.162642
-0.178668
-0.199537
-0.223748
-0.248831
-0.271742
-0.289343
-0.298763
-0.297642
-0.284793
-0.260939
-0.228958
-0.192916
-0.156952
-0.123983
-0.0958127
-0.0727422
-0.0548861
-0.0412698
-0.0320519
-0.0257968
-0.0239743
-0.0247908
-0.0312193
-0.0367355
-0.0432405
-0.0422438
-0.0364601
-0.0246354
-0.00709297
-0.271678
-0.263716
-0.255113
-0.245267
-0.234665
-0.223026
-0.210359
-0.197437
-0.185426
-0.17375
-0.163994
-0.156743
-0.152622
-0.152345
-0.156593
-0.165986
-0.180806
-0.200629
-0.224029
-0.248565
-0.271163
-0.28862
-0.298004
-0.296928
-0.284198
-0.260513
-0.228721
-0.192867
-0.157092
-0.124314
-0.0963559
-0.0735101
-0.0559134
-0.0425654
-0.0336712
-0.0277484
-0.0263682
-0.0276434
-0.0345981
-0.0404526
-0.047088
-0.0458267
-0.0394561
-0.0266661
-0.00787442
-0.287405
-0.280121
-0.271912
-0.262025
-0.251025
-0.238699
-0.225066
-0.21111
-0.197676
-0.184737
-0.173635
-0.165057
-0.159625
-0.15804
-0.160981
-0.169083
-0.182681
-0.201431
-0.223986
-0.247944
-0.27021
-0.287516
-0.296875
-0.29586
-0.283279
-0.259804
-0.22825
-0.192634
-0.157093
-0.124543
-0.0968283
-0.0742306
-0.0569117
-0.0438472
-0.0352905
-0.0297126
-0.0287889
-0.0305356
-0.0380275
-0.0442258
-0.050993
-0.0494558
-0.0424876
-0.0287133
-0.00866023
-0.303473
-0.296805
-0.288901
-0.278924
-0.267468
-0.254386
-0.2397
-0.224691
-0.209759
-0.195504
-0.183022
-0.173099
-0.16635
-0.163462
-0.165101
-0.171914
-0.184278
-0.201932
-0.223611
-0.24696
-0.268872
-0.286021
-0.295359
-0.29443
-0.28203
-0.258806
-0.227538
-0.192211
-0.156949
-0.124667
-0.0972253
-0.0748994
-0.0578768
-0.0451113
-0.0369059
-0.0316859
-0.0312325
-0.0334635
-0.0415034
-0.0480511
-0.0549518
-0.0531278
-0.0455518
-0.0307747
-0.00944963
-0.319796
-0.313673
-0.305697
-0.295885
-0.283933
-0.270024
-0.254186
-0.238163
-0.221642
-0.206012
-0.192124
-0.180838
-0.172768
-0.168582
-0.16893
-0.174457
-0.185583
-0.20212
-0.222893
-0.245604
-0.267141
-0.284126
-0.29345
-0.292629
-0.280442
-0.257512
-0.226581
-0.191592
-0.156656
-0.124679
-0.0975423
-0.0755121
-0.0588047
-0.0463537
-0.0385133
-0.033664
-0.0336949
-0.0364229
-0.0450215
-0.0519244
-0.0589604
-0.0568391
-0.0486455
-0.0328482
-0.0102418
-0.336291
-0.330667
-0.322892
-0.312863
-0.300359
-0.285562
-0.26851
-0.251447
-0.233292
-0.216227
-0.200908
-0.188245
-0.178853
-0.173378
-0.172446
-0.176697
-0.186582
-0.201987
-0.221827
-0.24387
-0.265009
-0.281822
-0.291142
-0.29045
-0.27851
-0.255918
-0.225372
-0.190772
-0.156208
-0.124576
-0.0977747
-0.0760641
-0.059691
-0.0475703
-0.0401087
-0.0356429
-0.0361718
-0.0394093
-0.0485773
-0.0558411
-0.0630145
-0.0605859
-0.0517657
-0.0349313
-0.0110359
-0.352873
-0.347706
-0.340067
-0.329787
-0.31669
-0.300959
-0.282875
-0.264251
-0.244671
-0.226125
-0.209351
-0.195298
-0.184583
-0.177827
-0.175631
-0.178619
-0.187266
-0.201526
-0.220408
-0.241753
-0.262473
-0.279106
-0.288428
-0.287889
-0.27623
-0.254018
-0.223907
-0.189747
-0.1556
-0.124353
-0.0979181
-0.0765512
-0.0605313
-0.0487566
-0.0416875
-0.0376181
-0.0386586
-0.042418
-0.0521658
-0.0597966
-0.0671098
-0.0643645
-0.0549088
-0.0370218
-0.0118311
-0.372006
-0.369456
-0.364711
-0.357145
-0.346589
-0.332868
-0.31616
-0.296993
-0.276793
-0.25575
-0.235681
-0.217432
-0.201976
-0.189939
-0.181914
-0.17847
-0.18021
-0.187625
-0.200732
-0.218633
-0.239252
-0.259529
-0.275972
-0.285306
-0.28494
-0.273597
-0.251809
-0.222184
-0.188512
-0.15483
-0.124005
-0.0979681
-0.0769689
-0.0613214
-0.0499084
-0.0432455
-0.0395852
-0.0411506
-0.045444
-0.0557819
-0.0637857
-0.0712413
-0.0681704
-0.0580712
-0.0391171
-0.0126265
-0.387816
-0.38595
-0.381604
-0.374068
-0.363209
-0.348837
-0.331113
-0.310843
-0.289056
-0.266503
-0.244879
-0.225135
-0.208267
-0.194908
-0.185626
-0.180951
-0.181461
-0.187653
-0.199602
-0.216502
-0.236367
-0.256177
-0.27242
-0.281771
-0.281602
-0.270609
-0.24929
-0.220198
-0.187065
-0.153892
-0.123528
-0.0979204
-0.077313
-0.0620569
-0.0510214
-0.0447781
-0.0415394
-0.0436429
-0.0484823
-0.0594202
-0.0678031
-0.075404
-0.0719993
-0.0612493
-0.0412146
-0.0134211
-0.403488
-0.402264
-0.398297
-0.390761
-0.379585
-0.364544
-0.345805
-0.324375
-0.301006
-0.276907
-0.253704
-0.232449
-0.214161
-0.199482
-0.188953
-0.183066
-0.182366
-0.187347
-0.198135
-0.214017
-0.233101
-0.25242
-0.26845
-0.277825
-0.277873
-0.267265
-0.246457
-0.217947
-0.185403
-0.152783
-0.12292
-0.0977711
-0.0775791
-0.0627334
-0.052091
-0.0462806
-0.0434761
-0.0461302
-0.0515273
-0.0630749
-0.0718433
-0.0795926
-0.0758464
-0.0644391
-0.0433118
-0.0142141
-0.418933
-0.418308
-0.414506
-0.407148
-0.395656
-0.379936
-0.360271
-0.337486
-0.312615
-0.286945
-0.262143
-0.239365
-0.219651
-0.203656
-0.191891
-0.184811
-0.18292
-0.186706
-0.196334
-0.211182
-0.22946
-0.248262
-0.264068
-0.273469
-0.273756
-0.263565
-0.243312
-0.215431
-0.183522
-0.151501
-0.122175
-0.0975162
-0.0777632
-0.0633467
-0.0531128
-0.0477484
-0.0453904
-0.0486075
-0.0545735
-0.0667402
-0.0759002
-0.0838015
-0.079707
-0.0676367
-0.0454058
-0.0150046
-0.434061
-0.434015
-0.430556
-0.423177
-0.411362
-0.394964
-0.374373
-0.350241
-0.32386
-0.296602
-0.27019
-0.245878
-0.224736
-0.207428
-0.19444
-0.186185
-0.183125
-0.18573
-0.194202
-0.208004
-0.225451
-0.243713
-0.259278
-0.268708
-0.269253
-0.259512
-0.239854
-0.21265
-0.181423
-0.150044
-0.121292
-0.097152
-0.0778613
-0.0638925
-0.0540823
-0.0491767
-0.0472771
-0.0510692
-0.0576151
-0.0704098
-0.0799678
-0.0880248
-0.083576
-0.0708377
-0.0474939
-0.0157915
-0.448789
-0.449298
-0.446156
-0.438774
-0.426642
-0.409626
-0.388032
-0.362611
-0.334719
-0.305864
-0.277835
-0.251987
-0.229416
-0.210801
-0.196601
-0.18719
-0.182983
-0.184426
-0.191747
-0.204493
-0.221087
-0.238781
-0.25409
-0.26355
-0.26437
-0.25511
-0.236088
-0.209604
-0.179105
-0.148408
-0.120266
-0.0966751
-0.0778694
-0.0643667
-0.0549951
-0.0505608
-0.0491314
-0.0535097
-0.0606462
-0.0740773
-0.0840396
-0.0922562
-0.0874482
-0.0740378
-0.0495733
-0.0165738
-0.463034
-0.464079
-0.461238
-0.453871
-0.44144
-0.42384
-0.401249
-0.374564
-0.34517
-0.314719
-0.285077
-0.257692
-0.233697
-0.213781
-0.198383
-0.187834
-0.1825
-0.1828
-0.188979
-0.200661
-0.216379
-0.233481
-0.248516
-0.258004
-0.259114
-0.250364
-0.232015
-0.206295
-0.176567
-0.146594
-0.119097
-0.0960825
-0.077784
-0.0647652
-0.0558467
-0.0518959
-0.0509479
-0.0559235
-0.0636605
-0.0777361
-0.088109
-0.0964895
-0.0913183
-0.0772326
-0.051641
-0.0173506
-0.476716
-0.478282
-0.475742
-0.468407
-0.455731
-0.437517
-0.413999
-0.38607
-0.355196
-0.323159
-0.29191
-0.262996
-0.237585
-0.216378
-0.199794
-0.188124
-0.181686
-0.180862
-0.18591
-0.196522
-0.211346
-0.22783
-0.242571
-0.252082
-0.253494
-0.245281
-0.227642
-0.202726
-0.17381
-0.1446
-0.117782
-0.0953712
-0.0776016
-0.065084
-0.0566329
-0.0531772
-0.0527217
-0.0583046
-0.0666517
-0.0813794
-0.0921692
-0.100718
-0.0951805
-0.0804175
-0.0536941
-0.0181208
-0.489762
-0.491836
-0.489601
-0.482325
-0.469423
-0.450649
-0.426243
-0.397104
-0.364778
-0.331173
-0.298335
-0.267905
-0.241089
-0.218604
-0.200849
-0.188076
-0.180553
-0.178626
-0.182554
-0.192094
-0.206005
-0.221845
-0.236272
-0.245798
-0.247523
-0.23987
-0.222974
-0.198901
-0.170838
-0.142427
-0.11632
-0.0945387
-0.0773188
-0.0653195
-0.0573494
-0.0544
-0.0544474
-0.0606472
-0.0696135
-0.085
-0.096213
-0.104935
-0.0990291
-0.0835877
-0.0557295
-0.0188835
-0.502105
-0.504678
-0.502756
-0.495563
-0.482472
-0.463193
-0.437944
-0.40764
-0.3739
-0.338755
-0.304352
-0.272424
-0.244221
-0.220473
-0.201561
-0.187703
-0.179117
-0.176107
-0.178928
-0.187396
-0.200377
-0.215548
-0.229639
-0.239172
-0.241214
-0.234142
-0.218019
-0.194825
-0.167651
-0.140075
-0.114709
-0.0935828
-0.0769328
-0.0654678
-0.057992
-0.0555595
-0.0561198
-0.0629454
-0.0725393
-0.0885909
-0.100233
-0.109133
-0.102858
-0.0867385
-0.0577442
-0.0196375
)
;

boundaryField
{
    inlet
    {
        type            zeroGradient;
    }
    outlet
    {
        type            fixedValue;
        value           uniform 0;
    }
    cylinder
    {
        type            zeroGradient;
    }
    top
    {
        type            symmetryPlane;
    }
    bottom
    {
        type            symmetryPlane;
    }
    defaultFaces
    {
        type            empty;
    }
    procBoundary3to2
    {
        type            processor;
        value           nonuniform List<scalar> 
211
(
-0.506849
-0.517002
-0.526314
-0.534751
-0.542286
-0.548901
-0.554591
-0.559358
-0.563217
-0.577703
-0.577703
-0.580239
-0.581963
-0.582937
-0.583205
-0.582515
-0.580791
-0.578884
-0.576436
-0.573465
-0.570028
-0.577389
-0.577389
-0.573334
-0.568909
-0.564147
-0.559082
-0.553739
-0.548131
-0.542266
-0.543341
-0.543341
-0.536927
-0.530261
-0.523356
-0.516222
-0.508869
-0.502563
-0.502563
-0.494806
-0.486928
-0.478846
-0.470466
-0.462417
-0.443719
-0.443719
-0.40811
-0.373561
-0.340355
-0.309245
-0.280768
-0.254984
-0.231732
-0.210772
-0.191848
-0.174719
-0.159172
-0.145024
-0.132117
-0.120318
-0.109512
-0.099601
-0.0904974
-0.0821263
-0.0744212
-0.0673235
-0.0607809
-0.054747
-0.0491801
-0.0440428
-0.0393012
-0.0349249
-0.0308859
-0.0271588
-0.0237204
-0.0205494
-0.0176271
-0.0149373
-0.0124606
-0.0101825
-0.00808906
-0.00616728
-0.00440496
-0.00279081
-0.00131429
3.44005e-05
0.00126439
0.00238418
0.0034017
0.00432432
0.00515888
0.00591171
0.00658868
0.00719516
0.00773608
0.0082159
0.00863862
0.00900778
0.00932644
0.00959711
0.00982179
0.0100018
0.010138
0.0102301
0.0102772
0.00684262
0.00678637
0.00667685
0.00651556
0.00630355
0.00604083
0.00572693
0.00536077
0.00494079
0.00446502
0.00393108
0.00333625
0.00267752
0.00195155
0.00115477
0.000283364
-0.000666682
-0.00169955
-0.00281956
-0.00403109
-0.00533856
-0.00674635
-0.0082587
-0.00987964
-0.0116129
-0.0134616
-0.0154285
-0.0175153
-0.0197228
-0.0220505
-0.0244966
-0.0270573
-0.0297266
-0.0324962
-0.0353549
-0.0382881
-0.0401128
-0.0401128
-0.0429427
-0.045754
-0.0485111
-0.0511724
-0.0536902
-0.0560096
-0.0580689
-0.0597991
-0.061124
-0.0619606
-0.0622195
-0.0618058
-0.0606221
-0.058574
-0.0555844
-0.0516197
-0.0467346
-0.0411596
-0.0354182
-0.0302911
-0.0270145
-0.0266926
-0.0299704
-0.0299704
-0.059783
-0.0603385
-0.0590246
-0.0589307
-0.0599338
-0.0616819
-0.0616819
-0.0850808
-0.0877906
-0.0913457
-0.0957881
-0.101089
-0.10729
-0.10729
-0.132842
-0.139973
-0.147984
-0.156869
-0.166616
-0.177206
-0.18861
-0.18861
-0.213611
-0.225444
-0.237976
-0.251161
-0.264941
-0.279253
-0.294027
-0.309186
-0.324649
-0.340332
-0.356147
-0.356147
-0.372896
-0.387764
-0.402538
-0.417126
-0.431438
-0.445387
-0.458886
-0.471854
-0.484216
-0.495902
)
;
    }
}


// ************************************************************************* //
