/*--------------------------------*- C++ -*----------------------------------*\
  =========                 |
  \\      /  F ield         | OpenFOAM: The Open Source CFD Toolbox
   \\    /   O peration     | Website:  https://openfoam.org
    \\  /    A nd           | Version:  7
     \\/     M anipulation  |
\*---------------------------------------------------------------------------*/
FoamFile
{
    version     2.0;
    format      ascii;
    class       volScalarField;
    location    "85";
    object      p;
}
// * * * * * * * * * * * * * * * * * * * * * * * * * * * * * * * * * * * * * //

dimensions      [0 2 -2 0 0 0 0];

internalField   nonuniform List<scalar> 
8500
(
-0.301451
-0.254526
-0.21706
-0.190114
-0.173565
-0.167205
-0.171535
-0.186471
-0.208516
-0.229873
-0.240922
-0.23536
-0.213593
-0.181932
-0.148497
-0.119428
-0.0975208
-0.0833862
-0.0766017
-0.0761682
-0.0819532
-0.0951877
-0.115564
-0.137178
-0.149866
-0.14737
-0.130218
-0.107085
-0.0838702
-0.06669
-0.0561421
-0.050932
-0.0526691
-0.0611774
-0.0749339
-0.0862273
-0.0823848
-0.0730127
-0.0502146
-0.0364469
-0.0185165
-0.00882899
-0.000187264
-0.00224372
-0.295071
-0.250259
-0.214655
-0.189315
-0.174195
-0.169229
-0.175047
-0.191495
-0.2148
-0.236823
-0.247772
-0.241451
-0.218531
-0.185624
-0.151054
-0.121045
-0.0983694
-0.0835676
-0.0761546
-0.0751149
-0.0802407
-0.0926995
-0.112264
-0.133254
-0.145811
-0.143719
-0.127347
-0.10503
-0.0825965
-0.0660812
-0.0561616
-0.0514736
-0.0538469
-0.0629897
-0.0773616
-0.0890583
-0.085131
-0.0754916
-0.0519923
-0.0377478
-0.0192237
-0.00919116
-0.00023829
-0.00189687
-0.288291
-0.245638
-0.211927
-0.188213
-0.174537
-0.170981
-0.1783
-0.196259
-0.220804
-0.243468
-0.254313
-0.247256
-0.223225
-0.18912
-0.153457
-0.12254
-0.0991192
-0.0836674
-0.0756381
-0.0740004
-0.0784737
-0.0901603
-0.108914
-0.129282
-0.141706
-0.140018
-0.124422
-0.102919
-0.0812703
-0.0654235
-0.0561363
-0.0519754
-0.0549901
-0.0647717
-0.0797642
-0.0918676
-0.0878604
-0.0779518
-0.0537513
-0.0390257
-0.0199145
-0.00954066
-0.000293398
-0.00155785
-0.281114
-0.240655
-0.208861
-0.186787
-0.174568
-0.172438
-0.18127
-0.200735
-0.226499
-0.249781
-0.260523
-0.252763
-0.227668
-0.192416
-0.155706
-0.123915
-0.0997732
-0.0836896
-0.075057
-0.0728303
-0.0766587
-0.087578
-0.105523
-0.125269
-0.137561
-0.136273
-0.121448
-0.100756
-0.0798926
-0.0647166
-0.0560648
-0.0524356
-0.0560961
-0.0665203
-0.0821381
-0.0946516
-0.09057
-0.080391
-0.05549
-0.0402797
-0.0205887
-0.00987748
-0.000352473
-0.00122687
-0.273541
-0.235303
-0.205442
-0.185019
-0.174268
-0.17358
-0.183935
-0.204899
-0.231858
-0.255738
-0.266383
-0.257957
-0.231851
-0.195508
-0.157802
-0.125172
-0.100335
-0.0836384
-0.0744163
-0.07161
-0.0748022
-0.0849604
-0.102099
-0.121226
-0.133383
-0.132489
-0.118429
-0.0985424
-0.0784641
-0.0639603
-0.0559462
-0.0528524
-0.0571624
-0.0682322
-0.08448
-0.097407
-0.0932569
-0.0828067
-0.0572073
-0.0415092
-0.0212459
-0.0102016
-0.000415383
-0.000904107
-0.265574
-0.229575
-0.201657
-0.182892
-0.173619
-0.174388
-0.186273
-0.208728
-0.236856
-0.261316
-0.271876
-0.262826
-0.235769
-0.198395
-0.159743
-0.126314
-0.100808
-0.083518
-0.0737209
-0.0703452
-0.0729105
-0.0823149
-0.0986511
-0.117159
-0.129179
-0.128672
-0.115367
-0.096281
-0.0769859
-0.0631547
-0.0557796
-0.0532242
-0.0581866
-0.0699045
-0.0867865
-0.10013
-0.0959182
-0.0851967
-0.0589018
-0.0427133
-0.0218861
-0.0105131
-0.000481972
-0.000589727
-0.25722
-0.223467
-0.197495
-0.180393
-0.172608
-0.174846
-0.188267
-0.212199
-0.241471
-0.266495
-0.276987
-0.267363
-0.239416
-0.201075
-0.161532
-0.127344
-0.101196
-0.083333
-0.0729758
-0.0690414
-0.0709899
-0.0796488
-0.0951867
-0.113078
-0.124955
-0.124828
-0.112268
-0.093974
-0.0754592
-0.0622997
-0.0555641
-0.0535495
-0.0591663
-0.071534
-0.0890543
-0.102818
-0.0985509
-0.0875585
-0.0605721
-0.0438914
-0.0225091
-0.0108118
-0.00055207
-0.000283861
-0.248483
-0.216976
-0.192947
-0.17751
-0.17122
-0.174941
-0.189902
-0.215296
-0.245683
-0.271257
-0.281702
-0.271557
-0.242787
-0.203547
-0.16317
-0.128264
-0.101504
-0.0830878
-0.0721859
-0.0677039
-0.0690464
-0.0769694
-0.0917139
-0.10899
-0.12072
-0.120961
-0.109134
-0.0916239
-0.0738853
-0.0613955
-0.0552989
-0.0538267
-0.060099
-0.0731177
-0.0912801
-0.105467
-0.101152
-0.0898899
-0.0622171
-0.0450429
-0.0231148
-0.011098
-0.000625486
1.33851e-05
-0.239372
-0.210102
-0.188008
-0.174235
-0.169448
-0.174663
-0.191164
-0.218003
-0.249476
-0.27559
-0.286009
-0.275403
-0.245881
-0.205811
-0.164659
-0.129079
-0.101735
-0.0827867
-0.0713562
-0.0663381
-0.067086
-0.0742834
-0.0882403
-0.104903
-0.11648
-0.117078
-0.10597
-0.0892334
-0.0722655
-0.0604426
-0.0549836
-0.0540543
-0.0609824
-0.0746527
-0.0934606
-0.108074
-0.103719
-0.0921886
-0.0638355
-0.046167
-0.023703
-0.0113714
-0.000702017
0.000301927
-0.229894
-0.202847
-0.182673
-0.170561
-0.167286
-0.174006
-0.192045
-0.220306
-0.252836
-0.279482
-0.289972
-0.278896
-0.248695
-0.207867
-0.166002
-0.129791
-0.101893
-0.0824345
-0.0704914
-0.0649493
-0.0651143
-0.0715977
-0.0847731
-0.100824
-0.112241
-0.113182
-0.102779
-0.0868051
-0.0706013
-0.0594413
-0.0546174
-0.0542312
-0.0618145
-0.0761361
-0.0955926
-0.110635
-0.106249
-0.0944523
-0.0654259
-0.0472631
-0.0242736
-0.0116322
-0.000781442
0.000581706
-0.220061
-0.195213
-0.176942
-0.166487
-0.164731
-0.172965
-0.192539
-0.222197
-0.255752
-0.282921
-0.293446
-0.282033
-0.251228
-0.209717
-0.1672
-0.130405
-0.101982
-0.0820354
-0.0695964
-0.0635425
-0.0631369
-0.0689184
-0.0813193
-0.0967601
-0.108009
-0.10928
-0.0995657
-0.0843417
-0.0688944
-0.0583921
-0.0542002
-0.054356
-0.062593
-0.077565
-0.0976731
-0.113148
-0.108738
-0.0966788
-0.0669873
-0.0483306
-0.0248266
-0.0118804
-0.000863527
0.000852691
-0.209885
-0.187209
-0.170817
-0.162014
-0.161784
-0.171542
-0.192642
-0.223669
-0.258217
-0.285904
-0.296502
-0.284811
-0.253481
-0.211362
-0.168256
-0.130923
-0.102008
-0.081594
-0.0686757
-0.0621227
-0.0611591
-0.0662516
-0.0778856
-0.092718
-0.103791
-0.105375
-0.0963331
-0.0818462
-0.0671465
-0.0572958
-0.0537315
-0.0544277
-0.0633159
-0.0789368
-0.099699
-0.115609
-0.111185
-0.0988657
-0.0685183
-0.049369
-0.0253618
-0.0121159
-0.000948028
0.00111487
-0.199382
-0.178842
-0.164305
-0.157149
-0.158451
-0.169738
-0.192353
-0.22472
-0.260228
-0.288427
-0.299136
-0.28723
-0.255455
-0.212805
-0.169176
-0.131351
-0.101974
-0.0811147
-0.0677339
-0.0606947
-0.059186
-0.0636033
-0.0744782
-0.0887039
-0.0995925
-0.101473
-0.0930853
-0.0793214
-0.0653593
-0.0561532
-0.0532112
-0.0544453
-0.0639813
-0.0802489
-0.101667
-0.118015
-0.113587
-0.101011
-0.0700179
-0.0503778
-0.0258793
-0.0123389
-0.00103469
0.00136826
-0.188569
-0.170127
-0.157416
-0.151899
-0.15474
-0.16756
-0.191678
-0.225348
-0.261782
-0.290491
-0.301347
-0.289291
-0.257151
-0.21405
-0.16996
-0.131692
-0.101885
-0.0806017
-0.0667755
-0.059263
-0.0572223
-0.0609786
-0.0711033
-0.084724
-0.0954185
-0.0975786
-0.089826
-0.0767702
-0.0635349
-0.0549653
-0.0526394
-0.0544078
-0.0645873
-0.0814986
-0.103575
-0.120363
-0.11594
-0.103113
-0.0714849
-0.0513564
-0.0263789
-0.0125492
-0.00112324
0.00161288
-0.17747
-0.161078
-0.150163
-0.146278
-0.150664
-0.165019
-0.19062
-0.225556
-0.262884
-0.292098
-0.303137
-0.290998
-0.258574
-0.215098
-0.170615
-0.13195
-0.101744
-0.0800592
-0.0658046
-0.0578322
-0.0552728
-0.0583829
-0.0677664
-0.0807838
-0.0912746
-0.093695
-0.0865588
-0.0741956
-0.0616753
-0.0537331
-0.0520162
-0.0543145
-0.0651323
-0.0826836
-0.10542
-0.122651
-0.118243
-0.105168
-0.072918
-0.0523043
-0.0268606
-0.0127471
-0.00121342
0.00184882
-0.166111
-0.151717
-0.142564
-0.140304
-0.146238
-0.162127
-0.18919
-0.225352
-0.263536
-0.293252
-0.304511
-0.292354
-0.259726
-0.215955
-0.171143
-0.13213
-0.101557
-0.0794915
-0.0648253
-0.0564064
-0.0533416
-0.0558209
-0.0644731
-0.0768888
-0.0871661
-0.0898273
-0.0832874
-0.0716006
-0.0597825
-0.0524578
-0.0513417
-0.0541648
-0.0656145
-0.0838016
-0.1072
-0.124874
-0.120492
-0.107176
-0.0743163
-0.0532212
-0.0273245
-0.0129324
-0.00130493
0.00207613
-0.154521
-0.142065
-0.134641
-0.133996
-0.141481
-0.1589
-0.187399
-0.224742
-0.263747
-0.293962
-0.305475
-0.293364
-0.260612
-0.216625
-0.171549
-0.132235
-0.101327
-0.0789023
-0.0638416
-0.0549897
-0.0514329
-0.053297
-0.0612282
-0.073044
-0.0830977
-0.0859999
-0.0800154
-0.0689884
-0.0578589
-0.0511407
-0.0506163
-0.0539581
-0.0660327
-0.0848503
-0.10891
-0.127032
-0.122686
-0.109134
-0.0756787
-0.0541065
-0.0277705
-0.0131052
-0.0013975
0.00229491
-0.142738
-0.132152
-0.126422
-0.127379
-0.136416
-0.155357
-0.18526
-0.223738
-0.263528
-0.294237
-0.306037
-0.294035
-0.261237
-0.217112
-0.171838
-0.132269
-0.101057
-0.0782957
-0.062857
-0.0535858
-0.0495506
-0.0508155
-0.0580365
-0.0692541
-0.079074
-0.0821766
-0.0767464
-0.066362
-0.0559067
-0.0497834
-0.0498406
-0.0536941
-0.0663853
-0.0858278
-0.110551
-0.12912
-0.124823
-0.11104
-0.077004
-0.0549598
-0.0281986
-0.0132656
-0.00149084
0.0025053
-0.122011
-0.117935
-0.120482
-0.131067
-0.151517
-0.18279
-0.222354
-0.26289
-0.294088
-0.306206
-0.294373
-0.261606
-0.217421
-0.172013
-0.132238
-0.100754
-0.0776753
-0.0618751
-0.0521983
-0.0476981
-0.04838
-0.0549023
-0.0655236
-0.0750994
-0.0783812
-0.073484
-0.0637245
-0.0539284
-0.0483873
-0.0490152
-0.0533726
-0.0666712
-0.0867322
-0.112118
-0.131137
-0.126899
-0.112893
-0.0782913
-0.0557809
-0.0286089
-0.0134135
-0.00158466
0.00270742
-0.111678
-0.109217
-0.113337
-0.125463
-0.147404
-0.180008
-0.220605
-0.261847
-0.293527
-0.305993
-0.294386
-0.261728
-0.217559
-0.17208
-0.132145
-0.100419
-0.0770446
-0.0608992
-0.0508306
-0.0458788
-0.0459941
-0.0518297
-0.0618567
-0.0711782
-0.074619
-0.0702314
-0.061079
-0.0519263
-0.0469541
-0.0481409
-0.0529934
-0.0668892
-0.0875615
-0.11361
-0.13308
-0.128912
-0.11469
-0.0795396
-0.0565693
-0.0290014
-0.0135491
-0.00167867
0.00290142
-0.101196
-0.100306
-0.105977
-0.119632
-0.143043
-0.176932
-0.218507
-0.260417
-0.292571
-0.305409
-0.294084
-0.261607
-0.217529
-0.172042
-0.131993
-0.100056
-0.076407
-0.0599324
-0.0494857
-0.0440958
-0.043661
-0.0488224
-0.0582572
-0.0673145
-0.0708934
-0.0669923
-0.0584288
-0.0499031
-0.0454857
-0.0472185
-0.0525565
-0.0670384
-0.0883142
-0.115025
-0.134946
-0.130861
-0.11643
-0.0807479
-0.0573247
-0.0293762
-0.0136723
-0.00177257
0.00308748
-0.0906117
-0.0912445
-0.0984392
-0.113606
-0.138457
-0.173583
-0.216079
-0.258616
-0.291234
-0.304467
-0.293475
-0.26125
-0.217339
-0.171906
-0.131787
-0.0996698
-0.0757656
-0.0589776
-0.0481666
-0.0423518
-0.0413835
-0.0458836
-0.0547288
-0.0635122
-0.0672087
-0.0637701
-0.0557769
-0.0478614
-0.043984
-0.0462491
-0.0520622
-0.0671181
-0.0889888
-0.116361
-0.136734
-0.132742
-0.118111
-0.0819152
-0.0580468
-0.0297334
-0.0137833
-0.0018661
0.00326577
-0.0799773
-0.0820782
-0.0907637
-0.107418
-0.133674
-0.169983
-0.213342
-0.256462
-0.289533
-0.30318
-0.292569
-0.260667
-0.216993
-0.171674
-0.13153
-0.099263
-0.0751237
-0.0580374
-0.0468757
-0.0406494
-0.0391641
-0.0430165
-0.0512747
-0.0597747
-0.0635684
-0.060568
-0.0531265
-0.0458038
-0.0424509
-0.0452339
-0.0515107
-0.0671274
-0.0895839
-0.117616
-0.138441
-0.134553
-0.119731
-0.0830407
-0.0587355
-0.030073
-0.013882
-0.00195896
0.0034365
-0.0693497
-0.0728558
-0.082991
-0.101102
-0.12872
-0.166154
-0.210314
-0.253977
-0.287486
-0.301563
-0.291377
-0.259864
-0.216499
-0.171353
-0.131227
-0.0988388
-0.0744838
-0.0571145
-0.0456156
-0.038991
-0.0370052
-0.0402236
-0.047898
-0.0561056
-0.0599758
-0.0573894
-0.0504808
-0.043733
-0.0408886
-0.044174
-0.0509026
-0.0670659
-0.0900983
-0.118788
-0.140065
-0.136292
-0.12129
-0.0841235
-0.0593903
-0.0303951
-0.0139685
-0.00205088
0.00359988
-0.0587895
-0.0636277
-0.075163
-0.0946897
-0.123623
-0.162119
-0.207018
-0.251178
-0.285111
-0.299629
-0.28991
-0.258848
-0.215861
-0.170946
-0.130881
-0.0984002
-0.0738489
-0.056211
-0.0443884
-0.0373785
-0.0349086
-0.0375074
-0.0446014
-0.0525082
-0.0564341
-0.0542374
-0.0478428
-0.0416518
-0.0392993
-0.043071
-0.0502384
-0.0669332
-0.0905309
-0.119877
-0.141605
-0.137958
-0.122785
-0.0851628
-0.0600111
-0.0306998
-0.0140428
-0.00214161
0.00375611
-0.0483591
-0.0544458
-0.0673221
-0.0882161
-0.118408
-0.1579
-0.203474
-0.248088
-0.282425
-0.297392
-0.288177
-0.25763
-0.215086
-0.170459
-0.130495
-0.0979501
-0.0732212
-0.055329
-0.0431959
-0.0358138
-0.032876
-0.0348698
-0.0413875
-0.0489853
-0.0529472
-0.0511153
-0.0452156
-0.0395629
-0.0376852
-0.0419263
-0.0495188
-0.066729
-0.090881
-0.120881
-0.143058
-0.139549
-0.124215
-0.0861577
-0.0605978
-0.0309873
-0.014105
-0.00223089
0.00390542
-0.0381213
-0.0453625
-0.0595107
-0.0817138
-0.113102
-0.15352
-0.199703
-0.244725
-0.279446
-0.294868
-0.28619
-0.256215
-0.214181
-0.169895
-0.130072
-0.0974911
-0.0726032
-0.0544704
-0.0420399
-0.0342986
-0.030909
-0.0323126
-0.0382584
-0.0455397
-0.0495189
-0.0480263
-0.0426024
-0.0374691
-0.0360486
-0.0407416
-0.0487448
-0.0664532
-0.0911476
-0.121798
-0.144424
-0.141063
-0.125579
-0.0871074
-0.0611501
-0.0312577
-0.0141552
-0.00231847
0.00404806
-0.0281388
-0.0364298
-0.0517703
-0.0752147
-0.10773
-0.149
-0.195727
-0.241112
-0.276194
-0.292071
-0.283961
-0.254614
-0.213151
-0.16926
-0.129616
-0.0970256
-0.0719968
-0.053637
-0.0409217
-0.0328342
-0.0290086
-0.0298372
-0.035216
-0.0421738
-0.0461528
-0.0449737
-0.0400063
-0.0353733
-0.0343921
-0.0395185
-0.0479173
-0.0661058
-0.0913304
-0.122628
-0.145701
-0.142498
-0.126875
-0.0880114
-0.0616679
-0.031511
-0.0141934
-0.00240413
0.00418425
-0.0184731
-0.0276986
-0.0441412
-0.0687496
-0.102315
-0.144362
-0.191566
-0.237267
-0.272684
-0.289014
-0.281499
-0.252833
-0.212003
-0.168557
-0.129129
-0.096556
-0.0714041
-0.0528303
-0.0398425
-0.0314217
-0.0271759
-0.0274447
-0.0322618
-0.0388901
-0.0428519
-0.0419606
-0.0374302
-0.0332782
-0.032718
-0.038259
-0.0470375
-0.065687
-0.0914288
-0.123369
-0.146887
-0.143854
-0.128103
-0.0888687
-0.0621511
-0.0317475
-0.0142196
-0.00248766
0.00431425
-0.00918238
-0.0192181
-0.0366619
-0.0623471
-0.0968812
-0.139624
-0.187239
-0.23321
-0.268935
-0.285711
-0.278815
-0.250883
-0.210742
-0.16779
-0.128615
-0.0960841
-0.0708267
-0.0520516
-0.0388034
-0.0300621
-0.0254114
-0.0251361
-0.0293972
-0.0356906
-0.039619
-0.0389902
-0.0348772
-0.0311867
-0.0310289
-0.036965
-0.0461067
-0.0651971
-0.0914426
-0.124022
-0.147981
-0.145128
-0.129262
-0.0896789
-0.0625996
-0.0319673
-0.0142339
-0.00256887
0.00443829
-0.000321069
-0.0110343
-0.0293684
-0.0560344
-0.0914486
-0.134807
-0.182766
-0.22896
-0.26496
-0.282176
-0.275921
-0.24877
-0.209375
-0.166964
-0.128076
-0.0956119
-0.070266
-0.0513019
-0.0378051
-0.0287561
-0.0237158
-0.0229118
-0.026623
-0.032577
-0.036457
-0.0360656
-0.0323503
-0.0291015
-0.0293274
-0.0356384
-0.0451263
-0.0646365
-0.0913716
-0.124585
-0.148983
-0.146319
-0.13035
-0.0904412
-0.0630134
-0.0321705
-0.0142364
-0.00264758
0.00455662
0.00806132
-0.0031899
-0.022294
-0.0498362
-0.0860368
-0.129928
-0.178164
-0.224534
-0.260777
-0.278421
-0.272826
-0.246503
-0.207907
-0.166083
-0.127515
-0.0951416
-0.0697241
-0.0505828
-0.0368485
-0.0275045
-0.0220894
-0.0207725
-0.0239402
-0.029551
-0.0333687
-0.0331899
-0.0298526
-0.0270256
-0.0276161
-0.0342814
-0.0440978
-0.0640058
-0.0912161
-0.125058
-0.149891
-0.147427
-0.131366
-0.0911551
-0.0633925
-0.0323574
-0.0142271
-0.00272364
0.00466949
0.0042764
-0.0154691
-0.0437749
-0.0806636
-0.125003
-0.17345
-0.219947
-0.2564
-0.274456
-0.269538
-0.24409
-0.206344
-0.165151
-0.126936
-0.0946763
-0.0692033
-0.0498962
-0.0359347
-0.0263081
-0.0205328
-0.0187186
-0.0213492
-0.0266143
-0.0303573
-0.0303667
-0.0273872
-0.0249617
-0.0258975
-0.0328962
-0.0430229
-0.0633058
-0.0909761
-0.12544
-0.150704
-0.148449
-0.13231
-0.0918202
-0.0637368
-0.032528
-0.014206
-0.00279693
0.00477715
0.0113299
-0.00892073
-0.0378703
-0.0753445
-0.120046
-0.168638
-0.215211
-0.251837
-0.27029
-0.266067
-0.241538
-0.204692
-0.164172
-0.12634
-0.0942158
-0.0687033
-0.0492414
-0.0350631
-0.0251663
-0.0190453
-0.0167494
-0.0188496
-0.0237673
-0.0274251
-0.0275992
-0.0249576
-0.0229128
-0.0241746
-0.0314851
-0.0419034
-0.0625371
-0.0906521
-0.125732
-0.151421
-0.149385
-0.133181
-0.0924358
-0.0640464
-0.0326826
-0.0141733
-0.0028673
0.00487985
0.0179397
-0.00267389
-0.0321413
-0.0700947
-0.115072
-0.163743
-0.210342
-0.2471
-0.265938
-0.262429
-0.238856
-0.202951
-0.163138
-0.125717
-0.0937495
-0.0682148
-0.0486113
-0.0342273
-0.0240739
-0.0176227
-0.0148617
-0.0164383
-0.0210071
-0.0245714
-0.0248887
-0.0225663
-0.0208816
-0.0224498
-0.0300504
-0.040741
-0.0617009
-0.0902445
-0.125934
-0.152044
-0.150233
-0.133979
-0.0930015
-0.0643208
-0.0328206
-0.0141287
-0.00293451
0.00497791
0.0240805
0.00324836
-0.0266073
-0.0649323
-0.110101
-0.158787
-0.205366
-0.242215
-0.261433
-0.258652
-0.236062
-0.201125
-0.162045
-0.125059
-0.093271
-0.0677328
-0.048002
-0.0334245
-0.0230286
-0.0162634
-0.0130551
-0.0141149
-0.0183318
-0.0217936
-0.0222338
-0.0202136
-0.0188696
-0.020725
-0.0285939
-0.0395375
-0.0607981
-0.0897544
-0.126045
-0.152573
-0.15099
-0.134703
-0.0935167
-0.0645598
-0.032942
-0.0140721
-0.00299835
0.0050716
0.0297315
0.00883297
-0.0212751
-0.0598603
-0.105134
-0.153768
-0.200273
-0.237174
-0.256749
-0.254715
-0.233158
-0.199246
-0.16095
-0.124432
-0.0928422
-0.0673105
-0.0474569
-0.0326894
-0.0220587
-0.0149901
-0.0113485
-0.0118985
-0.0157635
-0.0191135
-0.0196478
-0.0179077
-0.016881
-0.0190032
-0.0271179
-0.0382946
-0.0598297
-0.0891825
-0.126067
-0.153004
-0.15165
-0.135349
-0.0939811
-0.0647661
-0.0330502
-0.0140052
-0.00305967
0.0051607
0.03484
0.0140776
-0.0161013
-0.0547945
-0.100047
-0.148517
-0.194844
-0.231731
-0.251639
-0.250451
-0.230092
-0.19737
-0.159972
-0.123977
-0.0925961
-0.067061
-0.0470664
-0.0320939
-0.0212229
-0.0138467
-0.00977209
-0.00981919
-0.0133517
-0.0165993
-0.0171965
-0.0156946
-0.0149427
-0.0173015
-0.0256351
-0.0370209
-0.0587969
-0.0885222
-0.12598
-0.153303
-0.152176
-0.135898
-0.0943962
-0.0649471
-0.0331539
-0.0139322
-0.0031209
0.00524432
0.0392767
0.018864
-0.0111641
-0.0497597
-0.0948098
-0.142959
-0.188978
-0.225774
-0.246069
-0.24584
-0.226817
-0.195389
-0.158951
-0.12351
-0.0923551
-0.0668277
-0.0466967
-0.0315224
-0.0204213
-0.012746
-0.00824134
-0.00778773
-0.0110093
-0.0141961
-0.0148951
-0.0135956
-0.0130822
-0.0156443
-0.024167
-0.0357357
-0.0577071
-0.0877654
-0.125763
-0.153449
-0.152572
-0.136365
-0.0947648
-0.065098
-0.0332455
-0.0138481
-0.00318036
0.00532475
0.0431728
0.0228033
-0.00732858
-0.0460327
-0.0910408
-0.139005
-0.184834
-0.221532
-0.24195
-0.242074
-0.223622
-0.192817
-0.156941
-0.121936
-0.0910687
-0.0656968
-0.045593
-0.0303494
-0.0191224
-0.01126
-0.0064179
-0.00545248
-0.00823526
-0.0112738
-0.0121092
-0.0111941
-0.0110594
-0.0138813
-0.0225943
-0.0343532
-0.0565662
-0.0870379
-0.125683
-0.153843
-0.153192
-0.136913
-0.0950827
-0.0651576
-0.0332509
-0.0137127
-0.00321728
0.00541491
0.049434
0.0280706
-0.00354451
-0.0438717
-0.0901754
-0.138948
-0.185182
-0.221904
-0.241459
-0.240441
-0.220974
-0.189557
-0.153545
-0.118741
-0.0881962
-0.0631397
-0.0432635
-0.0280907
-0.0168113
-0.00888818
-0.00382303
-0.00217245
-0.00395762
-0.00626438
-0.00657161
-0.00677082
-0.00748942
-0.010863
-0.0198738
-0.0319288
-0.0549002
-0.0865886
-0.126657
-0.155647
-0.154939
-0.137972
-0.0954681
-0.0650995
-0.0331078
-0.0134635
-0.00321294
0.0055417
0.0517746
0.0301781
-0.00171399
-0.0421442
-0.0881337
-0.136042
-0.180914
-0.216017
-0.234243
-0.232518
-0.213203
-0.182662
-0.147904
-0.114356
-0.084835
-0.0604883
-0.0410248
-0.0260435
-0.0147932
-0.00673888
-0.00137479
0.000747096
-0.000539851
-0.00260196
-0.00434676
-0.00341218
-0.0045458
-0.00825399
-0.0175756
-0.0299374
-0.0534473
-0.085819
-0.126628
-0.156163
-0.155329
-0.138108
-0.0953797
-0.0647804
-0.0329059
-0.0132161
-0.00319137
0.00560986
0.0518202
0.0301005
-0.00169836
-0.0416545
-0.0866741
-0.133058
-0.175976
-0.209136
-0.225879
-0.223598
-0.20472
-0.17532
-0.141995
-0.109805
-0.0813678
-0.0577727
-0.0387591
-0.024003
-0.0128122
-0.00465615
0.000961272
0.00347563
0.00258735
0.000680445
-0.00101595
-0.000472297
-0.00194359
-0.00594686
-0.0156068
-0.0282895
-0.052228
-0.084984
-0.126182
-0.156109
-0.155243
-0.137894
-0.0950913
-0.0643367
-0.0326509
-0.0129453
-0.00315343
0.00565274
0.0509787
0.0292233
-0.00235059
-0.0416713
-0.0855531
-0.130279
-0.171175
-0.202317
-0.217518
-0.21465
-0.196173
-0.167903
-0.136014
-0.105186
-0.077836
-0.0550006
-0.0364498
-0.0219279
-0.0108052
-0.00257112
0.00326947
0.00616786
0.00571052
0.00402299
0.00237568
0.00254695
0.000721933
-0.003577
-0.0135591
-0.0265445
-0.0508982
-0.0840263
-0.125618
-0.155926
-0.155017
-0.137514
-0.0946749
-0.0637956
-0.0323463
-0.0126457
-0.0030985
0.00568039
0.0492948
0.0276988
-0.00342905
-0.0419004
-0.084463
-0.127405
-0.166196
-0.195207
-0.208889
-0.205454
-0.187432
-0.160356
-0.129948
-0.100509
-0.0742621
-0.0521997
-0.0341265
-0.0198503
-0.00880706
-0.00051515
0.00552289
0.00878492
0.00876064
0.00731881
0.00569209
0.00557703
0.00341729
-0.00114385
-0.0114008
-0.0246441
-0.0493868
-0.0829008
-0.124908
-0.155572
-0.154573
-0.136919
-0.0941073
-0.0631476
-0.0319907
-0.0123209
-0.00302586
0.00569002
0.0467114
0.0254884
-0.00492892
-0.0422808
-0.0832896
-0.124271
-0.160834
-0.187676
-0.199874
-0.195962
-0.178502
-0.152703
-0.123822
-0.0957935
-0.0706595
-0.0493803
-0.031798
-0.0177799
-0.00682827
0.00150179
0.00771043
0.0113073
0.0117015
0.0105066
0.00890036
0.00853417
0.00607325
0.00129339
-0.00919189
-0.0226463
-0.0477271
-0.08159
-0.123972
-0.154948
-0.153858
-0.136075
-0.0933738
-0.0623867
-0.0315816
-0.0119717
-0.00293492
0.00568038
0.0433384
0.0226848
-0.00677371
-0.0427483
-0.0819768
-0.120827
-0.155062
-0.179741
-0.190514
-0.186235
-0.169447
-0.144993
-0.11767
-0.0910592
-0.0670411
-0.0465504
-0.0294698
-0.0157215
-0.00487289
0.00347642
0.00982889
0.0137307
0.0145267
0.013578
0.0119924
0.0114011
0.00867087
0.00371263
-0.00696017
-0.0205816
-0.0459392
-0.0800834
-0.122769
-0.154017
-0.152854
-0.134967
-0.0924661
-0.0615088
-0.0311172
-0.0115983
-0.00282529
0.00565149
0.0393496
0.0194446
-0.00883499
-0.0432079
-0.0804629
-0.117045
-0.148891
-0.171438
-0.180873
-0.176349
-0.160329
-0.137274
-0.111521
-0.0863265
-0.0634203
-0.043719
-0.0271482
-0.0136805
-0.00294583
0.00540493
0.0118752
0.0160514
0.0172321
0.0165302
0.0149685
0.0141773
0.0112089
0.00611136
-0.00470823
-0.0184516
-0.0440205
-0.0783707
-0.121282
-0.152763
-0.151543
-0.133583
-0.0913761
-0.0605108
-0.0305955
-0.0112008
-0.00269673
0.00560352
0.034918
0.0159246
-0.0109833
-0.0435636
-0.0786868
-0.112899
-0.142332
-0.162813
-0.171025
-0.166379
-0.151216
-0.129593
-0.105408
-0.0816152
-0.05981
-0.0408949
-0.0248399
-0.0116626
-0.00105235
0.00728318
0.0138462
0.0182659
0.0198122
0.0193575
0.0178249
0.0168587
0.0136845
0.00848737
-0.00243576
-0.0162529
-0.0419636
-0.0764418
-0.119499
-0.151165
-0.149907
-0.131908
-0.0900961
-0.0593896
-0.0300148
-0.0107797
-0.00254926
0.00553668
0.0302051
0.012267
-0.0131051
-0.0437354
-0.076604
-0.108383
-0.135418
-0.15393
-0.161055
-0.156409
-0.142172
-0.121994
-0.0993595
-0.0769444
-0.0562231
-0.0380872
-0.0225511
-0.00967348
0.000802323
0.00910718
0.0157386
0.0203707
0.0222617
0.0220542
0.0205571
0.0194401
0.0160927
0.0108359
-0.000145709
-0.0139858
-0.0397636
-0.0742864
-0.117401
-0.149202
-0.147928
-0.12993
-0.0886192
-0.058143
-0.0293734
-0.0103357
-0.00238312
0.0054513
0.025358
0.00859604
-0.0151078
-0.0436673
-0.0741971
-0.10352
-0.128213
-0.144879
-0.15106
-0.146525
-0.133262
-0.114523
-0.0934039
-0.072332
-0.052672
-0.0353044
-0.0202881
-0.00771846
0.00261308
0.0108731
0.01755
0.0223633
0.0245762
0.0246155
0.0231623
0.0219174
0.0184292
0.0131518
0.00215753
-0.0116532
-0.0374183
-0.0718945
-0.11497
-0.146849
-0.145587
-0.127638
-0.0869395
-0.0567697
-0.02867
-0.00986942
-0.00219884
0.00534785
0.0205023
0.00501129
-0.0169265
-0.0433335
-0.0714806
-0.0983623
-0.120802
-0.135765
-0.141144
-0.136812
-0.124546
-0.107217
-0.0875668
-0.0677951
-0.0491682
-0.0325551
-0.0180573
-0.00580274
0.00437497
0.0125774
0.019278
0.0242419
0.0267521
0.0270378
0.0256385
0.0242882
0.020691
0.0154308
0.00446978
-0.00925849
-0.0349259
-0.069257
-0.112186
-0.144087
-0.142869
-0.125024
-0.0850524
-0.0552693
-0.0279036
-0.00938173
-0.00199722
0.00522698
0.0157375
0.00158317
-0.0185275
-0.0427406
-0.068501
-0.092994
-0.113294
-0.126703
-0.131411
-0.12735
-0.116079
-0.100113
-0.081871
-0.0633488
-0.0457226
-0.0298475
-0.0158644
-0.00393124
0.00608326
0.0142166
0.0209206
0.0260053
0.0287867
0.0293179
0.0279853
0.0265518
0.0228766
0.0176693
0.00678746
-0.00680479
-0.0322849
-0.0663658
-0.109037
-0.140897
-0.139761
-0.122081
-0.0829548
-0.0536424
-0.0270734
-0.00887359
-0.00177933
0.00508948
0.0111353
-0.00164688
-0.0199066
-0.041924
-0.0653312
-0.0875175
-0.105808
-0.117809
-0.121957
-0.118208
-0.107907
-0.0932407
-0.0763365
-0.0590072
-0.0423455
-0.0271892
-0.0137154
-0.00210858
0.00773348
0.0157874
0.0224763
0.0276533
0.0306782
0.0314534
0.0302028
0.0287084
0.0249855
0.0198647
0.0091075
-0.00429538
-0.0294949
-0.0632145
-0.105508
-0.137262
-0.136253
-0.118805
-0.0806453
-0.0518908
-0.026179
-0.00834607
-0.00154656
0.00493632
0.00674351
-0.0046617
-0.0210824
-0.0409395
-0.0620597
-0.0820439
-0.0984609
-0.109189
-0.112865
-0.109445
-0.100067
-0.0866234
-0.0709797
-0.0547822
-0.0390459
-0.0245876
-0.0116157
-0.000339061
0.0093215
0.0172868
0.0239439
0.0291862
0.032426
0.0334425
0.0322915
0.0307594
0.0270182
0.0220155
0.0114274
-0.00173364
-0.0265563
-0.0597988
-0.101593
-0.133173
-0.132339
-0.115196
-0.0781246
-0.0500177
-0.0252205
-0.00780036
-0.00130057
0.00476866
0.0025903
-0.00746121
-0.0220876
-0.0398521
-0.0587785
-0.0766801
-0.0913593
-0.100934
-0.104201
-0.101103
-0.0925868
-0.0802796
-0.0658142
-0.0506844
-0.0358324
-0.0220496
-0.00957062
0.00137337
0.0108436
0.018712
0.0253227
0.030605
0.0340305
0.0352838
0.0342525
0.032707
0.0289762
0.0241209
0.0137452
0.000876932
-0.0234706
-0.056117
-0.0972843
-0.128622
-0.128016
-0.111257
-0.0753954
-0.0480275
-0.0241983
-0.00723775
-0.00104329
0.00458779
-0.00130987
-0.010055
-0.0229589
-0.038725
-0.0555709
-0.0715177
-0.0845893
-0.0931112
-0.0960135
-0.0932124
-0.0854843
-0.0742221
-0.0608503
-0.0467226
-0.0327121
-0.0195813
-0.00758505
0.0030251
0.0122965
0.0200602
0.0266122
0.0319114
0.0354933
0.0369765
0.0360862
0.0345535
0.0308617
0.0261807
0.0160596
0.00353276
-0.0202407
-0.0521705
-0.0925848
-0.12361
-0.123286
-0.106995
-0.0724632
-0.0459261
-0.0231136
-0.00665965
-0.000776858
0.0043952
-0.0049515
-0.0124564
-0.0237303
-0.0376116
-0.0525041
-0.066629
-0.0782135
-0.0857678
-0.0883301
-0.0857891
-0.0787697
-0.068459
-0.0560956
-0.0429043
-0.0296918
-0.0171885
-0.0056636
0.00461291
0.0136775
0.0213292
0.0278122
0.0331074
0.0368169
0.0385201
0.037793
0.0363011
0.0326771
0.0281955
0.0183701
0.00623023
-0.0168707
-0.0479643
-0.0875009
-0.118143
-0.11816
-0.102424
-0.0693358
-0.043721
-0.021968
-0.00606754
-0.000503629
0.00419254
-0.00833441
-0.014678
-0.0244285
-0.036551
-0.049625
-0.0620596
-0.0722696
-0.0789276
-0.081163
-0.0788379
-0.0724457
-0.0629937
-0.0515552
-0.0392351
-0.026777
-0.0148762
-0.0038105
0.0061339
0.0149844
0.0225169
0.0289228
0.0341955
0.038005
0.0399154
0.0393722
0.0379513
0.0344244
0.0301659
0.0206764
0.00896574
-0.0133665
-0.043508
-0.0820471
-0.112236
-0.112653
-0.0975577
-0.0660241
-0.041421
-0.0207639
-0.00546301
-0.00022608
0.00398158
-0.0114612
-0.0167303
-0.0250716
-0.0355676
-0.0469603
-0.0578338
-0.0667735
-0.0725962
-0.0745099
-0.0723539
-0.0665091
-0.0578263
-0.0472319
-0.0357198
-0.0239726
-0.0126489
-0.00202957
0.00758555
0.0162154
0.0236215
0.029944
0.0351787
0.0390622
0.0411636
0.0408229
0.0395046
0.036105
0.0320925
0.0229786
0.0117356
-0.00973553
-0.0388159
-0.0762459
-0.105914
-0.106786
-0.0924196
-0.0625416
-0.0390366
-0.0195045
-0.00484775
5.32482e-05
0.00376427
-0.0143361
-0.0186207
-0.0256698
-0.034673
-0.0445198
-0.0539565
-0.0617234
-0.0667647
-0.0683581
-0.0663253
-0.0609521
-0.0529539
-0.0431267
-0.0323615
-0.0212824
-0.0105104
-0.000324187
0.00896566
0.0173695
0.0246418
0.0308761
0.0360601
0.0399937
0.0422674
0.0421431
0.0409602
0.0377191
0.0339749
0.0252766
0.0145361
-0.00598745
-0.0339084
-0.0701287
-0.0992115
-0.100588
-0.087036
-0.0589049
-0.0365794
-0.0181936
-0.00422353
0.000331831
0.00354264
-0.0169639
-0.020354
-0.0262265
-0.0338685
-0.042301
-0.050419
-0.0571046
-0.0614136
-0.0626873
-0.0607352
-0.0557636
-0.0483713
-0.039239
-0.0291624
-0.0187098
-0.00846396
0.00130277
0.0102724
0.018446
0.0255773
0.0317195
0.036843
0.0408052
0.0432308
0.0433313
0.0423154
0.039265
0.0358115
0.0275698
0.0173634
-0.00213417
-0.0288121
-0.0637364
-0.0921719
-0.0940979
-0.0814385
-0.0551334
-0.0340626
-0.016836
-0.00359223
0.000607245
0.00331885
-0.0193501
-0.0219332
-0.0267409
-0.0331474
-0.0402924
-0.0472047
-0.052894
-0.0565169
-0.0574725
-0.0555632
-0.0509301
-0.0440715
-0.0355668
-0.0261237
-0.0162571
-0.00651207
0.00284893
0.0115042
0.0194447
0.0264279
0.0324745
0.0375307
0.0415029
0.0440587
0.0443861
0.0435663
0.0407394
0.0375993
0.0298562
0.020213
0.00180964
-0.0235607
-0.0571195
-0.0848494
-0.0873583
-0.0756634
-0.0512491
-0.0315003
-0.0154374
-0.00295582
0.000877262
0.0030951
-0.0215005
-0.0233602
-0.0272094
-0.0324992
-0.0384773
-0.044291
-0.0490639
-0.0520447
-0.052686
-0.0507873
-0.0464368
-0.0400464
-0.0321069
-0.0232454
-0.0139261
-0.00465673
0.00431243
0.01266
0.0203658
0.0271942
0.0331417
0.0381265
0.0420931
0.0447574
0.0453074
0.0447078
0.0421367
0.0393334
0.032132
0.0230801
0.00582604
-0.0181955
-0.0503384
-0.0773073
-0.0804201
-0.0697513
-0.0472766
-0.0289074
-0.0140042
-0.00231637
0.00113994
0.00287366
-0.0234216
-0.0246368
-0.0276269
-0.031912
-0.0368364
-0.0416517
-0.0455839
-0.0479658
-0.0482993
-0.0463846
-0.0422676
-0.0362868
-0.0288554
-0.0205269
-0.0117179
-0.00289934
0.005692
0.013739
0.02121
0.0278775
0.033722
0.0386333
0.0425819
0.045334
0.0460967
0.0457347
0.0434496
0.041007
0.0343908
0.0259584
0.00989313
-0.0127657
-0.043462
-0.0696171
-0.0733399
-0.0637465
-0.0432422
-0.0262996
-0.012544
-0.00167608
0.0013937
0.00265676
-0.0251204
-0.0257648
-0.0279885
-0.0313735
-0.0353495
-0.0392599
-0.0424237
-0.0442491
-0.0442837
-0.042332
-0.0384063
-0.0327829
-0.0258074
-0.0179668
-0.00963267
-0.00124073
0.00698688
0.0147407
0.0219782
0.0284794
0.0342168
0.0390539
0.0429756
0.0457962
0.0467573
0.0466427
0.0446697
0.0426115
0.036623
0.0288393
0.0139841
-0.00732893
-0.036567
-0.0618564
-0.0661784
-0.0576958
-0.0391743
-0.0236926
-0.0110648
-0.00103725
0.0016374
0.00244665
-0.0266048
-0.0267469
-0.0282902
-0.0308717
-0.0339965
-0.0370899
-0.0395539
-0.0408643
-0.0406117
-0.0386068
-0.0348366
-0.0295243
-0.0229574
-0.0155627
-0.00767021
0.000318818
0.00819684
0.0156652
0.0226714
0.0290024
0.034628
0.0393908
0.0432797
0.0461518
0.0472949
0.0474291
0.0457877
0.0441365
0.0388145
0.0317109
0.018066
-0.00195029
-0.0297356
-0.0541057
-0.0589993
-0.0516483
-0.0351019
-0.0211023
-0.00957576
-0.000402299
0.00187038
0.00224546
-0.0278831
-0.027586
-0.0285285
-0.0303974
-0.0327595
-0.0351178
-0.0369468
-0.0377829
-0.0372566
-0.0351872
-0.0315422
-0.0265004
-0.0202994
-0.013312
-0.00582957
0.00177951
0.00932217
0.0165129
0.0232909
0.0294491
0.034958
0.0396462
0.0434995
0.0464086
0.0477162
0.0480938
0.0467949
0.0455696
0.0409465
0.034555
0.0220982
0.00329836
-0.0230517
-0.0464453
-0.0518668
-0.0456534
-0.0310549
-0.0185439
-0.0080864
0.000226258
0.00209248
0.00205523
-0.0289644
-0.0282862
-0.0287008
-0.0299377
-0.0316221
-0.0333216
-0.0345766
-0.034978
-0.0341934
-0.0320519
-0.0285069
-0.0237003
-0.0178269
-0.011211
-0.00410921
0.00314207
0.0103636
0.0172847
0.0238384
0.0298224
0.0352102
0.0398226
0.0436393
0.0465739
0.0480289
0.0486389
0.0476838
0.0468957
0.0429938
0.0373448
0.0260304
0.00834122
-0.0165973
-0.0389506
-0.0448433
-0.0397603
-0.0270629
-0.0160318
-0.00660677
0.000845812
0.00230405
0.00187784
-0.0298582
-0.0288522
-0.0288059
-0.0294862
-0.0305697
-0.0316812
-0.0324196
-0.0324247
-0.0313986
-0.0291808
-0.0257153
-0.0211131
-0.0155329
-0.00925597
-0.00250705
0.00440768
0.0113223
0.0179819
0.0243158
0.0301254
0.0353881
0.0399228
0.0437028
0.0466544
0.048241
0.0490684
0.0484489
0.0480973
0.0449241
0.0400399
0.0298012
0.013103
-0.0104457
-0.0316885
-0.0379889
-0.0340169
-0.0231549
-0.0135795
-0.00514716
0.00145369
0.00250585
0.00171495
-0.0305747
-0.0292896
-0.0288435
-0.0290362
-0.0295895
-0.0301785
-0.0304541
-0.0301001
-0.02885
-0.0265546
-0.023152
-0.0187279
-0.0134102
-0.00744236
-0.00102049
0.005578
0.0121999
0.0186064
0.0247249
0.0303612
0.0354958
0.03995
0.0436929
0.0466556
0.0483598
0.0493873
0.0490869
0.0491549
0.0466979
0.0425839
0.0333386
0.0175155
-0.0046552
-0.024715
-0.0313595
-0.0284687
-0.0193586
-0.0111989
-0.0037178
0.00204721
0.00269902
0.00156801
-0.0311244
-0.0296045
-0.0288142
-0.0285823
-0.0286702
-0.0287973
-0.0286606
-0.0279828
-0.0265269
-0.0241551
-0.0208023
-0.0165335
-0.0114513
-0.00576538
0.000353528
0.00665511
0.0129982
0.0191601
0.0250683
0.0305331
0.0355376
0.0399081
0.0436127
0.0465821
0.0483918
0.0496003
0.0495971
0.0500489
0.0482712
0.044905
0.0365639
0.0215264
0.000734841
-0.0180756
-0.0250066
-0.0231578
-0.0156999
-0.00890044
-0.00232859
0.00262368
0.00288493
0.00143818
-0.0315179
-0.0298035
-0.0287196
-0.0281206
-0.0278023
-0.0275233
-0.0270211
-0.0260536
-0.0244103
-0.021965
-0.0186519
-0.0145193
-0.00964848
-0.00421985
0.0016185
0.00764149
0.0137196
0.0196455
0.0253487
0.0306444
0.0355176
0.0398012
0.0434651
0.0464375
0.0483423
0.0497119
0.0499806
0.0507629
0.0496013
0.0469244
0.0394019
0.0251063
0.00570421
-0.0118078
-0.0189773
-0.0181218
-0.0122023
-0.00669282
-0.000988787
0.00318051
0.00306503
0.00132632
-0.0317664
-0.0298935
-0.028562
-0.027648
-0.0269776
-0.0263437
-0.0255196
-0.0242944
-0.0224823
-0.0199681
-0.0166872
-0.0126745
-0.00799395
-0.0028003
0.00277826
0.00854001
0.0143665
0.0200654
0.0255688
0.0306985
0.0354403
0.0396339
0.0432536
0.0462251
0.0482158
0.0497258
0.0502399
0.0512871
0.0506548
0.0485732
0.0417944
0.0282513
0.0102471
-0.00594581
-0.0133144
-0.0133929
-0.00888617
-0.0045833
0.000293289
0.00371521
0.00324074
0.00123294
-0.0318808
-0.0298821
-0.0283441
-0.0271624
-0.0261892
-0.0252472
-0.0241416
-0.0226892
-0.0207263
-0.018149
-0.0148949
-0.0109886
-0.00647979
-0.00150101
0.00383699
0.00935387
0.0149418
0.0204226
0.0257321
0.0306988
0.0353097
0.0394112
0.0429825
0.0459479
0.0480158
0.0496457
0.0503785
0.0516197
0.0514158
0.0498099
0.0437122
0.0309772
0.0143632
-0.000525342
-0.00805613
-0.00899656
-0.00576841
-0.0025776
0.00151056
0.00422548
0.00341324
0.00115823
-0.0318724
-0.029777
-0.0280696
-0.0266626
-0.0254312
-0.024224
-0.0228741
-0.0212229
-0.0191271
-0.0164932
-0.0132625
-0.00945137
-0.00509806
-0.00031609
0.00479912
0.0100866
0.0154486
0.0207204
0.0258418
0.0306491
0.0351302
0.0391376
0.0426561
0.0456096
0.0477456
0.0494751
0.0504002
0.0517674
0.0518884
0.050631
0.0451583
0.0333076
0.0180499
0.00441671
-0.00323414
-0.00495025
-0.00286171
-0.000680223
0.0026574
0.00470927
0.00358334
0.00110198
-0.0317517
-0.0295858
-0.0277423
-0.0261483
-0.0246989
-0.0232655
-0.0217055
-0.0198821
-0.0176705
-0.0149874
-0.011778
-0.00805278
-0.00384087
0.000760511
0.00566928
0.0107418
0.0158902
0.020962
0.0259015
0.0305532
0.0349058
0.038818
0.0422795
0.0452146
0.0474086
0.0492182
0.0503092
0.0517429
0.0520929
0.051068
0.0461618
0.0352624
0.0212999
0.00884724
0.00112982
-0.00126239
-0.000174238
0.00110539
0.00372976
0.00516475
0.00375143
0.00106363
-0.0315305
-0.0293166
-0.0273665
-0.0256198
-0.0239886
-0.0223642
-0.0206254
-0.0186546
-0.0163437
-0.0136189
-0.01043
-0.00678318
-0.00270042
0.00173492
0.00645231
0.0113236
0.0162701
0.0211509
0.0259149
0.030415
0.0346409
0.0384571
0.0418579
0.0447676
0.0470088
0.0488798
0.0501095
0.0515621
0.0520585
0.0511735
0.0467672
0.036854
0.0241068
0.0127452
0.00502657
0.00206767
0.00229046
0.00277663
0.00472528
0.00559046
0.00391734
0.00104224
-0.0312192
-0.0289773
-0.0269467
-0.0250778
-0.0232973
-0.0215138
-0.0196246
-0.0175294
-0.0151347
-0.012376
-0.00920775
-0.00563326
-0.001669
0.00261331
0.00715315
0.0118361
0.0165919
0.0212907
0.0258857
0.0302384
0.0343395
0.0380596
0.0413963
0.0442742
0.0465507
0.0484652
0.0498057
0.0512416
0.0518167
0.0510063
0.0470265
0.0380931
0.0264727
0.0161083
0.00846105
0.0050489
0.00453314
0.0043316
0.00564316
0.00598526
0.00408041
0.00103652
-0.0308286
-0.028576
-0.026488
-0.0245237
-0.022623
-0.0207088
-0.0186952
-0.0164964
-0.0140327
-0.0112478
-0.00810109
-0.00459409
-0.000739105
0.00340185
0.00777683
0.0122836
0.0168595
0.0213852
0.0258178
0.0300276
0.0340062
0.03763
0.0409
0.0437399
0.0460395
0.0479808
0.0494037
0.0507983
0.051398
0.0506218
0.0469943
0.0389966
0.0284146
0.0189557
0.0114515
0.00769694
0.00655829
0.00576913
0.00648411
0.00634843
0.00423953
0.00104486
-0.030369
-0.0281207
-0.0259953
-0.0239595
-0.0219641
-0.0199449
-0.0178299
-0.0155469
-0.0130278
-0.0102243
-0.00710049
-0.0036571
9.66002e-05
0.00410666
0.00832845
0.0126703
0.0170769
0.021438
0.0257151
0.0297867
0.0336452
0.0371732
0.040374
0.0431706
0.0454808
0.0474336
0.0489111
0.0502486
0.0508319
0.0500682
0.0467262
0.0395929
0.0299643
0.0213247
0.0140265
0.010032
0.00837335
0.00708882
0.00725007
0.00667969
0.00439325
0.00106537
-0.0298508
-0.0276195
-0.0254739
-0.0233873
-0.0213198
-0.0192183
-0.0170229
-0.014673
-0.0121111
-0.00929618
-0.00619703
-0.00281418
0.000845202
0.00473377
0.0088131
0.0130008
0.0172479
0.0214531
0.0255814
0.0295197
0.0332609
0.0366939
0.0398236
0.0425722
0.044881
0.0468316
0.0483379
0.0496095
0.0501466
0.0493867
0.0462755
0.0399207
0.0311643
0.0232641
0.0162214
0.0120768
0.00998793
0.00829123
0.00794399
0.00697931
0.00453998
0.00109598
-0.0292841
-0.0270803
-0.0249292
-0.0228099
-0.02069
-0.0185261
-0.0162688
-0.0138676
-0.0112746
-0.00845496
-0.00538239
-0.00205762
0.00151353
0.00528911
0.00923584
0.0132795
0.0173767
0.0214344
0.0254207
0.0292308
0.0328578
0.0361968
0.0392539
0.0419506
0.0442467
0.0461831
0.0476957
0.0488976
0.0493696
0.0486118
0.0456909
0.0400242
0.0320619
0.024828
0.0180745
0.013855
0.0114132
0.00937798
0.00856951
0.00724815
0.00467811
0.0011345
-0.0286784
-0.0265107
-0.0243668
-0.02223
-0.020075
-0.0178661
-0.0155633
-0.0131247
-0.0105108
-0.00769292
-0.00464888
-0.00138015
0.00210813
0.00577844
0.00960171
0.0135109
0.0174673
0.0213857
0.025237
0.028924
0.0324403
0.0356867
0.0386703
0.0413117
0.0435848
0.0454973
0.0469975
0.0481294
0.0485267
0.0477725
0.0450138
0.0399477
0.0327039
0.0260701
0.0196246
0.0153899
0.0126613
0.0103519
0.00913066
0.00748763
0.00480629
0.00117873
-0.0280433
-0.0259186
-0.023792
-0.0216509
-0.0194754
-0.0172367
-0.0149026
-0.012439
-0.00981356
-0.00700301
-0.00398936
-0.000774974
0.00263524
0.00620734
0.00991562
0.0136993
0.0175239
0.0213109
0.0250341
0.0286036
0.0320127
0.0351685
0.038078
0.0406615
0.0429029
0.0447836
0.0462568
0.0473208
0.047641
0.046893
0.0442781
0.0397317
0.0331336
0.0270398
0.0209091
0.0167043
0.0137455
0.0112171
0.00963162
0.00769974
0.00492347
0.00122662
-0.0273878
-0.0253115
-0.0232107
-0.0210761
-0.0188924
-0.0166369
-0.0142839
-0.0118059
-0.00917703
-0.00637891
-0.00339733
-0.000235735
0.00310079
0.00658117
0.0101824
0.0138491
0.0175503
0.0212141
0.0248162
0.0282736
0.0315796
0.0346469
0.0374823
0.0400062
0.0422086
0.0440514
0.0454872
0.0464866
0.0467329
0.0459937
0.0435107
0.0394118
0.0333904
0.0277813
0.0219623
0.01782
0.0146792
0.0119788
0.0100765
0.00788686
0.00502909
0.00127629
-0.026721
-0.0246967
-0.0226283
-0.020509
-0.0183276
-0.0160661
-0.0137047
-0.0112215
-0.00859627
-0.00581493
-0.00286682
0.000243459
0.00351034
0.0069051
0.0104067
0.0139647
0.0175508
0.021099
0.0245869
0.027938
0.0311452
0.0341268
0.0368886
0.039352
0.0415098
0.0433104
0.0447019
0.0456407
0.0458198
0.0450916
0.0427323
0.0390177
0.0335088
0.0283331
0.0228147
0.0187575
0.0154765
0.0126431
0.0104692
0.00805158
0.00512299
0.00132621
-0.0260515
-0.0240816
-0.0220505
-0.0199536
-0.0177828
-0.0155244
-0.0131633
-0.0106826
-0.00806696
-0.00530603
-0.00239244
0.00066804
0.00386914
0.007184
0.0105931
0.0140501
0.0175292
0.0209696
0.0243503
0.0276009
0.030714
0.0336129
0.0363023
0.0387051
0.0408144
0.0425701
0.0439134
0.0447961
0.0449167
0.0442012
0.0419594
0.0385742
0.0335184
0.0287282
0.0234901
0.0195367
0.0161515
0.0132171
0.0108135
0.00819649
0.00520542
0.00137511
-0.0253877
-0.0234733
-0.021483
-0.0194138
-0.0172603
-0.0150122
-0.0126586
-0.0101867
-0.00758543
-0.00484778
-0.00196933
0.00104298
0.00418206
0.00742251
0.010746
0.0141095
0.0174893
0.0208295
0.0241102
0.0272663
0.0302902
0.03311
0.0357289
0.0380718
0.0401302
0.0418395
0.0431334
0.0439645
0.0440361
0.0433346
0.0412046
0.0381016
0.0334446
0.028996
0.0240205
0.020177
0.0167179
0.013708
0.0111129
0.00832398
0.00527693
0.00142209
-0.0247377
-0.022879
-0.0209314
-0.0188937
-0.0167624
-0.0145304
-0.0121898
-0.00973176
-0.00714859
-0.00443632
-0.00159318
0.0013728
0.0044536
0.007625
0.0108694
0.0141468
0.0174351
0.0206825
0.0238703
0.0269382
0.0298782
0.0326229
0.0351736
0.0374581
0.0394647
0.0411277
0.0423726
0.0431568
0.0431888
0.0425022
0.0404781
0.0376165
0.033309
0.0291622
0.0244354
0.0206966
0.0171892
0.0141237
0.011371
0.0084361
0.00533823
0.00146647
-0.0241097
-0.0223054
-0.0204014
-0.0183975
-0.016292
-0.01408
-0.0117568
-0.00931625
-0.00675394
-0.00406838
-0.00126019
0.00166156
0.00468789
0.00779551
0.0109672
0.0141658
0.0173702
0.0205324
0.0236345
0.0266206
0.0294822
0.0321563
0.0346419
0.0368692
0.0388255
0.0404431
0.0416412
0.0423832
0.042384
0.0417129
0.0397884
0.0371328
0.0331306
0.0292484
0.0247497
0.0211122
0.0175776
0.0144719
0.0115912
0.00853448
0.00539014
0.00150778
-0.0235112
-0.0217594
-0.0198987
-0.0179296
-0.0158519
-0.0136628
-0.0113598
-0.00893925
-0.00639949
-0.0037412
-0.000967074
0.00191287
0.00488868
0.00793782
0.0110433
0.0141702
0.0172982
0.0203827
0.0234065
0.0263174
0.0291066
0.0317149
0.0341393
0.0363133
0.0382201
0.0397941
0.0409484
0.0416527
0.0416301
0.0409744
0.0391426
0.0366623
0.0329253
0.0292733
0.0249814
0.021439
0.0178946
0.0147602
0.0117771
0.00862042
0.0054335
0.00154571
-0.0229499
-0.0212477
-0.0194288
-0.0174944
-0.0154454
-0.0132806
-0.0109993
-0.00860025
-0.00608381
-0.00345256
-0.000711035
0.00212989
0.00505936
0.00805536
0.011101
0.0141632
0.0172225
0.0202369
0.0231899
0.0260325
0.0287556
0.0313035
0.0336712
0.0357956
0.0376553
0.0391884
0.0403027
0.0409739
0.0409342
0.0402939
0.038547
0.0362151
0.0327071
0.0292527
0.0251466
0.0216917
0.0181507
0.0149958
0.0119322
0.00869491
0.00546915
0.00158004
-0.0224334
-0.020777
-0.0189976
-0.0170966
-0.0150759
-0.0129355
-0.0106765
-0.00829922
-0.00580592
-0.00320073
-0.000489768
0.00231534
0.00520288
0.00815127
0.0111436
0.0141483
0.0171465
0.0200985
0.0229883
0.0257698
0.0284335
0.0309268
0.0332429
0.0353217
0.0371382
0.0386337
0.0397123
0.0403547
0.0403031
0.0396775
0.0380071
0.0357998
0.0324879
0.0292008
0.0252595
0.021883
0.018355
0.0151856
0.0120599
0.00875871
0.00549793
0.00161062
-0.0219689
-0.020354
-0.0186106
-0.0167407
-0.0147469
-0.0126301
-0.0103928
-0.00803658
-0.00556534
-0.00298449
-0.000301456
0.00247148
0.00532183
0.00822834
0.011174
0.0141285
0.0170734
0.0199709
0.0228053
0.0255332
0.0281446
0.0305896
0.0328595
0.0348977
0.0366753
0.0381371
0.0391848
0.0398026
0.0397432
0.0391312
0.0375284
0.0354242
0.0322779
0.0291306
0.0253324
0.0220236
0.0185154
0.0153358
0.0121634
0.0088124
0.00552067
0.00163736
-0.0215639
-0.0199851
-0.0182736
-0.0164316
-0.0144622
-0.0123672
-0.0101499
-0.00781316
-0.00536207
-0.0028031
-0.000144768
0.00260011
0.00541836
0.00828898
0.0111948
0.0141066
0.0170061
0.0198573
0.0226445
0.0253266
0.027893
0.0302965
0.0325265
0.0345294
0.0362732
0.0377059
0.0387273
0.0393249
0.0392606
0.0386609
0.0371159
0.0350956
0.0320861
0.0290529
0.0253761
0.0221238
0.0186389
0.0154519
0.0122457
0.00885648
0.00553818
0.00166016
-0.0212255
-0.019677
-0.0179924
-0.0161742
-0.0142258
-0.0121497
-0.00994987
-0.00763019
-0.00519657
-0.00265633
-1.88707e-05
0.00270254
0.00549419
0.00833524
0.0112084
0.0140852
0.0169475
0.0197607
0.0225093
0.0251538
0.0276831
0.0300523
0.0322492
0.0342228
0.0359385
0.037347
0.0383471
0.0389283
0.0388614
0.038272
0.0367748
0.0348204
0.0319205
0.0289771
0.0253995
0.0221927
0.0187313
0.0155388
0.0123092
0.00889136
0.00555128
0.00167889
-0.020961
-0.0194361
-0.0177727
-0.0159734
-0.0140418
-0.0119809
-0.00979529
-0.00748936
-0.00506976
-0.00254444
7.65502e-05
0.00277961
0.00555058
0.00836876
0.0112167
0.0140666
0.0169003
0.0196843
0.0224031
0.0250185
0.0275192
0.0298618
0.032033
0.0339838
0.0356775
0.0370673
0.0380512
0.0386201
0.0385519
0.0379707
0.0365104
0.034605
0.031788
0.0289111
0.0254101
0.0222379
0.0187972
0.0156005
0.0123557
0.00891702
0.0055611
0.00169342
-0.0207775
-0.019269
-0.0176204
-0.0158343
-0.0139146
-0.0118645
-0.00968891
-0.00739273
-0.00498304
-0.00246823
0.000141263
0.00283157
0.00558826
0.00839068
0.0112213
0.0140527
0.0168668
0.0196308
0.0223291
0.0249246
0.0274055
0.0297299
0.0318833
0.0338183
0.0354969
0.0368737
0.0378465
0.0384071
0.0383385
0.037763
0.0363284
0.0344553
0.0316951
0.0288616
0.0254142
0.0222642
0.018841
0.0156388
0.0123878
0.00893252
0.00556844
0.00170387
-0.0206822
-0.0191822
-0.0175413
-0.0157622
-0.0138487
-0.0118042
-0.00963393
-0.0073429
-0.00493841
-0.0024291
0.000174402
0.00285806
0.00560736
0.00840164
0.0112233
0.0140452
0.0168492
0.0196029
0.0222906
0.0248759
0.0273465
0.0296616
0.0318055
0.0337326
0.0354031
0.0367734
0.0377405
0.0382965
0.0382286
0.0376547
0.0362355
0.0343758
0.0316489
0.0288321
0.0254192
0.0222694
0.0188666
0.0156537
0.0124069
0.00893782
0.00557237
0.00171023
-0.0119035
-0.00964532
-0.00719937
-0.00458443
-0.00182256
0.00106099
0.00403772
0.00707696
0.0101444
0.0132061
0.0162238
0.0191629
0.0219834
0.0246591
0.0271501
0.0294481
0.0315188
0.033384
0.0350188
0.0364827
0.0377595
0.0389393
0.0400074
0.0410567
0.0420663
0.0430891
0.044105
0.0450904
0.0460517
0.0468767
0.0476251
0.0481064
0.0484316
0.0483462
0.0479597
0.0469335
0.0452447
0.0424035
0.0378929
0.0313121
0.0212886
0.00863773
-0.0120418
-0.00976116
-0.00729191
-0.00465313
-0.00186727
0.00104004
0.00403987
0.0071011
0.010189
0.0132691
0.0163025
0.0192548
0.022085
0.024767
0.02726
0.0295565
0.0316212
0.0334776
0.0350994
0.0365495
0.0378093
0.0389745
0.0400265
0.0410651
0.0420645
0.0430838
0.0440976
0.0450869
0.0460542
0.0468884
0.0476495
0.0481428
0.048486
0.0484147
0.0480522
0.0470464
0.045394
0.0425799
0.0381091
0.0315381
0.0214767
0.00874195
-0.0123097
-0.00998546
-0.00747089
-0.00478581
-0.00195332
0.00100014
0.00404484
0.00714876
0.0102763
0.0133921
0.0164562
0.019434
0.022283
0.0249769
0.0274739
0.0297672
0.0318204
0.033659
0.035256
0.0366779
0.0379059
0.0390407
0.0400633
0.0410789
0.0420605
0.0430707
0.0440828
0.045078
0.0460583
0.0469101
0.0476954
0.0482132
0.0485892
0.0485482
0.0482274
0.0472652
0.0456785
0.0429207
0.0385254
0.0319734
0.02185
0.00893991
-0.0126996
-0.0103114
-0.00773056
-0.00497775
-0.00207711
0.000943817
0.00405407
0.00722036
0.0104057
0.0135736
0.0166827
0.0196974
0.0225737
0.0252846
0.0277874
0.0300754
0.0321116
0.0339235
0.0354838
0.0368637
0.0380445
0.039134
0.0401136
0.0410949
0.0420511
0.0430477
0.044058
0.0450618
0.0460617
0.046939
0.04776
0.0483132
0.0487366
0.048739
0.0484774
0.0475789
0.0460855
0.0434116
0.0391275
0.032606
0.0223996
0.00922656
-0.0132046
-0.010733
-0.0080657
-0.00522456
-0.00223505
0.000873802
0.00406947
0.007317
0.0105777
0.0138134
0.0169808
0.0200433
0.0229548
0.0256875
0.0281972
0.0304778
0.0324909
0.0342671
0.0357785
0.0371024
0.0382206
0.0392498
0.0401727
0.0411088
0.0420319
0.043011
0.0440196
0.0450352
0.0460611
0.0469722
0.0478396
0.0484386
0.048923
0.04898
0.0487934
0.047976
0.0466018
0.044038
0.0399021
0.0334228
0.0231194
0.0095983
-0.0138188
-0.0112449
-0.00847149
-0.005522
-0.00242354
0.000793046
0.00409331
0.00744029
0.0107932
0.0141116
0.0173503
0.0204709
0.0234249
0.0261838
0.0287013
0.0309717
0.0329555
0.0346862
0.0361362
0.0373895
0.0384293
0.039383
0.0402353
0.0411152
0.041998
0.0429561
0.0439635
0.0449946
0.0460529
0.0470063
0.0479301
0.0485848
0.0491428
0.0492638
0.0491659
0.0484452
0.0472132
0.0447848
0.0408348
0.0344104
0.0240042
0.0100512
-0.0145372
-0.0118423
-0.00894353
-0.00586611
-0.00263905
0.000704614
0.00412816
0.00759223
0.0110535
0.0144693
0.0177918
0.0209801
0.0239838
0.0267727
0.0292983
0.0315554
0.033503
0.0351781
0.0365532
0.0377205
0.0386657
0.0395277
0.0402953
0.0411079
0.0419435
0.0428774
0.0438848
0.0449357
0.046033
0.0470375
0.0480273
0.0487472
0.0493904
0.0495829
0.0495851
0.0489746
0.0479046
0.0456365
0.0419098
0.0355545
0.0250488
0.0105802
-0.0153552
-0.0125209
-0.00947784
-0.00625315
-0.00287816
0.000611583
0.00417674
0.00777514
0.0113607
0.014888
0.0183061
0.0215717
0.0246315
0.0274538
0.0299876
0.0322277
0.0341317
0.0357402
0.0370261
0.0380909
0.038924
0.0396775
0.0403459
0.0410799
0.0418617
0.0427687
0.043778
0.0448536
0.0459969
0.0470618
0.0481268
0.0489212
0.0496603
0.0499303
0.0500414
0.049552
0.0486601
0.0465764
0.0431089
0.0368388
0.0262466
0.0111782
-0.0162691
-0.0132771
-0.0100708
-0.00667966
-0.00313761
0.000516973
0.00424179
0.00799151
0.011717
0.0153693
0.0188944
0.0222465
0.0253687
0.0282275
0.0307689
0.0329878
0.03484
0.0363699
0.0375515
0.038496
0.0391984
0.0398254
0.0403794
0.0410232
0.0417452
0.0426231
0.0436371
0.0447431
0.0459399
0.047075
0.0482241
0.0491022
0.0499468
0.0502988
0.0505421
0.0501652
0.0494635
0.0475865
0.044411
0.0382444
0.027587
0.0118352
-0.0172756
-0.0141076
-0.0107191
-0.00714246
-0.00341433
0.000423703
0.004326
0.0082438
0.0121243
0.0159152
0.0195588
0.0230059
0.0261964
0.0290942
0.0316423
0.0338351
0.0356267
0.0370652
0.038126
0.038931
0.0394824
0.0399635
0.0403875
0.0409292
0.0415858
0.0424331
0.0434557
0.0445986
0.0458572
0.0470729
0.0483148
0.0492859
0.0502443
0.05068
0.0510455
0.0508004
0.0502979
0.0486476
0.0457906
0.0397483
0.0290543
0.0125375
-0.018372
-0.0150096
-0.0114201
-0.00763871
-0.00370548
0.000334537
0.00443198
0.00853439
0.0125848
0.0165275
0.0203007
0.0238514
0.0271156
0.0300547
0.0326081
0.0347694
0.0364908
0.0378236
0.038746
0.0393906
0.0397692
0.0400834
0.0403609
0.0407884
0.0413746
0.0421905
0.0432269
0.0444144
0.0457438
0.0470511
0.0483944
0.049468
0.0505475
0.0510675
0.0515597
0.0514459
0.0511464
0.0497381
0.0472171
0.0413226
0.0306243
0.0132668
-0.0195562
-0.0159807
-0.0121711
-0.00816584
-0.00400849
0.000252007
0.00456221
0.00886552
0.013101
0.0172084
0.0211217
0.024784
0.0281272
0.0311096
0.0336666
0.0357903
0.037431
0.038643
0.0394077
0.0398689
0.0400513
0.040176
0.0402895
0.0405903
0.041102
0.0418868
0.0429437
0.0441843
0.0455947
0.0470052
0.0484587
0.0496443
0.0508514
0.0514557
0.0520764
0.0520901
0.0519922
0.0508346
0.0486547
0.0429325
0.0322617
0.0140007
-0.0208264
-0.0170192
-0.0129702
-0.00872165
-0.00432107
0.000178376
0.00471891
0.00923938
0.0136744
0.0179593
0.022023
0.0258049
0.0292322
0.0322595
0.0348179
0.0368975
0.0384463
0.0395209
0.0401068
0.0403598
0.0403202
0.0402308
0.0401621
0.0403238
0.0407577
0.0415126
0.0425986
0.0439021
0.0454049
0.0469307
0.0485035
0.0498109
0.0511513
0.0518392
0.0525879
0.0527224
0.0528193
0.0519109
0.0500617
0.0445346
0.0339175
0.0147134
-0.0221817
-0.0181235
-0.0138156
-0.00930428
-0.00464127
0.000115646
0.00490397
0.00965774
0.0143066
0.0187813
0.0230059
0.0269151
0.0304311
0.0335046
0.0360619
0.0380902
0.0395351
0.0404546
0.0408389
0.0408563
0.0405666
0.0402363
0.0399664
0.0399765
0.0403305
0.0410585
0.0421839
0.0435615
0.0451696
0.0468232
0.0485249
0.0499639
0.0514425
0.0522135
0.0530876
0.0533335
0.0536134
0.0529388
0.0513921
0.0460747
0.0355277
0.0153786
-0.0236211
-0.0192926
-0.0147061
-0.00991225
-0.00496749
6.54473e-05
0.00511893
0.0101219
0.0149989
0.0196757
0.024071
0.0281148
0.0317242
0.0348449
0.0373983
0.0393677
0.0406958
0.041441
0.0415989
0.041351
0.0407799
0.0401801
0.0396887
0.0395351
0.0398084
0.0405143
0.0416916
0.0431558
0.0448838
0.0466781
0.0485192
0.0500996
0.0517208
0.0525742
0.0535698
0.053916
0.0543624
0.0538889
0.0525978
0.047488
0.0370141
0.0159726
-0.0251445
-0.0205259
-0.0156408
-0.0105444
-0.0052985
2.90006e-05
0.00536494
0.010633
0.015752
0.0206427
0.0252185
0.0294041
0.0331109
0.0362797
0.0388261
0.0407284
0.0419262
0.0424766
0.0423812
0.041835
0.0409488
0.0400486
0.0393142
0.038985
0.0391787
0.0398695
0.0411137
0.0426788
0.0445429
0.0464912
0.0484828
0.0502143
0.0519821
0.0529178
0.0540301
0.0544643
0.0550572
0.0547332
0.0536324
0.0487024
0.0382904
0.0164755
-0.0267521
-0.0218233
-0.0166192
-0.0112002
-0.00563349
7.10725e-06
0.00564269
0.0111913
0.016566
0.0216823
0.0264478
0.030782
0.0345904
0.0378077
0.0403437
0.0421704
0.0432236
0.0435573
0.0431794
0.0422987
0.0410599
0.0398312
0.0388263
0.0383106
0.0384278
0.0391131
0.0404417
0.0421239
0.0441421
0.0462582
0.0484124
0.0503045
0.0522225
0.0532412
0.0544647
0.0549749
0.0556921
0.0554489
0.0544573
0.0496489
0.0392713
0.0168698
-0.0284444
-0.023185
-0.0176412
-0.0118791
-0.00597207
1.32121e-07
0.00595237
0.0117969
0.0174407
0.0227938
0.0277579
0.0322472
0.0361606
0.0394269
0.0419489
0.043691
0.0445845
0.0446781
0.0439861
0.0427313
0.0410985
0.0395015
0.0382054
0.0374947
0.0375411
0.0382339
0.0396675
0.0414849
0.043677
0.045975
0.048305
0.0503666
0.0524385
0.0535413
0.054871
0.0554461
0.0562639
0.0560239
0.055049
0.0502783
0.0398862
0.0171347
-0.0302227
-0.0246117
-0.0187071
-0.0125814
-0.00631427
7.96512e-06
0.00629366
0.012449
0.0183748
0.0239756
0.0291467
0.0337972
0.037819
0.0411343
0.0436383
0.0452866
0.0460047
0.0458334
0.0447929
0.0431202
0.0410477
0.0390395
0.0374311
0.0365189
0.0365036
0.0372204
0.0387824
0.0407556
0.0431431
0.0456379
0.0481577
0.050397
0.0526262
0.0538158
0.0552472
0.0558777
0.056772
0.0564612
0.055406
0.0505783
0.0400932
0.0172405
-0.0320884
-0.0261044
-0.0198177
-0.0133075
-0.00666059
2.99881e-05
0.00666566
0.0131464
0.0193666
0.0252253
0.0306115
0.0354286
0.0395618
0.0429258
0.0454078
0.0469525
0.047479
0.0470163
0.04559
0.0434514
0.0408881
0.0384269
0.0364819
0.0353636
0.035299
0.0360607
0.0377783
0.0399301
0.0425362
0.0452432
0.0479678
0.0503922
0.0527823
0.0540623
0.055592
0.0562706
0.0572173
0.0567807
0.0555514
0.0505821
0.0398868
0.0171482
-0.0340434
-0.0276646
-0.0209741
-0.0140585
-0.00701197
6.50684e-05
0.0070669
0.0138871
0.0204136
0.0265398
0.0321483
0.0371372
0.0413841
0.0447962
0.0472517
0.048683
0.049001
0.048219
0.0463664
0.0437087
0.0405986
0.0376394
0.0353333
0.0340075
0.0339105
0.0347428
0.0366468
0.0390028
0.0418525
0.0447876
0.0477326
0.0503487
0.0529037
0.054279
0.0559045
0.0566257
0.0576024
0.0570166
0.055528
0.0503599
0.0392962
0.0168165
-0.0360901
-0.0292942
-0.0221779
-0.0148356
-0.00736983
0.000111549
0.00749527
0.0146685
0.0215123
0.027915
0.0337525
0.0389173
0.0432799
0.046739
0.0491633
0.0504708
0.0505628
0.0494322
0.0471093
0.0438734
0.0401543
0.036649
0.0339583
0.0324277
0.0323205
0.0332547
0.0353798
0.0379685
0.0410884
0.0442684
0.0474497
0.0502628
0.0529875
0.0544641
0.0561835
0.0569444
0.0579315
0.0572103
0.0553874
0.0499966
0.0383738
0.0162143
-0.0382312
-0.0309954
-0.0234309
-0.0156407
-0.00773603
0.000167242
0.00794808
0.0154871
0.0226587
0.0293459
0.035418
0.0407626
0.0452419
0.0487464
0.0511342
0.0523073
0.0521554
0.0506449
0.0478038
0.043924
0.0395273
0.0354242
0.032327
0.0305996
0.0305106
0.0315843
0.0339697
0.036822
0.0402405
0.043683
0.0471165
0.0501315
0.0530315
0.054616
0.0564278
0.0572275
0.0582101
0.0574019
0.0551789
0.0495681
0.0371821
0.0153297
-0.0404698
-0.0327708
-0.0247354
-0.016476
-0.00811289
0.000229426
0.00842198
0.0163389
0.0238477
0.0308267
0.0371381
0.042665
0.0472613
0.0508091
0.0531545
0.0541821
0.0537675
0.0518441
0.0484327
0.0438359
0.0386859
0.0339298
0.0304061
0.0284966
0.028462
0.0297196
0.032409
0.0355591
0.0393061
0.0430291
0.0467306
0.0499516
0.0530337
0.054733
0.0566351
0.0574751
0.0584448
0.0576221
0.0549403
0.049127
0.0357826
0.0141739
-0.0428095
-0.0346234
-0.0260941
-0.0173439
-0.00850319
0.000294861
0.00891304
0.017219
0.0250735
0.0323503
0.0389047
0.0446155
0.0493281
0.0529161
0.0552123
0.0560829
0.0553862
0.0530149
0.0489761
0.0435807
0.0375932
0.0321257
0.0281597
0.0260909
0.0261552
0.0276488
0.0306909
0.0341758
0.0382831
0.042305
0.0462893
0.0497206
0.0529928
0.0548131
0.0568028
0.0576861
0.0586414
0.0578875
0.0546956
0.0487001
0.034231
0.0127766
-0.045254
-0.0365565
-0.0275098
-0.0182474
-0.0089101
0.000359798
0.0094167
0.0181219
0.0263295
0.0339089
0.0407086
0.0466039
0.0514308
0.0550551
0.0572941
0.0579954
0.0569963
0.0541398
0.049411
0.043126
0.0362081
0.0299672
0.025548
0.0233526
0.0235705
0.0253606
0.028809
0.0326687
0.0371697
0.041509
0.0457902
0.0494367
0.0529074
0.0548538
0.0569267
0.0578578
0.0588041
0.0581997
0.0544561
0.0482944
0.0325756
0.0111794
-0.0478075
-0.0385736
-0.0289859
-0.0191898
-0.00933723
0.000420002
0.00992784
0.0190414
0.0276082
0.0354939
0.0425399
0.0486187
0.0535565
0.0572118
0.0593844
0.0599035
0.0585804
0.0551989
0.049711
0.0424348
0.0344843
0.0274049
0.0225283
0.0202505
0.0206881
0.0228442
0.0267577
0.0310353
0.0359648
0.0406398
0.0452309
0.0490984
0.0527761
0.054852
0.057002
0.0579861
0.0589338
0.0585478
0.0542225
0.0479046
0.0308571
0.00942811
-0.0504746
-0.0406786
-0.0305258
-0.0201746
-0.00978852
0.000470773
0.0104408
0.0199706
0.0289014
0.0370955
0.0443873
0.0506471
0.0556909
0.0593706
0.0614657
0.0617886
0.060119
0.0561704
0.0498474
0.0414657
0.0323705
0.0243855
0.019055
0.0167521
0.0174885
0.0200897
0.0245321
0.0292738
0.0346678
0.0396966
0.0446092
0.0487048
0.0525974
0.0548039
0.0570224
0.0580653
0.0590285
0.0589113
0.0539886
0.047519
0.0291088
0.00756786
-0.0532599
-0.0428756
-0.0321334
-0.0212056
-0.0102683
0.000506985
0.0109492
0.0209019
0.0302002
0.0387033
0.0462387
0.0526755
0.0578184
0.0615143
0.0635189
0.0636308
0.0615911
0.0570316
0.0497896
0.0401759
0.029813
0.0208523
0.0150808
0.0128244
0.0139525
0.0170879
0.0221284
0.0273835
0.0332786
0.0386786
0.0439237
0.0482552
0.0523692
0.0547053
0.0569813
0.0580892
0.0590828
0.059265
0.053744
0.0471236
0.0273566
0.00563981
-0.0561684
-0.0451688
-0.0338126
-0.022287
-0.0107812
0.000523121
0.0114466
0.0218273
0.0314949
0.0403062
0.0480813
0.0546889
0.0599221
0.0636239
0.0655229
0.0654085
0.0629753
0.0577603
0.049509
0.0385243
0.0267585
0.0167479
0.0105577
0.00843487
0.0100624
0.0138312
0.019544
0.0253644
0.0317976
0.0375855
0.0431731
0.0477492
0.0520891
0.0545513
0.0568716
0.0580511
0.0590892
0.059582
0.0534758
0.0467042
0.0256202
0.00367996
-0.0592054
-0.0475627
-0.0355674
-0.023423
-0.011332
0.00051332
0.0119257
0.0227383
0.0327755
0.0418922
0.0499012
0.0566717
0.0619843
0.0656796
0.0674558
0.0670997
0.0642512
0.0583386
0.0489833
0.0364789
0.0231612
0.0120196
0.00544078
0.003553
0.00580223
0.0103133
0.0167773
0.0232177
0.0302258
0.0364174
0.042357
0.0471864
0.0517543
0.0543366
0.0566866
0.057945
0.0590388
0.0598372
0.0531712
0.0462482
0.023914
0.00171882
-0.0623763
-0.0500618
-0.0374023
-0.0246181
-0.011926
0.000471427
0.0123791
0.0236257
0.0340314
0.0434489
0.0516841
0.0586074
0.0639861
0.06766
0.0692944
0.0686819
0.0654009
0.0587555
0.0482029
0.0340247
0.0189927
0.00662655
-0.000307767
-0.00184743
0.00115917
0.00653009
0.0138285
0.0209457
0.0285644
0.0351748
0.0414757
0.0465663
0.0513617
0.0540559
0.0564203
0.0577654
0.0589225
0.0600089
0.0528183
0.0457449
0.0222483
-0.000218304
-0.0656865
-0.0526709
-0.0393214
-0.0258767
-0.0125682
0.000391045
0.0127989
0.0244803
0.0352515
0.0449634
0.0534153
0.0604789
0.0659082
0.0695431
0.0710152
0.0701327
0.0664085
0.059008
0.0471757
0.0311736
0.0142537
0.000550328
-0.00671319
-0.00778541
-0.00387537
0.00247998
0.0106994
0.0185518
0.0268154
0.0338585
0.0405299
0.0458885
0.0509082
0.0537043
0.056068
0.057508
0.0587318
0.0600799
0.052407
0.0451862
0.0206304
-0.00211072
-0.0691417
-0.0553947
-0.0413291
-0.0272035
-0.0132642
0.000265596
0.0131771
0.0252923
0.0364244
0.0464226
0.0550797
0.062269
0.0677309
0.0713059
0.0725933
0.0714283
0.0672581
0.0590979
0.0459266
0.0279694
0.00898179
-0.00619534
-0.0137804
-0.0142691
-0.00930423
-0.0018356
0.00739375
0.0160404
0.0249812
0.03247
0.0395208
0.0451524
0.0503905
0.053277
0.0556262
0.0571694
0.0584595
0.0600378
0.0519294
0.0445666
0.0190657
-0.0039417
-0.0727476
-0.0582377
-0.0434298
-0.0286031
-0.0140192
8.83782e-05
0.0135055
0.026052
0.0375386
0.0478129
0.0566618
0.0639603
0.0694341
0.0729243
0.0740025
0.072541
0.0679272
0.0590218
0.0444889
0.0244832
0.00325372
-0.0135597
-0.0214878
-0.0212923
-0.015123
-0.00641151
0.0039175
0.0134169
0.0230649
0.0310114
0.0384503
0.0443574
0.0498056
0.0527701
0.0550931
0.0567473
0.0580998
0.0598743
0.0513799
0.0438831
0.0175583
-0.00569781
-0.07651
-0.0612046
-0.0456276
-0.0300799
-0.0148389
-0.000147365
0.0137758
0.0267493
0.0385822
0.0491206
0.0581464
0.0655354
0.0709971
0.0743723
0.0752125
0.0734357
0.0683793
0.0587579
0.0428865
0.0207964
-0.00282189
-0.0214538
-0.0297871
-0.0288326
-0.0213187
-0.0112384
0.000278753
0.0106879
0.0210699
0.0294852
0.03732
0.0435033
0.0491506
0.0521805
0.0544678
0.0562403
0.0576483
0.0595849
0.0507551
0.0431346
0.0161116
-0.00736839
-0.0804345
-0.0643
-0.0479266
-0.0316385
-0.0157285
-0.000448385
0.0139797
0.0273743
0.0395434
0.0503322
0.0595186
0.0669769
0.072398
0.0756213
0.0761877
0.0740662
0.0685585
0.0582553
0.0411151
0.0169781
-0.00912444
-0.0297606
-0.0386031
-0.0368498
-0.027869
-0.0163024
-0.00351199
0.00786112
0.0190007
0.0278945
0.0361322
0.0425898
0.048423
0.0515059
0.0537505
0.0556474
0.0571024
0.0591681
0.0500533
0.042322
0.0147285
-0.00894502
-0.0845267
-0.0675282
-0.0503309
-0.0332831
-0.0166933
-0.000821355
0.0141089
0.0279169
0.0404105
0.0514345
0.0607637
0.068267
0.0736131
0.0766388
0.0768852
0.074375
0.0683908
0.0574348
0.0391338
0.0130632
-0.0155463
-0.0383504
-0.0478394
-0.0452875
-0.0347425
-0.0215848
-0.00744189
0.00494501
0.016862
0.0262432
0.0348889
0.0416168
0.0476208
0.0507449
0.0529423
0.0549681
0.0564605
0.0586246
0.0492746
0.0414476
0.0134114
-0.0104212
-0.0887924
-0.0708934
-0.0528441
-0.0350178
-0.0177384
-0.0012728
0.0141553
0.0283672
0.0411716
0.0524145
0.0618674
0.0693871
0.0746159
0.077388
0.0772556
0.0742969
0.0677945
0.0562044
0.0368732
0.0090467
-0.0220113
-0.0470973
-0.0573867
-0.0540755
-0.0418987
-0.0270623
-0.0114958
0.00194909
0.0146596
0.0245354
0.0335925
0.0405848
0.0467424
0.0498968
0.0520446
0.0542023
0.0557221
0.0579566
0.0484203
0.0405149
0.0121625
-0.011792
-0.0932368
-0.0743995
-0.0554695
-0.0368463
-0.0188687
-0.00180904
0.0141109
0.0287153
0.0418153
0.0532603
0.0628152
0.070317
0.0753773
0.0778286
0.0772466
0.0737683
0.0666963
0.0544826
0.0342581
0.00489353
-0.02848
-0.0558938
-0.067133
-0.0631342
-0.0492902
-0.0327072
-0.0156567
-0.00111629
0.0123995
0.0227757
0.032245
0.039494
0.0457867
0.0489617
0.0510592
0.0533497
0.0548876
0.0571679
0.0474929
0.0395282
0.0109834
-0.0130539
-0.0978651
-0.07805
-0.0582104
-0.0387722
-0.0200888
-0.00243609
0.0139681
0.0289516
0.0423306
0.05396
0.0635916
0.0710345
0.0758657
0.077919
0.0768096
0.0727389
0.0650477
0.05222
0.0312319
0.000559763
-0.0349425
-0.0646562
-0.0769711
-0.0723789
-0.0568639
-0.0384885
-0.0199056
-0.00424003
0.0100885
0.0209691
0.0308489
0.0383452
0.0447534
0.0479401
0.0499878
0.0524103
0.0539582
0.0562629
0.0464957
0.0384924
0.00987529
-0.0142046
-0.102682
-0.0818484
-0.0610693
-0.0407986
-0.021403
-0.00315967
0.0137192
0.0290665
0.0427072
0.0545027
0.0641801
0.0715157
0.0760482
0.0776211
0.0759082
0.0711818
0.0628354
0.0494099
0.0277733
-0.00398688
-0.0414027
-0.0733234
-0.0868029
-0.081724
-0.0645631
-0.0443721
-0.0242222
-0.00741045
0.00773393
0.0191209
0.0294066
0.0371394
0.0436426
0.046833
0.0488322
0.0513842
0.0529355
0.0552467
0.0454326
0.0374129
0.00883881
-0.0152432
-0.107693
-0.0857973
-0.0640487
-0.0429283
-0.0228152
-0.0039851
0.013357
0.0290509
0.0429354
0.0548769
0.0645853
0.0717355
0.0758932
0.0769051
0.074525
0.0690997
0.060083
0.0460857
0.0238992
-0.00875492
-0.0478631
-0.08185
-0.0965423
-0.0910859
-0.0723296
-0.0503223
-0.0285853
-0.0106153
0.00534348
0.0172365
0.0279205
0.0358779
0.0424551
0.0456418
0.0475942
0.0502714
0.0518218
0.0541249
0.0443083
0.0362952
0.00787403
-0.0161695
-0.112902
-0.0898993
-0.0671504
-0.0451637
-0.0243289
-0.00491737
0.0128745
0.0288964
0.0430059
0.0550687
0.0647455
0.0716674
0.0753729
0.075754
0.0726654
0.0665246
0.0568449
0.0423114
0.019657
-0.013727
-0.054315
-0.0901992
-0.106114
-0.100386
-0.0801052
-0.0563023
-0.0329733
-0.0138422
0.00292515
0.0153213
0.0263932
0.034562
0.0411918
0.0443678
0.0462754
0.0490722
0.0506197
0.0529034
0.0431273
0.0351451
0.00698044
-0.0169846
-0.118312
-0.0941561
-0.0703756
-0.0475066
-0.025947
-0.00596103
0.0122651
0.0285949
0.0429099
0.0550653
0.064663
0.0712869
0.0744665
0.0741672
0.070357
0.0635117
0.0531963
0.0381677
0.0151136
-0.0188646
-0.0607355
-0.0983366
-0.115452
-0.10955
-0.0878334
-0.0622753
-0.0373642
-0.0170785
0.000487166
0.0133808
0.0248276
0.0331934
0.0398546
0.0430129
0.0448773
0.0477873
0.0493323
0.0515884
0.041895
0.033968
0.00615693
-0.0176903
-0.123926
-0.098569
-0.0737251
-0.0499584
-0.027672
-0.00712026
0.0115225
0.0281394
0.0426385
0.0548525
0.0643173
0.0705714
0.0731623
0.0721601
0.0676455
0.0601315
0.0492218
0.033741
0.0103447
-0.024116
-0.0670901
-0.106228
-0.1245
-0.118511
-0.0954603
-0.0682054
-0.0417365
-0.0203114
-0.00196215
0.0114207
0.0232264
0.031774
0.0384452
0.0415788
0.0434015
0.0464174
0.0479631
0.0501863
0.0406165
0.0327695
0.00540185
-0.0182894
-0.129747
-0.103138
-0.0771992
-0.0525199
-0.029506
-0.00839882
0.0106411
0.0275233
0.0421826
0.0544153
0.063688
0.0695021
0.0714597
0.0697618
0.0645878
0.0564603
0.0450062
0.0291154
0.0054261
-0.0294231
-0.0733371
-0.113838
-0.133208
-0.127211
-0.102936
-0.0740584
-0.0460695
-0.0235286
-0.00441452
0.00944627
0.0215929
0.0303059
0.036966
0.0400673
0.0418496
0.0449638
0.0465158
0.0487033
0.039297
0.0315549
0.00471302
-0.0187853
-0.135776
-0.107864
-0.0807972
-0.0551915
-0.0314504
-0.00980002
0.00961601
0.0267408
0.0415325
0.053738
0.0627556
0.0680657
0.069368
0.0670113
0.0612456
0.0525724
0.0406279
0.0243672
0.000428997
-0.0347279
-0.0794324
-0.121132
-0.141532
-0.135595
-0.110214
-0.0798018
-0.0503433
-0.026718
-0.00686178
0.00746283
0.01993
0.0287915
0.0354193
0.0384807
0.040223
0.0434279
0.0449945
0.0471462
0.0379418
0.0303291
0.00408786
-0.0191819
-0.142013
-0.112744
-0.084518
-0.0579727
-0.0335061
-0.0113266
0.0084431
0.0257865
0.0406777
0.0528052
0.0615028
0.066255
0.0669059
0.0639521
0.0576787
0.0485349
0.036155
0.0195624
-0.00458334
-0.0399759
-0.0853335
-0.128078
-0.149438
-0.143621
-0.117255
-0.085406
-0.0545392
-0.029868
-0.00929603
0.00547551
0.0182412
0.0272332
0.033808
0.0368209
0.0385236
0.0418117
0.0434035
0.0455213
0.036556
0.0290967
0.00352338
-0.0194838
-0.148455
-0.117777
-0.0883594
-0.0608624
-0.0356735
-0.0129809
0.00711907
0.0246549
0.0396077
0.0516017
0.0599141
0.0640694
0.0640979
0.060628
0.0539409
0.0444042
0.0316431
0.0147563
-0.00955678
-0.0451186
-0.0910024
-0.134649
-0.156894
-0.151249
-0.124022
-0.0908444
-0.0586402
-0.0329675
-0.0117097
0.00348926
0.0165298
0.0256338
0.0321348
0.0350902
0.0367531
0.0401177
0.0417471
0.0438353
0.0351447
0.0278621
0.00301634
-0.0196958
-0.155099
-0.122958
-0.0923185
-0.0638588
-0.0379524
-0.0147642
0.00564151
0.0233409
0.0383115
0.050113
0.0579779
0.0615152
0.0609718
0.057079
0.0500769
0.0402251
0.0271366
0.00999395
-0.0144462
-0.0501148
-0.0964073
-0.140821
-0.16388
-0.15845
-0.130485
-0.0960934
-0.0626308
-0.0360064
-0.0140956
0.00150883
0.0147993
0.0239959
0.0304027
0.0332911
0.0349135
0.0383483
0.0400302
0.0420945
0.0337127
0.0266291
0.00256324
-0.019823
-0.161938
-0.128282
-0.0963914
-0.0669595
-0.040342
-0.0166774
0.00400882
0.0218392
0.0367785
0.0483256
0.0556862
0.0586042
0.0575561
0.0533398
0.0461214
0.0360312
0.0226693
0.00531145
-0.0192145
-0.0549302
-0.101525
-0.146581
-0.170379
-0.1652
-0.13662
-0.101133
-0.0664972
-0.0389752
-0.0164469
-0.000461272
0.0130532
0.0223227
0.0286147
0.031426
0.0330071
0.0365067
0.0382574
0.0403053
0.0322649
0.0254014
0.0021604
-0.0198708
-0.168965
-0.133743
-0.100573
-0.0701612
-0.042841
-0.0187202
0.00222019
0.0201446
0.0349984
0.0462279
0.0530362
0.0553525
0.0538781
0.0494389
0.0420999
0.0318461
0.0182658
0.000736188
-0.0238326
-0.0595375
-0.106338
-0.151919
-0.176386
-0.171485
-0.142406
-0.105946
-0.0702273
-0.0418654
-0.0187576
-0.00241678
0.011295
0.0206171
0.026774
0.0294977
0.0310363
0.0345963
0.0364337
0.038474
0.0308058
0.024182
0.00180412
-0.0198446
-0.176168
-0.139331
-0.104857
-0.0734598
-0.0454473
-0.0208914
0.000275521
0.0182521
0.0329618
0.04381
0.0500298
0.0517797
0.0499625
0.045398
0.038028
0.0276829
0.0139396
-0.00371626
-0.0282829
-0.0639166
-0.110834
-0.156832
-0.181901
-0.177296
-0.147831
-0.110518
-0.0738111
-0.0446694
-0.021022
-0.00435365
0.00952841
0.0188822
0.0248839
0.027509
0.0290039
0.0326209
0.034564
0.0366064
0.0293393
0.0229738
0.00149081
-0.0197498
-0.183531
-0.145036
-0.109236
-0.0768505
-0.0481581
-0.0231891
-0.00182472
0.0161569
0.0306598
0.0410641
0.0466725
0.0479049
0.0458272
0.0412274
0.0339084
0.0235421
0.00969208
-0.0080435
-0.0325598
-0.0680553
-0.114994
-0.161308
-0.186922
-0.18263
-0.152884
-0.114841
-0.0772401
-0.0473806
-0.023235
-0.00626813
0.00775678
0.0171213
0.0229476
0.0254627
0.0269124
0.0305836
0.0326522
0.0347072
0.0278682
0.0217787
0.00121705
-0.0195917
-0.191037
-0.150846
-0.113702
-0.080328
-0.0509705
-0.0256111
-0.00408106
0.0138526
0.0280821
0.0379816
0.0429681
0.0437389
0.0414781
0.0369256
0.0297354
0.0194212
0.00552714
-0.0122357
-0.0366493
-0.0719422
-0.118811
-0.165334
-0.19144
-0.187481
-0.157559
-0.118906
-0.0805077
-0.0499935
-0.0253921
-0.00815682
0.00598347
0.0153372
0.0209679
0.0233608
0.0247633
0.0284863
0.0307013
0.0327804
0.0263954
0.0205984
0.00097912
-0.0193753
-0.198664
-0.156746
-0.118246
-0.083888
-0.053883
-0.0281573
-0.00649657
0.0113311
0.0252187
0.034559
0.0389293
0.0392999
0.036941
0.0325217
0.0255405
0.0153597
0.00150005
-0.0162226
-0.0404822
-0.0755483
-0.122325
-0.168982
-0.195484
-0.191856
-0.161851
-0.122706
-0.0836082
-0.0525034
-0.0274898
-0.010017
0.00421144
0.013533
0.018948
0.0212063
0.0225603
0.0263353
0.0287196
0.0308369
0.0249302
0.0194373
0.00077208
-0.0191065
-0.206387
-0.16272
-0.122855
-0.0875195
-0.0568836
-0.0308122
-0.00905523
0.00860704
0.0220892
0.030841
0.0346456
0.0347118
0.0323677
0.0281698
0.0214568
0.0114737
-0.00227184
-0.01988
-0.0439536
-0.0788485
-0.125652
-0.172494
-0.199275
-0.195873
-0.165801
-0.126251
-0.0865412
-0.054907
-0.0295239
-0.0118444
0.00244531
0.0117147
0.0168978
0.0190167
0.0203252
0.0241587
0.0267335
0.0289029
0.0234914
0.0183032
0.000590297
-0.0187931
-0.214175
-0.168722
-0.127472
-0.091154
-0.0598927
-0.0334845
-0.0116627
0.00576546
0.0187743
0.0269393
0.030284
0.0301842
0.0279445
0.0239849
0.0175233
0.00773626
-0.00587037
-0.0233371
-0.0472203
-0.0819749
-0.128854
-0.175949
-0.203003
-0.199727
-0.169527
-0.129589
-0.0893176
-0.057199
-0.0314809
-0.0136245
0.000697273
0.00989542
0.0148369
0.0168233
0.0180892
0.0219848
0.024759
0.0269842
0.0220765
0.0171935
0.00043206
-0.0184415
-0.221895
-0.174672
-0.132056
-0.0947933
-0.0629581
-0.0362738
-0.014468
0.00262163
0.0150367
0.022496
0.0252843
0.0249464
0.0227384
0.0189977
0.0128675
0.00334406
-0.0101444
-0.0275316
-0.0511501
-0.0853594
-0.131536
-0.17816
-0.205337
-0.202512
-0.172569
-0.132522
-0.0918558
-0.0593486
-0.0333605
-0.0153658
-0.00104498
0.00804273
0.0126923
0.0144927
0.0157003
0.0196454
0.0226517
0.0249421
0.0205819
0.016066
0.000307065
-0.0180412
-0.228127
-0.180119
-0.136855
-0.0991342
-0.0670499
-0.0403093
-0.0185858
-0.00169126
0.0102304
0.0166975
0.0183111
0.0171675
0.0149856
0.0119856
0.00681874
-0.00198624
-0.0152265
-0.0325485
-0.05563
-0.0883463
-0.132122
-0.176512
-0.202918
-0.200983
-0.172532
-0.133591
-0.0934408
-0.0610522
-0.0350845
-0.0170162
-0.00268419
0.00624745
0.0104604
0.0118728
0.0130373
0.0170504
0.0204278
0.0228538
0.0190901
0.0150391
0.000247387
-0.0176229
-0.230146
-0.181508
-0.13789
-0.100054
-0.0680428
-0.0415067
-0.0201256
-0.00378797
0.00733097
0.0129659
0.0141186
0.0129801
0.0110812
0.00846405
0.0036262
-0.00500095
-0.0182064
-0.0355446
-0.0586355
-0.091248
-0.134587
-0.17832
-0.204122
-0.201844
-0.17327
-0.134359
-0.0942782
-0.0619389
-0.0360352
-0.0180141
-0.00377824
0.00496185
0.00889401
0.0100857
0.0112726
0.0153269
0.0189323
0.0214353
0.018029
0.014273
0.000181428
-0.017331
-0.228907
-0.179856
-0.136218
-0.0986347
-0.0670428
-0.0410231
-0.0202776
-0.00476439
0.00535253
0.0100877
0.0107833
0.00956571
0.00777232
0.00530321
0.000596714
-0.00794524
-0.0211109
-0.0384475
-0.0616028
-0.0942486
-0.137391
-0.180828
-0.206257
-0.203432
-0.174229
-0.134914
-0.0947142
-0.062419
-0.0366385
-0.0187573
-0.0046971
0.00380201
0.00747527
0.00846589
0.00966409
0.0137211
0.0175136
0.020074
0.0169992
0.0135197
0.000116611
-0.0170438
-0.227815
-0.178392
-0.13476
-0.0974429
-0.066276
-0.0407855
-0.0206964
-0.00600844
0.00313765
0.00701382
0.00723694
0.0058738
0.00419454
0.00192082
-0.00258585
-0.0109761
-0.0240482
-0.0413385
-0.0645016
-0.0971083
-0.139971
-0.183017
-0.208035
-0.204752
-0.175059
-0.135422
-0.095134
-0.0628932
-0.037245
-0.0195116
-0.00563593
0.00261614
0.00601944
0.00679418
0.00799435
0.0120522
0.0160481
0.0186796
0.0159615
0.012767
6.20133e-05
-0.0167421
-0.227379
-0.177586
-0.133932
-0.096835
-0.0660465
-0.0410535
-0.0216056
-0.00772939
0.000475551
0.00354705
0.00334252
0.00188373
0.00039443
-0.00160296
-0.00584203
-0.01403
-0.0269686
-0.0441759
-0.0673054
-0.0998313
-0.142378
-0.184968
-0.20951
-0.205786
-0.17573
-0.135894
-0.0955844
-0.0634179
-0.0379074
-0.0203178
-0.00662771
0.00137465
0.00449369
0.00504199
0.00624788
0.0103168
0.0145397
0.0172591
0.0149203
0.0120178
1.68497e-05
-0.0164275
-0.227084
-0.176955
-0.1333
-0.0964408
-0.0660441
-0.04157
-0.0227935
-0.00975968
-0.00250328
-0.000200617
-0.000783826
-0.00224807
-0.00352378
-0.00519704
-0.00913057
-0.0170828
-0.0298544
-0.046946
-0.0700087
-0.102424
-0.14464
-0.186761
-0.210812
-0.206654
-0.176285
-0.136309
-0.0960181
-0.0639465
-0.0385867
-0.0211475
-0.00765268
9.13647e-05
0.00291518
0.00323051
0.00444682
0.00853349
0.0130012
0.0158215
0.0138792
0.0112736
-2.00062e-05
-0.0161021
-0.226737
-0.176317
-0.132708
-0.0961266
-0.0661607
-0.0422493
-0.024191
-0.0120412
-0.00574574
-0.00418277
-0.0051055
-0.00653215
-0.00754311
-0.00885236
-0.0124463
-0.02013
-0.032701
-0.0496442
-0.0726068
-0.104882
-0.146753
-0.188396
-0.211956
-0.207382
-0.176735
-0.136658
-0.0964148
-0.0644573
-0.0392642
-0.021987
-0.00870096
-0.00122622
0.00129242
0.00136788
0.0025976
0.00670633
0.0114351
0.0143685
0.0128387
0.010535
-4.92007e-05
-0.0157666
-0.226392
-0.175725
-0.132201
-0.0959338
-0.0664329
-0.0431241
-0.0258255
-0.0145946
-0.00926369
-0.00840824
-0.00963076
-0.0109836
-0.0116641
-0.0125666
-0.015785
-0.0231664
-0.0355026
-0.052265
-0.0750944
-0.107199
-0.14871
-0.189864
-0.212931
-0.20796
-0.177078
-0.136941
-0.0967753
-0.0649511
-0.0399404
-0.0228367
-0.00977268
-0.00257819
-0.000375127
-0.000546919
0.000699209
0.00483497
0.00984161
0.0129006
0.0117992
0.00980231
-7.13165e-05
-0.0154213
-0.283393
-0.226096
-0.175225
-0.131824
-0.0959005
-0.0668941
-0.0442232
-0.0277206
-0.0174383
-0.0130695
-0.0128862
-0.014364
-0.0155838
-0.015881
-0.016333
-0.0191398
-0.0261852
-0.0382531
-0.0548025
-0.0774663
-0.109371
-0.150505
-0.19116
-0.213732
-0.208384
-0.177312
-0.13716
-0.0971022
-0.0654305
-0.0406178
-0.0236982
-0.010869
-0.00396563
-0.00208887
-0.00251511
-0.00124894
0.00291976
0.00822167
0.0114189
0.0107613
0.00907615
-8.69573e-05
-0.0150667
-0.28374
-0.225854
-0.174823
-0.131581
-0.0960332
-0.0675523
-0.0455545
-0.0298837
-0.0205782
-0.0171655
-0.0176174
-0.019302
-0.0203269
-0.0201855
-0.020144
-0.0225036
-0.0291797
-0.0409463
-0.0572515
-0.0797178
-0.111393
-0.152134
-0.19228
-0.214356
-0.208654
-0.177437
-0.137313
-0.0973949
-0.0658952
-0.0412962
-0.0245713
-0.0119899
-0.00538867
-0.0038491
-0.00453671
-0.00324641
0.000961674
0.00657637
0.00992435
0.00972549
0.00835699
-9.67323e-05
-0.0147032
-0.284079
-0.225658
-0.174515
-0.131472
-0.096332
-0.0684097
-0.0471215
-0.0323184
-0.0240167
-0.0215509
-0.0226002
-0.0244398
-0.0252059
-0.0245695
-0.023992
-0.0258694
-0.0321432
-0.0435762
-0.0596066
-0.0818443
-0.113261
-0.153593
-0.193219
-0.214803
-0.208771
-0.177452
-0.1374
-0.0976519
-0.066344
-0.0419745
-0.0254551
-0.0131348
-0.00684703
-0.00565558
-0.00661128
-0.00529251
-0.00103823
0.00490681
0.0084182
0.0086923
0.00764529
-0.000101247
-0.0143316
-0.284405
-0.225508
-0.174302
-0.131498
-0.0968005
-0.0694713
-0.0489293
-0.0350296
-0.0277567
-0.0262252
-0.0278329
-0.029772
-0.0302121
-0.0290248
-0.0278694
-0.02923
-0.0350693
-0.0461372
-0.0618631
-0.0838415
-0.114972
-0.154875
-0.193974
-0.21507
-0.208734
-0.177357
-0.137419
-0.0978718
-0.0667756
-0.0426517
-0.0263488
-0.0143031
-0.00834032
-0.00750798
-0.00873831
-0.00738652
-0.00307887
0.0032141
0.00690152
0.0076623
0.00694148
-0.000101099
-0.0139522
-0.284717
-0.225404
-0.174187
-0.131664
-0.0974434
-0.0707429
-0.0509832
-0.0380224
-0.0318008
-0.0311876
-0.033313
-0.0352924
-0.0353367
-0.0335431
-0.0317683
-0.0325781
-0.0379513
-0.0486237
-0.0640163
-0.0857057
-0.116521
-0.155979
-0.194541
-0.215156
-0.208543
-0.177153
-0.13737
-0.0980536
-0.0671889
-0.0433269
-0.0272516
-0.0154941
-0.00986813
-0.00940588
-0.0109172
-0.00952768
-0.00515912
0.00149936
0.00537547
0.00663602
0.00624598
-9.68823e-05
-0.0135657
-0.28501
-0.225348
-0.174172
-0.131972
-0.0982651
-0.072229
-0.0532876
-0.0413007
-0.0361501
-0.0364362
-0.0390367
-0.0409939
-0.0405706
-0.0381156
-0.0356808
-0.0359065
-0.040783
-0.0510304
-0.066062
-0.0874333
-0.117905
-0.156899
-0.194916
-0.215059
-0.208198
-0.17684
-0.137252
-0.0981962
-0.0675829
-0.0439991
-0.0281627
-0.0167071
-0.01143
-0.0113488
-0.0131473
-0.0117151
-0.00727778
-0.000236257
0.00384116
0.00561401
0.00555918
-8.91769e-05
-0.0131727
-0.285282
-0.225338
-0.174258
-0.132425
-0.0992684
-0.0739332
-0.0558455
-0.0448673
-0.0408044
-0.0419679
-0.0449991
-0.0468706
-0.0459042
-0.0427335
-0.0395985
-0.0392079
-0.0435582
-0.0533523
-0.0679962
-0.0890213
-0.119121
-0.157633
-0.195098
-0.214778
-0.2077
-0.176417
-0.137065
-0.0982984
-0.0679566
-0.0446674
-0.0290811
-0.0179413
-0.0130252
-0.0133359
-0.0154276
-0.0139478
-0.0094336
-0.00199159
0.00229977
0.00459681
0.00488145
-7.85532e-05
-0.0127737
-0.285526
-0.225373
-0.174446
-0.133024
-0.100456
-0.0758577
-0.0586589
-0.0487238
-0.045762
-0.0477786
-0.0511932
-0.0529135
-0.051328
-0.0473875
-0.0435132
-0.0424751
-0.0462707
-0.0555847
-0.0698155
-0.0904669
-0.120168
-0.158178
-0.195083
-0.214313
-0.207048
-0.175884
-0.136807
-0.0983591
-0.0683088
-0.0453307
-0.0300059
-0.0191959
-0.014653
-0.0153665
-0.0177571
-0.0162246
-0.0116253
-0.00376542
0.000752458
0.00358497
0.00421312
-6.55688e-05
-0.0123694
-0.285738
-0.22545
-0.174736
-0.133769
-0.101828
-0.0780036
-0.0617286
-0.0528707
-0.0510198
-0.053863
-0.0576106
-0.0591063
-0.0568317
-0.0520682
-0.0474166
-0.0457008
-0.0489149
-0.0577233
-0.0715166
-0.0917678
-0.121044
-0.158533
-0.194871
-0.213663
-0.206243
-0.175242
-0.136478
-0.0983773
-0.0686383
-0.0459877
-0.0309358
-0.0204698
-0.0163126
-0.0174395
-0.0201347
-0.0185445
-0.0138514
-0.00555654
-0.000799602
0.00257903
0.00355451
-5.07661e-05
-0.0119604
-0.285911
-0.225568
-0.175124
-0.134661
-0.103385
-0.0803707
-0.0650543
-0.0573067
-0.0565731
-0.0602146
-0.0642414
-0.0654068
-0.0624039
-0.0567662
-0.0513002
-0.0488782
-0.0514852
-0.059764
-0.0730968
-0.0929224
-0.121746
-0.158695
-0.19446
-0.212826
-0.205285
-0.174491
-0.136078
-0.0983519
-0.0689441
-0.0466374
-0.0318699
-0.021762
-0.018003
-0.0195538
-0.0225589
-0.020906
-0.0161105
-0.00736368
-0.00235523
0.00157953
0.00290593
-3.46709e-05
-0.0115473
-0.286039
-0.225721
-0.17561
-0.135696
-0.105125
-0.0829573
-0.0686343
-0.062029
-0.0624156
-0.0668255
-0.0710747
-0.0718366
-0.0680331
-0.0614717
-0.0551557
-0.0520005
-0.0539764
-0.0617031
-0.0745537
-0.0939291
-0.122275
-0.158665
-0.19385
-0.211805
-0.204177
-0.173632
-0.135606
-0.0982819
-0.069225
-0.0472783
-0.0328069
-0.0230713
-0.0197229
-0.0217081
-0.0250283
-0.0233078
-0.0184011
-0.00918557
-0.00391322
0.000586996
0.00226764
-1.77923e-05
-0.0111307
-0.286113
-0.225905
-0.17619
-0.136873
-0.107047
-0.0857605
-0.0724656
-0.0670331
-0.0685393
-0.0736863
-0.0780979
-0.0783884
-0.0737081
-0.0661749
-0.0589749
-0.055061
-0.0563837
-0.0635375
-0.0758855
-0.0947872
-0.12263
-0.158442
-0.19304
-0.2106
-0.202919
-0.172666
-0.135061
-0.0981661
-0.0694797
-0.0479093
-0.0337454
-0.0243964
-0.0214713
-0.023901
-0.0275414
-0.0257484
-0.0207216
-0.0110209
-0.00547241
-0.000398034
0.00163991
-6.19554e-07
-0.0107112
-0.286125
-0.226113
-0.176859
-0.138187
-0.109147
-0.0887755
-0.0765435
-0.0723126
-0.0749347
-0.0807859
-0.0852967
-0.0850372
-0.0794174
-0.0708659
-0.0627498
-0.0580536
-0.0587027
-0.0652641
-0.0770906
-0.0954962
-0.122811
-0.158026
-0.192033
-0.209213
-0.201512
-0.171592
-0.134444
-0.0980036
-0.0697071
-0.0485289
-0.0346842
-0.025736
-0.0232466
-0.0261308
-0.0300962
-0.0282261
-0.0230705
-0.0128684
-0.00703158
-0.00137504
0.00102295
1.63781e-05
-0.0102895
-0.286066
-0.22634
-0.177611
-0.139633
-0.111417
-0.0919962
-0.0808618
-0.0778589
-0.0815906
-0.0881115
-0.0926556
-0.0917697
-0.0851491
-0.0755349
-0.0664723
-0.0609722
-0.0609291
-0.0668807
-0.0781681
-0.0960563
-0.122819
-0.157418
-0.190829
-0.207647
-0.19996
-0.170412
-0.133753
-0.0977935
-0.069906
-0.0491358
-0.0356218
-0.0270885
-0.0250473
-0.0283959
-0.032691
-0.0307394
-0.0254459
-0.0147266
-0.00858956
-0.00234351
0.000417003
3.27527e-05
-0.0098661
-0.354892
-0.285927
-0.226577
-0.178439
-0.141204
-0.113852
-0.0954144
-0.0854123
-0.0836616
-0.088494
-0.0956483
-0.100158
-0.0985714
-0.0908909
-0.080172
-0.070135
-0.0638113
-0.0630593
-0.0683853
-0.0791174
-0.0964681
-0.122655
-0.156621
-0.189431
-0.205904
-0.198263
-0.169128
-0.132989
-0.0975348
-0.0700751
-0.0497284
-0.0365567
-0.0284525
-0.0268717
-0.0306944
-0.0353237
-0.0332864
-0.0278462
-0.0165943
-0.0101451
-0.00330294
-0.000177752
4.80794e-05
-0.00944169
-0.354444
-0.285696
-0.226814
-0.179334
-0.142892
-0.116442
-0.0990207
-0.0901852
-0.089708
-0.0956303
-0.10338
-0.107785
-0.105427
-0.0966302
-0.0847674
-0.0737304
-0.0665656
-0.0650901
-0.0697761
-0.0799383
-0.0967326
-0.122323
-0.155638
-0.187842
-0.203986
-0.196426
-0.167739
-0.132152
-0.0972267
-0.0702132
-0.0503052
-0.0374875
-0.0298263
-0.0287182
-0.0330244
-0.0379921
-0.0358652
-0.0302695
-0.01847
-0.0116972
-0.00425282
-0.000761131
6.19561e-05
-0.00901685
-0.353768
-0.285361
-0.227042
-0.180287
-0.144687
-0.119176
-0.102804
-0.0951686
-0.0959836
-0.102983
-0.111287
-0.115518
-0.112319
-0.102354
-0.0893117
-0.0772515
-0.0692304
-0.0670186
-0.0710523
-0.0806312
-0.0968515
-0.121823
-0.15447
-0.186065
-0.201897
-0.194449
-0.166249
-0.131241
-0.0968684
-0.070319
-0.0508647
-0.0384123
-0.0312081
-0.0305847
-0.0353835
-0.040694
-0.038474
-0.032714
-0.0203524
-0.0132444
-0.00519268
-0.00133297
7.40056e-05
-0.00859217
-0.35285
-0.284911
-0.227249
-0.181286
-0.146577
-0.122042
-0.10675
-0.100349
-0.102471
-0.110534
-0.119349
-0.123337
-0.119232
-0.108051
-0.0937953
-0.0806916
-0.0718011
-0.0688424
-0.072213
-0.0811968
-0.0968268
-0.12116
-0.153122
-0.184105
-0.199641
-0.192338
-0.164657
-0.130257
-0.0964589
-0.0703914
-0.0514054
-0.0393297
-0.0325961
-0.0324692
-0.0377697
-0.0434269
-0.0411106
-0.0351777
-0.0222401
-0.0147858
-0.00612202
-0.00189312
8.38757e-05
-0.00816821
-0.351677
-0.284332
-0.227422
-0.182319
-0.148548
-0.125025
-0.110845
-0.10571
-0.109153
-0.118264
-0.127545
-0.13122
-0.126148
-0.113707
-0.0982092
-0.0840445
-0.0742739
-0.0705596
-0.073258
-0.0816364
-0.0966612
-0.120337
-0.151599
-0.181966
-0.197223
-0.190094
-0.162967
-0.1292
-0.0959978
-0.0704291
-0.0519256
-0.0402379
-0.0339883
-0.0343695
-0.0401805
-0.0461884
-0.0437729
-0.0376588
-0.0241316
-0.01632
-0.00704039
-0.00244145
9.12399e-05
-0.00774556
-0.350235
-0.283611
-0.227548
-0.183371
-0.150585
-0.128108
-0.115071
-0.111233
-0.116007
-0.126149
-0.135849
-0.139146
-0.133051
-0.119309
-0.102544
-0.0873042
-0.0766452
-0.0721687
-0.0741877
-0.0819516
-0.0963578
-0.119358
-0.149905
-0.179654
-0.194649
-0.187723
-0.161179
-0.12807
-0.0954841
-0.0704309
-0.0524236
-0.0411351
-0.0353828
-0.0362834
-0.0426135
-0.0489758
-0.0464588
-0.0401551
-0.0260255
-0.0178461
-0.00794734
-0.00297785
9.57984e-05
-0.00732477
-0.34851
-0.282735
-0.227611
-0.184427
-0.152673
-0.131274
-0.11941
-0.116899
-0.123012
-0.134166
-0.144237
-0.147094
-0.139922
-0.124844
-0.106793
-0.0904655
-0.0789121
-0.0736688
-0.0750026
-0.0821446
-0.0959199
-0.118228
-0.148047
-0.177175
-0.191923
-0.185228
-0.159297
-0.126867
-0.0949175
-0.0703957
-0.0528979
-0.0420194
-0.0367774
-0.0382084
-0.0450659
-0.0517865
-0.0491658
-0.0426647
-0.0279204
-0.0193628
-0.00884241
-0.00350219
9.72782e-05
-0.00690636
-0.346488
-0.281687
-0.227596
-0.18547
-0.154791
-0.134503
-0.123843
-0.122686
-0.130142
-0.142289
-0.152681
-0.15504
-0.146743
-0.130301
-0.110945
-0.0935233
-0.081072
-0.0750593
-0.0757038
-0.0822177
-0.0953515
-0.116953
-0.14603
-0.174535
-0.189052
-0.182613
-0.157321
-0.125593
-0.0942973
-0.0703221
-0.0533468
-0.0428891
-0.03817
-0.0401421
-0.047535
-0.0546176
-0.0518917
-0.0451854
-0.0298148
-0.020869
-0.00972519
-0.00401439
9.54327e-05
-0.00649088
-0.344158
-0.280453
-0.227487
-0.186481
-0.156921
-0.137773
-0.128346
-0.128569
-0.137372
-0.150491
-0.161152
-0.162955
-0.153497
-0.135667
-0.114995
-0.0964732
-0.0831229
-0.07634
-0.0762928
-0.082174
-0.094657
-0.115537
-0.143861
-0.171742
-0.186042
-0.179882
-0.155255
-0.124247
-0.0936231
-0.0702092
-0.0537686
-0.0437422
-0.0395582
-0.0420817
-0.0500181
-0.0574662
-0.054634
-0.047715
-0.0317074
-0.0223637
-0.0105953
-0.00451436
9.00441e-05
-0.00607883
-0.341506
-0.279018
-0.227266
-0.187442
-0.15904
-0.141061
-0.132897
-0.134523
-0.144674
-0.158742
-0.169623
-0.170806
-0.160166
-0.14093
-0.118935
-0.0993113
-0.0850631
-0.0775114
-0.0767716
-0.0820165
-0.093841
-0.113988
-0.141547
-0.168803
-0.182899
-0.177041
-0.1531
-0.122831
-0.0928945
-0.0700557
-0.0541617
-0.0445769
-0.0409399
-0.0440247
-0.0525122
-0.0603293
-0.0573903
-0.0502515
-0.0335967
-0.0238457
-0.0114522
-0.00500203
8.09207e-05
-0.00567069
-0.33852
-0.277367
-0.226914
-0.18833
-0.161126
-0.144343
-0.13747
-0.140521
-0.15202
-0.167012
-0.178063
-0.178591
-0.166731
-0.146078
-0.122758
-0.102034
-0.0868917
-0.0785741
-0.0771423
-0.0817489
-0.0929087
-0.112311
-0.139097
-0.165726
-0.179631
-0.174095
-0.15086
-0.121344
-0.0921112
-0.0698606
-0.0545244
-0.0453911
-0.0423126
-0.0459681
-0.0550143
-0.0632039
-0.0601581
-0.0527926
-0.0354812
-0.025314
-0.0122957
-0.00547734
6.78997e-05
-0.00526693
-0.335189
-0.275483
-0.226412
-0.189126
-0.163154
-0.147595
-0.142039
-0.146534
-0.159378
-0.175268
-0.186443
-0.186275
-0.173176
-0.151101
-0.126457
-0.104639
-0.088608
-0.0795294
-0.0774077
-0.0813752
-0.0918653
-0.110514
-0.136517
-0.162519
-0.176245
-0.171049
-0.148538
-0.119789
-0.0912731
-0.0696228
-0.0548551
-0.0461829
-0.0436738
-0.0479093
-0.0575213
-0.0660869
-0.062935
-0.055336
-0.0373595
-0.0267676
-0.0131253
-0.00594021
5.08448e-05
-0.004868
-0.331502
-0.273351
-0.225742
-0.189805
-0.1651
-0.150788
-0.146577
-0.152532
-0.166717
-0.183477
-0.194732
-0.193836
-0.179483
-0.155987
-0.130027
-0.107123
-0.0902118
-0.0803789
-0.0775707
-0.0808994
-0.0907165
-0.108604
-0.133816
-0.159191
-0.172747
-0.167907
-0.146135
-0.118167
-0.0903799
-0.0693415
-0.0551522
-0.0469503
-0.0450211
-0.0498451
-0.06003
-0.068975
-0.065718
-0.0578796
-0.0392301
-0.0282054
-0.0139407
-0.00639061
2.96472e-05
-0.00447432
-0.327449
-0.270955
-0.224883
-0.190345
-0.166937
-0.153897
-0.151055
-0.158485
-0.174006
-0.191606
-0.202901
-0.20125
-0.185637
-0.160727
-0.133464
-0.109485
-0.0917036
-0.0811245
-0.0776345
-0.0803261
-0.0894683
-0.106588
-0.131003
-0.15575
-0.169146
-0.164675
-0.143656
-0.116478
-0.0894316
-0.0690155
-0.055414
-0.0476914
-0.0463519
-0.0517726
-0.0625372
-0.071865
-0.0685042
-0.0604209
-0.0410918
-0.0296264
-0.0147415
-0.00682849
4.22532e-06
-0.00408631
-0.323023
-0.268282
-0.223815
-0.190722
-0.168639
-0.156894
-0.155445
-0.164362
-0.18121
-0.199621
-0.210919
-0.208495
-0.191623
-0.165312
-0.136762
-0.111723
-0.0930839
-0.0817686
-0.0776029
-0.07966
-0.0881266
-0.104473
-0.128087
-0.152206
-0.16545
-0.16136
-0.141102
-0.114723
-0.0884284
-0.0686442
-0.055639
-0.048404
-0.0476638
-0.0536888
-0.0650396
-0.0747537
-0.0712908
-0.0629577
-0.0429429
-0.0310297
-0.0155274
-0.00725381
-2.54756e-05
-0.00370435
-0.318216
-0.265316
-0.222518
-0.190911
-0.17018
-0.159751
-0.159717
-0.17013
-0.188296
-0.207489
-0.218758
-0.215549
-0.197424
-0.169732
-0.139917
-0.113836
-0.0943541
-0.0823136
-0.0774796
-0.078906
-0.0866978
-0.102268
-0.125076
-0.148568
-0.161666
-0.157966
-0.138479
-0.112905
-0.0873703
-0.0682267
-0.0558258
-0.0490864
-0.048954
-0.0555905
-0.0675338
-0.0776376
-0.0740748
-0.0654876
-0.0447822
-0.0324143
-0.0162982
-0.00766655
-5.94833e-05
-0.00332878
-0.313021
-0.262043
-0.220973
-0.190889
-0.171532
-0.162439
-0.163842
-0.175758
-0.195232
-0.215175
-0.226389
-0.222391
-0.203028
-0.17398
-0.142926
-0.115825
-0.0955156
-0.0827628
-0.0772687
-0.0780692
-0.0851883
-0.0999799
-0.121979
-0.144844
-0.157802
-0.154499
-0.135788
-0.111025
-0.0862576
-0.0677622
-0.0559728
-0.0497365
-0.0502201
-0.0574746
-0.0700166
-0.0805135
-0.0768537
-0.0680083
-0.0466081
-0.0337793
-0.0170534
-0.00806667
-9.78032e-05
-0.00295996
-0.307434
-0.258451
-0.21916
-0.190631
-0.172669
-0.164933
-0.167791
-0.181215
-0.201982
-0.222647
-0.233786
-0.229001
-0.208422
-0.178049
-0.145787
-0.117689
-0.0965704
-0.0831191
-0.0769746
-0.0771548
-0.0836046
-0.0976172
-0.118805
-0.141045
-0.153866
-0.150965
-0.133033
-0.109085
-0.0850908
-0.0672501
-0.0560787
-0.0503523
-0.0514593
-0.0593379
-0.0724844
-0.0833778
-0.0796247
-0.0705175
-0.0484194
-0.0351238
-0.017793
-0.00845416
-0.000140412
-0.00259817
)
;

boundaryField
{
    inlet
    {
        type            zeroGradient;
    }
    outlet
    {
        type            fixedValue;
        value           uniform 0;
    }
    cylinder
    {
        type            zeroGradient;
    }
    top
    {
        type            symmetryPlane;
    }
    bottom
    {
        type            symmetryPlane;
    }
    defaultFaces
    {
        type            empty;
    }
    procBoundary3to2
    {
        type            processor;
        value           nonuniform List<scalar> 
204
(
-0.354263
-0.345637
-0.336558
-0.32704
-0.317097
-0.306748
-0.296012
-0.284907
-0.273456
-0.261683
-0.249613
-0.237276
-0.224701
-0.211915
-0.198943
-0.185815
-0.172564
-0.159229
-0.130801
-0.130801
-0.118759
-0.106665
-0.094577
-0.082562
-0.0706846
-0.0590057
-0.047584
-0.0364816
-0.025762
-0.0154902
-0.00572905
0.00346297
0.012035
0.0159204
0.0159204
0.0232166
0.0299174
0.0360006
0.0414383
0.0461269
0.0499642
0.0536293
0.0603439
0.0627855
0.0630326
0.0623451
0.0606696
0.0579545
0.0543254
0.0499619
0.0450422
0.0397371
0.0342062
0.0285914
0.0230113
0.0175592
0.0123047
0.00729705
0.0025686
-0.00186095
-0.0059813
-0.00978882
-0.0132846
-0.0164728
-0.01936
-0.0219544
-0.0242655
-0.0263037
-0.0280801
-0.0296068
-0.0308963
-0.0319615
-0.0328158
-0.0334727
-0.033946
-0.0342494
-0.0343968
-0.0344018
-0.0342779
-0.0340384
-0.0336962
-0.0332634
-0.0327531
-0.0321771
-0.0315469
-0.0308736
-0.0301677
-0.0294398
-0.0287001
-0.0279583
-0.0272235
-0.0265048
-0.025811
-0.0251506
-0.0245319
-0.023963
-0.0234519
-0.0230065
-0.0226346
-0.022344
-0.0221426
-0.022038
-0.0139584
-0.0141181
-0.0144276
-0.0148782
-0.0154625
-0.0161741
-0.0170075
-0.0179582
-0.0190222
-0.0201963
-0.021478
-0.0228652
-0.0243566
-0.0259513
-0.0276489
-0.0294494
-0.0313535
-0.0333624
-0.0354774
-0.0377006
-0.0400345
-0.0424819
-0.0450462
-0.0477311
-0.0505408
-0.0534797
-0.0565528
-0.0597655
-0.0631234
-0.0666324
-0.0702988
-0.0741292
-0.0781304
-0.0823095
-0.0866736
-0.0912303
-0.0959872
-0.100952
-0.106132
-0.111536
-0.117171
-0.123045
-0.129166
-0.135541
-0.142177
-0.149081
-0.156257
-0.163711
-0.171443
-0.179455
-0.187743
-0.196301
-0.205118
-0.214179
-0.223464
-0.232945
-0.242591
-0.252367
-0.262259
-0.27205
-0.279079
-0.282016
-0.281701
-0.281473
-0.281847
-0.28232
-0.282704
-0.283047
-0.283047
-0.344431
-0.34587
-0.347242
-0.348538
-0.349749
-0.350867
-0.351882
-0.352781
-0.353556
-0.354193
-0.354681
-0.355008
-0.355161
-0.355127
-0.355127
-0.428447
-0.428064
-0.427306
-0.426156
-0.424601
-0.422623
-0.420211
-0.41735
-0.414031
-0.410242
-0.405975
-0.401225
-0.395986
-0.390254
-0.38403
-0.377315
-0.370111
-0.362425
)
;
    }
}


// ************************************************************************* //
