/*--------------------------------*- C++ -*----------------------------------*\
  =========                 |
  \\      /  F ield         | OpenFOAM: The Open Source CFD Toolbox
   \\    /   O peration     | Website:  https://openfoam.org
    \\  /    A nd           | Version:  7
     \\/     M anipulation  |
\*---------------------------------------------------------------------------*/
FoamFile
{
    version     2.0;
    format      ascii;
    class       volScalarField;
    location    "85";
    object      p;
}
// * * * * * * * * * * * * * * * * * * * * * * * * * * * * * * * * * * * * * //

dimensions      [0 2 -2 0 0 0 0];

internalField   nonuniform List<scalar> 
8500
(
0.0279092
0.0309671
0.038842
0.0344615
0.0425118
0.0498011
0.0389018
0.0466449
0.0540974
0.0607461
0.0518074
0.0588849
0.0657051
0.0716416
0.0571631
0.0647728
0.0711714
0.0773285
0.0824635
0.062692
0.0709219
0.0777859
0.0835036
0.0889632
0.0931178
0.077283
0.0847327
0.090844
0.0958974
0.100568
0.103307
0.0838416
0.0919224
0.0985849
0.103959
0.108385
0.112067
0.112712
0.0993328
0.106591
0.112469
0.117141
0.120969
0.123448
0.121924
0.106925
0.114838
0.12127
0.126369
0.130363
0.133543
0.13467
0.133679
0.114643
0.123301
0.130334
0.135934
0.140259
0.143563
0.146045
0.146364
0.145987
0.131933
0.13965
0.145796
0.150564
0.154114
0.156709
0.158478
0.158166
0.157815
0.140668
0.149175
0.155946
0.161202
0.165134
0.167908
0.169784
0.170849
0.169969
0.169387
0.158843
0.166341
0.172162
0.176526
0.179621
0.181616
0.182766
0.183135
0.181693
0.180751
0.168577
0.176916
0.183405
0.188275
0.191745
0.194003
0.195217
0.195636
0.195312
0.193297
0.191916
0.187592
0.194861
0.200339
0.204258
0.206835
0.208256
0.208689
0.208376
0.207358
0.204758
0.20289
0.206448
0.212646
0.217116
0.220087
0.221774
0.222359
0.222012
0.220965
0.219254
0.216061
0.213674
0.218083
0.225112
0.230244
0.233709
0.235736
0.236536
0.23629
0.235165
0.233387
0.230984
0.227192
0.224266
0.237646
0.243554
0.247626
0.250093
0.251182
0.251101
0.250028
0.248129
0.245623
0.24253
0.238139
0.234661
0.250186
0.256948
0.261743
0.264764
0.266241
0.266399
0.265445
0.263553
0.260886
0.257656
0.253878
0.24889
0.244852
0.270352
0.275956
0.279649
0.281629
0.282127
0.281365
0.279546
0.276844
0.273416
0.26947
0.265013
0.259433
0.254831
0.29018
0.294638
0.297242
0.298195
0.297725
0.296055
0.293384
0.289881
0.285703
0.281049
0.275922
0.269757
0.264588
0.3044
0.309634
0.312963
0.314493
0.314433
0.313011
0.310447
0.306936
0.302645
0.297728
0.292376
0.28659
0.279848
0.274115
0.324602
0.328681
0.330898
0.331373
0.330318
0.327961
0.324518
0.320182
0.315117
0.309474
0.303436
0.297003
0.289696
0.2834
0.344344
0.347287
0.348413
0.347854
0.345823
0.342549
0.338246
0.333102
0.327278
0.320923
0.314214
0.307147
0.299287
0.292435
0.360036
0.36359
0.365421
0.365479
0.363907
0.360923
0.356753
0.351609
0.345675
0.339111
0.332061
0.324695
0.317009
0.30861
0.301208
0.379858
0.382305
0.383049
0.382065
0.379507
0.375594
0.37055
0.364586
0.357883
0.350597
0.342869
0.334863
0.326576
0.317651
0.309709
0.39909
0.400457
0.400143
0.398145
0.394627
0.38981
0.383918
0.377157
0.369706
0.361718
0.353333
0.344705
0.335834
0.326401
0.317928
0.417695
0.418013
0.416671
0.41369
0.409242
0.403549
0.396835
0.389302
0.381127
0.37246
0.363436
0.354206
0.34477
0.334845
0.325854
0.434963
0.43564
0.43494
0.432605
0.428673
0.423326
0.416788
0.409279
0.401001
0.392127
0.382804
0.373165
0.363353
0.353373
0.342973
0.333478
0.45318
0.452891
0.45121
0.447917
0.44307
0.436857
0.429505
0.421232
0.412236
0.402689
0.392735
0.382504
0.372133
0.361629
0.350774
0.340789
0.470638
0.469418
0.466794
0.46258
0.456855
0.449812
0.441679
0.432673
0.42299
0.412797
0.402238
0.391439
0.380532
0.369527
0.358236
0.347778
0.487301
0.48519
0.481663
0.476569
0.470004
0.462169
0.45329
0.443584
0.433244
0.422436
0.411299
0.399958
0.388539
0.377056
0.365349
0.354437
0.503141
0.500178
0.495791
0.48986
0.482496
0.473906
0.464318
0.453947
0.442983
0.431589
0.419903
0.408047
0.396141
0.384205
0.372103
0.360756
0.520975
0.518127
0.514356
0.509153
0.502429
0.494309
0.485005
0.474746
0.463746
0.452191
0.440243
0.428038
0.415694
0.403328
0.390963
0.378488
0.366726
0.535787
0.53223
0.527697
0.521725
0.514254
0.505422
0.495447
0.484557
0.472963
0.460853
0.448384
0.43569
0.422887
0.410089
0.39732
0.384495
0.372341
0.549649
0.545425
0.540178
0.533486
0.525315
0.515817
0.505214
0.493733
0.481586
0.468955
0.455999
0.442848
0.429617
0.416413
0.403268
0.390115
0.377592
0.562532
0.557688
0.551775
0.544413
0.535593
0.525476
0.514289
0.50226
0.489598
0.476485
0.463076
0.449501
0.435871
0.422292
0.408797
0.395341
0.382473
0.574412
0.568995
0.562468
0.554489
0.545069
0.534383
0.522658
0.510124
0.496988
0.48343
0.469604
0.455638
0.441642
0.427716
0.4139
0.400164
0.386976
0.585268
0.579326
0.572237
0.563694
0.553728
0.542522
0.530306
0.517311
0.503743
0.48978
0.475573
0.461251
0.44692
0.432677
0.418568
0.404577
0.391097
0.595078
0.588661
0.581065
0.572013
0.561554
0.549879
0.537221
0.52381
0.509852
0.495523
0.480974
0.46633
0.451697
0.437169
0.422795
0.408575
0.394829
0.603823
0.596984
0.588937
0.579432
0.568534
0.556442
0.543391
0.529611
0.515306
0.500652
0.485797
0.470867
0.455966
0.441184
0.426575
0.41215
0.398168
0.611488
0.604278
0.595837
0.585937
0.574656
0.562199
0.548805
0.534703
0.520095
0.505157
0.490036
0.474856
0.45972
0.444717
0.429903
0.415299
0.401109
0.62474
0.618057
0.610532
0.601754
0.591516
0.579909
0.567142
0.553456
0.539078
0.524212
0.509032
0.493684
0.478291
0.462955
0.447762
0.432772
0.418017
0.403648
0.630421
0.623518
0.615733
0.606677
0.596161
0.584285
0.571262
0.557334
0.54273
0.527651
0.512271
0.496735
0.481166
0.465664
0.450315
0.43518
0.420299
0.405781
0.634938
0.627862
0.619872
0.610598
0.599864
0.587776
0.574552
0.560435
0.545652
0.530406
0.514868
0.499185
0.483477
0.467845
0.452372
0.437123
0.422142
0.407507
0.638281
0.63108
0.622941
0.61351
0.602617
0.590376
0.577007
0.562752
0.54784
0.532472
0.51682
0.50103
0.485221
0.469493
0.453931
0.438598
0.423544
0.408822
0.640445
0.633167
0.624936
0.615407
0.604417
0.592082
0.578623
0.564283
0.54929
0.533847
0.518124
0.502267
0.486395
0.470608
0.454989
0.439603
0.424504
0.409729
0.641427
0.634119
0.625853
0.616287
0.605261
0.59289
0.579397
0.565024
0.550002
0.534529
0.518779
0.502895
0.486997
0.471187
0.455545
0.440137
0.42502
0.410216
0.641223
0.633934
0.625691
0.616149
0.605147
0.5928
0.579328
0.564976
0.549972
0.534517
0.518782
0.502913
0.487028
0.47123
0.455598
0.4402
0.425092
0.410296
0.639837
0.632614
0.62445
0.614994
0.604076
0.591811
0.578418
0.564139
0.549203
0.533811
0.518136
0.502321
0.486488
0.470737
0.455149
0.439792
0.424719
0.409962
0.637269
0.63016
0.622134
0.612823
0.602051
0.589927
0.576668
0.562514
0.547696
0.532414
0.51684
0.501121
0.485377
0.469709
0.454199
0.438914
0.423903
0.409216
0.633527
0.62658
0.618746
0.609641
0.599076
0.587152
0.574081
0.560105
0.545453
0.530327
0.514899
0.499316
0.483698
0.468149
0.45275
0.437567
0.422646
0.408061
0.628619
0.621879
0.614294
0.605455
0.595157
0.583489
0.570663
0.556917
0.54248
0.527555
0.512315
0.496908
0.481455
0.466059
0.450804
0.435755
0.420949
0.406498
0.622553
0.616068
0.608787
0.600273
0.5903
0.578947
0.56642
0.552955
0.538781
0.524103
0.509094
0.493902
0.478651
0.463443
0.448366
0.433479
0.418817
0.404528
0.609159
0.602236
0.594105
0.584515
0.573534
0.561359
0.548226
0.534364
0.519977
0.50524
0.490304
0.47529
0.460305
0.445438
0.430746
0.416252
0.402156
0.601164
0.594653
0.586962
0.577814
0.56726
0.555491
0.54274
0.529236
0.515185
0.500762
0.486119
0.47138
0.456652
0.442027
0.427558
0.413259
0.399385
0.5921
0.586053
0.578858
0.570209
0.560137
0.548826
0.536507
0.523407
0.509734
0.495666
0.481355
0.466926
0.452489
0.438137
0.423921
0.409842
0.39622
0.581986
0.576453
0.569809
0.561713
0.552178
0.541376
0.529536
0.516887
0.503636
0.489962
0.47602
0.461937
0.447823
0.433775
0.419841
0.406008
0.392664
0.57084
0.565872
0.559832
0.552344
0.543397
0.533155
0.521842
0.509688
0.496899
0.48366
0.470124
0.45642
0.442662
0.42895
0.415326
0.401763
0.388724
0.558686
0.554329
0.548945
0.542117
0.53381
0.524177
0.513438
0.501821
0.489537
0.47677
0.463676
0.450386
0.437015
0.423667
0.410381
0.397113
0.384405
0.545548
0.541848
0.53717
0.531053
0.523436
0.514459
0.504338
0.493302
0.481562
0.469304
0.456687
0.443844
0.43089
0.417936
0.405016
0.392065
0.379714
0.531451
0.528453
0.524528
0.519171
0.512292
0.504018
0.49456
0.484145
0.472988
0.461276
0.449169
0.436804
0.424299
0.411767
0.399238
0.386629
0.374658
0.516424
0.514168
0.511044
0.506494
0.5004
0.492873
0.484119
0.474367
0.463829
0.452698
0.441136
0.42928
0.417251
0.405169
0.393058
0.380812
0.369243
0.499023
0.496742
0.493045
0.487781
0.481044
0.473036
0.463983
0.454102
0.443586
0.432599
0.421282
0.409759
0.398152
0.386484
0.374624
0.363479
0.483046
0.481651
0.478849
0.474457
0.468552
0.461328
0.453013
0.443823
0.433954
0.423574
0.412825
0.401834
0.390729
0.379527
0.368073
0.357373
0.466268
0.465797
0.463933
0.460453
0.455419
0.449018
0.441475
0.43301
0.423819
0.414075
0.403922
0.393488
0.382909
0.372198
0.361171
0.350933
0.448723
0.449212
0.448323
0.445795
0.44167
0.436127
0.42939
0.421681
0.413199
0.404119
0.394587
0.384737
0.374707
0.364508
0.353928
0.34417
0.430442
0.431926
0.432049
0.430509
0.427328
0.422676
0.416778
0.409855
0.40211
0.393721
0.384836
0.375592
0.366134
0.35647
0.346355
0.337092
0.413973
0.41514
0.414623
0.412418
0.408691
0.403661
0.397553
0.390572
0.382899
0.374685
0.366069
0.357204
0.348094
0.338462
0.329709
0.395386
0.397629
0.398165
0.396969
0.394194
0.390061
0.384795
0.378603
0.37167
0.364149
0.356183
0.34793
0.339394
0.330262
0.322032
0.3762
0.379546
0.381165
0.381006
0.379213
0.376003
0.371603
0.366224
0.360052
0.353245
0.345948
0.338327
0.330382
0.321767
0.314071
0.360927
0.363654
0.364558
0.363772
0.36151
0.358
0.353455
0.348065
0.341992
0.335382
0.328408
0.321072
0.312988
0.305835
0.341804
0.345664
0.347655
0.347899
0.346606
0.344007
0.340317
0.335728
0.330405
0.324499
0.318189
0.311478
0.303938
0.297337
0.322214
0.327227
0.330326
0.331621
0.331319
0.329649
0.326831
0.323061
0.318505
0.313318
0.307685
0.301612
0.29463
0.288586
0.302192
0.308376
0.312603
0.314967
0.315672
0.31495
0.31302
0.310083
0.306309
0.301853
0.296911
0.291489
0.285076
0.279594
0.289146
0.294515
0.297965
0.299694
0.299933
0.298906
0.296816
0.293836
0.290124
0.285883
0.281123
0.275289
0.27037
0.269571
0.276096
0.280645
0.283411
0.284625
0.284513
0.283281
0.281105
0.278148
0.274617
0.270528
0.26528
0.260925
0.249686
0.257378
0.263037
0.266851
0.26905
0.269864
0.2695
0.268138
0.265942
0.263129
0.259719
0.255064
0.25127
0.238394
0.245171
0.250042
0.253235
0.254982
0.255494
0.254953
0.253526
0.251436
0.248709
0.244651
0.241413
0.219177
0.227078
0.233012
0.237206
0.239893
0.241286
0.241571
0.240917
0.239553
0.237515
0.234053
0.231362
0.20879
0.21579
0.220989
0.224619
0.226899
0.228014
0.228135
0.2275
0.22615
0.223284
0.221125
0.190337
0.198406
0.204611
0.209188
0.212355
0.214301
0.2152
0.215293
0.214631
0.212355
0.210707
0.180887
0.188099
0.193623
0.197678
0.200457
0.202132
0.202951
0.202977
0.20128
0.200112
0.163265
0.171481
0.177949
0.182892
0.186502
0.18895
0.190493
0.191205
0.190076
0.189338
0.145568
0.154784
0.162193
0.16802
0.172459
0.175678
0.177939
0.179339
0.178767
0.178379
0.138035
0.146381
0.153087
0.158351
0.162338
0.165309
0.167402
0.167391
0.167227
0.130536
0.138117
0.144203
0.148953
0.152621
0.155417
0.156031
0.155841
0.114686
0.123134
0.130037
0.135548
0.139896
0.143379
0.144792
0.144011
0.108161
0.115876
0.122151
0.127164
0.131283
0.134025
0.132793
0.0932223
0.101742
0.108785
0.114485
0.119187
0.123098
0.123993
0.0876551
0.0954662
0.101886
0.107196
0.11206
0.114996
0.0736345
0.0822046
0.0893563
0.0953097
0.100935
0.105249
0.0690108
0.076886
0.0834983
0.089795
0.0950649
0.0644776
0.0717453
0.07868
0.0847291
0.0600517
0.0675928
0.0743317
0.0484272
0.05654
0.0638958
0.0455395
0.053456
0.0430517
0.115835
0.106175
0.0963304
0.0866795
0.0766536
0.0663964
0.0561346
0.0458984
0.0356835
0.0255182
0.0154312
0.107561
0.097771
0.0869833
0.0773889
0.0679507
0.05828
0.0486297
0.039113
0.0296944
0.0203599
0.0111254
0.0978011
0.0882035
0.0775251
0.0683753
0.0597354
0.0509042
0.0420399
0.0333182
0.0247218
0.0162112
0.00778896
0.0878495
0.0788074
0.0688232
0.0603562
0.0524888
0.0444582
0.0363479
0.0283536
0.0204888
0.0127115
0.00501499
0.0786772
0.0703266
0.0611582
0.0533723
0.0461717
0.0388378
0.0314131
0.0240845
0.0168831
0.00977216
0.00273866
0.0704695
0.0627684
0.0543906
0.0472427
0.0406333
0.0339215
0.0271276
0.0204174
0.0138271
0.00732612
0.000898898
0.0631328
0.0560195
0.0483883
0.0418466
0.0357827
0.0296392
0.0234277
0.0172905
0.0112629
0.00531935
-0.000555207
0.0565897
0.0500228
0.0430899
0.0371193
0.0315613
0.0259383
0.0202605
0.0146497
0.00913724
0.0037019
-0.00167006
0.050787
0.0447324
0.0384437
0.0330019
0.0279097
0.0227622
0.0175716
0.0124419
0.00739963
0.00242704
-0.00248799
0.0456681
0.0400911
0.0343916
0.0294343
0.0247694
0.020056
0.0153095
0.0106185
0.00600496
0.00145363
-0.00304592
0.0411726
0.0360387
0.0308752
0.0263602
0.0220865
0.0177694
0.0134275
0.00913622
0.00491325
0.000745325
-0.00337642
0.0372419
0.0325178
0.0278407
0.0237287
0.0198126
0.0158571
0.0118837
0.00795636
0.00408891
0.000269862
-0.00350827
0.0338214
0.0294758
0.0252391
0.0214932
0.0179038
0.0142782
0.0106402
0.00704399
0.00350012
-1.46252e-06
-0.003467
0.0308608
0.026864
0.0230251
0.0196117
0.0163205
0.0129956
0.00966279
0.00636782
0.00311842
-9.42134e-05
-0.00327525
0.0283135
0.0246378
0.0211578
0.0180457
0.0150267
0.0119758
0.00892065
0.00589974
0.00291838
-3.11816e-05
-0.00295316
0.0261367
0.0227563
0.0195997
0.0167605
0.0139896
0.0111886
0.00838611
0.00561456
0.00287723
0.000167277
-0.0025187
0.0242914
0.0211821
0.0183167
0.0157246
0.0131801
0.0106068
0.00803426
0.00548963
0.00297455
0.000482937
-0.00198792
0.0227419
0.0198815
0.0172781
0.0149095
0.0125714
0.0102059
0.00784267
0.0055046
0.003192
0.000899435
-0.00137522
0.0214557
0.0188236
0.0164558
0.0142897
0.0121398
0.0099637
0.00779109
0.00564113
0.00351306
0.00140205
-0.000693572
0.0204033
0.0179805
0.0158247
0.0138417
0.0118635
0.00986025
0.00786127
0.00588267
0.00392286
0.0019775
4.53294e-05
0.019558
0.017327
0.0153618
0.0135445
0.011723
0.00987747
0.00803672
0.00621428
0.00440795
0.00261382
0.00083094
0.0188954
0.0168401
0.0150465
0.0133792
0.0117005
0.00999904
0.00830255
0.00662249
0.00495621
0.00330018
0.00165372
0.0183935
0.0164993
0.0148599
0.0133284
0.0117802
0.0102102
0.00864528
0.00709507
0.00555664
0.0040268
0.00250505
0.0180323
0.0162856
0.0147851
0.0133767
0.0119475
0.0104976
0.00905274
0.00762101
0.00619933
0.00478481
0.00337713
0.0177938
0.0161823
0.0148068
0.0135098
0.0121893
0.0108492
0.00951389
0.00819031
0.0068753
0.00556622
0.00426289
0.0176616
0.0161739
0.0149111
0.0137151
0.0124939
0.0112541
0.0100188
0.00879395
0.00757643
0.0063638
0.00515597
0.0176209
0.0162467
0.0150853
0.013981
0.0128504
0.0117023
0.0105584
0.00942381
0.00829541
0.00717104
0.00605065
0.0176584
0.0163881
0.0153183
0.0142971
0.0132493
0.0121851
0.0111247
0.0100726
0.00902569
0.00798209
0.00694178
0.017762
0.016587
0.0155997
0.014654
0.0136819
0.0126944
0.0117104
0.0107336
0.00976134
0.00879171
0.00782478
0.0179209
0.0168331
0.0159205
0.0150433
0.0141404
0.0132232
0.0123089
0.0114011
0.0104971
0.00959525
0.00869557
0.0181252
0.0171175
0.0162723
0.0154574
0.0146178
0.0137648
0.0129145
0.0120698
0.0112283
0.0103886
0.00955056
0.0183663
0.017432
0.0166478
0.0158896
0.0151079
0.0143138
0.0135219
0.0127351
0.0119509
0.011168
0.0103866
0.0186363
0.0177694
0.0170404
0.0163339
0.0156052
0.0148649
0.0141267
0.0133927
0.0126611
0.0119304
0.0112009
0.0189284
0.0181232
0.0174443
0.0167848
0.0161046
0.0154138
0.0147246
0.0140393
0.0133557
0.012673
0.0192362
0.0184877
0.0178544
0.0172378
0.016602
0.0159565
0.0153124
0.0146715
0.0140322
0.0133935
0.0195545
0.018858
0.0182661
0.0176886
0.0170936
0.0164897
0.0158868
0.0152868
0.014688
0.0140898
0.0198784
0.0192297
0.0186754
0.0181337
0.0175761
0.0170103
0.0164453
0.0158828
0.0153214
0.0147602
0.0202037
0.0195988
0.019079
0.01857
0.0180466
0.0175158
0.0169857
0.0164576
0.0159305
0.0154035
0.0205269
0.0199623
0.0194738
0.0189948
0.0185029
0.0180043
0.0175061
0.0170097
0.016514
0.0160185
0.0208448
0.0203172
0.0198574
0.0194059
0.0189428
0.0184738
0.018005
0.0175377
0.017071
0.0166044
0.0211548
0.0206612
0.0202276
0.0198013
0.0193648
0.0189229
0.0184812
0.0180407
0.0176006
0.0171606
0.0214547
0.0209924
0.0205828
0.0201797
0.0197675
0.0193506
0.0189337
0.0185178
0.0181023
0.0176868
0.0217428
0.021309
0.0209216
0.0205397
0.0201499
0.0197559
0.0193619
0.0189686
0.0185757
0.0181827
0.0220174
0.0216099
0.0212427
0.0208803
0.0205111
0.0201382
0.0197652
0.0193928
0.0190206
0.0186484
0.0222775
0.0218941
0.0215455
0.021201
0.0208507
0.0204971
0.0201434
0.0197901
0.0194371
0.0190839
0.0225222
0.0221609
0.0218292
0.0215012
0.0211682
0.0208324
0.0204963
0.0201607
0.0198251
0.0194895
0.0227509
0.0224096
0.0220936
0.0217807
0.0214635
0.0211439
0.0208241
0.0205045
0.0201851
0.0198655
0.0229631
0.0226401
0.0223383
0.0220392
0.0217366
0.0214318
0.0211268
0.020822
0.0205172
0.0202123
0.0231585
0.0228522
0.0225634
0.0222769
0.0219875
0.0216962
0.0214047
0.0211133
0.020822
0.0205305
0.0233372
0.0230459
0.022769
0.0224939
0.0222164
0.0219374
0.0216581
0.0213789
0.0210997
0.0208204
0.0234992
0.0232213
0.022955
0.0226903
0.0224236
0.0221556
0.0218874
0.0216192
0.021351
0.0210827
0.0236445
0.0233787
0.0231219
0.0228664
0.0226093
0.0223512
0.0220929
0.0218346
0.0215762
0.0213178
0.0237735
0.0235182
0.0232699
0.0230225
0.022774
0.0225246
0.0222751
0.0220255
0.0217758
0.0215261
0.0238862
0.02364
0.0233991
0.0231589
0.0229177
0.022676
0.022434
0.0221921
0.0219501
0.021708
0.023983
0.0237446
0.02351
0.0232758
0.023041
0.0228058
0.0225703
0.0223349
0.0220994
0.021864
0.0240639
0.0238318
0.0236022
0.0233731
0.0231435
0.0229135
0.0226835
0.0224535
0.0222234
0.0219934
0.0241294
0.0239023
0.0236768
0.0234515
0.023226
0.0230003
0.0227746
0.0225489
0.0223232
0.0220975
0.0241783
0.0239546
0.0237318
0.0235093
0.0232866
0.0230639
0.0228411
0.0226185
0.0223959
0.0221734
0.0242127
0.0239912
0.02377
0.0235491
0.0233282
0.0231074
0.0228866
0.0226659
0.0224454
0.022225
0.0242283
0.0240068
0.0237856
0.0235646
0.0233438
0.0231231
0.0229026
0.0226823
0.0224621
0.0222422
0.132592
0.133219
0.134456
0.136217
0.13846
0.141139
0.144219
0.147663
0.151438
0.155504
0.15982
0.164337
0.168998
0.173732
0.178462
0.183087
0.187496
0.19155
0.195102
0.197962
0.199944
0.200796
0.200309
0.198141
0.194121
0.187721
0.179008
0.166833
0.152125
0.13066
0.131888
0.132495
0.133687
0.135386
0.137544
0.140116
0.143063
0.146347
0.14993
0.153769
0.157818
0.162024
0.166323
0.170641
0.174892
0.178972
0.182766
0.18613
0.188915
0.190934
0.192004
0.191884
0.190379
0.187173
0.182119
0.174753
0.165138
0.152375
0.13731
0.118618
0.13114
0.131724
0.132869
0.1345
0.136566
0.139021
0.141826
0.144938
0.148317
0.151916
0.155685
0.159567
0.163493
0.167385
0.171154
0.174692
0.177881
0.180579
0.18264
0.183881
0.184132
0.183167
0.180819
0.1768
0.171009
0.163046
0.153036
0.140338
0.125837
0.10878
0.130344
0.130904
0.132
0.133558
0.135528
0.137861
0.140517
0.14345
0.146616
0.149967
0.153448
0.156996
0.160542
0.164001
0.167283
0.170277
0.172865
0.174908
0.176262
0.176754
0.176228
0.174477
0.171356
0.166619
0.160196
0.151775
0.141504
0.128961
0.11483
0.0985519
0.129501
0.130035
0.131079
0.132562
0.134431
0.136639
0.13914
0.141888
0.144837
0.147933
0.15112
0.154331
0.157493
0.16052
0.163318
0.165776
0.167778
0.169187
0.169866
0.169654
0.168407
0.165941
0.162134
0.156782
0.149841
0.141082
0.130647
0.118257
0.104438
0.0888363
0.128608
0.129115
0.130106
0.131511
0.133276
0.135353
0.137695
0.140254
0.14298
0.145817
0.148706
0.151577
0.154356
0.156953
0.159274
0.16121
0.162646
0.163451
0.163497
0.162634
0.160734
0.157636
0.153242
0.147389
0.140053
0.131076
0.120589
0.108414
0.0949962
0.080123
0.127665
0.128145
0.129079
0.130404
0.132061
0.134004
0.136182
0.138547
0.141046
0.143621
0.146209
0.14874
0.151136
0.153309
0.155164
0.156593
0.157487
0.157722
0.157178
0.15572
0.153236
0.149591
0.144706
0.138457
0.13084
0.12175
0.111315
0.0994326
0.0864876
0.0723465
0.126671
0.127122
0.127999
0.12924
0.130787
0.132591
0.134603
0.13677
0.139038
0.141348
0.143634
0.145826
0.147843
0.149599
0.151
0.151943
0.152322
0.152022
0.150933
0.148938
0.145938
0.141825
0.136538
0.129989
0.122187
0.113076
0.102776
0.0912426
0.0788029
0.0653778
0.125625
0.126047
0.126865
0.128019
0.129453
0.131116
0.132957
0.134923
0.136958
0.139002
0.140987
0.142842
0.144487
0.145836
0.1468
0.147277
0.14717
0.146373
0.144788
0.142311
0.138864
0.134358
0.128751
0.121987
0.114086
0.105028
0.0949292
0.0837833
0.0718676
0.0591458
0.124526
0.124918
0.125676
0.126742
0.12806
0.129578
0.131247
0.13301
0.134811
0.136588
0.138274
0.139796
0.141077
0.142033
0.142576
0.142612
0.142051
0.140797
0.138763
0.135863
0.132033
0.127205
0.121355
0.114451
0.106526
0.0975836
0.0877366
0.0770073
0.0656287
0.0535982
0.123374
0.123736
0.124431
0.125407
0.126607
0.12798
0.129473
0.131032
0.132599
0.134111
0.135501
0.136698
0.137625
0.138202
0.138344
0.137966
0.136984
0.135313
0.13288
0.129613
0.125461
0.120379
0.114354
0.107378
0.0994898
0.0907162
0.0811616
0.0708698
0.0600354
0.0486804
0.12217
0.122499
0.123132
0.124016
0.125097
0.126322
0.127639
0.128994
0.130327
0.131577
0.132676
0.133556
0.134141
0.134355
0.13412
0.133355
0.131987
0.129941
0.127156
0.123575
0.11916
0.113885
0.107749
0.100759
0.0929613
0.0843983
0.0751671
0.0653261
0.0550361
0.0443367
0.120911
0.121209
0.121777
0.122569
0.123529
0.124605
0.125747
0.126897
0.128
0.128991
0.129807
0.130379
0.130636
0.130506
0.129916
0.128794
0.127075
0.124696
0.121606
0.117762
0.113141
0.107728
0.101535
0.0945818
0.08692
0.0786013
0.069716
0.0603325
0.0505815
0.0405149
0.119599
0.119864
0.120369
0.121066
0.121905
0.122833
0.123799
0.124747
0.125621
0.12636
0.1269
0.127176
0.127121
0.126666
0.125747
0.124299
0.122264
0.119592
0.116242
0.112185
0.107407
0.101908
0.0957064
0.088834
0.0813442
0.0732959
0.064772
0.0558469
0.046625
0.0371662
0.118235
0.118466
0.118906
0.11951
0.120227
0.121007
0.121798
0.122547
0.123198
0.12369
0.123964
0.123957
0.123606
0.122848
0.121625
0.119881
0.117567
0.114641
0.111076
0.106851
0.101963
0.0964222
0.0902549
0.0834997
0.0762112
0.0684527
0.0602995
0.0518289
0.0431227
0.0342454
0.116817
0.117016
0.117391
0.117901
0.118497
0.119129
0.119748
0.120302
0.120734
0.120989
0.121008
0.120731
0.120102
0.119064
0.117564
0.115554
0.112995
0.109855
0.106114
0.101763
0.0968079
0.091266
0.0851691
0.0785614
0.0714974
0.0640423
0.0562639
0.0482404
0.0400338
0.0317107
0.115348
0.115514
0.115824
0.11624
0.116716
0.117203
0.117653
0.118016
0.118237
0.118262
0.118038
0.117508
0.11662
0.115323
0.113573
0.111328
0.108558
0.10524
0.101363
0.0969252
0.0919401
0.0864321
0.0804365
0.074001
0.0671789
0.0600358
0.0526322
0.0450453
0.0373201
0.0295236
0.113828
0.113961
0.114207
0.114531
0.114888
0.115232
0.115517
0.115694
0.115711
0.115518
0.115063
0.114295
0.113168
0.111637
0.109663
0.107214
0.104266
0.100804
0.0968255
0.0923366
0.0873553
0.0819115
0.076043
0.0697992
0.0632318
0.056405
0.0493727
0.0422096
0.0349463
0.0276488
0.112259
0.112359
0.112542
0.112774
0.113014
0.113219
0.113344
0.113341
0.113163
0.112762
0.112091
0.111103
0.109757
0.108014
0.105843
0.103219
0.100124
0.0965514
0.0925042
0.0879955
0.0830476
0.0776939
0.0719736
0.0659367
0.0596324
0.0531228
0.0464554
0.0397015
0.0328797
0.0260537
0.110642
0.11071
0.11083
0.110973
0.111099
0.111169
0.111138
0.110963
0.110599
0.110003
0.109129
0.107939
0.106394
0.104464
0.102122
0.0993495
0.0961373
0.0924844
0.0883987
0.0838985
0.0790096
0.0737677
0.0682125
0.0623936
0.0563572
0.0501628
0.0438516
0.0374912
0.03109
0.0247089
0.108979
0.109016
0.109074
0.10913
0.109146
0.109084
0.108904
0.108565
0.108026
0.107246
0.106186
0.104811
0.103088
0.100993
0.0985051
0.0956123
0.0923107
0.0886048
0.0845075
0.0800407
0.0752327
0.0701206
0.0647437
0.0591504
0.0533838
0.0474999
0.0415346
0.0355511
0.0295494
0.0235871
0.107273
0.107278
0.107277
0.107248
0.107157
0.106969
0.106647
0.106153
0.105449
0.104499
0.103269
0.101726
0.0998466
0.097609
0.0949994
0.0920114
0.0886459
0.0849125
0.0808275
0.0764158
0.0717073
0.0667394
0.0615508
0.0561877
0.0506901
0.0451103
0.0394791
0.0338555
0.0282322
0.0226637
0.105525
0.1055
0.105442
0.105331
0.105137
0.104829
0.104372
0.103732
0.102875
0.101769
0.100383
0.0986923
0.0966754
0.0943173
0.0916092
0.0885497
0.0851443
0.0814061
0.0773546
0.0730167
0.068423
0.0636108
0.0586173
0.0534865
0.048255
0.0429714
0.0376617
0.0323806
0.0271151
0.0219163
0.103738
0.103684
0.103571
0.103381
0.10309
0.102668
0.102084
0.101308
0.10031
0.0990612
0.0975364
0.0957149
0.0935805
0.0911229
0.0883383
0.0852294
0.0818056
0.0780831
0.0740837
0.0698353
0.0653689
0.0607211
0.0559271
0.0510284
0.0460583
0.0410617
0.0360602
0.0311043
0.0261763
0.0213242
0.101916
0.101834
0.101668
0.101404
0.10102
0.10049
0.0997885
0.0988868
0.0977594
0.0963822
0.0947345
0.0927999
0.090567
0.08803
0.0851892
0.0820513
0.0786287
0.07494
0.0710085
0.066863
0.0625338
0.0580564
0.0534641
0.0487955
0.0440809
0.0393611
0.0346541
0.0300063
0.0253963
0.0208688
0.100061
0.0999533
0.0997369
0.0994022
0.0989311
0.0983015
0.0974899
0.0964731
0.0952289
0.0937376
0.0919827
0.0899523
0.0876391
0.0850417
0.0821638
0.0790154
0.0756115
0.0719725
0.0681226
0.0640905
0.0599061
0.0556032
0.0512129
0.0467709
0.0423045
0.0378507
0.0334244
0.0290678
0.0247569
0.0205331
0.0981776
0.0980448
0.0977812
0.0973804
0.0968281
0.0961058
0.0951938
0.0940727
0.0927242
0.0911328
0.0892862
0.0871765
0.0848005
0.0821602
0.0792628
0.0761208
0.0727511
0.0691754
0.0654184
0.0615084
0.0574743
0.0533479
0.0491582
0.0449381
0.0407119
0.036513
0.0323535
0.0282716
0.0242415
0.0203016
0.096269
0.0961128
0.0958052
0.0953429
0.0947155
0.0939082
0.0929052
0.0916907
0.0902504
0.0885728
0.0866494
0.0844764
0.0820539
0.0793873
0.0764863
0.0733657
0.0700438
0.0665431
0.0628883
0.0591069
0.0552266
0.0512773
0.0472857
0.0432817
0.0392868
0.0353315
0.0314249
0.027602
0.0238353
0.0201605
0.0943393
0.0941614
0.093813
0.0932942
0.092598
0.0917137
0.0906291
0.0893321
0.0878124
0.086062
0.0840764
0.0818551
0.0794015
0.0767236
0.0738336
0.0707477
0.0674854
0.0640695
0.0605242
0.0568763
0.0531519
0.0493787
0.0455812
0.0417868
0.0380142
0.0342909
0.0306237
0.0270442
0.0235243
0.020097
0.0923927
0.0921948
0.0918092
0.0912387
0.0904804
0.0895272
0.0883704
0.0870019
0.0854147
0.0836047
0.0815707
0.0793152
0.0768447
0.0741694
0.0713033
0.0682639
0.0650712
0.061748
0.058318
0.0548068
0.0512387
0.0476396
0.0440316
0.0404395
0.0368799
0.0333769
0.0299359
0.0265852
0.0232962
0.0200997
0.0904337
0.0902177
0.0897982
0.0891813
0.0883675
0.0873534
0.086134
0.0847045
0.0830616
0.0812045
0.0791352
0.0768589
0.0743845
0.0717242
0.0688935
0.0659107
0.062796
0.059572
0.0562615
0.0528886
0.0494763
0.0460481
0.0426242
0.0392269
0.0358704
0.0325766
0.0293488
0.0262126
0.0231397
0.0201581
0.0884669
0.0882346
0.0877848
0.0871267
0.0862641
0.0851971
0.0839244
0.0824444
0.0807571
0.0788649
0.0767724
0.0744875
0.0720212
0.0693871
0.0666018
0.0636842
0.0606544
0.0575344
0.0543462
0.0511123
0.047854
0.0445929
0.0413472
0.0381366
0.0349737
0.0318777
0.0288507
0.0259156
0.0230444
0.020263
0.086497
0.0862503
0.0857739
0.0850797
0.0841749
0.0830631
0.081746
0.0802256
0.0785048
0.0765886
0.0744844
0.0722023
0.0697546
0.0671567
0.0644255
0.0615802
0.0586408
0.0556285
0.052564
0.0494686
0.0463618
0.0432632
0.0401891
0.0371572
0.0341782
0.0312691
0.0284309
0.025684
0.0230011
0.020406
0.084529
0.0842696
0.0837702
0.0830452
0.0821048
0.0809558
0.0796033
0.078052
0.0763079
0.0743783
0.072273
0.0700036
0.0675843
0.065031
0.0623613
0.0595943
0.0567495
0.0538472
0.050907
0.0479486
0.0449899
0.0420488
0.0391396
0.0362781
0.0334735
0.0307407
0.0280797
0.0255088
0.0230015
0.0205797
0.0825677
0.0822976
0.0817788
0.081028
0.0800583
0.0788797
0.0775002
0.0759273
0.0741693
0.0722361
0.0701392
0.0678918
0.0655092
0.063008
0.0604059
0.0577218
0.0549746
0.0521836
0.0493673
0.0465437
0.0437293
0.04094
0.0381888
0.0354895
0.0328498
0.030283
0.0277882
0.0253817
0.023038
0.0207773
0.0806182
0.0803393
0.0798045
0.0790328
0.0780401
0.0768392
0.0754406
0.0738546
0.0720918
0.0701638
0.0680839
0.0658668
0.0635281
0.0610852
0.0585557
0.055958
0.0533104
0.0506311
0.0479373
0.0452457
0.0425711
0.0399279
0.0373275
0.0347822
0.0322984
0.0298876
0.0275484
0.0252954
0.023104
0.0209929
0.0786857
0.0783997
0.0778524
0.0770646
0.0760548
0.0748383
0.0734283
0.0718372
0.0700776
0.068163
0.0661079
0.0639279
0.0616395
0.05926
0.056807
0.0542982
0.0517512
0.0491831
0.0466099
0.0440468
0.0415072
0.0390041
0.0365474
0.0341479
0.031811
0.0295467
0.0273531
0.0252432
0.0231936
0.0212213
0.0767753
0.076484
0.0759273
0.075128
0.0741067
0.0728811
0.0714666
0.0698777
0.0681288
0.0662348
0.0642113
0.0620746
0.0598417
0.0575297
0.055156
0.0527377
0.0502915
0.0478334
0.0453781
0.0429396
0.0405299
0.0381607
0.0358405
0.0335789
0.0313803
0.0292534
0.0271959
0.0252192
0.0233013
0.0214579
0.0748922
0.0745971
0.0740341
0.0732276
0.0722
0.0709713
0.0695589
0.0679789
0.0662473
0.0643802
0.0623942
0.060306
0.0581326
0.0558914
0.0535989
0.0512719
0.0489259
0.0465759
0.0442354
0.0419172
0.0396322
0.0373905
0.0351998
0.0330682
0.0309996
0.0290013
0.0270707
0.025218
0.0234227
0.0216987
0.0730414
0.0727441
0.0721777
0.071368
0.0703391
0.0691127
0.0677081
0.0661431
0.0644347
0.0626001
0.0606564
0.0586209
0.0565105
0.0543422
0.0521321
0.0498962
0.0476492
0.0454048
0.0431757
0.0409733
0.0388073
0.0366869
0.0346187
0.0326096
0.0306629
0.0287847
0.0269726
0.0252352
0.0235535
0.0219401
0.071228
0.0709299
0.0703629
0.0695536
0.0685278
0.0673088
0.0659174
0.0643725
0.0626924
0.060895
0.0589978
0.0570182
0.0549732
0.0528792
0.050752
0.0486065
0.0464565
0.0443149
0.0421932
0.0401018
0.0380494
0.0360439
0.0340912
0.0321973
0.0303647
0.0285988
0.0268969
0.0252666
0.0236902
0.0221793
0.0694572
0.0691596
0.0685943
0.0677888
0.0667701
0.0655629
0.0641892
0.0626691
0.0610217
0.0592653
0.0574179
0.0554968
0.0535187
0.0514998
0.0494549
0.0473984
0.0453432
0.0433012
0.0412827
0.0392973
0.0373527
0.0354559
0.033612
0.0318261
0.0301002
0.0284389
0.0268395
0.0253085
0.0238298
0.0224136
0.0677337
0.0674379
0.0668765
0.0660778
0.0650699
0.0638783
0.0625263
0.0610349
0.0594237
0.0577115
0.0559162
0.0540553
0.0521451
0.0502011
0.0482377
0.0462683
0.0443051
0.0423589
0.0404393
0.0385548
0.0367123
0.034918
0.0331762
0.0314914
0.0298651
0.0283012
0.026797
0.0253581
0.0239697
0.0226409
0.0660627
0.0657696
0.065214
0.0644248
0.0634306
0.0622581
0.0609312
0.0594716
0.0578994
0.0562337
0.0544924
0.0526926
0.0508504
0.0489806
0.0470972
0.0452126
0.0433381
0.0414838
0.0396585
0.0378697
0.0361236
0.0344256
0.0327796
0.0311892
0.0296557
0.0281822
0.0267662
0.0254125
0.0241076
0.0228595
0.0644489
0.0641595
0.0636114
0.0628338
0.061856
0.0607053
0.0594062
0.0579809
0.0564499
0.0548322
0.0531458
0.0514075
0.0496328
0.0478361
0.0460304
0.0442278
0.0424385
0.040672
0.0389362
0.0372378
0.0355825
0.0339749
0.0324183
0.0309159
0.0294686
0.028079
0.0267447
0.0254695
0.0242416
0.0230679
0.062897
0.062612
0.0620728
0.0613088
0.0603495
0.0592227
0.0579535
0.0565644
0.055076
0.0535074
0.0518762
0.0501989
0.0484906
0.0467652
0.0450349
0.043311
0.0416032
0.0399201
0.0382688
0.0366556
0.0350854
0.0335623
0.0320891
0.0306684
0.029301
0.027989
0.02673
0.0255274
0.0243704
0.023265
0.0614119
0.0611319
0.0606027
0.0598537
0.0589146
0.0578134
0.0565756
0.0552239
0.0537788
0.0522595
0.0506832
0.049066
0.0474225
0.045766
0.0441082
0.0424595
0.0408291
0.0392248
0.0376532
0.0361199
0.0346292
0.0331847
0.0317889
0.030444
0.0291505
0.0279101
0.0267205
0.0255846
0.0244927
0.02345
0.059998
0.0597236
0.0592053
0.0584724
0.0575545
0.0564801
0.0552746
0.0539608
0.0525593
0.0510889
0.0495665
0.0480079
0.0464272
0.0448369
0.0432482
0.041671
0.0401137
0.0385836
0.0370866
0.0356278
0.0342111
0.0328396
0.0315154
0.0302405
0.029015
0.0278404
0.0267146
0.0256398
0.0246076
0.0236223
0.0586602
0.0583916
0.0578847
0.0571686
0.0562728
0.0552258
0.0540529
0.052777
0.0514186
0.0499961
0.0485263
0.0470243
0.0455036
0.0439765
0.0424533
0.0409435
0.0394548
0.037994
0.0365666
0.035177
0.0338287
0.0325247
0.0312665
0.0300558
0.0288928
0.0277785
0.026711
0.0256921
0.0247144
0.0237813
0.0574031
0.0571405
0.0566453
0.0559463
0.0550729
0.0540532
0.0529128
0.0516743
0.050358
0.048982
0.0475626
0.0461147
0.0446511
0.0431836
0.0417221
0.0402754
0.0388507
0.0374543
0.0360912
0.0347655
0.0334803
0.0322381
0.0310404
0.0298886
0.0287826
0.0277233
0.0267089
0.0257408
0.0248125
0.023927
0.0562313
0.0559748
0.0554914
0.0548095
0.0539583
0.0529656
0.0518569
0.0506547
0.0493788
0.0480473
0.046676
0.0452791
0.0438693
0.0424576
0.0410536
0.0396653
0.0382998
0.0369628
0.0356588
0.0343917
0.0331641
0.0319784
0.0308359
0.0297375
0.0286833
0.0276738
0.0267075
0.0257854
0.0249018
0.0240592
0.0551496
0.0548991
0.0544273
0.0537622
0.0529325
0.051966
0.0508878
0.0497202
0.0484829
0.0471933
0.0458671
0.0445179
0.0431581
0.0417981
0.040447
0.0391126
0.0378012
0.0365184
0.0352683
0.0340544
0.0328792
0.0317446
0.0306518
0.0296016
0.028594
0.0276294
0.0267064
0.0258255
0.0249821
0.0241778
0.0541631
0.0539184
0.0534577
0.0528087
0.0519996
0.0510579
0.0500085
0.0488734
0.047672
0.0464215
0.0451369
0.0438318
0.0425178
0.041205
0.0399021
0.0386166
0.0373543
0.0361204
0.0349189
0.0337528
0.0326245
0.0315357
0.0304874
0.0294803
0.0285144
0.0275898
0.0267052
0.025861
0.0250532
0.0242831
0.0532769
0.0530376
0.0525874
0.0519534
0.0511636
0.050245
0.0492222
0.0481171
0.0469486
0.0457337
0.044487
0.0432217
0.041949
0.0406788
0.0394192
0.0381773
0.0369589
0.0357686
0.0346101
0.0334865
0.0323997
0.0313514
0.0303424
0.0293733
0.028444
0.0275545
0.0267038
0.0258918
0.0251154
0.0243752
0.0524965
0.0522622
0.0518215
0.0512013
0.050429
0.0495313
0.0485325
0.0474543
0.0463153
0.0451322
0.0439193
0.0426893
0.0414531
0.0402203
0.0389988
0.0377952
0.0366151
0.0354629
0.034342
0.0332553
0.0322047
0.0311915
0.0302165
0.0292803
0.0283827
0.0275237
0.0267021
0.025918
0.0251686
0.0244543
0.0518278
0.0515979
0.0511657
0.0505576
0.0498007
0.0489213
0.0479436
0.0468888
0.0457755
0.0446198
0.043436
0.0422365
0.0410317
0.039831
0.038642
0.0374712
0.0363237
0.0352039
0.034115
0.0330596
0.0320395
0.0310561
0.0301099
0.0292015
0.0283307
0.0274972
0.0267003
0.0259397
0.025213
0.0245203
0.0512771
0.0510509
0.0506258
0.050028
0.049284
0.0484201
0.04746
0.0464248
0.0453328
0.0442
0.0430404
0.0418659
0.0406871
0.0395129
0.0383506
0.0372066
0.0360859
0.0349926
0.0339298
0.0329
0.0319049
0.0309456
0.0300229
0.0291371
0.028288
0.0274755
0.0266986
0.0259569
0.0252488
0.0245738
0.0508515
0.0506282
0.0502087
0.0496189
0.0488852
0.0480334
0.0470871
0.0460671
0.0449918
0.0438768
0.0427359
0.041581
0.0404222
0.0392684
0.0381268
0.0370035
0.0359034
0.0348305
0.0337877
0.0327775
0.0318016
0.0308609
0.0299562
0.0290877
0.0282552
0.0274586
0.026697
0.0259699
0.0252758
0.0246141
0.0505587
0.0503374
0.0499218
0.0493377
0.0486112
0.0477678
0.046831
0.0458216
0.0447578
0.0436551
0.0425271
0.0413856
0.0402407
0.039101
0.0379736
0.0368645
0.0357785
0.0347195
0.0336905
0.0326938
0.0317309
0.0308029
0.0299105
0.0290538
0.0282327
0.0274469
0.0266958
0.0259787
0.0252943
0.0246421
0.0504075
0.0501872
0.0497736
0.0491924
0.0484697
0.0476307
0.0466988
0.045695
0.0446371
0.0435407
0.0424195
0.041285
0.0401472
0.0390147
0.0378946
0.0367929
0.0357142
0.0346624
0.0336405
0.0326506
0.0316945
0.030773
0.0298869
0.0290363
0.0282211
0.0274409
0.0266951
0.025983
0.0253034
0.0246555
0.139504
0.140195
0.141599
0.143595
0.14617
0.14928
0.152912
0.157051
0.161696
0.166844
0.172503
0.178674
0.185377
0.192606
0.200401
0.20876
0.217704
0.227253
0.237422
0.24822
0.259711
0.271849
0.284684
0.298211
0.312458
0.327369
0.343023
0.359275
0.376303
0.393665
0.139469
0.140159
0.141562
0.143557
0.14613
0.149238
0.152868
0.157004
0.161646
0.166791
0.172445
0.178612
0.18531
0.192532
0.200321
0.208674
0.217607
0.227148
0.237302
0.248072
0.259562
0.271683
0.284492
0.297985
0.312215
0.327102
0.342725
0.358941
0.375938
0.393323
0.139427
0.140116
0.141518
0.143512
0.146083
0.149188
0.152815
0.156948
0.161585
0.166725
0.172374
0.178535
0.185227
0.192438
0.200217
0.208559
0.217474
0.226998
0.237134
0.247851
0.259341
0.271441
0.284232
0.297695
0.31185
0.326674
0.342227
0.358359
0.375261
0.392502
0.139377
0.140066
0.141467
0.143458
0.146027
0.149129
0.152753
0.156881
0.161514
0.166648
0.17229
0.178442
0.185126
0.192322
0.200088
0.208411
0.217304
0.226805
0.236936
0.247737
0.259076
0.27112
0.28385
0.297234
0.311324
0.326064
0.341517
0.357524
0.374286
0.391342
0.13932
0.140008
0.141408
0.143397
0.145963
0.149062
0.152681
0.156805
0.161432
0.166559
0.172193
0.178335
0.185009
0.192178
0.199932
0.208235
0.217134
0.226602
0.236682
0.247405
0.258719
0.270707
0.283365
0.296664
0.31066
0.325283
0.3406
0.356443
0.373019
0.389841
0.139256
0.139943
0.141341
0.143328
0.145891
0.148986
0.152601
0.156719
0.161339
0.166458
0.172082
0.178212
0.184869
0.192004
0.199776
0.208054
0.216903
0.226328
0.23637
0.247031
0.258298
0.270213
0.282786
0.295984
0.309858
0.324333
0.33948
0.355117
0.371461
0.38799
0.139185
0.139871
0.141267
0.143251
0.145811
0.148902
0.152512
0.156623
0.161235
0.166345
0.171957
0.178068
0.184707
0.191921
0.19958
0.207817
0.216635
0.226021
0.236014
0.246613
0.257813
0.269641
0.282109
0.295186
0.308913
0.323212
0.338155
0.353545
0.369613
0.385792
0.139107
0.139791
0.141185
0.143167
0.145723
0.14881
0.152413
0.156518
0.161121
0.166221
0.17182
0.177901
0.184562
0.191703
0.199351
0.207558
0.216338
0.225679
0.235614
0.246141
0.257261
0.268987
0.281335
0.294269
0.307826
0.32192
0.336627
0.35173
0.367475
0.383247
0.139021
0.139705
0.141096
0.143075
0.145627
0.148709
0.152306
0.156403
0.160997
0.166085
0.171669
0.177799
0.184357
0.191474
0.199104
0.207277
0.216011
0.225299
0.235168
0.245613
0.25664
0.268251
0.280464
0.293234
0.306598
0.320459
0.334897
0.349673
0.36505
0.380359
0.138929
0.139611
0.141
0.142975
0.145523
0.148599
0.15219
0.156278
0.160862
0.165937
0.171532
0.177595
0.184143
0.191237
0.198836
0.20697
0.215653
0.22488
0.234675
0.24503
0.255953
0.267435
0.279495
0.292082
0.30523
0.31883
0.332965
0.347376
0.36234
0.377132
0.138829
0.13951
0.140896
0.142868
0.145411
0.148481
0.152065
0.156144
0.160718
0.165775
0.171355
0.177386
0.183921
0.190982
0.198546
0.206634
0.215262
0.224423
0.234136
0.244392
0.255198
0.266538
0.278429
0.290813
0.303721
0.317033
0.330834
0.34484
0.359348
0.373568
0.138723
0.139401
0.140785
0.142754
0.145292
0.148355
0.151931
0.156
0.160565
0.165641
0.171156
0.177171
0.183683
0.190709
0.198233
0.206272
0.214838
0.223926
0.233551
0.243698
0.254377
0.265562
0.277268
0.289428
0.302074
0.31507
0.328505
0.342067
0.356077
0.369671
0.138609
0.139286
0.140667
0.142631
0.145164
0.148221
0.151789
0.155847
0.160396
0.165455
0.170948
0.176945
0.183428
0.190416
0.197897
0.205883
0.214383
0.223392
0.23292
0.24295
0.25349
0.264505
0.27601
0.287929
0.30029
0.312942
0.325979
0.33906
0.35253
0.365447
0.138488
0.139164
0.140541
0.142502
0.145029
0.148079
0.151638
0.155686
0.160209
0.165251
0.170732
0.176704
0.183157
0.190104
0.197539
0.205467
0.213897
0.22282
0.232244
0.242148
0.252537
0.26337
0.274658
0.286315
0.298368
0.310651
0.323259
0.335822
0.348711
0.360899
0.138361
0.139034
0.140409
0.142365
0.144886
0.147929
0.151479
0.155518
0.160076
0.16504
0.170504
0.176449
0.182869
0.189774
0.197158
0.205024
0.213379
0.22221
0.231522
0.241291
0.251519
0.262156
0.273211
0.284587
0.296311
0.308197
0.320347
0.332356
0.344623
0.356033
0.138226
0.138898
0.140269
0.142221
0.144736
0.14777
0.151312
0.155336
0.159863
0.164821
0.170264
0.17618
0.182565
0.189425
0.196755
0.204556
0.21283
0.221562
0.230756
0.240381
0.250436
0.260864
0.271671
0.282748
0.29412
0.305583
0.317244
0.328663
0.34027
0.350855
0.138085
0.138755
0.140123
0.142069
0.144578
0.147604
0.151136
0.155143
0.159646
0.164593
0.170012
0.175897
0.182244
0.189057
0.196331
0.204061
0.212249
0.220878
0.229946
0.239417
0.249288
0.259494
0.270037
0.280796
0.291795
0.30281
0.313953
0.324747
0.335657
0.345369
0.137937
0.138605
0.139969
0.141911
0.144413
0.14743
0.150954
0.154972
0.159426
0.164354
0.169748
0.1756
0.181908
0.188671
0.195884
0.20354
0.211638
0.220156
0.229091
0.238399
0.248077
0.258048
0.268311
0.278734
0.289338
0.299879
0.310477
0.320613
0.330788
0.339583
0.137782
0.138448
0.139808
0.141745
0.14424
0.147248
0.150763
0.154762
0.159198
0.164106
0.169472
0.17529
0.181556
0.188266
0.195416
0.202994
0.210997
0.219399
0.228192
0.23733
0.246802
0.256525
0.266494
0.276562
0.286752
0.296794
0.306818
0.316262
0.325668
0.333504
0.13762
0.138285
0.139641
0.141572
0.14406
0.147059
0.150559
0.154537
0.158962
0.163847
0.169185
0.174966
0.181188
0.187844
0.194927
0.202423
0.210325
0.218605
0.22725
0.236208
0.245464
0.254927
0.264586
0.274282
0.284036
0.293555
0.302979
0.311699
0.320301
0.327137
0.137452
0.138115
0.139467
0.141393
0.143873
0.146862
0.150341
0.154307
0.158716
0.163577
0.168885
0.17463
0.180805
0.187403
0.194416
0.201826
0.209624
0.217775
0.226265
0.235034
0.244064
0.253253
0.262589
0.271895
0.281192
0.290165
0.298962
0.306927
0.314694
0.32049
0.137277
0.137938
0.139286
0.141206
0.143679
0.14666
0.15015
0.154071
0.158462
0.163298
0.168574
0.17428
0.180407
0.186945
0.193885
0.201205
0.208892
0.216909
0.225237
0.233809
0.242602
0.251506
0.260502
0.269402
0.278223
0.286626
0.29477
0.301951
0.308851
0.313571
0.137096
0.137755
0.139099
0.141013
0.143478
0.146447
0.149912
0.153827
0.158198
0.163008
0.168252
0.173917
0.179994
0.18647
0.193333
0.200559
0.208132
0.216009
0.224167
0.232533
0.241079
0.249685
0.258328
0.266803
0.27513
0.28294
0.290407
0.296774
0.302778
0.306387
0.136908
0.137565
0.138905
0.140813
0.14327
0.146225
0.149673
0.153576
0.157926
0.162709
0.167919
0.173541
0.179566
0.185977
0.19276
0.199889
0.207342
0.215074
0.223055
0.231207
0.239496
0.247792
0.256067
0.264101
0.271914
0.279109
0.285875
0.2914
0.296481
0.298947
0.136713
0.137369
0.138704
0.140607
0.143056
0.146015
0.149432
0.153317
0.157645
0.1624
0.167574
0.173152
0.179123
0.185467
0.192168
0.199195
0.206524
0.214104
0.221901
0.229831
0.237852
0.245826
0.25372
0.261297
0.268577
0.275136
0.281178
0.285834
0.289965
0.291257
0.136513
0.137166
0.138497
0.140394
0.142834
0.14578
0.149184
0.15305
0.157355
0.162081
0.167219
0.172752
0.178666
0.184941
0.191556
0.198478
0.205678
0.213101
0.220707
0.228405
0.236149
0.24379
0.251288
0.258392
0.265121
0.271022
0.276318
0.28008
0.283237
0.283327
0.136306
0.136958
0.138284
0.140175
0.142605
0.145536
0.148929
0.152776
0.157057
0.161753
0.166853
0.172339
0.178195
0.184397
0.190924
0.197737
0.204803
0.212063
0.219472
0.226931
0.234388
0.241683
0.248772
0.255387
0.261547
0.26677
0.271299
0.274141
0.276303
0.275164
0.136092
0.136743
0.138065
0.13995
0.142375
0.145288
0.148667
0.152494
0.15675
0.161415
0.166477
0.171914
0.17771
0.183838
0.190273
0.196973
0.203901
0.210993
0.218197
0.225409
0.232568
0.239507
0.246172
0.252283
0.257858
0.262383
0.266125
0.268023
0.269169
0.266776
0.135873
0.136522
0.13784
0.139718
0.142135
0.145034
0.148398
0.152205
0.156435
0.161069
0.16609
0.171478
0.177212
0.183263
0.189603
0.196186
0.202972
0.20989
0.216882
0.223839
0.230691
0.237262
0.243491
0.249083
0.254054
0.257863
0.260798
0.26173
0.261841
0.258172
0.135647
0.136296
0.137608
0.13948
0.141886
0.144773
0.148122
0.151908
0.156113
0.160713
0.165693
0.171029
0.1767
0.182672
0.188914
0.195377
0.202016
0.208754
0.215529
0.222222
0.228757
0.234949
0.240729
0.245787
0.250139
0.253212
0.255322
0.255265
0.254325
0.249358
0.135416
0.136063
0.137371
0.139239
0.141631
0.144507
0.147839
0.151604
0.155782
0.160349
0.165287
0.17057
0.176175
0.182065
0.188207
0.194547
0.201033
0.207587
0.214136
0.220558
0.226767
0.232569
0.237886
0.242397
0.246112
0.248432
0.2497
0.248632
0.246629
0.240342
0.135178
0.135825
0.137128
0.138989
0.141371
0.144234
0.14755
0.151293
0.155444
0.159976
0.16487
0.1701
0.175637
0.181443
0.187481
0.193694
0.200024
0.206387
0.212705
0.218848
0.224721
0.230122
0.234964
0.238913
0.241976
0.243528
0.243935
0.241836
0.238757
0.231129
0.134935
0.135581
0.136878
0.138733
0.141106
0.143956
0.147254
0.150976
0.155098
0.159595
0.164445
0.169618
0.175086
0.180807
0.186738
0.19282
0.19899
0.205157
0.211237
0.217092
0.22262
0.22761
0.231965
0.235339
0.237733
0.2385
0.23803
0.234882
0.230717
0.221723
0.134686
0.135331
0.136628
0.138471
0.140835
0.143671
0.146952
0.150651
0.154744
0.159205
0.16401
0.169126
0.174523
0.180156
0.185978
0.191925
0.19793
0.203896
0.209731
0.215292
0.220465
0.225034
0.228888
0.231674
0.233384
0.233352
0.231988
0.227771
0.222514
0.212128
0.134431
0.135076
0.136367
0.138205
0.140558
0.143381
0.146644
0.15032
0.154384
0.158808
0.163566
0.168624
0.173948
0.17949
0.1852
0.191009
0.196844
0.202603
0.208188
0.213446
0.218256
0.222392
0.225733
0.22792
0.22893
0.228086
0.225809
0.220509
0.21415
0.20234
0.13417
0.134815
0.136101
0.137932
0.140275
0.143084
0.146329
0.149981
0.154015
0.158401
0.163111
0.168109
0.173358
0.178807
0.184402
0.190069
0.19573
0.201277
0.206603
0.211551
0.215988
0.219682
0.222499
0.224073
0.224368
0.222701
0.219494
0.213097
0.205628
0.192355
0.133904
0.134549
0.135831
0.137655
0.139987
0.142782
0.146009
0.149637
0.15364
0.157987
0.162648
0.167585
0.172757
0.178111
0.183587
0.189109
0.194591
0.19992
0.204982
0.209612
0.213668
0.21691
0.219191
0.220143
0.21971
0.217209
0.213055
0.205556
0.196965
0.182176
0.133633
0.134278
0.135556
0.137374
0.139697
0.142479
0.145688
0.149294
0.153268
0.157578
0.162191
0.167069
0.172165
0.177425
0.182784
0.18816
0.193462
0.198572
0.203366
0.207673
0.211339
0.214121
0.215854
0.216169
0.21499
0.211643
0.206517
0.197904
0.18818
0.171812
0.133356
0.134002
0.135277
0.137091
0.139405
0.142176
0.14537
0.148955
0.152902
0.157177
0.161747
0.166567
0.171591
0.176758
0.182001
0.187231
0.192352
0.197238
0.201757
0.205731
0.208994
0.211295
0.212457
0.212107
0.210146
0.205915
0.199763
0.189991
0.179071
0.161026
0.133073
0.133717
0.134985
0.136787
0.139086
0.141835
0.145003
0.148554
0.152459
0.156681
0.161185
0.165924
0.170849
0.175894
0.180988
0.186038
0.19094
0.195563
0.199767
0.203367
0.206187
0.207972
0.208529
0.207491
0.204731
0.199616
0.192424
0.18153
0.169248
0.149462
0.135198
0.135861
0.137178
0.139054
0.141448
0.144314
0.147618
0.151325
0.155403
0.159816
0.164528
0.169491
0.174656
0.179957
0.185323
0.190659
0.195862
0.200799
0.20533
0.209269
0.21244
0.214585
0.215514
0.214856
0.212491
0.20778
0.201016
0.190565
0.178762
0.159512
0.135431
0.136096
0.13742
0.139306
0.141714
0.144599
0.147928
0.151666
0.155783
0.160245
0.165017
0.170055
0.175313
0.180729
0.186236
0.191743
0.197155
0.202344
0.207179
0.211478
0.215078
0.217723
0.219239
0.219249
0.217661
0.213809
0.208053
0.198696
0.188192
0.170673
0.135657
0.136321
0.137647
0.139536
0.14195
0.144843
0.148184
0.151938
0.156077
0.160568
0.165379
0.170469
0.175793
0.181295
0.18691
0.192555
0.198139
0.203542
0.208641
0.213262
0.217252
0.220363
0.222435
0.223093
0.222264
0.219273
0.214511
0.206287
0.196923
0.181069
0.135878
0.136541
0.13787
0.139763
0.142184
0.145087
0.148442
0.152215
0.156378
0.160902
0.165755
0.170899
0.176292
0.181881
0.187607
0.193389
0.199145
0.204759
0.210116
0.215049
0.219416
0.222976
0.22558
0.226858
0.226756
0.224592
0.220773
0.213639
0.205363
0.191066
0.136094
0.136756
0.138088
0.139987
0.142415
0.14533
0.1487
0.152493
0.156683
0.161241
0.166138
0.171337
0.176801
0.182479
0.188315
0.194236
0.200162
0.205984
0.211596
0.216836
0.221573
0.225572
0.228697
0.230582
0.231189
0.22984
0.226941
0.220888
0.213692
0.20088
0.136303
0.136966
0.138302
0.140205
0.142642
0.145568
0.148952
0.152766
0.156981
0.161573
0.166512
0.171766
0.177298
0.183063
0.189007
0.195062
0.201154
0.207179
0.213038
0.218579
0.223677
0.228105
0.231741
0.234224
0.235527
0.234983
0.232989
0.22801
0.221888
0.210508
0.136507
0.13717
0.13851
0.140417
0.142862
0.145798
0.149198
0.15303
0.157271
0.161894
0.166875
0.172182
0.177781
0.183629
0.189678
0.195863
0.202116
0.20834
0.21444
0.220273
0.225723
0.230572
0.234706
0.237775
0.239761
0.240012
0.238906
0.234988
0.229935
0.219945
0.136704
0.137367
0.13871
0.140624
0.143075
0.146023
0.149436
0.153288
0.157553
0.162207
0.167228
0.172586
0.178251
0.18418
0.190332
0.196643
0.203053
0.209469
0.215805
0.221922
0.227716
0.232974
0.237596
0.241238
0.243892
0.244925
0.244691
0.24182
0.237832
0.2292
0.136896
0.137559
0.138906
0.140825
0.143283
0.146241
0.149668
0.153538
0.157827
0.162512
0.167572
0.17298
0.178708
0.184716
0.190967
0.197402
0.203965
0.210568
0.217132
0.223527
0.229655
0.235313
0.24041
0.244613
0.24792
0.249721
0.250345
0.248501
0.245573
0.238273
0.137081
0.137745
0.139096
0.14102
0.143485
0.146453
0.149894
0.153781
0.158093
0.162808
0.167907
0.173363
0.179152
0.185238
0.191585
0.19814
0.204851
0.211635
0.218422
0.225086
0.231539
0.237587
0.243147
0.247899
0.251843
0.254397
0.255862
0.255029
0.253153
0.247162
0.137261
0.137925
0.139279
0.141206
0.14368
0.146658
0.150112
0.154017
0.158351
0.163095
0.168231
0.173734
0.179583
0.185743
0.192184
0.198855
0.20571
0.212671
0.219674
0.226599
0.233369
0.239795
0.245806
0.251093
0.255659
0.258951
0.261241
0.261398
0.260566
0.255863
0.137434
0.138099
0.139456
0.141388
0.143869
0.146857
0.150324
0.154245
0.158601
0.163373
0.168545
0.174094
0.18
0.186233
0.192765
0.199549
0.206542
0.213674
0.220886
0.228066
0.235142
0.241937
0.248386
0.254195
0.259367
0.263379
0.266478
0.267605
0.267804
0.26437
0.137601
0.138267
0.139627
0.141564
0.144051
0.147049
0.150528
0.154465
0.158843
0.163642
0.168848
0.174441
0.180404
0.186707
0.193327
0.200219
0.207348
0.214646
0.22206
0.229486
0.23686
0.244012
0.250886
0.257202
0.262964
0.267679
0.27157
0.273645
0.274861
0.272675
0.137761
0.138428
0.139792
0.141734
0.144229
0.147234
0.150725
0.154678
0.159076
0.163901
0.169141
0.174777
0.180793
0.187165
0.193869
0.200867
0.208126
0.215584
0.223194
0.230858
0.23852
0.246019
0.253305
0.260114
0.26645
0.271849
0.276513
0.279514
0.281731
0.280773
0.137915
0.138583
0.13995
0.141896
0.144402
0.147412
0.150914
0.154883
0.1593
0.164151
0.169423
0.175101
0.181169
0.187606
0.194392
0.201492
0.208876
0.216489
0.224288
0.232183
0.240122
0.247957
0.255641
0.262929
0.269822
0.275887
0.281304
0.285209
0.288407
0.288653
0.138062
0.138732
0.140102
0.142052
0.144559
0.147583
0.151096
0.155079
0.159516
0.164391
0.169695
0.175412
0.18153
0.18803
0.194895
0.202093
0.209599
0.21736
0.225342
0.233459
0.241666
0.249825
0.257895
0.265645
0.273078
0.279788
0.285939
0.290723
0.294883
0.296309
0.138203
0.138874
0.140247
0.142201
0.14472
0.147747
0.15127
0.155267
0.159722
0.164621
0.169955
0.17571
0.181877
0.188437
0.195378
0.20267
0.210293
0.218197
0.226355
0.234685
0.243151
0.251623
0.260065
0.268262
0.276217
0.283552
0.290416
0.296054
0.301152
0.303731
0.138337
0.139009
0.140385
0.142344
0.14487
0.147903
0.151437
0.155447
0.15992
0.164841
0.170204
0.175995
0.182209
0.188827
0.195841
0.203223
0.210958
0.219
0.227326
0.235862
0.244577
0.253349
0.262149
0.270777
0.279236
0.287176
0.29473
0.301197
0.307208
0.310912
0.138465
0.139138
0.140517
0.14248
0.145011
0.148052
0.151595
0.155619
0.160108
0.165051
0.170441
0.176268
0.182525
0.1892
0.196283
0.203752
0.211594
0.219768
0.228255
0.236989
0.245942
0.255003
0.264148
0.27319
0.282135
0.290657
0.298879
0.306147
0.313045
0.317843
0.138586
0.13926
0.140642
0.142608
0.145144
0.148193
0.151746
0.155782
0.160286
0.16525
0.170667
0.176527
0.182827
0.189555
0.196704
0.204256
0.2122
0.220501
0.229143
0.238065
0.247246
0.256584
0.266059
0.2755
0.284911
0.293993
0.302859
0.310901
0.318658
0.324516
0.1387
0.139376
0.14076
0.14273
0.145271
0.148327
0.151889
0.155936
0.160456
0.165439
0.170881
0.176773
0.183113
0.189891
0.197104
0.204735
0.212777
0.221198
0.229987
0.23909
0.248489
0.258092
0.267882
0.277704
0.287563
0.297183
0.306667
0.315454
0.324039
0.330923
0.138807
0.139484
0.140871
0.142844
0.145389
0.148445
0.152024
0.156081
0.160615
0.165617
0.171083
0.177005
0.183383
0.19021
0.197483
0.205189
0.213324
0.221859
0.230789
0.240063
0.24967
0.259525
0.269617
0.279802
0.290089
0.300223
0.3103
0.319801
0.329184
0.337056
0.138907
0.139586
0.140976
0.142952
0.1455
0.148564
0.15215
0.156217
0.160765
0.165785
0.171272
0.177223
0.183638
0.19051
0.197841
0.205618
0.21384
0.222485
0.231547
0.240984
0.250788
0.260883
0.271261
0.281793
0.292487
0.303111
0.313756
0.32394
0.334088
0.342908
0.139001
0.139681
0.141073
0.143052
0.145604
0.14868
0.152268
0.156344
0.160905
0.165941
0.17145
0.177428
0.183877
0.190792
0.198176
0.20602
0.214326
0.223073
0.232261
0.241852
0.251843
0.262165
0.272815
0.283675
0.294757
0.305847
0.317031
0.327866
0.338745
0.348473
0.139087
0.139769
0.141162
0.143145
0.145701
0.148784
0.152377
0.156462
0.161035
0.166086
0.171615
0.177619
0.1841
0.191055
0.19849
0.206397
0.214781
0.223625
0.232931
0.242668
0.252834
0.263371
0.274277
0.285448
0.296896
0.308427
0.320123
0.331576
0.34315
0.353742
0.139167
0.139849
0.141245
0.14323
0.145789
0.148878
0.152478
0.156571
0.161155
0.166221
0.171768
0.177795
0.184306
0.191299
0.198782
0.206748
0.215205
0.224139
0.233557
0.24343
0.253761
0.264499
0.275647
0.28711
0.298903
0.31085
0.32303
0.335067
0.347298
0.358709
0.139239
0.139923
0.141321
0.143308
0.145871
0.148964
0.152569
0.156671
0.161265
0.166344
0.171908
0.177957
0.184496
0.191524
0.199051
0.207072
0.215597
0.224616
0.234137
0.244138
0.254624
0.26555
0.276923
0.28866
0.300776
0.313114
0.325748
0.338334
0.351185
0.363369
0.139305
0.13999
0.141389
0.143379
0.145944
0.149041
0.152652
0.156761
0.161364
0.166456
0.172036
0.178105
0.184669
0.19173
0.199298
0.20737
0.215958
0.225056
0.234673
0.244791
0.255421
0.266523
0.278106
0.290097
0.302516
0.315217
0.328275
0.341375
0.354807
0.367715
0.139363
0.140049
0.14145
0.143442
0.146009
0.14911
0.152726
0.156842
0.161454
0.166556
0.172151
0.178238
0.184826
0.191917
0.199522
0.207641
0.216287
0.225457
0.235163
0.24539
0.256153
0.267417
0.279194
0.291421
0.304119
0.317159
0.33061
0.344187
0.35816
0.371741
0.139414
0.140101
0.141503
0.143497
0.146067
0.149171
0.152791
0.156913
0.161532
0.166645
0.172252
0.178357
0.184966
0.192084
0.199723
0.207885
0.216585
0.22582
0.235607
0.245935
0.256819
0.268231
0.280187
0.292631
0.305586
0.318936
0.332751
0.346767
0.361239
0.375444
0.139458
0.140146
0.14155
0.143545
0.146117
0.149224
0.152847
0.156974
0.161601
0.166722
0.172341
0.178461
0.185089
0.192231
0.199901
0.208102
0.21685
0.226145
0.236006
0.246424
0.257418
0.268966
0.281084
0.293725
0.306915
0.320548
0.334695
0.349113
0.364042
0.378817
0.139495
0.140184
0.141588
0.143585
0.146158
0.149268
0.152894
0.157026
0.161658
0.166787
0.172417
0.17855
0.185195
0.192359
0.200056
0.208292
0.217083
0.226431
0.236358
0.246857
0.257951
0.26962
0.281885
0.294704
0.308105
0.321994
0.33644
0.351222
0.366565
0.381858
0.139525
0.140215
0.14162
0.143617
0.146192
0.149304
0.152932
0.157068
0.161705
0.166841
0.17248
0.178624
0.185285
0.192467
0.200188
0.208454
0.217283
0.226679
0.236663
0.247235
0.258417
0.270194
0.282589
0.295566
0.309156
0.323273
0.337986
0.353092
0.368805
0.384561
0.139548
0.140238
0.141643
0.143641
0.146217
0.149333
0.152962
0.1571
0.161742
0.166883
0.172529
0.178683
0.185356
0.192555
0.200297
0.208589
0.21745
0.226888
0.236923
0.247556
0.258816
0.270687
0.283196
0.296311
0.310066
0.324383
0.339331
0.354722
0.370761
0.386923
0.139563
0.140254
0.14166
0.143658
0.146235
0.149353
0.152982
0.157123
0.161768
0.166913
0.172565
0.178727
0.185411
0.192623
0.200382
0.208697
0.217585
0.227057
0.237135
0.247822
0.259147
0.271099
0.283704
0.296939
0.310835
0.325324
0.340473
0.356109
0.372428
0.388941
0.139571
0.140262
0.141668
0.143667
0.146244
0.149357
0.152994
0.157136
0.161783
0.166932
0.172588
0.178756
0.185449
0.19267
0.200444
0.208776
0.217688
0.227188
0.237301
0.24803
0.25941
0.271429
0.284115
0.297448
0.311463
0.326094
0.341411
0.357253
0.373807
0.390612
0.139572
0.140263
0.14167
0.143668
0.146245
0.149359
0.152996
0.157139
0.161787
0.166938
0.172598
0.17877
0.185469
0.192698
0.200483
0.208829
0.217757
0.227279
0.237419
0.248182
0.259606
0.271677
0.284427
0.297839
0.311948
0.326693
0.342146
0.358151
0.374894
0.391935
0.139566
0.140257
0.141663
0.143662
0.146239
0.149353
0.152988
0.157131
0.16178
0.166932
0.172594
0.178769
0.185472
0.192706
0.200498
0.208853
0.217793
0.227331
0.237491
0.248277
0.259734
0.271843
0.284641
0.298112
0.312291
0.327121
0.342674
0.358803
0.375688
0.392906
0.139553
0.140244
0.141649
0.143647
0.146224
0.149337
0.152972
0.157115
0.161763
0.166915
0.172577
0.178753
0.185457
0.192693
0.200489
0.20885
0.217796
0.227344
0.237515
0.248315
0.259794
0.271928
0.284756
0.298268
0.312491
0.327377
0.342998
0.359209
0.37619
0.393525
0.139532
0.140223
0.141628
0.143625
0.146201
0.149313
0.152946
0.157088
0.161735
0.166886
0.172547
0.178721
0.185426
0.19266
0.200457
0.208819
0.217767
0.227318
0.237493
0.248297
0.259787
0.271931
0.284772
0.298304
0.312549
0.327461
0.343115
0.359367
0.376394
0.393781
0.0574261
0.0572097
0.0568037
0.0562328
0.0555223
0.0546969
0.0537796
0.0527907
0.0517481
0.0506671
0.0495608
0.0484409
0.0473172
0.0461982
0.045091
0.0440016
0.0429347
0.0418943
0.0408833
0.039904
0.0389581
0.0380467
0.0371703
0.0363293
0.0355236
0.0347528
0.0340163
0.0333134
0.032643
0.0320043
0.0575746
0.0573573
0.0569495
0.0563758
0.0556617
0.0548322
0.0539102
0.0529161
0.0518678
0.0507806
0.0496678
0.0485411
0.0474103
0.0462841
0.0451697
0.0440729
0.0429987
0.041951
0.0409328
0.0399465
0.0389937
0.0380755
0.0371926
0.0363453
0.0355334
0.0347567
0.0340146
0.0333064
0.032631
0.0319876
0.0578622
0.0576431
0.0572316
0.0566526
0.0559319
0.0550943
0.0541633
0.0531591
0.0520998
0.0510008
0.0498754
0.0487356
0.0475912
0.0464511
0.0453226
0.0442116
0.0431232
0.0420614
0.0410292
0.0400291
0.0390629
0.0381316
0.037236
0.0363763
0.0355526
0.0347645
0.0340114
0.0332927
0.0326068
0.0319534
0.0582802
0.0580584
0.0576416
0.0570552
0.0563248
0.0554759
0.0545319
0.0535132
0.052438
0.0513218
0.0501783
0.0490194
0.0478554
0.0466951
0.045546
0.0444144
0.0433053
0.0422229
0.0411703
0.0401502
0.0391643
0.0382139
0.0372996
0.036422
0.0355809
0.0347761
0.0340068
0.0332727
0.0325719
0.0319043
0.0588208
0.0585956
0.0581722
0.0575762
0.0568338
0.0559705
0.0550098
0.0539726
0.0528771
0.0517389
0.0505721
0.0493887
0.0481993
0.047013
0.0458373
0.0446789
0.043543
0.0424338
0.0413548
0.0403086
0.0392971
0.0383217
0.0373832
0.0364821
0.0356182
0.0347915
0.0340012
0.033247
0.0325266
0.0318401
0.0594771
0.0592478
0.0588167
0.0582095
0.0574528
0.0565723
0.0555919
0.0545326
0.0534126
0.0522481
0.0510532
0.0498403
0.0486202
0.0474023
0.0461945
0.0450035
0.0438348
0.042693
0.0415817
0.0405036
0.0394608
0.0384548
0.0374865
0.0365565
0.0356647
0.0348112
0.0339949
0.0332159
0.0324713
0.0317617
0.0602426
0.0600088
0.0595689
0.0589491
0.0581762
0.0572764
0.0562735
0.0551889
0.0540409
0.0528461
0.0516188
0.0503717
0.049116
0.0478614
0.046616
0.045387
0.04418
0.0429999
0.0418506
0.0407349
0.0396552
0.0386132
0.0376097
0.0366456
0.0357207
0.0348353
0.0339883
0.0331799
0.0324066
0.0316694
0.0611114
0.0608727
0.0604233
0.0597898
0.0589993
0.0580781
0.0570505
0.0559378
0.0547588
0.0535302
0.0522666
0.0509811
0.0496852
0.048389
0.0471011
0.0458288
0.0445782
0.0433544
0.0421616
0.0410029
0.0398808
0.0387973
0.0377533
0.0367498
0.0357868
0.0348646
0.033982
0.0331396
0.032333
0.031564
0.062078
0.0618341
0.0613747
0.0607266
0.0599174
0.0589735
0.0579193
0.0567763
0.0555636
0.0542981
0.0529947
0.051667
0.0503268
0.0489846
0.0476494
0.0463289
0.0450295
0.0437568
0.0425151
0.0413081
0.0401383
0.0390078
0.0379181
0.03687
0.0358638
0.0348998
0.0339768
0.0330957
0.0322512
0.0314458
0.0631372
0.0628879
0.0624182
0.0617551
0.0609264
0.0599587
0.0588766
0.0577016
0.056453
0.055148
0.0538019
0.0524286
0.0510403
0.049648
0.048261
0.0468876
0.0455346
0.0442078
0.0429121
0.0416514
0.0404285
0.039246
0.0381051
0.0370073
0.0359526
0.0349419
0.0339736
0.0330489
0.0321619
0.0313156
0.0642837
0.0640291
0.063549
0.0628708
0.0620223
0.0610303
0.0599193
0.0587111
0.0574251
0.0560785
0.0546871
0.0532652
0.0518255
0.0503792
0.0489364
0.0475056
0.0460943
0.0447086
0.0433539
0.0420343
0.0407531
0.039513
0.0383158
0.0371629
0.0360547
0.0349921
0.0339734
0.0330004
0.032066
0.0311741
0.0655128
0.065253
0.0647627
0.0640695
0.0632014
0.062185
0.0610449
0.0598027
0.058478
0.0570883
0.0556496
0.0541767
0.0526825
0.051179
0.0496765
0.0481843
0.0467101
0.0452608
0.043842
0.0424584
0.0411136
0.0398108
0.0385519
0.0373387
0.0361715
0.0350518
0.0339777
0.0329514
0.0319646
0.0310223
0.0668196
0.0665549
0.0660549
0.0653473
0.06446
0.0634197
0.0622506
0.0609743
0.0596104
0.0581765
0.0566891
0.055163
0.0536119
0.0520481
0.0504825
0.0489249
0.0473837
0.0458662
0.0443785
0.0429258
0.0415123
0.0401414
0.0388154
0.0375364
0.036305
0.0351229
0.033988
0.0329032
0.031859
0.0308613
0.0681993
0.0679301
0.0674211
0.0667
0.0657946
0.0647313
0.0635339
0.0622239
0.0608208
0.0593424
0.0578052
0.0562245
0.0546145
0.0529878
0.051356
0.0497295
0.0481172
0.046527
0.0449658
0.0434391
0.0419517
0.0405074
0.0391088
0.0377586
0.0364574
0.0352074
0.0340063
0.0328577
0.0317506
0.0306924
0.0696472
0.0693739
0.0688569
0.0681237
0.0672017
0.0661167
0.0648923
0.0635497
0.0621081
0.0605852
0.0589979
0.0573617
0.0556911
0.0539995
0.0522988
0.0506001
0.048913
0.0472461
0.0456066
0.0440011
0.0424346
0.0409115
0.0394348
0.0380078
0.0366311
0.0353077
0.0340347
0.0328168
0.0316414
0.0305171
0.0711584
0.0708819
0.0703581
0.0696144
0.0686776
0.067573
0.0663236
0.0649499
0.063471
0.0619045
0.0602673
0.0585752
0.0568431
0.0550848
0.053313
0.0515392
0.0497738
0.0480262
0.0463042
0.044615
0.0429642
0.041357
0.0397967
0.0382871
0.0368292
0.0354264
0.0340758
0.0327828
0.0315333
0.0303373
0.0727281
0.0724491
0.0719202
0.0711681
0.0702189
0.0690972
0.0678251
0.0664227
0.0649083
0.0632997
0.0616135
0.0598658
0.0580718
0.0562457
0.0544009
0.0525495
0.0507028
0.0488707
0.0470619
0.0452843
0.0435442
0.0418474
0.0401979
0.0385999
0.0370548
0.0355667
0.0341323
0.0327583
0.0314286
0.030155
0.0743515
0.0740711
0.0735387
0.0727805
0.0718218
0.0706861
0.0693945
0.0679661
0.0664191
0.0647704
0.0630368
0.0612344
0.0593786
0.0574842
0.055565
0.0536341
0.0517032
0.0497832
0.0478836
0.046013
0.0441786
0.0423868
0.0406423
0.0389501
0.0373116
0.0357319
0.0342076
0.0327462
0.0313301
0.0299727
0.0760237
0.0757428
0.075209
0.0744476
0.0734827
0.0723365
0.071029
0.0695784
0.0680019
0.066316
0.0645373
0.0626818
0.0607651
0.0588025
0.0568082
0.0547961
0.0527786
0.0507676
0.0487734
0.0468054
0.0448717
0.0429796
0.0411343
0.0393417
0.0376037
0.0359259
0.0343051
0.0327498
0.0312407
0.0297929
0.0777395
0.0774595
0.0769265
0.076165
0.0751976
0.0740452
0.0727261
0.0712575
0.0696555
0.0679361
0.0661153
0.064209
0.062233
0.0602028
0.0581333
0.0560389
0.053933
0.0518282
0.0497358
0.0476663
0.0456284
0.0436305
0.0416786
0.0397794
0.0379353
0.036153
0.0344288
0.0327729
0.0311637
0.0296187
0.079494
0.0792162
0.0786866
0.0779284
0.0769628
0.0758086
0.074483
0.0730012
0.0713785
0.0696299
0.0677709
0.065817
0.063784
0.0616876
0.0595434
0.0573662
0.0551704
0.0529695
0.0507756
0.0486005
0.0464537
0.0443448
0.0422804
0.0402683
0.0383115
0.0364176
0.034583
0.0328193
0.0311029
0.0294534
0.0812822
0.0810079
0.0804845
0.0797334
0.078774
0.0776234
0.0762966
0.0748073
0.0731694
0.0713968
0.069504
0.0675065
0.0654196
0.0632594
0.0610415
0.0587818
0.0564952
0.0541962
0.0518981
0.0496135
0.0473534
0.045128
0.0429453
0.0408139
0.0387375
0.036725
0.0347727
0.0328936
0.0310624
0.0293009
0.0830987
0.0828297
0.0823153
0.0815754
0.0806273
0.0794858
0.0781638
0.0766733
0.0750264
0.0732356
0.0713147
0.0692783
0.0671415
0.0649203
0.0626309
0.0602894
0.0579117
0.0555133
0.0531085
0.0507112
0.0483331
0.0459863
0.0436792
0.0414221
0.0392192
0.0370806
0.0350028
0.0330006
0.0310467
0.029165
0.0849386
0.0846764
0.0841741
0.0834497
0.0825182
0.081392
0.0800815
0.0785966
0.0769475
0.0751454
0.0732027
0.071133
0.0689512
0.066673
0.0643147
0.0618932
0.0594248
0.0569262
0.0544127
0.0518994
0.0493994
0.0469259
0.0444887
0.0420992
0.0397626
0.0374904
0.0352792
0.0331457
0.0310605
0.0290504
0.0867967
0.086543
0.0860561
0.0853518
0.0844425
0.0833379
0.082046
0.0805743
0.0789308
0.0771248
0.0751674
0.0730711
0.07085
0.0685196
0.0660962
0.063597
0.0610392
0.0584402
0.0558166
0.0531847
0.050559
0.047954
0.0453807
0.0428523
0.0403746
0.0379609
0.035608
0.0333345
0.0311094
0.0289618
0.0886679
0.0884245
0.0879562
0.0872767
0.0863956
0.0853196
0.0840538
0.0826033
0.0809737
0.0791722
0.0772082
0.0750928
0.0728392
0.0704623
0.0679784
0.065405
0.0627597
0.060061
0.0573264
0.0545738
0.0518188
0.0490777
0.0463627
0.0436886
0.0410624
0.0384991
0.0359959
0.0335734
0.031199
0.0289046
0.0905471
0.0903157
0.0898696
0.0892198
0.0883729
0.0873326
0.0861011
0.0846804
0.0830736
0.0812857
0.0793239
0.0771979
0.0749196
0.0725031
0.0699644
0.0673211
0.0645913
0.0617943
0.0589487
0.0560737
0.0531865
0.0503048
0.0474425
0.0446161
0.0418338
0.0391126
0.0364499
0.0338691
0.0313357
0.0288846
0.0924293
0.0922119
0.0917914
0.0911762
0.0903699
0.0893727
0.0881837
0.0868019
0.0852276
0.0834631
0.0815134
0.0793862
0.0770919
0.0746438
0.072057
0.0693492
0.0665388
0.0636459
0.06069
0.0576918
0.0546697
0.0516435
0.0486286
0.0456432
0.0426971
0.0398093
0.036978
0.0342289
0.0315262
0.0289077
0.0943097
0.0941079
0.0937166
0.0931412
0.0923818
0.0914354
0.0902976
0.0889643
0.0874325
0.085702
0.0837749
0.0816569
0.0793566
0.0768857
0.0742589
0.0714931
0.0686072
0.0656217
0.0625572
0.0594355
0.0562768
0.0531025
0.0499297
0.0467789
0.0436612
0.040598
0.0375884
0.0346606
0.0317778
0.0289809
0.0961834
0.0959992
0.0956405
0.0951098
0.0944038
0.093516
0.0924383
0.0911633
0.0896849
0.0879994
0.0861064
0.084009
0.0817134
0.0792301
0.0765723
0.0737564
0.0708012
0.0677276
0.0645571
0.0613127
0.0580162
0.0546907
0.0513553
0.0480327
0.0447357
0.0414881
0.03829
0.0351727
0.0320984
0.0291112
0.0980458
0.097881
0.0975584
0.0970775
0.0964313
0.0956098
0.0946013
0.0933948
0.0919808
0.0903522
0.0885055
0.0864408
0.0841621
0.0816776
0.0789992
0.0761424
0.0731255
0.0699696
0.0666968
0.0633315
0.0598967
0.0564177
0.0529153
0.0494147
0.0459306
0.0424893
0.0390924
0.0357743
0.0324964
0.0293065
0.0998925
0.0997487
0.0994656
0.0990394
0.0984595
0.0977121
0.096782
0.0956544
0.0943162
0.0927568
0.0909692
0.0889504
0.0867016
0.0842286
0.0815413
0.0786541
0.0755843
0.0723532
0.0689832
0.0654998
0.0619274
0.0582933
0.0546202
0.0509357
0.0472567
0.0436125
0.0400061
0.0364752
0.0329811
0.029575
0.101719
0.101598
0.101358
0.100991
0.100484
0.0998182
0.0989755
0.0979374
0.0966867
0.0952093
0.0934943
0.0915355
0.0893306
0.0868828
0.0841997
0.0812939
0.0781817
0.074884
0.0714233
0.067826
0.0641177
0.0603277
0.0564807
0.052607
0.0487257
0.0448691
0.0410421
0.0372859
0.0335623
0.0299259
0.103522
0.103425
0.103231
0.102928
0.102499
0.101923
0.101177
0.100239
0.0990876
0.0977052
0.096077
0.0941928
0.092047
0.0896394
0.0869749
0.084064
0.0809215
0.0775673
0.0740239
0.0703183
0.0664772
0.0625316
0.0585085
0.0544406
0.0503497
0.0462712
0.0422123
0.0382178
0.0342506
0.0303689
0.105297
0.105226
0.10508
0.104846
0.104501
0.104022
0.103382
0.102554
0.101514
0.10024
0.0987131
0.096919
0.0948482
0.0924969
0.0898669
0.0869659
0.0838067
0.080408
0.0767916
0.0729849
0.0690155
0.064916
0.0607153
0.0564491
0.0521417
0.0478319
0.0435296
0.0392833
0.0350577
0.0309145
0.10704
0.106996
0.106902
0.10674
0.106486
0.106111
0.105584
0.104877
0.103961
0.102809
0.101398
0.0997099
0.097731
0.0954534
0.0928749
0.0900004
0.08684
0.0834105
0.0797328
0.0758341
0.0717424
0.0674921
0.0631138
0.0586459
0.0541156
0.0495652
0.0450078
0.0404955
0.035996
0.0315743
0.108749
0.108733
0.108693
0.108607
0.108448
0.108184
0.10778
0.107203
0.106422
0.105405
0.104126
0.102561
0.100692
0.0985059
0.0959977
0.0931678
0.0900234
0.0865788
0.0828534
0.0788736
0.0746678
0.0702713
0.0657166
0.0610448
0.056286
0.0514862
0.0466618
0.041869
0.0370792
0.0323607
0.11042
0.110433
0.110449
0.110444
0.110385
0.110237
0.109963
0.109527
0.108893
0.108025
0.106892
0.105467
0.103725
0.101651
0.0992327
0.0964673
0.093358
0.0899161
0.0861588
0.0821112
0.0778014
0.0732653
0.0685372
0.0636606
0.0586685
0.0536106
0.0485075
0.0434193
0.0383221
0.0332874
0.11205
0.112094
0.112168
0.112246
0.112291
0.112265
0.112129
0.111843
0.111367
0.110661
0.10969
0.108422
0.106827
0.104884
0.102577
0.0998974
0.0968442
0.093425
0.0896539
0.085554
0.0811526
0.0764859
0.0715892
0.0665083
0.0612794
0.0559557
0.0505623
0.0451632
0.0397408
0.0343695
0.113637
0.113712
0.113846
0.114009
0.114163
0.114265
0.114274
0.114146
0.113838
0.113308
0.112514
0.11142
0.109991
0.1082
0.106027
0.103456
0.100481
0.0971069
0.0933425
0.0892085
0.0847307
0.0799446
0.0748865
0.0696039
0.064136
0.0585396
0.0528447
0.0471193
0.0413531
0.0356233
0.115179
0.115286
0.115481
0.115732
0.115997
0.116232
0.116392
0.116431
0.116302
0.115959
0.115356
0.114453
0.11321
0.111594
0.109576
0.107138
0.104268
0.100962
0.0972278
0.0930808
0.0885444
0.0836531
0.0784433
0.0729636
0.0672565
0.0613817
0.0553747
0.0493073
0.0431783
0.037067
0.116673
0.116812
0.11707
0.117411
0.117791
0.118162
0.118478
0.118691
0.11875
0.118606
0.118211
0.117516
0.116477
0.115057
0.11322
0.110941
0.108201
0.104991
0.101312
0.0971756
0.0926018
0.0876225
0.0822737
0.0766044
0.07066
0.0645026
0.058174
0.0517491
0.0452378
0.0387207
0.118119
0.118291
0.118612
0.119044
0.11954
0.120052
0.120529
0.120922
0.121179
0.121245
0.121069
0.120599
0.119785
0.118583
0.116951
0.114857
0.112276
0.10919
0.105596
0.101497
0.0969102
0.0918635
0.0863918
0.0805434
0.0743661
0.067924
0.0612656
0.0544681
0.0475548
0.0406065
0.119514
0.119719
0.120104
0.120629
0.121243
0.121897
0.12254
0.123119
0.12358
0.123868
0.123924
0.123695
0.123125
0.122163
0.120762
0.118881
0.116488
0.113558
0.110078
0.106048
0.101476
0.0963862
0.0908114
0.084798
0.0783956
0.0716691
0.0646744
0.05749
0.0501549
0.0427489
0.120858
0.121096
0.121545
0.122163
0.122896
0.123695
0.124507
0.125277
0.12595
0.126467
0.126769
0.126795
0.126487
0.125788
0.124642
0.123004
0.12083
0.118088
0.114758
0.110828
0.106303
0.1012
0.0955459
0.0893855
0.0827693
0.075762
0.0684268
0.0608424
0.0530662
0.0451752
0.12215
0.12242
0.122934
0.123644
0.124498
0.125443
0.126426
0.127392
0.128282
0.129037
0.129595
0.129891
0.129863
0.129447
0.128584
0.127215
0.125293
0.122775
0.11963
0.115839
0.111397
0.106311
0.100608
0.0943231
0.0875091
0.0802278
0.0725509
0.0645552
0.0563195
0.0479156
0.123389
0.123691
0.124269
0.125072
0.126046
0.127138
0.128294
0.129458
0.130571
0.131571
0.132394
0.132974
0.133243
0.133132
0.132574
0.131506
0.129868
0.12761
0.12469
0.121077
0.116757
0.111728
0.106008
0.0996275
0.0926364
0.0850929
0.0770767
0.0686607
0.0599483
0.0510033
0.124575
0.124909
0.12555
0.126446
0.127539
0.128778
0.130107
0.131471
0.13281
0.134062
0.13516
0.136035
0.136616
0.136829
0.136602
0.135863
0.134544
0.132583
0.129929
0.126537
0.122384
0.117454
0.111758
0.105314
0.0981731
0.0903839
0.0820355
0.0731933
0.0639892
0.054475
0.125707
0.126073
0.126777
0.127763
0.128976
0.130361
0.131864
0.133429
0.134997
0.136504
0.137884
0.139065
0.139972
0.140529
0.140656
0.140274
0.139308
0.137683
0.135337
0.132214
0.128275
0.123492
0.117865
0.111399
0.10414
0.0961285
0.0874602
0.0781898
0.0684817
0.058371
0.126787
0.127184
0.127948
0.129025
0.130355
0.131884
0.13356
0.135327
0.137126
0.138892
0.140559
0.142054
0.143302
0.144218
0.144722
0.144726
0.144145
0.142895
0.140903
0.138096
0.134424
0.129841
0.124334
0.117893
0.110559
0.102354
0.0933848
0.0836894
0.0734687
0.0627356
0.127813
0.12824
0.129065
0.13023
0.131675
0.133348
0.135195
0.137163
0.139192
0.141219
0.143179
0.144996
0.146593
0.147886
0.148787
0.149202
0.14904
0.148205
0.146612
0.144173
0.140823
0.136498
0.131171
0.124809
0.117448
0.109088
0.0998446
0.0897331
0.0789963
0.0676168
0.128788
0.129243
0.130127
0.131378
0.132936
0.134749
0.136766
0.138933
0.141192
0.143481
0.145735
0.14788
0.149837
0.151519
0.152836
0.153688
0.153976
0.153595
0.152447
0.150429
0.147461
0.143456
0.138374
0.132155
0.124825
0.116357
0.106875
0.0963633
0.0851127
0.0730661
0.12971
0.130194
0.131135
0.132469
0.134138
0.136089
0.138272
0.140635
0.143122
0.145674
0.148224
0.1507
0.153024
0.155107
0.156856
0.158167
0.158936
0.159046
0.158389
0.156846
0.154323
0.150706
0.14594
0.139935
0.132705
0.124187
0.114512
0.103623
0.0918661
0.0791346
0.130581
0.131093
0.132089
0.133504
0.13528
0.137366
0.139712
0.142268
0.14498
0.147791
0.150637
0.153447
0.156142
0.158635
0.160832
0.162623
0.1639
0.164537
0.164417
0.163404
0.161388
0.158233
0.153862
0.148151
0.1411
0.132601
0.122793
0.111558
0.0993077
0.0858712
0.131403
0.13194
0.13299
0.134484
0.136363
0.138579
0.141084
0.143829
0.146763
0.149831
0.152971
0.156114
0.159185
0.162094
0.164749
0.167038
0.168848
0.170047
0.170508
0.17008
0.168637
0.166018
0.162128
0.156801
0.150022
0.141626
0.131762
0.120231
0.107513
0.0933477
0.132175
0.132737
0.133839
0.135408
0.137388
0.13973
0.142389
0.145318
0.148469
0.151789
0.15522
0.158695
0.162142
0.165473
0.168596
0.171398
0.173764
0.175556
0.176639
0.17685
0.176047
0.174045
0.170727
0.165885
0.159487
0.151293
0.141469
0.129711
0.116591
0.101695
0.132899
0.133486
0.134637
0.136278
0.138354
0.140818
0.143627
0.146735
0.150097
0.153664
0.157382
0.161187
0.165009
0.168764
0.17236
0.175688
0.178629
0.181043
0.182788
0.183689
0.183592
0.182287
0.179636
0.175389
0.169487
0.161608
0.151926
0.139992
0.126553
0.110968
0.133577
0.134186
0.135385
0.137095
0.139263
0.141844
0.144796
0.148077
0.151645
0.155453
0.159452
0.163581
0.167775
0.171953
0.176026
0.179886
0.183416
0.186472
0.188909
0.190542
0.191204
0.190666
0.188764
0.185209
0.17991
0.172457
0.163003
0.150878
0.137041
0.120649
0.134209
0.134838
0.136082
0.137856
0.140112
0.142804
0.145892
0.149338
0.153102
0.157142
0.161412
0.165856
0.170413
0.175006
0.17955
0.18394
0.188061
0.191769
0.194914
0.197307
0.198767
0.199051
0.197967
0.195196
0.1906
0.183707
0.174605
0.162369
0.147924
0.129847
0.134798
0.135447
0.136732
0.138565
0.140902
0.143696
0.146911
0.150511
0.154459
0.158718
0.163245
0.16799
0.172898
0.177896
0.182906
0.187827
0.192549
0.196931
0.200825
0.20404
0.206392
0.207624
0.207531
0.205769
0.202172
0.196208
0.187962
0.176268
0.16212
0.141231
0.0315834
0.0313653
0.0311476
0.0309301
0.0307129
0.0304959
0.030279
0.0300624
0.0298461
0.0315642
0.0313459
0.0311281
0.0309106
0.0306932
0.0304759
0.0302587
0.0300417
0.0298249
0.0315232
0.0313025
0.0310829
0.0308636
0.0306442
0.0304248
0.0302055
0.0299863
0.0297672
0.0314647
0.0312403
0.0310178
0.0307955
0.030573
0.0303504
0.0301278
0.0299052
0.0296828
0.0313874
0.0311576
0.0309307
0.0307043
0.0304773
0.0302501
0.0300228
0.0297956
0.0295684
0.0312931
0.0310565
0.030824
0.0305922
0.0303596
0.0301266
0.0298935
0.0296604
0.0294274
0.0311816
0.0309366
0.0306974
0.030459
0.0302196
0.0299795
0.0297393
0.0294992
0.029259
0.0310539
0.030799
0.0305519
0.0303057
0.0300583
0.02981
0.0295615
0.029313
0.0290646
0.0309102
0.0306439
0.0303876
0.0301326
0.0298759
0.0296181
0.0293601
0.0291021
0.0288442
0.0307512
0.0304719
0.0302053
0.0299403
0.0296731
0.0294045
0.0291358
0.0288671
0.0285984
0.0283296
0.0305776
0.0302838
0.0300056
0.0297293
0.0294503
0.0291698
0.0288889
0.0286082
0.0283275
0.0280466
0.0303903
0.0300802
0.0297891
0.0295003
0.0292083
0.0289144
0.0286202
0.0283261
0.028032
0.0277378
0.0301902
0.0298621
0.0295567
0.0292542
0.0289478
0.0286391
0.0283301
0.0280212
0.0277124
0.0274035
0.0299785
0.0296306
0.0293095
0.0289919
0.0286696
0.0283447
0.0280194
0.0276944
0.0273694
0.0270442
0.0297566
0.0293869
0.0290487
0.0287145
0.0283749
0.0280321
0.0276891
0.0273464
0.0270037
0.0266608
0.0295262
0.0291327
0.0287757
0.0284234
0.0280648
0.0277027
0.0273402
0.0269781
0.0266161
0.0262538
0.0292891
0.0288698
0.0284922
0.0281202
0.0277409
0.0273576
0.0269739
0.0265908
0.0262077
0.0258244
0.0290477
0.0286001
0.0282001
0.0278066
0.0274049
0.0269985
0.0265917
0.0261857
0.0257797
0.0253735
0.0288043
0.028326
0.0279016
0.0274847
0.0270585
0.0266271
0.0261953
0.0257644
0.0253336
0.0249025
0.0285618
0.0280501
0.0275991
0.0271568
0.0267041
0.0262455
0.0257866
0.0253286
0.0248709
0.0244128
0.0283233
0.0277755
0.0272955
0.0268255
0.026344
0.025856
0.0253676
0.0248804
0.0243934
0.0239061
0.0280923
0.0275053
0.0269937
0.0264937
0.025981
0.025461
0.0249408
0.0244218
0.0239032
0.0233842
0.0278727
0.0272433
0.0266971
0.0261645
0.025618
0.0250634
0.0245086
0.0239553
0.0234024
0.0228493
0.0276686
0.0269933
0.0264095
0.0258414
0.0252584
0.0246663
0.0240741
0.0234836
0.0228937
0.0223035
0.0274847
0.0267598
0.0261349
0.0255283
0.0249055
0.0242729
0.0236402
0.0230095
0.0223795
0.0217493
0.027326
0.0265473
0.0258777
0.0252291
0.0245634
0.0238869
0.0232104
0.0225361
0.0218628
0.0211893
0.0271979
0.0263611
0.0256425
0.0249484
0.0242361
0.0235122
0.0227882
0.0220669
0.0213467
0.0206264
0.0271062
0.0262067
0.0254345
0.0246908
0.0239282
0.0231529
0.0223776
0.0216054
0.0208345
0.0200637
0.0270572
0.0260899
0.0252592
0.0244616
0.0236444
0.0228135
0.0219827
0.0211554
0.0203297
0.0195043
0.0270579
0.0260172
0.0251225
0.0242661
0.0233898
0.0224988
0.0216079
0.020721
0.0198361
0.0189517
0.0271155
0.0259954
0.0250306
0.0241103
0.02317
0.0222139
0.021258
0.0203065
0.0193576
0.0184094
0.0272379
0.026032
0.0249904
0.0240004
0.0229907
0.0219642
0.0209378
0.0199165
0.0188983
0.0178812
0.0274337
0.0261348
0.0250091
0.0239431
0.0228583
0.0217555
0.0206528
0.0195558
0.0184626
0.0173711
0.0277121
0.0263127
0.0250946
0.0239456
0.0227794
0.021594
0.0204085
0.0192296
0.0180552
0.0168831
0.0280831
0.0265747
0.0252552
0.0240158
0.0227611
0.0214861
0.0202109
0.0189432
0.0176809
0.0164217
0.0285577
0.0269311
0.0255002
0.0241619
0.0228112
0.0214391
0.0200665
0.0187024
0.0173449
0.0159913
0.0291476
0.0273928
0.0258394
0.0243929
0.022938
0.0214604
0.0199821
0.0185134
0.0170526
0.0155967
0.0298658
0.0279719
0.0262836
0.0247188
0.0231506
0.0215584
0.0199651
0.0183827
0.0168097
0.0152429
0.0307267
0.0286817
0.0268447
0.0251502
0.0234586
0.0217419
0.0200235
0.0183174
0.0166227
0.0149355
0.031746
0.0295366
0.0275356
0.025699
0.023873
0.0220207
0.020166
0.0183253
0.0164981
0.0146802
0.0329411
0.030553
0.0283709
0.0263781
0.0244057
0.0224056
0.0204023
0.0184148
0.0164433
0.0144832
0.0125328
0.0343314
0.0317488
0.0293665
0.0272021
0.0250698
0.0229084
0.0207429
0.0185952
0.0164664
0.0143515
0.0122482
0.0359386
0.033144
0.0305402
0.028187
0.0258799
0.0235425
0.0211996
0.0188768
0.0165764
0.0142926
0.0120227
0.0377865
0.034761
0.0319121
0.0293508
0.0268527
0.0243227
0.0217856
0.0192712
0.0167832
0.014315
0.0118634
0.0399022
0.0366251
0.0335044
0.0307138
0.0280064
0.0252658
0.0225157
0.0197915
0.0170981
0.0144283
0.0117781
0.0423155
0.0387642
0.0353422
0.0322987
0.0293621
0.0263905
0.0234069
0.0204524
0.0175339
0.0146433
0.0117759
0.04506
0.0412098
0.0374539
0.0341313
0.0309432
0.0277183
0.0244781
0.0212707
0.0181053
0.0149726
0.0118671
0.0481726
0.043997
0.0398709
0.0362403
0.0327764
0.0292734
0.0257511
0.0222657
0.018829
0.0154305
0.0120636
0.0516945
0.0471648
0.0426288
0.0386584
0.0348918
0.0310832
0.0272506
0.0234593
0.0197243
0.0160336
0.0123795
0.0556709
0.0507566
0.0457669
0.041422
0.0373232
0.033179
0.0290047
0.0248768
0.0208135
0.0168013
0.012831
0.0601518
0.0548201
0.0493293
0.044572
0.0401089
0.0355957
0.0310454
0.0265467
0.0221221
0.0177558
0.0134373
0.0651914
0.059408
0.0533649
0.0481543
0.0432918
0.0383731
0.0334088
0.0285021
0.0236795
0.0189231
0.0142207
0.0708462
0.0645766
0.0579276
0.0522207
0.0469207
0.0415562
0.0361361
0.0307803
0.0255198
0.0203335
0.0152074
0.077169
0.0703785
0.0630712
0.0568263
0.0510496
0.0451951
0.0392735
0.0334244
0.0276824
0.022022
0.0164282
0.0842112
0.0768572
0.0688434
0.0620257
0.055733
0.0493411
0.0428704
0.0364824
0.0302123
0.0240297
0.0179194
0.0920526
0.0840714
0.0753061
0.067882
0.0610259
0.0540429
0.0469748
0.0400029
0.0331567
0.0264003
0.019721
0.100786
0.0921395
0.0825961
0.0745182
0.0670207
0.0593709
0.0516498
0.044046
0.0365715
0.0291856
0.0218815
0.11021
0.101044
0.0908447
0.0821087
0.073864
0.0654424
0.0569968
0.0486955
0.0405217
0.0324371
0.0244443
0.119357
0.110031
0.0997505
0.0906017
0.0816002
0.07238
0.0631854
0.0541249
0.0451653
0.0362939
0.0275263
0.127038
0.117794
0.108397
0.0991873
0.0896201
0.0798382
0.0700597
0.060313
0.0505944
0.040932
0.0313539
)
;

boundaryField
{
    inlet
    {
        type            zeroGradient;
    }
    outlet
    {
        type            fixedValue;
        value           nonuniform 0();
    }
    cylinder
    {
        type            zeroGradient;
    }
    top
    {
        type            symmetryPlane;
    }
    bottom
    {
        type            symmetryPlane;
    }
    defaultFaces
    {
        type            empty;
    }
    procBoundary0to1
    {
        type            processor;
        value           nonuniform List<scalar> 
261
(
0.0170332
0.0170332
0.0194845
0.0194845
0.0223484
0.0223484
0.0260703
0.0260703
0.0298555
0.0434694
0.0434694
0.0481664
0.0481664
0.0529896
0.0683868
0.0683868
0.0741869
0.0905449
0.0905449
0.0973318
0.0973318
0.104135
0.122423
0.122423
0.130191
0.149432
0.149432
0.158162
0.178307
0.198292
0.198292
0.208977
0.229715
0.229715
0.241392
0.262757
0.283772
0.283772
0.29739
0.318764
0.339659
0.339659
0.355192
0.376096
0.396384
0.416019
0.416019
0.433697
0.452805
0.471121
0.48861
0.505239
0.505239
0.523751
0.539153
0.553569
0.56697
0.57933
0.590624
0.600831
0.609931
0.617906
0.617906
0.631833
0.637668
0.642306
0.645737
0.647956
0.648959
0.648744
0.647311
0.644665
0.640811
0.635757
0.629514
0.615343
0.615343
0.607004
0.597553
0.587009
0.575393
0.56273
0.549045
0.534366
0.518724
0.500497
0.500497
0.483702
0.466071
0.447639
0.428445
0.411464
0.411464
0.391823
0.371559
0.356452
0.356452
0.336179
0.31542
0.294213
0.281776
0.281776
0.261004
0.239913
0.229528
0.229528
0.209132
0.199761
0.199761
0.18018
0.171751
0.171751
0.153065
0.134309
0.127826
0.127826
0.121262
0.121262
0.104491
0.0988545
0.0988545
0.0830668
0.0783397
0.0783397
0.0635346
0.059697
0.059697
0.0558981
0.0558981
0.0521432
0.0521432
0.0398969
0.0368854
0.0368854
0.0346122
0.0346122
0.032713
0.032713
0.00543796
0.0020013
-0.000532627
-0.00258897
-0.00420909
-0.00544969
-0.0063583
-0.00697742
-0.00734492
-0.00749354
-0.00745199
-0.00724555
-0.00689654
-0.00642469
-0.0058475
-0.00518057
-0.00443779
-0.00363167
-0.00277344
-0.00187325
-0.000940239
1.73103e-05
0.000991909
0.00197678
0.00296579
0.00395342
0.00493471
0.00590522
0.00686099
0.00779852
0.00871473
0.00960695
0.0104729
0.0119912
0.0119912
0.0127555
0.013492
0.0141995
0.0148768
0.0155231
0.0161379
0.0167206
0.0172713
0.0177897
0.0182761
0.0187307
0.0191538
0.0195458
0.0199074
0.0202389
0.0205411
0.0208143
0.0210593
0.0212764
0.0214659
0.0216285
0.0217634
0.0218719
0.021951
0.0220048
0.0220226
0.0296301
0.0296083
0.0295483
0.0294604
0.0293413
0.0291944
0.0290189
0.0288161
0.0285862
0.0285862
0.0280608
0.0277657
0.0274435
0.0270944
0.0267189
0.0263177
0.0258914
0.0254408
0.024967
0.0244711
0.0239544
0.0234185
0.022865
0.0222958
0.021713
0.0211188
0.0205157
0.0199061
0.019293
0.0186792
0.0180678
0.017462
0.0168653
0.016281
0.015713
0.015165
0.0146409
0.0141449
0.0136814
0.0132548
0.0128702
0.0128702
0.0105922
0.0101566
0.00976687
0.00942844
0.00914761
0.00893152
0.00878843
0.00872799
0.00876153
0.00890243
0.00916653
0.00957256
0.0101427
0.0109033
0.0118861
0.0131268
0.0146707
0.0165549
0.0188728
0.0218753
)
;
    }
}


// ************************************************************************* //
