/*--------------------------------*- C++ -*----------------------------------*\
  =========                 |
  \\      /  F ield         | OpenFOAM: The Open Source CFD Toolbox
   \\    /   O peration     | Website:  https://openfoam.org
    \\  /    A nd           | Version:  7
     \\/     M anipulation  |
\*---------------------------------------------------------------------------*/
FoamFile
{
    version     2.0;
    format      ascii;
    class       volScalarField;
    location    "75";
    object      p;
}
// * * * * * * * * * * * * * * * * * * * * * * * * * * * * * * * * * * * * * //

dimensions      [0 2 -2 0 0 0 0];

internalField   nonuniform List<scalar> 
8500
(
-0.345171
-0.346495
-0.347265
-0.347902
-0.348451
-0.348931
-0.349376
-0.349809
-0.350245
-0.350692
-0.351155
-0.351634
-0.352129
-0.352639
-0.35316
-0.353693
-0.354237
-0.354795
-0.355362
-0.355943
-0.347414
-0.348709
-0.349471
-0.350109
-0.350671
-0.351176
-0.351661
-0.352149
-0.352655
-0.353191
-0.353762
-0.354368
-0.355012
-0.355692
-0.356409
-0.357164
-0.357958
-0.358796
-0.359681
-0.360619
-0.349713
-0.350973
-0.351722
-0.352359
-0.352931
-0.35346
-0.353982
-0.354523
-0.355099
-0.355723
-0.356399
-0.357132
-0.357922
-0.358772
-0.359683
-0.360657
-0.3617
-0.362818
-0.364019
-0.365309
-0.352063
-0.35328
-0.354014
-0.354647
-0.355226
-0.355776
-0.356334
-0.356926
-0.35757
-0.358279
-0.359059
-0.359916
-0.360851
-0.361867
-0.362968
-0.36416
-0.365448
-0.366842
-0.368357
-0.369992
-0.354459
-0.355626
-0.35634
-0.356966
-0.35755
-0.358118
-0.358709
-0.35935
-0.36006
-0.360852
-0.361733
-0.36271
-0.363787
-0.364966
-0.366254
-0.367657
-0.369185
-0.370851
-0.372673
-0.374644
-0.356893
-0.358005
-0.358696
-0.35931
-0.359896
-0.36048
-0.361102
-0.361789
-0.362561
-0.363433
-0.364412
-0.365506
-0.366719
-0.368057
-0.369526
-0.371135
-0.372896
-0.374826
-0.376945
-0.379238
-0.35936
-0.360411
-0.361073
-0.361674
-0.362258
-0.362855
-0.363504
-0.364234
-0.365066
-0.366014
-0.367087
-0.368293
-0.369638
-0.371128
-0.37277
-0.374576
-0.376561
-0.378747
-0.381152
-0.383751
-0.361854
-0.362836
-0.363467
-0.36405
-0.36463
-0.365236
-0.365909
-0.366679
-0.367565
-0.368585
-0.369748
-0.371061
-0.372531
-0.374165
-0.375973
-0.377967
-0.380165
-0.382594
-0.38527
-0.388156
-0.364367
-0.365275
-0.365871
-0.366432
-0.367004
-0.367616
-0.36831
-0.369114
-0.370052
-0.371139
-0.372385
-0.373798
-0.375386
-0.377157
-0.37912
-0.381291
-0.383688
-0.386346
-0.389277
-0.392428
-0.366892
-0.36772
-0.368277
-0.368814
-0.369374
-0.369988
-0.370697
-0.371533
-0.372516
-0.373664
-0.374988
-0.376495
-0.378193
-0.38009
-0.382198
-0.384532
-0.387113
-0.389984
-0.393149
-0.396537
-0.369421
-0.370165
-0.37068
-0.371188
-0.371732
-0.372344
-0.373066
-0.373927
-0.374951
-0.376154
-0.377548
-0.37914
-0.380939
-0.382952
-0.385192
-0.387675
-0.390423
-0.393486
-0.396864
-0.400454
-0.371948
-0.372602
-0.373072
-0.373548
-0.374072
-0.374678
-0.375406
-0.376288
-0.377346
-0.378598
-0.380054
-0.381724
-0.383613
-0.385731
-0.38809
-0.390705
-0.393601
-0.396836
-0.400401
-0.404158
-0.374464
-0.375025
-0.375446
-0.375888
-0.376388
-0.376983
-0.377713
-0.378609
-0.379695
-0.380988
-0.382498
-0.384235
-0.386205
-0.388415
-0.390877
-0.393608
-0.396632
-0.400014
-0.40374
-0.407622
-0.376962
-0.377428
-0.377797
-0.3782
-0.378673
-0.379252
-0.379978
-0.380882
-0.381989
-0.383315
-0.384871
-0.386666
-0.388704
-0.390993
-0.393544
-0.396372
-0.399501
-0.403005
-0.406866
-0.410826
-0.379436
-0.379804
-0.380119
-0.380479
-0.38092
-0.381479
-0.382195
-0.383101
-0.384221
-0.385572
-0.387164
-0.389006
-0.391101
-0.393455
-0.396078
-0.398984
-0.402197
-0.405794
-0.409762
-0.41374
-0.381878
-0.382147
-0.382405
-0.38272
-0.383125
-0.383658
-0.384358
-0.385259
-0.386384
-0.387751
-0.38937
-0.391247
-0.393387
-0.395793
-0.398472
-0.401436
-0.404707
-0.408371
-0.412419
-0.416336
-0.384282
-0.384451
-0.384651
-0.384918
-0.385283
-0.385784
-0.386462
-0.38735
-0.388472
-0.389845
-0.391481
-0.393383
-0.395554
-0.397997
-0.400715
-0.403719
-0.407026
-0.410726
-0.414827
-0.418699
-0.386642
-0.386712
-0.386853
-0.387068
-0.387388
-0.387853
-0.388502
-0.389369
-0.390479
-0.39185
-0.393491
-0.395406
-0.397597
-0.400062
-0.402803
-0.405826
-0.409145
-0.412857
-0.41696
-0.420755
-0.388953
-0.388925
-0.389005
-0.389166
-0.389437
-0.38986
-0.390473
-0.391311
-0.392401
-0.393759
-0.395394
-0.397311
-0.399508
-0.401981
-0.404729
-0.407753
-0.411061
-0.414755
-0.418835
-0.422483
-0.391211
-0.391087
-0.391105
-0.39121
-0.391428
-0.391802
-0.392373
-0.393174
-0.394233
-0.395568
-0.397187
-0.399093
-0.401284
-0.403751
-0.40649
-0.409496
-0.412772
-0.416419
-0.42045
-0.423882
-0.393412
-0.393195
-0.393151
-0.393196
-0.393357
-0.393678
-0.394198
-0.394953
-0.395973
-0.397274
-0.398866
-0.40075
-0.402921
-0.405369
-0.408083
-0.411054
-0.414276
-0.417848
-0.421803
-0.424952
-0.395552
-0.395247
-0.395141
-0.395125
-0.395224
-0.395485
-0.395947
-0.396648
-0.397618
-0.398875
-0.400428
-0.402278
-0.404417
-0.406833
-0.409508
-0.412428
-0.415575
-0.419045
-0.422899
-0.425694
-0.397631
-0.397242
-0.397074
-0.396994
-0.397029
-0.397223
-0.39762
-0.398258
-0.399168
-0.400369
-0.401872
-0.403676
-0.405771
-0.408141
-0.410765
-0.413619
-0.416675
-0.420016
-0.423747
-0.426112
-0.399648
-0.39918
-0.39895
-0.398806
-0.39877
-0.398893
-0.399217
-0.399783
-0.400622
-0.401758
-0.403199
-0.404944
-0.406984
-0.409297
-0.411856
-0.41463
-0.417578
-0.420767
-0.424358
-0.426211
-0.401603
-0.401063
-0.400772
-0.40056
-0.400451
-0.400496
-0.400739
-0.401223
-0.401983
-0.403041
-0.404409
-0.406085
-0.408056
-0.4103
-0.412783
-0.415466
-0.418293
-0.421307
-0.424745
-0.425998
-0.403497
-0.402892
-0.402541
-0.40226
-0.402074
-0.402035
-0.402189
-0.402583
-0.403253
-0.404223
-0.405506
-0.4071
-0.408993
-0.411156
-0.413552
-0.416132
-0.418826
-0.421645
-0.424922
-0.425483
-0.405335
-0.40467
-0.404261
-0.40391
-0.403642
-0.403513
-0.403572
-0.403866
-0.404435
-0.405306
-0.406493
-0.407995
-0.409797
-0.411869
-0.414167
-0.416633
-0.419185
-0.42179
-0.424903
-0.424678
-0.407119
-0.406402
-0.405936
-0.405513
-0.40516
-0.404935
-0.404891
-0.405077
-0.405536
-0.406298
-0.407377
-0.408775
-0.410475
-0.412446
-0.414635
-0.416979
-0.41938
-0.421753
-0.424704
-0.423597
-0.408856
-0.408094
-0.407571
-0.407075
-0.406634
-0.406308
-0.406153
-0.406222
-0.406561
-0.407204
-0.408166
-0.409449
-0.411037
-0.412894
-0.414966
-0.417177
-0.419419
-0.421542
-0.424338
-0.422257
-0.410553
-0.409752
-0.409174
-0.408603
-0.408069
-0.407637
-0.407364
-0.407309
-0.40752
-0.408033
-0.408867
-0.410025
-0.41149
-0.413225
-0.415169
-0.417239
-0.419314
-0.421171
-0.423817
-0.420679
-0.412218
-0.411385
-0.410752
-0.410104
-0.409475
-0.408931
-0.408534
-0.408347
-0.408421
-0.408795
-0.409492
-0.410516
-0.411848
-0.413451
-0.415256
-0.417174
-0.419074
-0.420649
-0.42315
-0.418889
-0.413861
-0.413
-0.412313
-0.411587
-0.410858
-0.410198
-0.409672
-0.409345
-0.409275
-0.409503
-0.410054
-0.410934
-0.412124
-0.413585
-0.415242
-0.416998
-0.418713
-0.419991
-0.42234
-0.416918
-0.415492
-0.414608
-0.413867
-0.41306
-0.41223
-0.411449
-0.410787
-0.410315
-0.410094
-0.410168
-0.410566
-0.411294
-0.412334
-0.413643
-0.415143
-0.416725
-0.418242
-0.419213
-0.421387
-0.4148
-0.417124
-0.41622
-0.415424
-0.414535
-0.413599
-0.412693
-0.411892
-0.411269
-0.410891
-0.410805
-0.411043
-0.411612
-0.412494
-0.413644
-0.414976
-0.416374
-0.417678
-0.418335
-0.420286
-0.412578
-0.418769
-0.417848
-0.416996
-0.416022
-0.414977
-0.413942
-0.412997
-0.41222
-0.41168
-0.411429
-0.411502
-0.411905
-0.412623
-0.413604
-0.41476
-0.415964
-0.417036
-0.417384
-0.419032
-0.410315
-0.420442
-0.419503
-0.418593
-0.417532
-0.416375
-0.415208
-0.414116
-0.413181
-0.412475
-0.412056
-0.411958
-0.412192
-0.412738
-0.413544
-0.414514
-0.415513
-0.416333
-0.41639
-0.417621
-0.408092
-0.422158
-0.421198
-0.420228
-0.419077
-0.417805
-0.416503
-0.415261
-0.414165
-0.413292
-0.412702
-0.41243
-0.41249
-0.412859
-0.413483
-0.414257
-0.415045
-0.415589
-0.415385
-0.416012
-0.40591
-0.423931
-0.422948
-0.421914
-0.420669
-0.419279
-0.41784
-0.416446
-0.415188
-0.414146
-0.413381
-0.412935
-0.412816
-0.413003
-0.413437
-0.41401
-0.41458
-0.414839
-0.414435
-0.414135
-0.403551
-0.425778
-0.424764
-0.423663
-0.42232
-0.420809
-0.419231
-0.417684
-0.416262
-0.41505
-0.414112
-0.413487
-0.413186
-0.413186
-0.413424
-0.413786
-0.414138
-0.414131
-0.413663
-0.412153
-0.40141
-0.427714
-0.426662
-0.425487
-0.424043
-0.422408
-0.420689
-0.418988
-0.417403
-0.41602
-0.414907
-0.414103
-0.413617
-0.413423
-0.413455
-0.413597
-0.413725
-0.413484
-0.413126
-0.410786
-0.403304
-0.429753
-0.428654
-0.4274
-0.425849
-0.424087
-0.422226
-0.42037
-0.418622
-0.41707
-0.415781
-0.414795
-0.41412
-0.413724
-0.413539
-0.413445
-0.413334
-0.412855
-0.412578
-0.410259
-0.414751
-0.431913
-0.430752
-0.429412
-0.42775
-0.425859
-0.423853
-0.421842
-0.419931
-0.41821
-0.416746
-0.415577
-0.414706
-0.414099
-0.41368
-0.413329
-0.412946
-0.412192
-0.411838
-0.409303
-0.415358
-0.434205
-0.432971
-0.431537
-0.429759
-0.427733
-0.425582
-0.423416
-0.421343
-0.419453
-0.417812
-0.416456
-0.415383
-0.414552
-0.413881
-0.413244
-0.412547
-0.411456
-0.410795
-0.407796
-0.413018
-0.436645
-0.43532
-0.433784
-0.431884
-0.429721
-0.427422
-0.425101
-0.422867
-0.420808
-0.418989
-0.417441
-0.416156
-0.415086
-0.414139
-0.413183
-0.412122
-0.410628
-0.409482
-0.405932
-0.409739
-0.439244
-0.437812
-0.436165
-0.434136
-0.431832
-0.429384
-0.426907
-0.424511
-0.422283
-0.420283
-0.418536
-0.417028
-0.415699
-0.41445
-0.413139
-0.411662
-0.409698
-0.407942
-0.403783
-0.405902
-0.442013
-0.440455
-0.438688
-0.436523
-0.434074
-0.431475
-0.428842
-0.426283
-0.423884
-0.421698
-0.419745
-0.417999
-0.41639
-0.414807
-0.413101
-0.411157
-0.408663
-0.406211
-0.401406
-0.401795
-0.44326
-0.441362
-0.439055
-0.436456
-0.433703
-0.430912
-0.428189
-0.425615
-0.423238
-0.421067
-0.419065
-0.417151
-0.415202
-0.41306
-0.410601
-0.407524
-0.404322
-0.398854
-0.3976
-0.444195
-0.441738
-0.438984
-0.436074
-0.433123
-0.430234
-0.427481
-0.424904
-0.422501
-0.420223
-0.417975
-0.415624
-0.413005
-0.409986
-0.406284
-0.402305
-0.396173
-0.39342
-0.444579
-0.441664
-0.438594
-0.43548
-0.432421
-0.429482
-0.426695
-0.424043
-0.421465
-0.418852
-0.416062
-0.412925
-0.409307
-0.404948
-0.400182
-0.393398
-0.389307
-0.447583
-0.444502
-0.441267
-0.437987
-0.434752
-0.43162
-0.428608
-0.425688
-0.422783
-0.419772
-0.416505
-0.412811
-0.40856
-0.403519
-0.397975
-0.390556
-0.385286
-0.447503
-0.444098
-0.440646
-0.437228
-0.433892
-0.43064
-0.427429
-0.424167
-0.420721
-0.416938
-0.412652
-0.40774
-0.402004
-0.395696
-0.387666
-0.381365
-0.44709
-0.44346
-0.439851
-0.436297
-0.432786
-0.429257
-0.425604
-0.421687
-0.417351
-0.412438
-0.406843
-0.400406
-0.393357
-0.384743
-0.377541
-0.446429
-0.442618
-0.438831
-0.435038
-0.431161
-0.427083
-0.422656
-0.417728
-0.41216
-0.405866
-0.398727
-0.390965
-0.381794
-0.373805
-0.445528
-0.441489
-0.437387
-0.43313
-0.428588
-0.423612
-0.418059
-0.411809
-0.404806
-0.396971
-0.388525
-0.378825
-0.370144
-0.444264
-0.439825
-0.435151
-0.430105
-0.42454
-0.418329
-0.411378
-0.403659
-0.395139
-0.386039
-0.375837
-0.366545
-0.442338
-0.437209
-0.431617
-0.425426
-0.418527
-0.410857
-0.402423
-0.393231
-0.383508
-0.372829
-0.362993
-0.439287
-0.433109
-0.426254
-0.41864
-0.41024
-0.401095
-0.391247
-0.38093
-0.3698
-0.359474
-0.434561
-0.427008
-0.418657
-0.40952
-0.39967
-0.389186
-0.378304
-0.366745
-0.355974
-0.418568
-0.40869
-0.398147
-0.387047
-0.375627
-0.363661
-0.352481
-0.407743
-0.39652
-0.384826
-0.372893
-0.36054
-0.348981
-0.394787
-0.382519
-0.370099
-0.357377
-0.345464
-0.367238
-0.354164
-0.341918
-0.350895
-0.338333
-0.26234
-0.251487
-0.275681
-0.264291
-0.253689
-0.298998
-0.288182
-0.277261
-0.266135
-0.255796
-0.30965
-0.299671
-0.289285
-0.278731
-0.267876
-0.257814
-0.326816
-0.318606
-0.309706
-0.300223
-0.290273
-0.280095
-0.269515
-0.259751
-0.332695
-0.325722
-0.318034
-0.309652
-0.300659
-0.291146
-0.281356
-0.271055
-0.261614
-0.33697
-0.331089
-0.324577
-0.31738
-0.309495
-0.300983
-0.291908
-0.282515
-0.272499
-0.263413
-0.340015
-0.334993
-0.329486
-0.323396
-0.316657
-0.309244
-0.3012
-0.29256
-0.283574
-0.273847
-0.265158
-0.342207
-0.337806
-0.333072
-0.327901
-0.322193
-0.315874
-0.308907
-0.301313
-0.293103
-0.284533
-0.275099
-0.26686
-0.343825
-0.33987
-0.335693
-0.331216
-0.326343
-0.320978
-0.315044
-0.30849
-0.301327
-0.293538
-0.285393
-0.276255
-0.268532
-0.345027
-0.341421
-0.337654
-0.33368
-0.329432
-0.324823
-0.319764
-0.314176
-0.308003
-0.301247
-0.293865
-0.286153
-0.277313
-0.270185
-0.345858
-0.342581
-0.33915
-0.335558
-0.331769
-0.327724
-0.323348
-0.318559
-0.31328
-0.307454
-0.301076
-0.294084
-0.28681
-0.278268
-0.271831
-0.346289
-0.343371
-0.340269
-0.337006
-0.333578
-0.329958
-0.326095
-0.321925
-0.317371
-0.312365
-0.306849
-0.300819
-0.294195
-0.28736
-0.279116
-0.273481
-0.34626
-0.343757
-0.341018
-0.338087
-0.334984
-0.331711
-0.328245
-0.324546
-0.320556
-0.316208
-0.31144
-0.306196
-0.30048
-0.294196
-0.287796
-0.279845
-0.275139
-0.345686
-0.343678
-0.341357
-0.338793
-0.336025
-0.333077
-0.32995
-0.326628
-0.323076
-0.319244
-0.315075
-0.310511
-0.305504
-0.300064
-0.294086
-0.288111
-0.280445
-0.276803
-0.34306
-0.34123
-0.339085
-0.336689
-0.33408
-0.331279
-0.328291
-0.325102
-0.321683
-0.31799
-0.313974
-0.309584
-0.304778
-0.299574
-0.293864
-0.28829
-0.280896
-0.278457
-0.341858
-0.340571
-0.33891
-0.336934
-0.3347
-0.332243
-0.329583
-0.326727
-0.323662
-0.320364
-0.316795
-0.31291
-0.308666
-0.304025
-0.299017
-0.29353
-0.288319
-0.281176
-0.280064
-0.340155
-0.339344
-0.338215
-0.336715
-0.3349
-0.33282
-0.330508
-0.327984
-0.325252
-0.322303
-0.319115
-0.315656
-0.311884
-0.307761
-0.303253
-0.298398
-0.293084
-0.288178
-0.281253
-0.281553
-0.33759
-0.336966
-0.335987
-0.33464
-0.332978
-0.331045
-0.328872
-0.326475
-0.32386
-0.32102
-0.317933
-0.314572
-0.310898
-0.306874
-0.30247
-0.297724
-0.292528
-0.287845
-0.28109
-0.2828
-0.335167
-0.334722
-0.333884
-0.332682
-0.331165
-0.329371
-0.327328
-0.325052
-0.322548
-0.319809
-0.316816
-0.313542
-0.309952
-0.306009
-0.301682
-0.297006
-0.291869
-0.287298
-0.280644
-0.283592
-0.332885
-0.332609
-0.331903
-0.330838
-0.329456
-0.327793
-0.325873
-0.323711
-0.321311
-0.318666
-0.315759
-0.312564
-0.309047
-0.30517
-0.300898
-0.296254
-0.291119
-0.286519
-0.279884
-0.283649
-0.330741
-0.330623
-0.330043
-0.329105
-0.327851
-0.326309
-0.324505
-0.32245
-0.320147
-0.31759
-0.314762
-0.311639
-0.308185
-0.304363
-0.300128
-0.295484
-0.290295
-0.285484
-0.278765
-0.28266
-0.328734
-0.328765
-0.328301
-0.327481
-0.326346
-0.324919
-0.323222
-0.321266
-0.319054
-0.316578
-0.313824
-0.310765
-0.307368
-0.303591
-0.299381
-0.294716
-0.289425
-0.284187
-0.277038
-0.278263
-0.326862
-0.327031
-0.326675
-0.325966
-0.324941
-0.32362
-0.322023
-0.320159
-0.318031
-0.315631
-0.312944
-0.309944
-0.306598
-0.30286
-0.298669
-0.293974
-0.288565
-0.2828
-0.274772
-0.261328
-0.325124
-0.325422
-0.325166
-0.324559
-0.323636
-0.322413
-0.320908
-0.31913
-0.31708
-0.314749
-0.312124
-0.309178
-0.305878
-0.302176
-0.298004
-0.293289
-0.287793
-0.281578
-0.273806
-0.256802
-0.323521
-0.323936
-0.323772
-0.323259
-0.32243
-0.321298
-0.319878
-0.31818
-0.316201
-0.313935
-0.311366
-0.308471
-0.305213
-0.301545
-0.297396
-0.292681
-0.287168
-0.280763
-0.27377
-0.257033
-0.32205
-0.322573
-0.322493
-0.322066
-0.321324
-0.320275
-0.318935
-0.31731
-0.315398
-0.313191
-0.310675
-0.307825
-0.304607
-0.300972
-0.29685
-0.292153
-0.286675
-0.280249
-0.273774
-0.257575
-0.320711
-0.321332
-0.321329
-0.320981
-0.320318
-0.319347
-0.31808
-0.316522
-0.314672
-0.312521
-0.310054
-0.307246
-0.304066
-0.300463
-0.29637
-0.291703
-0.286278
-0.279909
-0.273678
-0.258113
-0.319505
-0.320213
-0.32028
-0.320004
-0.319414
-0.318513
-0.317314
-0.31582
-0.314028
-0.311929
-0.309508
-0.306741
-0.303595
-0.300025
-0.295964
-0.291331
-0.285964
-0.279699
-0.2736
-0.258909
-0.318429
-0.319215
-0.319345
-0.319134
-0.318612
-0.317777
-0.316641
-0.315206
-0.313469
-0.311419
-0.309042
-0.306314
-0.303204
-0.299665
-0.295637
-0.291045
-0.285742
-0.279612
-0.273602
-0.259964
-0.317484
-0.318338
-0.318524
-0.318373
-0.317912
-0.317138
-0.316062
-0.314684
-0.312999
-0.310997
-0.308663
-0.305973
-0.302898
-0.299393
-0.295401
-0.290853
-0.285622
-0.279647
-0.273713
-0.2612
-0.316668
-0.317581
-0.317817
-0.317721
-0.317316
-0.3166
-0.315579
-0.314255
-0.31262
-0.310666
-0.308375
-0.305725
-0.302686
-0.299218
-0.295266
-0.29077
-0.28562
-0.27981
-0.273958
-0.262569
-0.31598
-0.316944
-0.317224
-0.317177
-0.316824
-0.316161
-0.315194
-0.313922
-0.312338
-0.31043
-0.308184
-0.305575
-0.302577
-0.299149
-0.295243
-0.290806
-0.285749
-0.280111
-0.27436
-0.264042
-0.315417
-0.316424
-0.316744
-0.316741
-0.316437
-0.315824
-0.314908
-0.313687
-0.312153
-0.310294
-0.308093
-0.30553
-0.302575
-0.299194
-0.295343
-0.290975
-0.286021
-0.28056
-0.274933
-0.265598
-0.314978
-0.31602
-0.316376
-0.316413
-0.316155
-0.31559
-0.314723
-0.313552
-0.312068
-0.310259
-0.308108
-0.305593
-0.302689
-0.299361
-0.295572
-0.291283
-0.286445
-0.281164
-0.27568
-0.26722
-0.314659
-0.315732
-0.316118
-0.316193
-0.315976
-0.315457
-0.314639
-0.313518
-0.312085
-0.310328
-0.30823
-0.305769
-0.302921
-0.299654
-0.295938
-0.291739
-0.287026
-0.281925
-0.276599
-0.268896
-0.31446
-0.315557
-0.315971
-0.31608
-0.315902
-0.315427
-0.314656
-0.313585
-0.312205
-0.310502
-0.308461
-0.306059
-0.303275
-0.300078
-0.296443
-0.292345
-0.287767
-0.282844
-0.277683
-0.270621
-0.314375
-0.315492
-0.315931
-0.316072
-0.315932
-0.315498
-0.314774
-0.313754
-0.312428
-0.310783
-0.308802
-0.306466
-0.303751
-0.300633
-0.297089
-0.293102
-0.288665
-0.283917
-0.278924
-0.272394
-0.314404
-0.315537
-0.315999
-0.316168
-0.316063
-0.315671
-0.314994
-0.314025
-0.312754
-0.311169
-0.309254
-0.306988
-0.304351
-0.30132
-0.297876
-0.294007
-0.289716
-0.28514
-0.280313
-0.274219
-0.314542
-0.315689
-0.316171
-0.316367
-0.316297
-0.315945
-0.315313
-0.314396
-0.313183
-0.311661
-0.309815
-0.307625
-0.305072
-0.302135
-0.298799
-0.295056
-0.290915
-0.286506
-0.281841
-0.276102
-0.314786
-0.315946
-0.316446
-0.316668
-0.316631
-0.316318
-0.315732
-0.314867
-0.313714
-0.312258
-0.310484
-0.308375
-0.305912
-0.303077
-0.299856
-0.296245
-0.292255
-0.28801
-0.283504
-0.278054
-0.315134
-0.316305
-0.316822
-0.31707
-0.317063
-0.316789
-0.316249
-0.315438
-0.314345
-0.312957
-0.31126
-0.309237
-0.30687
-0.304142
-0.301042
-0.297567
-0.293731
-0.289645
-0.285295
-0.280084
-0.315583
-0.316765
-0.317298
-0.317569
-0.317594
-0.317358
-0.316864
-0.316106
-0.315075
-0.313758
-0.312141
-0.310207
-0.307941
-0.305326
-0.302352
-0.299017
-0.295335
-0.291407
-0.287214
-0.282206
-0.316131
-0.317322
-0.317872
-0.318166
-0.31822
-0.318022
-0.317574
-0.31687
-0.315902
-0.314658
-0.313124
-0.311284
-0.309122
-0.306624
-0.303781
-0.300591
-0.297064
-0.293292
-0.289267
-0.284424
-0.316773
-0.317976
-0.318542
-0.318858
-0.318942
-0.318781
-0.318378
-0.317729
-0.316825
-0.315656
-0.314207
-0.312463
-0.310411
-0.308035
-0.305326
-0.302283
-0.298913
-0.295302
-0.29144
-0.286742
-0.31751
-0.318724
-0.319305
-0.319643
-0.319756
-0.319632
-0.319275
-0.318681
-0.317843
-0.316749
-0.315388
-0.313744
-0.311803
-0.309553
-0.306982
-0.304089
-0.300881
-0.297432
-0.29371
-0.289212
-0.318337
-0.319564
-0.320161
-0.320521
-0.320663
-0.320575
-0.320264
-0.319725
-0.318953
-0.317937
-0.316665
-0.315123
-0.313298
-0.311175
-0.308747
-0.306007
-0.302962
-0.299679
-0.2961
-0.291826
-0.319254
-0.320495
-0.321108
-0.321489
-0.32166
-0.321609
-0.321342
-0.320859
-0.320154
-0.319217
-0.318036
-0.316599
-0.314891
-0.3129
-0.310616
-0.308033
-0.305156
-0.30204
-0.29861
-0.294547
-0.32026
-0.321515
-0.322144
-0.322547
-0.322745
-0.32273
-0.32251
-0.322083
-0.321445
-0.320587
-0.3195
-0.318169
-0.316582
-0.314725
-0.312589
-0.310167
-0.307459
-0.304515
-0.301244
-0.297386
-0.321352
-0.322623
-0.323268
-0.323692
-0.323918
-0.323939
-0.323764
-0.323393
-0.322823
-0.322047
-0.321054
-0.319831
-0.318367
-0.316648
-0.314664
-0.312405
-0.309873
-0.307107
-0.304008
-0.300364
-0.32253
-0.323817
-0.324478
-0.324923
-0.325177
-0.325234
-0.325104
-0.32479
-0.324289
-0.323594
-0.322697
-0.321585
-0.320246
-0.318667
-0.316838
-0.314748
-0.312396
-0.309814
-0.306902
-0.303485
-0.323793
-0.325096
-0.325773
-0.326239
-0.326521
-0.326613
-0.326528
-0.326271
-0.325839
-0.325227
-0.324427
-0.323428
-0.322217
-0.320781
-0.319111
-0.317194
-0.315028
-0.312639
-0.309927
-0.306747
-0.32514
-0.326459
-0.327152
-0.327638
-0.327946
-0.328074
-0.328035
-0.327834
-0.327472
-0.326945
-0.326243
-0.325358
-0.324277
-0.322989
-0.321481
-0.319743
-0.317769
-0.315581
-0.313081
-0.310151
-0.32657
-0.327904
-0.328612
-0.329119
-0.329453
-0.329616
-0.329622
-0.329479
-0.329187
-0.328745
-0.328143
-0.327374
-0.326427
-0.325288
-0.323947
-0.322392
-0.320617
-0.318639
-0.316364
-0.313698
-0.328082
-0.32943
-0.330153
-0.330678
-0.331039
-0.331236
-0.331288
-0.331202
-0.330982
-0.330625
-0.330126
-0.329475
-0.328662
-0.327677
-0.326506
-0.32514
-0.323571
-0.321812
-0.319775
-0.317385
-0.329676
-0.331036
-0.331772
-0.332316
-0.332702
-0.332934
-0.333031
-0.333003
-0.332854
-0.332584
-0.332188
-0.331657
-0.330982
-0.330153
-0.329158
-0.327985
-0.326629
-0.325098
-0.323311
-0.32121
-0.331349
-0.33272
-0.333468
-0.334029
-0.33444
-0.334705
-0.334847
-0.334878
-0.334802
-0.334619
-0.334327
-0.333919
-0.333384
-0.332714
-0.331898
-0.330925
-0.329788
-0.328493
-0.326967
-0.32517
-0.333102
-0.334479
-0.335238
-0.335815
-0.33625
-0.336549
-0.336736
-0.336824
-0.336821
-0.336728
-0.336541
-0.336256
-0.335864
-0.335356
-0.334723
-0.333954
-0.333043
-0.331993
-0.330741
-0.329258
-0.334933
-0.336313
-0.33708
-0.337672
-0.33813
-0.338461
-0.338693
-0.33884
-0.33891
-0.338906
-0.338826
-0.338666
-0.338419
-0.338076
-0.337629
-0.33707
-0.33639
-0.335593
-0.334625
-0.333467
-0.336839
-0.338218
-0.338991
-0.339597
-0.340076
-0.340439
-0.340715
-0.34092
-0.341063
-0.341149
-0.341178
-0.341144
-0.341043
-0.340868
-0.340611
-0.340265
-0.339823
-0.339286
-0.338611
-0.337789
-0.338819
-0.340192
-0.340969
-0.341586
-0.342085
-0.342479
-0.342799
-0.343062
-0.343279
-0.343455
-0.343592
-0.343686
-0.343733
-0.343728
-0.343663
-0.343533
-0.343333
-0.343063
-0.34269
-0.342211
-0.340869
-0.342232
-0.34301
-0.343635
-0.344153
-0.344578
-0.34494
-0.34526
-0.345551
-0.345818
-0.346063
-0.346286
-0.346482
-0.346648
-0.346777
-0.346867
-0.346913
-0.346915
-0.34685
-0.346721
-0.342988
-0.344334
-0.34511
-0.345742
-0.346277
-0.34673
-0.347134
-0.347511
-0.347875
-0.348232
-0.348587
-0.348938
-0.349283
-0.349621
-0.349946
-0.350257
-0.350551
-0.35083
-0.351079
-0.351305
-0.356756
-0.357171
-0.357677
-0.357762
-0.357575
-0.356906
-0.355745
-0.354032
-0.351835
-0.349311
-0.346796
-0.344785
-0.343915
-0.344869
-0.348245
-0.361821
-0.362531
-0.363407
-0.363811
-0.363904
-0.36342
-0.362313
-0.360467
-0.357899
-0.354725
-0.35125
-0.347961
-0.345516
-0.344648
-0.346033
-0.366943
-0.367937
-0.3692
-0.369934
-0.370323
-0.370041
-0.369001
-0.367031
-0.364095
-0.360263
-0.355809
-0.351211
-0.347146
-0.3444
-0.343727
-0.372098
-0.373364
-0.375031
-0.376106
-0.376807
-0.376742
-0.375784
-0.373701
-0.370404
-0.365911
-0.360464
-0.354532
-0.348812
-0.344142
-0.341355
-0.37726
-0.378786
-0.380873
-0.382298
-0.383325
-0.383492
-0.382632
-0.380451
-0.376801
-0.37165
-0.365202
-0.357919
-0.350518
-0.343886
-0.338939
-0.382406
-0.384174
-0.386694
-0.388476
-0.389844
-0.390258
-0.389514
-0.38725
-0.38326
-0.377456
-0.370008
-0.361364
-0.352263
-0.343644
-0.336504
-0.387507
-0.389498
-0.392462
-0.394608
-0.396329
-0.397005
-0.396394
-0.394065
-0.38975
-0.383305
-0.374861
-0.364854
-0.354045
-0.343425
-0.334068
-0.326929
-0.392518
-0.394726
-0.398145
-0.400658
-0.402743
-0.403695
-0.403234
-0.400858
-0.396238
-0.389166
-0.379738
-0.368375
-0.35586
-0.343234
-0.331651
-0.322167
-0.397446
-0.399828
-0.403708
-0.40659
-0.409048
-0.410288
-0.409995
-0.407592
-0.402686
-0.395009
-0.384613
-0.371908
-0.357698
-0.343075
-0.329267
-0.317432
-0.402238
-0.404778
-0.40912
-0.412367
-0.415204
-0.416744
-0.416633
-0.414224
-0.409057
-0.400798
-0.389458
-0.375434
-0.359549
-0.342947
-0.326931
-0.312751
-0.406867
-0.409532
-0.414348
-0.417952
-0.421172
-0.42302
-0.423108
-0.420713
-0.41531
-0.406497
-0.394243
-0.378928
-0.361399
-0.342848
-0.324651
-0.308149
-0.411307
-0.414084
-0.41936
-0.42331
-0.426913
-0.429075
-0.429377
-0.427015
-0.421403
-0.412068
-0.398934
-0.382366
-0.363233
-0.342774
-0.322435
-0.303645
-0.415533
-0.418411
-0.424118
-0.428406
-0.43239
-0.434871
-0.435397
-0.43309
-0.427297
-0.417473
-0.403501
-0.385724
-0.365034
-0.342719
-0.32029
-0.299258
-0.419517
-0.42245
-0.428598
-0.433209
-0.437567
-0.440369
-0.441128
-0.438894
-0.432949
-0.422676
-0.407909
-0.388974
-0.366784
-0.342675
-0.31822
-0.295005
-0.423253
-0.426173
-0.432772
-0.437691
-0.44241
-0.445536
-0.446531
-0.44439
-0.43832
-0.427639
-0.412126
-0.392092
-0.368468
-0.342635
-0.316225
-0.290899
-0.426744
-0.429569
-0.436511
-0.441817
-0.446887
-0.450341
-0.451571
-0.449543
-0.443374
-0.432329
-0.416122
-0.395052
-0.370066
-0.34259
-0.314309
-0.286954
-0.429823
-0.432735
-0.439981
-0.445567
-0.450986
-0.454744
-0.456208
-0.454319
-0.448074
-0.436713
-0.419869
-0.397832
-0.371565
-0.342534
-0.312474
-0.283179
-0.432574
-0.435606
-0.443149
-0.449034
-0.454716
-0.458715
-0.460421
-0.45868
-0.452383
-0.440763
-0.423339
-0.400412
-0.372949
-0.342461
-0.310719
-0.279586
-0.435058
-0.43812
-0.44592
-0.452071
-0.457972
-0.462282
-0.464217
-0.462607
-0.456279
-0.444446
-0.426505
-0.402772
-0.374206
-0.342365
-0.309048
-0.276183
-0.437255
-0.440274
-0.448292
-0.454694
-0.460816
-0.465382
-0.467533
-0.466071
-0.459771
-0.447741
-0.429346
-0.404895
-0.375326
-0.342245
-0.307462
-0.27298
-0.439152
-0.442077
-0.450277
-0.456908
-0.463233
-0.46802
-0.470382
-0.469061
-0.462806
-0.450623
-0.431863
-0.406768
-0.376295
-0.342102
-0.305968
-0.269987
-0.440755
-0.443542
-0.451887
-0.458711
-0.465211
-0.4702
-0.472755
-0.471573
-0.465381
-0.453085
-0.434025
-0.408384
-0.377101
-0.341934
-0.304573
-0.267219
-0.442076
-0.444679
-0.453131
-0.460108
-0.466751
-0.47192
-0.474644
-0.473603
-0.467486
-0.455119
-0.435827
-0.409732
-0.377787
-0.341698
-0.30327
-0.26468
-0.443128
-0.4455
-0.454019
-0.46111
-0.467863
-0.47318
-0.47605
-0.475145
-0.469112
-0.456721
-0.437262
-0.410809
-0.378309
-0.341443
-0.302087
-0.262339
-0.224129
-0.443923
-0.446022
-0.454561
-0.461731
-0.468556
-0.473989
-0.47698
-0.476201
-0.470261
-0.457886
-0.438326
-0.411612
-0.378671
-0.341164
-0.301019
-0.260299
-0.220847
-0.444477
-0.446259
-0.454771
-0.461987
-0.468844
-0.474356
-0.477442
-0.476776
-0.470937
-0.458615
-0.43902
-0.41214
-0.378877
-0.340866
-0.300063
-0.258511
-0.218047
-0.444797
-0.446229
-0.454664
-0.461895
-0.468741
-0.474295
-0.477447
-0.476878
-0.471145
-0.45891
-0.439345
-0.412397
-0.378931
-0.340553
-0.299224
-0.256972
-0.21563
-0.444892
-0.445949
-0.454279
-0.461478
-0.468264
-0.47382
-0.47701
-0.47652
-0.470895
-0.458779
-0.439306
-0.412384
-0.378836
-0.340227
-0.298507
-0.255685
-0.213588
-0.44476
-0.445436
-0.453706
-0.460755
-0.467428
-0.472948
-0.476144
-0.475714
-0.470199
-0.45823
-0.438911
-0.412108
-0.378594
-0.33989
-0.297915
-0.254655
-0.211923
-0.444397
-0.444703
-0.452898
-0.459716
-0.466246
-0.471692
-0.474865
-0.474476
-0.469071
-0.457276
-0.438169
-0.411575
-0.378212
-0.339544
-0.297447
-0.253879
-0.210634
-0.44379
-0.443739
-0.451102
-0.458338
-0.464726
-0.470068
-0.47319
-0.472823
-0.467527
-0.45593
-0.437091
-0.410793
-0.377693
-0.339188
-0.297101
-0.253351
-0.209714
-0.442917
-0.442603
-0.449592
-0.456657
-0.462877
-0.46809
-0.471134
-0.470773
-0.465585
-0.454211
-0.435693
-0.409774
-0.377044
-0.338824
-0.296873
-0.253065
-0.209151
-0.441743
-0.441285
-0.4479
-0.454677
-0.460716
-0.465773
-0.468716
-0.468344
-0.463266
-0.452137
-0.433991
-0.40853
-0.376271
-0.338453
-0.296759
-0.253012
-0.208937
-0.166063
-0.440221
-0.439753
-0.445959
-0.452424
-0.458252
-0.463128
-0.465949
-0.465555
-0.460588
-0.449729
-0.432004
-0.407076
-0.375385
-0.338079
-0.296757
-0.253186
-0.209058
-0.165894
-0.438293
-0.437986
-0.443799
-0.449907
-0.455493
-0.460169
-0.462853
-0.462427
-0.457575
-0.447007
-0.429748
-0.405418
-0.374381
-0.337684
-0.29684
-0.253548
-0.209471
-0.166116
-0.435895
-0.435946
-0.441426
-0.447139
-0.452461
-0.456922
-0.459457
-0.458992
-0.45426
-0.444
-0.42724
-0.40356
-0.373241
-0.337234
-0.296954
-0.254034
-0.210102
-0.166651
-0.432924
-0.433592
-0.438847
-0.44414
-0.449178
-0.453416
-0.455799
-0.455297
-0.450694
-0.440765
-0.424542
-0.401565
-0.372035
-0.336797
-0.297172
-0.254719
-0.211026
-0.167572
-0.429308
-0.430872
-0.435992
-0.440835
-0.445564
-0.449575
-0.451815
-0.4513
-0.446872
-0.437344
-0.421756
-0.399606
-0.371005
-0.336687
-0.297862
-0.256008
-0.212667
-0.169302
-0.425096
-0.427553
-0.432663
-0.437056
-0.441453
-0.445231
-0.447333
-0.446826
-0.442612
-0.433551
-0.418688
-0.397478
-0.369938
-0.336679
-0.298791
-0.257664
-0.214786
-0.1716
-0.419284
-0.423311
-0.429324
-0.433381
-0.437481
-0.441014
-0.442905
-0.442255
-0.438023
-0.429111
-0.414584
-0.393884
-0.366981
-0.33441
-0.297183
-0.256619
-0.214161
-0.171221
-0.407067
-0.419069
-0.42692
-0.430765
-0.43462
-0.437905
-0.439481
-0.438458
-0.433826
-0.42452
-0.409643
-0.388678
-0.361623
-0.329023
-0.291874
-0.251462
-0.209189
-0.166424
-0.400093
-0.41316
-0.421321
-0.424518
-0.42767
-0.430264
-0.431063
-0.42923
-0.423862
-0.413994
-0.398824
-0.377898
-0.351228
-0.319316
-0.283078
-0.243696
-0.202471
-0.160687
-0.395131
-0.406787
-0.414377
-0.417006
-0.41944
-0.421282
-0.42127
-0.418619
-0.412536
-0.402163
-0.386791
-0.366024
-0.339878
-0.308807
-0.273638
-0.235449
-0.195438
-0.154805
-0.390383
-0.399726
-0.406374
-0.408624
-0.410435
-0.411575
-0.41084
-0.407488
-0.400816
-0.390067
-0.374611
-0.354103
-0.328563
-0.298398
-0.264355
-0.227415
-0.188679
-0.149263
-0.384909
-0.391991
-0.397455
-0.399393
-0.400668
-0.401155
-0.399778
-0.395833
-0.388694
-0.37769
-0.362267
-0.342122
-0.317278
-0.2881
-0.255257
-0.219638
-0.182252
-0.144135
-0.378392
-0.383642
-0.387787
-0.389405
-0.390221
-0.390112
-0.388164
-0.383723
-0.376225
-0.365079
-0.349796
-0.330112
-0.306048
-0.277928
-0.24635
-0.212117
-0.176148
-0.139402
-0.370828
-0.374708
-0.377546
-0.37881
-0.379241
-0.378605
-0.376158
-0.371312
-0.363555
-0.352367
-0.337317
-0.318174
-0.294954
-0.267946
-0.237679
-0.204875
-0.170371
-0.135052
-0.362287
-0.365228
-0.366887
-0.36777
-0.367878
-0.366792
-0.363918
-0.358752
-0.350829
-0.339685
-0.324945
-0.306403
-0.284074
-0.25821
-0.229281
-0.197932
-0.164924
-0.131071
-0.352916
-0.355275
-0.355946
-0.356439
-0.356269
-0.35481
-0.351584
-0.346174
-0.338163
-0.327139
-0.312769
-0.294874
-0.273466
-0.248763
-0.221181
-0.191296
-0.159797
-0.127433
-0.342911
-0.344941
-0.344836
-0.344948
-0.344534
-0.342776
-0.339269
-0.333686
-0.325657
-0.314813
-0.300862
-0.283646
-0.263172
-0.239632
-0.213392
-0.184966
-0.154977
-0.124111
-0.332459
-0.334325
-0.333646
-0.333406
-0.332776
-0.330785
-0.327066
-0.321373
-0.313386
-0.302773
-0.289277
-0.272758
-0.253222
-0.230835
-0.20592
-0.178935
-0.150442
-0.121072
-0.321723
-0.323524
-0.322447
-0.321897
-0.321077
-0.318912
-0.315045
-0.3093
-0.301405
-0.291064
-0.278049
-0.262237
-0.243632
-0.22238
-0.198763
-0.173192
-0.146172
-0.118282
-0.310837
-0.312625
-0.311293
-0.310488
-0.309503
-0.307213
-0.303257
-0.29751
-0.289751
-0.279716
-0.2672
-0.252097
-0.234411
-0.214266
-0.191915
-0.167721
-0.142143
-0.115707
-0.299905
-0.301705
-0.300229
-0.299224
-0.298103
-0.29573
-0.291736
-0.286035
-0.278449
-0.268745
-0.256741
-0.242343
-0.225555
-0.206488
-0.185364
-0.162506
-0.13833
-0.113317
-0.289009
-0.290828
-0.289292
-0.288139
-0.28691
-0.284492
-0.280506
-0.274891
-0.267508
-0.258156
-0.246671
-0.23297
-0.217059
-0.199036
-0.179095
-0.157529
-0.134711
-0.111082
-0.278207
-0.280044
-0.27851
-0.277259
-0.275951
-0.27352
-0.26958
-0.264086
-0.256933
-0.247947
-0.236984
-0.22397
-0.208911
-0.191895
-0.173095
-0.152773
-0.131266
-0.108977
-0.267544
-0.269395
-0.267907
-0.2666
-0.265242
-0.262826
-0.258965
-0.253621
-0.24672
-0.238112
-0.227671
-0.21533
-0.201098
-0.185052
-0.167348
-0.14822
-0.127975
-0.106979
-0.257054
-0.258915
-0.257503
-0.256176
-0.254794
-0.252417
-0.248661
-0.243493
-0.236862
-0.228641
-0.218718
-0.207036
-0.193603
-0.17849
-0.161838
-0.143855
-0.12482
-0.105068
-0.246764
-0.248628
-0.247312
-0.245994
-0.244613
-0.242297
-0.238669
-0.233698
-0.227349
-0.21952
-0.210111
-0.199072
-0.186412
-0.172195
-0.156549
-0.139662
-0.121787
-0.103229
-0.236692
-0.238554
-0.237348
-0.236063
-0.234703
-0.232466
-0.228984
-0.224226
-0.218172
-0.210737
-0.201835
-0.191422
-0.179507
-0.166151
-0.151467
-0.135628
-0.118861
-0.101446
-0.226853
-0.228709
-0.227619
-0.226387
-0.225068
-0.222925
-0.219603
-0.215071
-0.209319
-0.202279
-0.193875
-0.18407
-0.172874
-0.160342
-0.146579
-0.131739
-0.11603
-0.0997082
-0.217258
-0.219105
-0.218136
-0.216971
-0.215707
-0.213671
-0.210521
-0.206224
-0.200779
-0.194131
-0.186216
-0.177001
-0.166498
-0.154756
-0.141871
-0.127984
-0.113284
-0.0980044
-0.207915
-0.209751
-0.208904
-0.207818
-0.206622
-0.204703
-0.201732
-0.197678
-0.192542
-0.186283
-0.178846
-0.170202
-0.160364
-0.149378
-0.137332
-0.124353
-0.110613
-0.0963259
-0.198832
-0.200654
-0.199929
-0.198931
-0.197813
-0.196017
-0.19323
-0.189424
-0.184598
-0.178722
-0.17175
-0.163659
-0.15446
-0.144197
-0.132949
-0.120834
-0.108008
-0.094665
-0.190015
-0.191821
-0.191215
-0.190311
-0.18928
-0.187614
-0.185007
-0.181456
-0.176937
-0.171437
-0.164918
-0.15736
-0.148773
-0.1392
-0.128713
-0.117419
-0.105461
-0.0930149
-0.181467
-0.183255
-0.182767
-0.181961
-0.181023
-0.179494
-0.177101
-0.17377
-0.169551
-0.164419
-0.158338
-0.151293
-0.143293
-0.134378
-0.124615
-0.114101
-0.102965
-0.09137
-0.173192
-0.174961
-0.174587
-0.173881
-0.173039
-0.171644
-0.169432
-0.166352
-0.162431
-0.157657
-0.152
-0.145447
-0.138009
-0.129721
-0.120645
-0.110871
-0.100515
-0.0897255
-0.165193
-0.166939
-0.166676
-0.16607
-0.165326
-0.164065
-0.162038
-0.159199
-0.155569
-0.151142
-0.145894
-0.139814
-0.132911
-0.12522
-0.116796
-0.107722
-0.0981046
-0.0880776
-0.15747
-0.159193
-0.159035
-0.15853
-0.157883
-0.156755
-0.154911
-0.152306
-0.148959
-0.144867
-0.140012
-0.134384
-0.127991
-0.120867
-0.113062
-0.10465
-0.0957301
-0.0864231
-0.150025
-0.151722
-0.151664
-0.151257
-0.150708
-0.14971
-0.148045
-0.145668
-0.142594
-0.138825
-0.134346
-0.129149
-0.123242
-0.116655
-0.109435
-0.10165
-0.0933877
-0.0847598
-0.142856
-0.144526
-0.144562
-0.144253
-0.143799
-0.142929
-0.141437
-0.139278
-0.136468
-0.133009
-0.128889
-0.124102
-0.118656
-0.112577
-0.10591
-0.098716
-0.0910745
-0.0830864
-0.135962
-0.137605
-0.137729
-0.137513
-0.137153
-0.136406
-0.13508
-0.133133
-0.130575
-0.127412
-0.123633
-0.119236
-0.114227
-0.10863
-0.102484
-0.0958462
-0.0887885
-0.0814022
-0.129342
-0.130955
-0.131162
-0.131036
-0.130767
-0.130138
-0.128972
-0.127225
-0.124909
-0.122028
-0.118574
-0.114547
-0.10995
-0.104807
-0.0991522
-0.0930376
-0.0865286
-0.0797074
-0.122993
-0.124575
-0.124859
-0.124818
-0.124637
-0.124121
-0.123107
-0.121552
-0.119466
-0.116853
-0.11371
-0.110029
-0.105821
-0.101104
-0.0959114
-0.0902883
-0.0842941
-0.0780029
-0.116911
-0.118462
-0.118816
-0.118857
-0.118759
-0.118351
-0.117481
-0.116108
-0.114239
-0.111881
-0.109028
-0.105677
-0.101834
-0.0975189
-0.0927595
-0.0875972
-0.0820853
-0.0762904
-0.111094
-0.112612
-0.113032
-0.11315
-0.113131
-0.112824
-0.11209
-0.110889
-0.109226
-0.107106
-0.104527
-0.101486
-0.0979876
-0.0940483
-0.0896949
-0.0849639
-0.0799031
-0.0745721
-0.105537
-0.107022
-0.107501
-0.107691
-0.107747
-0.107536
-0.10693
-0.10589
-0.10442
-0.102526
-0.100205
-0.097454
-0.0942778
-0.0906908
-0.0867167
-0.0823887
-0.077749
-0.0728509
-0.100235
-0.101688
-0.102221
-0.102479
-0.102605
-0.102483
-0.101997
-0.101108
-0.0998197
-0.0981366
-0.0960566
-0.0935774
-0.0907025
-0.0874447
-0.083825
-0.0798723
-0.0756251
-0.0711305
-0.0951858
-0.096605
-0.0971873
-0.0975074
-0.0976995
-0.0976606
-0.0972861
-0.0965389
-0.0954201
-0.0939342
-0.0920797
-0.0898539
-0.0872601
-0.084309
-0.081019
-0.0774161
-0.0735341
-0.0694149
-0.0651091
-0.0903833
-0.0917697
-0.092396
-0.0927739
-0.0930271
-0.0930656
-0.0927946
-0.0921788
-0.091218
-0.089916
-0.0882714
-0.0862817
-0.0839492
-0.0812832
-0.0782998
-0.0750217
-0.071479
-0.0677087
-0.0637554
-0.0858235
-0.0871773
-0.0878429
-0.0882741
-0.0885839
-0.0886939
-0.0885186
-0.0880247
-0.0872105
-0.0860793
-0.0846297
-0.082859
-0.0807691
-0.0783676
-0.0756684
-0.0726916
-0.0694635
-0.0660165
-0.0623902
-0.0815018
-0.0828235
-0.0835242
-0.0840042
-0.0843661
-0.0845419
-0.0844549
-0.0840733
-0.0833949
-0.0824219
-0.0811527
-0.0795849
-0.0777195
-0.0755627
-0.0731266
-0.0704285
-0.0674913
-0.0643436
-0.0610201
-0.0774142
-0.0787043
-0.079436
-0.0799604
-0.0803702
-0.0806063
-0.0806001
-0.0803221
-0.0797688
-0.0789417
-0.0778392
-0.0764587
-0.0748005
-0.0728696
-0.0706763
-0.0682354
-0.0655669
-0.0626956
-0.0596518
-0.0735562
-0.0748156
-0.0755745
-0.0761393
-0.0765927
-0.0768839
-0.0769516
-0.0767684
-0.07633
-0.0756372
-0.0746881
-0.0734799
-0.0720125
-0.0702897
-0.0683199
-0.0661159
-0.0636948
-0.0610782
-0.0582924
-0.0699242
-0.0711537
-0.0719363
-0.0725376
-0.0730306
-0.0733718
-0.0735068
-0.0734102
-0.073077
-0.0725073
-0.0716989
-0.0706489
-0.0693566
-0.0678247
-0.0660602
-0.0640737
-0.06188
-0.0594976
-0.0569492
-0.0665146
-0.0677151
-0.0685183
-0.0691523
-0.0696811
-0.0700675
-0.0702636
-0.0702457
-0.0700085
-0.0695512
-0.0688714
-0.0679661
-0.0668339
-0.0654768
-0.0639002
-0.0621131
-0.0601277
-0.0579599
-0.0556294
-0.0633241
-0.0644967
-0.0653176
-0.0659809
-0.066542
-0.0669691
-0.0672202
-0.0672736
-0.0671236
-0.0667686
-0.0662059
-0.0654324
-0.0644463
-0.0632486
-0.0618435
-0.0602382
-0.0584432
-0.0564717
-0.0543405
-0.06035
-0.0614959
-0.062332
-0.0630213
-0.0636113
-0.0640749
-0.0643754
-0.0644931
-0.0644219
-0.0641596
-0.0637032
-0.0630493
-0.0621958
-0.0611429
-0.0598938
-0.058454
-0.0568322
-0.0550396
-0.0530903
-0.0575903
-0.0587108
-0.0595596
-0.0602719
-0.0608876
-0.0613837
-0.0617284
-0.0619038
-0.0619035
-0.0617248
-0.0613643
-0.0608186
-0.060085
-0.0591632
-0.0580552
-0.0567654
-0.0553007
-0.0536703
-0.0518862
-0.0550433
-0.0561398
-0.0569992
-0.0577319
-0.0583703
-0.0588951
-0.0592791
-0.0595059
-0.0595691
-0.0594654
-0.0591911
-0.0587426
-0.0581169
-0.057313
-0.0563322
-0.0551776
-0.0538546
-0.0523709
-0.0507361
-0.0527083
-0.0537823
-0.0546505
-0.0554008
-0.0560592
-0.0566094
-0.057028
-0.0573005
-0.0574201
-0.0573832
-0.0571859
-0.0568242
-0.0562949
-0.0555967
-0.0547297
-0.0536963
-0.0525005
-0.0511483
-0.0496479
-0.0505852
-0.0516383
-0.0525136
-0.0532793
-0.0539551
-0.0545274
-0.0549764
-0.055289
-0.0554585
-0.0554807
-0.0553515
-0.0550668
-0.0546233
-0.0540188
-0.0532531
-0.0523274
-0.0512448
-0.05001
-0.0486295
-0.0486751
-0.049709
-0.05059
-0.0513687
-0.0520597
-0.0526511
-0.0531265
-0.053474
-0.0536871
-0.0537612
-0.0536918
-0.0534748
-0.0531065
-0.0525846
-0.051908
-0.0510774
-0.0500947
-0.0489635
-0.047689
-0.0469798
-0.0479964
-0.0488818
-0.0496717
-0.0503756
-0.0509834
-0.0514813
-0.051859
-0.0521097
-0.0522287
-0.0522112
-0.0520529
-0.05175
-0.0512998
-0.0507009
-0.0499529
-0.0490573
-0.0480165
-0.0468345
-0.0455027
-0.046504
-0.0473928
-0.048192
-0.0489067
-0.0495283
-0.0500453
-0.0504485
-0.0507312
-0.0508884
-0.0509151
-0.0508069
-0.0505599
-0.0501711
-0.0496385
-0.0489614
-0.0481403
-0.047177
-0.0460746
-0.0442484
-0.0452365
-0.0461278
-0.0469346
-0.0476583
-0.0482913
-0.048824
-0.0492483
-0.0495576
-0.0497465
-0.0498101
-0.0497437
-0.0495433
-0.0492057
-0.0487285
-0.0481107
-0.047352
-0.0464536
-0.0454178
-0.0432236
-0.0442007
-0.0450938
-0.0459066
-0.0466373
-0.0472794
-0.0478247
-0.0482658
-0.0485964
-0.0488108
-0.048904
-0.0488712
-0.0487083
-0.0484119
-0.0479794
-0.0474093
-0.046701
-0.045855
-0.044873
-0.0424354
-0.0434042
-0.0442987
-0.045116
-0.0458522
-0.0465011
-0.0470559
-0.0475098
-0.0478565
-0.0480903
-0.0482059
-0.0481986
-0.0480642
-0.0477991
-0.0474005
-0.0468667
-0.0461967
-0.0453906
-0.0444496
-0.0418968
-0.0428593
-0.0437545
-0.0445749
-0.0453147
-0.0459681
-0.0465292
-0.0469917
-0.0473492
-0.0475961
-0.0477269
-0.0477369
-0.0476218
-0.0473779
-0.0470024
-0.0464932
-0.0458492
-0.0450702
-0.0441571
-0.0416164
-0.042577
-0.0434729
-0.0442951
-0.0450369
-0.0456929
-0.0462574
-0.0467243
-0.0470875
-0.0473411
-0.0474797
-0.0474986
-0.0473934
-0.0471604
-0.0467967
-0.0463001
-0.0456695
-0.0449044
-0.0440056
-0.322703
-0.326437
-0.330118
-0.333751
-0.337344
-0.340903
-0.344433
-0.347943
-0.351439
-0.354931
-0.358428
-0.361944
-0.365492
-0.36909
-0.372761
-0.37653
-0.38043
-0.3845
-0.388796
-0.393405
-0.398478
-0.404373
-0.41165
-0.424099
-0.31312
-0.316928
-0.320692
-0.324419
-0.328116
-0.331791
-0.335453
-0.339111
-0.342777
-0.346463
-0.350184
-0.353959
-0.357808
-0.36176
-0.365846
-0.370109
-0.3746
-0.379386
-0.384554
-0.390224
-0.396523
-0.403698
-0.411058
-0.422977
-0.303709
-0.307589
-0.311435
-0.315255
-0.319058
-0.322853
-0.326648
-0.330456
-0.334289
-0.33816
-0.342084
-0.346081
-0.35017
-0.354374
-0.358721
-0.363242
-0.36797
-0.372943
-0.378197
-0.383768
-0.389631
-0.396007
-0.401915
-0.41272
-0.294447
-0.298374
-0.302275
-0.306157
-0.310028
-0.313896
-0.317771
-0.321663
-0.325583
-0.329541
-0.333552
-0.337629
-0.341788
-0.346047
-0.350423
-0.354936
-0.359608
-0.364461
-0.369517
-0.374827
-0.380383
-0.386569
-0.392353
-0.402659
-0.285266
-0.289211
-0.293135
-0.297044
-0.300946
-0.304848
-0.308759
-0.312687
-0.316642
-0.320633
-0.324673
-0.328773
-0.332948
-0.337211
-0.341581
-0.346078
-0.350723
-0.355548
-0.360585
-0.365898
-0.371461
-0.377624
-0.38327
-0.392595
-0.276185
-0.280124
-0.284046
-0.287958
-0.291865
-0.295775
-0.299695
-0.303633
-0.307599
-0.3116
-0.315648
-0.319755
-0.323933
-0.328196
-0.332562
-0.337049
-0.341679
-0.346476
-0.35146
-0.356675
-0.362062
-0.367927
-0.373297
-0.381679
-0.267228
-0.271143
-0.275044
-0.278937
-0.282829
-0.286725
-0.290633
-0.294559
-0.298512
-0.3025
-0.306533
-0.31062
-0.314773
-0.319004
-0.323327
-0.327755
-0.332304
-0.33699
-0.341826
-0.34685
-0.352013
-0.357598
-0.362818
-0.370405
-0.258408
-0.262281
-0.266143
-0.27
-0.273857
-0.27772
-0.281594
-0.285487
-0.289405
-0.293355
-0.297345
-0.301385
-0.305482
-0.309648
-0.313893
-0.318227
-0.322665
-0.327222
-0.331909
-0.336765
-0.341751
-0.347088
-0.352163
-0.359
-0.253549
-0.257358
-0.261163
-0.264968
-0.26878
-0.272603
-0.276444
-0.280307
-0.284199
-0.288128
-0.2921
-0.296124
-0.300208
-0.304361
-0.308594
-0.312918
-0.317347
-0.321889
-0.326575
-0.33137
-0.336439
-0.341341
-0.347514
-0.244956
-0.248699
-0.252439
-0.25618
-0.259927
-0.263684
-0.267458
-0.271252
-0.275073
-0.278926
-0.282818
-0.286755
-0.290746
-0.294798
-0.298919
-0.303119
-0.307408
-0.311792
-0.316294
-0.320892
-0.325706
-0.330436
-0.336051
-0.236511
-0.240177
-0.243841
-0.247506
-0.251178
-0.254859
-0.258554
-0.262267
-0.266005
-0.269771
-0.273571
-0.277412
-0.281298
-0.285238
-0.289237
-0.293304
-0.297446
-0.30167
-0.305993
-0.310404
-0.314981
-0.319535
-0.324681
-0.22822
-0.231801
-0.235381
-0.238961
-0.242547
-0.246142
-0.24975
-0.253373
-0.257018
-0.260688
-0.264388
-0.268123
-0.271898
-0.275718
-0.279591
-0.283521
-0.287516
-0.291582
-0.295732
-0.299959
-0.304314
-0.308685
-0.31344
-0.220089
-0.223578
-0.227066
-0.230555
-0.234048
-0.23755
-0.241062
-0.244589
-0.248134
-0.2517
-0.255293
-0.258917
-0.262575
-0.266273
-0.270015
-0.273808
-0.277656
-0.281565
-0.285544
-0.289591
-0.293737
-0.297925
-0.302352
-0.212123
-0.215515
-0.218905
-0.222296
-0.225691
-0.229093
-0.232504
-0.235928
-0.239368
-0.242827
-0.246309
-0.249817
-0.253355
-0.256927
-0.260537
-0.264191
-0.267892
-0.271645
-0.275458
-0.279331
-0.283282
-0.287288
-0.291435
-0.204327
-0.207616
-0.210904
-0.214193
-0.217485
-0.220783
-0.224089
-0.227406
-0.230737
-0.234084
-0.237451
-0.24084
-0.244255
-0.2477
-0.251178
-0.254693
-0.258249
-0.261849
-0.2655
-0.269204
-0.27297
-0.276796
-0.2807
-0.196703
-0.199887
-0.20307
-0.206253
-0.209439
-0.21263
-0.215827
-0.219034
-0.222252
-0.225485
-0.228734
-0.232003
-0.235294
-0.238611
-0.241956
-0.245333
-0.248745
-0.252196
-0.255689
-0.259229
-0.262819
-0.266468
-0.270158
-0.189257
-0.192333
-0.195408
-0.198483
-0.201559
-0.20464
-0.207727
-0.210821
-0.213925
-0.217041
-0.220172
-0.223319
-0.226486
-0.229674
-0.232887
-0.236127
-0.239397
-0.242701
-0.246041
-0.249421
-0.252843
-0.256321
-0.259816
-0.18199
-0.184957
-0.187922
-0.190887
-0.193853
-0.196822
-0.199796
-0.202776
-0.205765
-0.208764
-0.211775
-0.2148
-0.217841
-0.220902
-0.223983
-0.227088
-0.230218
-0.233377
-0.236568
-0.239793
-0.243053
-0.246364
-0.249681
-0.174904
-0.177761
-0.180616
-0.183469
-0.186324
-0.189181
-0.192042
-0.194907
-0.19778
-0.200661
-0.203552
-0.206455
-0.209372
-0.212305
-0.215256
-0.218227
-0.22122
-0.224238
-0.227282
-0.230356
-0.233461
-0.23661
-0.239758
-0.168001
-0.170748
-0.173492
-0.176235
-0.178978
-0.181723
-0.18447
-0.187221
-0.189977
-0.19274
-0.195512
-0.198294
-0.201087
-0.203894
-0.206716
-0.209555
-0.212413
-0.215292
-0.218193
-0.221121
-0.224073
-0.227065
-0.230054
-0.161283
-0.16392
-0.166554
-0.169186
-0.171818
-0.17445
-0.177084
-0.179721
-0.182362
-0.185009
-0.187662
-0.190323
-0.192994
-0.195676
-0.198371
-0.20108
-0.203805
-0.206548
-0.20931
-0.212094
-0.2149
-0.21774
-0.220575
-0.154749
-0.157277
-0.159802
-0.162324
-0.164846
-0.167367
-0.16989
-0.172413
-0.17494
-0.177471
-0.180007
-0.18255
-0.1851
-0.18766
-0.190229
-0.192811
-0.195406
-0.198015
-0.200642
-0.203286
-0.205949
-0.208641
-0.211327
-0.1484
-0.150821
-0.153238
-0.155652
-0.158065
-0.160477
-0.162888
-0.165301
-0.167715
-0.170132
-0.172553
-0.174979
-0.177411
-0.179849
-0.182297
-0.184753
-0.187221
-0.189701
-0.192194
-0.194703
-0.197227
-0.199775
-0.202318
-0.142236
-0.144551
-0.146862
-0.14917
-0.151476
-0.15378
-0.156083
-0.158386
-0.16069
-0.162995
-0.165303
-0.167614
-0.16993
-0.172251
-0.174578
-0.176913
-0.179257
-0.18161
-0.183974
-0.186351
-0.188741
-0.19115
-0.193554
-0.136256
-0.138467
-0.140675
-0.142879
-0.14508
-0.147278
-0.149475
-0.151671
-0.153867
-0.156063
-0.15826
-0.16046
-0.162662
-0.164868
-0.167079
-0.169295
-0.171518
-0.173748
-0.175988
-0.178237
-0.180496
-0.182772
-0.18504
-0.130459
-0.13257
-0.134676
-0.136778
-0.138877
-0.140973
-0.143066
-0.145157
-0.147248
-0.149337
-0.151427
-0.153517
-0.155609
-0.157704
-0.159801
-0.161902
-0.164008
-0.16612
-0.168238
-0.170364
-0.172498
-0.174644
-0.176782
-0.124844
-0.126857
-0.128865
-0.130868
-0.132867
-0.134863
-0.136855
-0.138845
-0.140833
-0.142819
-0.144804
-0.146789
-0.148774
-0.15076
-0.152748
-0.154738
-0.156731
-0.158728
-0.160729
-0.162736
-0.164748
-0.166771
-0.168784
-0.119411
-0.121329
-0.123241
-0.125148
-0.127051
-0.128949
-0.130844
-0.132735
-0.134624
-0.13651
-0.138394
-0.140276
-0.142158
-0.144039
-0.145921
-0.147804
-0.149688
-0.151574
-0.153463
-0.155355
-0.157251
-0.159155
-0.161048
-0.114157
-0.115983
-0.117802
-0.119617
-0.121426
-0.12323
-0.12503
-0.126827
-0.128619
-0.130408
-0.132195
-0.133979
-0.135761
-0.137541
-0.139321
-0.1411
-0.142879
-0.144659
-0.14644
-0.148223
-0.150008
-0.151799
-0.153576
-0.109081
-0.110818
-0.112548
-0.114273
-0.115992
-0.117706
-0.119415
-0.121119
-0.122819
-0.124515
-0.126207
-0.127896
-0.129582
-0.131266
-0.132948
-0.134628
-0.136306
-0.137985
-0.139662
-0.141341
-0.143019
-0.144701
-0.14637
-0.104181
-0.105832
-0.107477
-0.109115
-0.110747
-0.112374
-0.113995
-0.115611
-0.117222
-0.118829
-0.120431
-0.122028
-0.123623
-0.125213
-0.126801
-0.128386
-0.129969
-0.13155
-0.133129
-0.134707
-0.136284
-0.137863
-0.139428
-0.0994558
-0.101024
-0.102586
-0.104141
-0.10569
-0.107233
-0.10877
-0.110302
-0.111827
-0.113348
-0.114863
-0.116374
-0.11788
-0.119382
-0.12088
-0.122374
-0.123865
-0.125353
-0.126839
-0.128322
-0.129803
-0.131283
-0.132749
-0.0949026
-0.0963921
-0.0978748
-0.0993506
-0.10082
-0.102283
-0.103739
-0.105189
-0.106633
-0.108072
-0.109504
-0.110932
-0.112354
-0.113771
-0.115183
-0.116591
-0.117995
-0.119394
-0.12079
-0.122183
-0.123573
-0.12496
-0.126333
-0.0905197
-0.0919337
-0.0933406
-0.0947404
-0.0961333
-0.0975194
-0.0988987
-0.100271
-0.101638
-0.102998
-0.104351
-0.105699
-0.107041
-0.108378
-0.109708
-0.111034
-0.112355
-0.113671
-0.114982
-0.116289
-0.117592
-0.118892
-0.120176
-0.0863051
-0.087647
-0.0889816
-0.0903088
-0.0916289
-0.0929418
-0.0942477
-0.0955465
-0.0968386
-0.0981239
-0.0994025
-0.100675
-0.101941
-0.1032
-0.104454
-0.105701
-0.106943
-0.10818
-0.109411
-0.110637
-0.111858
-0.113075
-0.114276
-0.0822566
-0.0835299
-0.0847955
-0.0860537
-0.0873044
-0.0885477
-0.0897836
-0.0910123
-0.0922338
-0.0934481
-0.0946554
-0.0958558
-0.0970494
-0.0982362
-0.0994165
-0.10059
-0.101758
-0.102919
-0.104075
-0.105224
-0.106368
-0.107507
-0.108629
-0.0783723
-0.0795802
-0.0807803
-0.0819728
-0.0831576
-0.0843348
-0.0855043
-0.0866663
-0.0878208
-0.0889679
-0.0901076
-0.09124
-0.0923651
-0.0934831
-0.0945941
-0.0956981
-0.0967953
-0.0978858
-0.0989697
-0.100047
-0.101118
-0.102184
-0.103233
-0.0746501
-0.0757959
-0.0769339
-0.078064
-0.0791863
-0.0803008
-0.0814075
-0.0825063
-0.0835974
-0.0846808
-0.0857565
-0.0868246
-0.0878851
-0.0889381
-0.0899836
-0.0910218
-0.0920528
-0.0930765
-0.0940932
-0.0951028
-0.0961055
-0.097102
-0.0980822
-0.071088
-0.072175
-0.0732541
-0.0743253
-0.0753884
-0.0764436
-0.0774907
-0.0785299
-0.079561
-0.0805843
-0.0815996
-0.082607
-0.0836065
-0.0845982
-0.0855822
-0.0865584
-0.087527
-0.088488
-0.0894415
-0.0903876
-0.0913262
-0.0922581
-0.0931739
-0.067684
-0.0687155
-0.069739
-0.0707544
-0.0717616
-0.0727607
-0.0737517
-0.0747346
-0.0757092
-0.0766758
-0.0776342
-0.0785844
-0.0795266
-0.0804607
-0.0813867
-0.0823048
-0.0832149
-0.084117
-0.0850114
-0.0858979
-0.0867766
-0.0876481
-0.0885037
-0.0644364
-0.0654155
-0.0663865
-0.0673493
-0.0683039
-0.0692502
-0.0701883
-0.0711181
-0.0720396
-0.0729528
-0.0738577
-0.0747543
-0.0756426
-0.0765226
-0.0773943
-0.0782578
-0.0791131
-0.0799602
-0.0807992
-0.08163
-0.0824528
-0.0832679
-0.0840675
-0.0613435
-0.0622732
-0.0631948
-0.0641081
-0.0650132
-0.0659099
-0.0667983
-0.0676782
-0.0685498
-0.069413
-0.0702677
-0.0711139
-0.0719517
-0.0727811
-0.073602
-0.0744145
-0.0752185
-0.0760142
-0.0768015
-0.0775804
-0.078351
-0.0791137
-0.0798612
-0.0584037
-0.059287
-0.0601622
-0.0610291
-0.0618876
-0.0627378
-0.0635795
-0.0644128
-0.0652376
-0.0660539
-0.0668617
-0.0676608
-0.0684514
-0.0692335
-0.0700069
-0.0707718
-0.0715281
-0.0722758
-0.073015
-0.0737457
-0.0744677
-0.0751817
-0.0758809
-0.0556155
-0.0564555
-0.0572871
-0.0581105
-0.0589255
-0.0597322
-0.0605303
-0.0613199
-0.062101
-0.0628735
-0.0636374
-0.0643927
-0.0651393
-0.0658772
-0.0666064
-0.067327
-0.0680389
-0.068742
-0.0694365
-0.0701224
-0.0707995
-0.0714682
-0.0721228
-0.0529779
-0.0537772
-0.0545683
-0.055351
-0.0561254
-0.0568914
-0.0576489
-0.0583978
-0.0591381
-0.0598699
-0.0605929
-0.0613073
-0.062013
-0.0627099
-0.0633981
-0.0640775
-0.0647481
-0.06541
-0.0660631
-0.0667075
-0.067343
-0.06797
-0.0685833
-0.0504899
-0.0512513
-0.0520046
-0.0527495
-0.053486
-0.0542142
-0.0549338
-0.0556449
-0.0563474
-0.0570412
-0.0577264
-0.0584028
-0.0590706
-0.0597295
-0.0603797
-0.061021
-0.0616535
-0.0622772
-0.0628921
-0.0634981
-0.0640953
-0.0646839
-0.0652592
-0.0481508
-0.048877
-0.0495951
-0.0503049
-0.0510064
-0.0516994
-0.052384
-0.05306
-0.0537274
-0.0543862
-0.0550363
-0.0556777
-0.0563103
-0.0569342
-0.0575493
-0.0581555
-0.0587529
-0.0593414
-0.0599211
-0.060492
-0.0610539
-0.0616071
-0.0621476
-0.0459602
-0.0466539
-0.0473395
-0.0480168
-0.0486858
-0.0493464
-0.0499986
-0.0506422
-0.0512773
-0.0519038
-0.0525216
-0.0531307
-0.053731
-0.0543226
-0.0549054
-0.0554794
-0.0560446
-0.0566009
-0.0571483
-0.0576868
-0.0582165
-0.0587374
-0.0592462
-0.0445818
-0.0452374
-0.0458849
-0.046524
-0.0471548
-0.0477772
-0.0483911
-0.0489965
-0.0495933
-0.0501814
-0.0507609
-0.0513317
-0.0518938
-0.0524471
-0.0529916
-0.0535272
-0.0540541
-0.0545721
-0.0550812
-0.0555815
-0.056073
-0.0565529
-0.0426612
-0.0432894
-0.0439094
-0.0445212
-0.0451247
-0.0457199
-0.0463066
-0.0468849
-0.0474546
-0.0480157
-0.0485682
-0.0491121
-0.0496473
-0.0501737
-0.0506914
-0.0512002
-0.0517004
-0.0521916
-0.0526741
-0.0531478
-0.0536127
-0.0540664
-0.0408928
-0.041496
-0.0420911
-0.0426781
-0.0432568
-0.0438272
-0.0443893
-0.0449429
-0.0454881
-0.0460247
-0.0465528
-0.0470723
-0.0475831
-0.0480852
-0.0485787
-0.0490635
-0.0495395
-0.0500067
-0.0504652
-0.0509149
-0.0513559
-0.0517862
-0.0392781
-0.0398587
-0.0404314
-0.0409959
-0.0415522
-0.0421004
-0.0426402
-0.0431717
-0.0436948
-0.0442094
-0.0447155
-0.0452131
-0.0457022
-0.0461826
-0.0466544
-0.0471175
-0.047572
-0.0480177
-0.0484548
-0.0488831
-0.0493028
-0.0497123
-0.037819
-0.0383794
-0.038932
-0.0394764
-0.0400129
-0.0405411
-0.0410611
-0.0415729
-0.0420764
-0.0425714
-0.0430581
-0.0435363
-0.044006
-0.0444671
-0.0449198
-0.0453638
-0.0457992
-0.046226
-0.0466442
-0.0470538
-0.0474547
-0.0478458
-0.0365185
-0.0370611
-0.0375959
-0.0381227
-0.0386415
-0.0391523
-0.0396549
-0.0401493
-0.0406355
-0.0411135
-0.041583
-0.0420443
-0.0424971
-0.0429414
-0.0433773
-0.0438047
-0.0442235
-0.0446339
-0.0450357
-0.0454289
-0.0458136
-0.0461888
-0.0353798
-0.035907
-0.0364264
-0.0369379
-0.0374416
-0.0379372
-0.0384249
-0.0389044
-0.0393758
-0.039839
-0.040294
-0.0407406
-0.041179
-0.041609
-0.0420306
-0.0424438
-0.0428486
-0.0432449
-0.0436327
-0.0440121
-0.044383
-0.0447448
-0.034408
-0.034922
-0.0354283
-0.0359269
-0.0364177
-0.0369006
-0.0373756
-0.0378426
-0.0383015
-0.0387524
-0.0391951
-0.0396296
-0.0400559
-0.0404739
-0.0408837
-0.0412852
-0.0416783
-0.0420631
-0.0424395
-0.0428075
-0.0431671
-0.0435179
-0.0336085
-0.0341119
-0.0346077
-0.0350959
-0.0355764
-0.0360491
-0.036514
-0.0369709
-0.03742
-0.037861
-0.038294
-0.0387189
-0.0391357
-0.0395443
-0.0399447
-0.0403369
-0.0407208
-0.0410964
-0.0414638
-0.0418228
-0.0421736
-0.0425157
-0.0329871
-0.033482
-0.0339696
-0.0344496
-0.034922
-0.0353867
-0.0358438
-0.0362931
-0.0367345
-0.0371681
-0.0375938
-0.0380115
-0.0384213
-0.0388229
-0.0392165
-0.0396021
-0.0399794
-0.0403487
-0.0407097
-0.0410626
-0.0414073
-0.0417436
-0.0325583
-0.0330478
-0.03353
-0.0340048
-0.034472
-0.0349317
-0.0353838
-0.0358282
-0.0362648
-0.0366937
-0.0371147
-0.0375278
-0.037933
-0.0383302
-0.0387195
-0.0391006
-0.0394738
-0.0398388
-0.0401956
-0.0405443
-0.0408849
-0.0412172
-0.0323142
-0.0328002
-0.0332791
-0.0337508
-0.0342152
-0.0346721
-0.0351217
-0.0355638
-0.0359983
-0.0364252
-0.0368445
-0.0372561
-0.03766
-0.038056
-0.0384443
-0.0388247
-0.0391971
-0.0395617
-0.0399182
-0.0402668
-0.0406074
-0.0409399
-0.0188127
-0.0194469
-0.0200757
-0.0206991
-0.0213169
-0.0219291
-0.0225355
-0.023136
-0.0237307
-0.0243194
-0.0249019
-0.0254783
-0.0260485
-0.0266123
-0.0271697
-0.0277206
-0.028265
-0.0288027
-0.0293338
-0.029858
-0.0303754
-0.0308859
-0.0190192
-0.0196577
-0.0202905
-0.0209176
-0.021539
-0.0221545
-0.022764
-0.0233674
-0.0239647
-0.0245557
-0.0251404
-0.0257186
-0.0262904
-0.0268556
-0.0274141
-0.0279659
-0.0285109
-0.029049
-0.0295802
-0.0301043
-0.0306213
-0.0311312
-0.0193618
-0.0200064
-0.0206454
-0.0212785
-0.0219058
-0.0225272
-0.0231425
-0.0237517
-0.0243546
-0.0249512
-0.0255414
-0.0261252
-0.0267024
-0.0272729
-0.0278368
-0.0283938
-0.028944
-0.0294873
-0.0300237
-0.030553
-0.0310752
-0.03159
-0.0191961
-0.0198559
-0.0205101
-0.0211585
-0.021801
-0.0224376
-0.0230682
-0.0236926
-0.0243107
-0.0249226
-0.025528
-0.0261269
-0.0267192
-0.0273048
-0.0278837
-0.0284558
-0.029021
-0.0295793
-0.0301305
-0.0306746
-0.0312116
-0.0317415
-0.0322636
-0.0198146
-0.0204864
-0.0211524
-0.0218127
-0.022467
-0.0231154
-0.0237576
-0.0243936
-0.0250233
-0.0256467
-0.0262636
-0.0268739
-0.0274777
-0.0280747
-0.028665
-0.0292484
-0.0298249
-0.0303944
-0.0309569
-0.0315123
-0.0320606
-0.0326017
-0.033135
-0.0205628
-0.0212492
-0.0219299
-0.0226047
-0.0232736
-0.0239365
-0.0245932
-0.0252437
-0.0258879
-0.0265257
-0.027157
-0.0277817
-0.0283997
-0.0290111
-0.0296156
-0.0302133
-0.0308041
-0.0313878
-0.0319646
-0.0325342
-0.0330967
-0.033652
-0.0341991
-0.021436
-0.0221394
-0.0228371
-0.023529
-0.0242149
-0.0248948
-0.0255685
-0.026236
-0.0268972
-0.027552
-0.0282003
-0.028842
-0.0294771
-0.0301054
-0.030727
-0.0313417
-0.0319496
-0.0325505
-0.0331443
-0.0337311
-0.0343108
-0.0348834
-0.0354475
-0.0224294
-0.0231523
-0.0238695
-0.0245809
-0.0252863
-0.0259857
-0.026679
-0.0273661
-0.0280469
-0.0287213
-0.0293892
-0.0300506
-0.0307054
-0.0313535
-0.0319948
-0.0326294
-0.0332571
-0.0338779
-0.0344918
-0.0350986
-0.0356984
-0.0362912
-0.036875
-0.02354
-0.0242847
-0.0250238
-0.0257571
-0.0264844
-0.0272058
-0.0279211
-0.0286302
-0.029333
-0.0300296
-0.0307197
-0.0314033
-0.0320804
-0.0327509
-0.0334146
-0.0340717
-0.034722
-0.0353654
-0.036002
-0.0366317
-0.0372544
-0.0378702
-0.0384767
-0.0247647
-0.0255336
-0.0262968
-0.0270543
-0.027806
-0.0285517
-0.0292914
-0.030025
-0.0307524
-0.0314735
-0.0321883
-0.0328967
-0.0335987
-0.0342941
-0.0349829
-0.0356651
-0.0363406
-0.0370094
-0.0376715
-0.0383267
-0.0389751
-0.0396168
-0.0402486
-0.0261013
-0.0268967
-0.0276864
-0.0284704
-0.0292487
-0.0300212
-0.0307876
-0.0315481
-0.0323024
-0.0330506
-0.0337926
-0.0345282
-0.0352575
-0.0359804
-0.0366969
-0.0374068
-0.0381102
-0.0388069
-0.0394971
-0.0401806
-0.0408574
-0.0415278
-0.0421875
-0.027548
-0.028372
-0.0291905
-0.0300034
-0.0308106
-0.031612
-0.0324076
-0.0331973
-0.033981
-0.0347587
-0.0355302
-0.0362956
-0.0370547
-0.0378076
-0.0385541
-0.0392943
-0.0400282
-0.0407555
-0.0414765
-0.042191
-0.0428989
-0.0436007
-0.044291
-0.0291033
-0.0299582
-0.0308077
-0.0316517
-0.0324901
-0.0333228
-0.0341499
-0.0349711
-0.0357865
-0.036596
-0.0373996
-0.038197
-0.0389885
-0.0397738
-0.040553
-0.041326
-0.0420928
-0.0428534
-0.0436077
-0.0443558
-0.0450976
-0.0458334
-0.046557
-0.0307662
-0.0316542
-0.0325369
-0.0334142
-0.0342861
-0.0351525
-0.0360132
-0.0368684
-0.0377178
-0.0385615
-0.0393993
-0.0402314
-0.0410575
-0.0418777
-0.042692
-0.0435003
-0.0443026
-0.045099
-0.0458893
-0.0466736
-0.0474518
-0.0482244
-0.0489839
-0.032536
-0.0334593
-0.0343774
-0.0352903
-0.0361979
-0.0371001
-0.0379968
-0.0388881
-0.0397739
-0.0406541
-0.0415286
-0.0423976
-0.0432608
-0.0441183
-0.0449702
-0.0458162
-0.0466566
-0.0474912
-0.04832
-0.0491431
-0.0499604
-0.0507724
-0.0515703
-0.0344124
-0.0353731
-0.0363288
-0.0372795
-0.0382249
-0.0391652
-0.0401002
-0.0410299
-0.0419543
-0.0428733
-0.0437868
-0.044695
-0.0455977
-0.0464949
-0.0473867
-0.048273
-0.0491538
-0.0500292
-0.0508991
-0.0517635
-0.0526224
-0.0534766
-0.0543152
-0.0363952
-0.0373956
-0.038391
-0.0393816
-0.0403672
-0.0413477
-0.0423231
-0.0432935
-0.0442587
-0.0452188
-0.0461736
-0.0471233
-0.0480678
-0.0490071
-0.0499412
-0.0508701
-0.0517938
-0.0527124
-0.0536258
-0.0545341
-0.0554372
-0.056336
-0.0572179
-0.0384847
-0.0395268
-0.0405641
-0.0415968
-0.0426246
-0.0436475
-0.0446656
-0.0456788
-0.0466871
-0.0476905
-0.0486889
-0.0496824
-0.0506709
-0.0516546
-0.0526333
-0.0536072
-0.0545762
-0.0555404
-0.0564997
-0.0574544
-0.0584041
-0.0593501
-0.0602777
-0.0406812
-0.0417671
-0.0428485
-0.0439254
-0.0449975
-0.0460651
-0.0471279
-0.0481861
-0.0492397
-0.0502885
-0.0513327
-0.0523722
-0.0534071
-0.0544373
-0.055463
-0.0564841
-0.0575007
-0.0585128
-0.0595205
-0.0605239
-0.0615227
-0.0625183
-0.0634939
-0.0429854
-0.0441173
-0.0452448
-0.0463679
-0.0474865
-0.0486007
-0.0497105
-0.0508158
-0.0519167
-0.0530132
-0.0541053
-0.055193
-0.0562763
-0.0573554
-0.0584302
-0.0595008
-0.0605673
-0.0616296
-0.062688
-0.0637424
-0.0647926
-0.0658403
-0.0668661
-0.0453982
-0.0465781
-0.0477537
-0.0489251
-0.0500923
-0.0512552
-0.0524139
-0.0535684
-0.0547188
-0.0558649
-0.057007
-0.058145
-0.059279
-0.060409
-0.0615351
-0.0626573
-0.0637758
-0.0648906
-0.0660018
-0.0671095
-0.0682134
-0.0693154
-0.0703936
-0.0479207
-0.0491505
-0.0503763
-0.051598
-0.0528157
-0.0540294
-0.055239
-0.0564447
-0.0576465
-0.0588444
-0.0600384
-0.0612288
-0.0624154
-0.0635984
-0.0647778
-0.0659538
-0.0671264
-0.0682957
-0.0694618
-0.0706249
-0.0717847
-0.0729432
-0.0740757
-0.050554
-0.0518358
-0.0531136
-0.0543877
-0.0556578
-0.0569241
-0.0581866
-0.0594454
-0.0607006
-0.0619521
-0.0632001
-0.0644447
-0.0656859
-0.0669238
-0.0681585
-0.0693902
-0.0706189
-0.0718447
-0.0730678
-0.0742883
-0.0755059
-0.0767229
-0.0779117
-0.0532996
-0.0546352
-0.0559671
-0.0572952
-0.0586197
-0.0599405
-0.0612578
-0.0625715
-0.0638819
-0.0651889
-0.0664927
-0.0677934
-0.069091
-0.0703856
-0.0716775
-0.0729667
-0.0742533
-0.0755374
-0.0768193
-0.0780991
-0.0793763
-0.0806537
-0.0819005
-0.0561591
-0.0575503
-0.058938
-0.0603221
-0.0617027
-0.0630798
-0.0644536
-0.0658241
-0.0671914
-0.0685556
-0.0699169
-0.0712753
-0.0726311
-0.0739842
-0.0753348
-0.0766832
-0.0780294
-0.0793736
-0.0807159
-0.0820567
-0.0833952
-0.0847347
-0.086041
-0.0591341
-0.0605828
-0.062028
-0.0634698
-0.0649082
-0.0663433
-0.0677752
-0.069204
-0.0706299
-0.072053
-0.0734733
-0.0748911
-0.0763065
-0.0777197
-0.0791307
-0.0805397
-0.081947
-0.0833528
-0.084757
-0.0861602
-0.0875615
-0.0889646
-0.0903317
-0.0622266
-0.0637344
-0.0652388
-0.0667399
-0.0682377
-0.0697323
-0.0712239
-0.0727126
-0.0741985
-0.0756819
-0.0771627
-0.0786413
-0.0801178
-0.0815923
-0.083065
-0.0845361
-0.0860058
-0.0874743
-0.0889418
-0.0904086
-0.0918739
-0.0933417
-0.0947709
-0.0654385
-0.067007
-0.0685722
-0.070134
-0.0716927
-0.0732482
-0.0748009
-0.0763508
-0.0778982
-0.0794431
-0.0809857
-0.0825263
-0.084065
-0.085602
-0.0871376
-0.0886718
-0.090205
-0.0917374
-0.0932691
-0.0948005
-0.0963308
-0.0978643
-0.0993562
-0.0687719
-0.0704026
-0.0720299
-0.0736539
-0.0752747
-0.0768926
-0.0785075
-0.0801199
-0.0817298
-0.0833374
-0.0849429
-0.0865465
-0.0881484
-0.0897489
-0.0913482
-0.0929465
-0.094544
-0.096141
-0.0977376
-0.0993344
-0.10093
-0.10253
-0.104085
-0.0722291
-0.0739233
-0.075614
-0.0773014
-0.0789856
-0.0806667
-0.0823451
-0.0840209
-0.0856942
-0.0873654
-0.0890346
-0.0907021
-0.092368
-0.0940327
-0.0956964
-0.0973592
-0.0990216
-0.100684
-0.102346
-0.104008
-0.10567
-0.107336
-0.108955
-0.0758123
-0.0775712
-0.0793264
-0.0810782
-0.0828267
-0.0845722
-0.0863148
-0.0880548
-0.0897924
-0.0915278
-0.0932614
-0.0949932
-0.0967237
-0.0984529
-0.100181
-0.101909
-0.103636
-0.105364
-0.107091
-0.108819
-0.110547
-0.11228
-0.113962
-0.0795239
-0.0813484
-0.0831691
-0.0849862
-0.0867999
-0.0886103
-0.0904178
-0.0922226
-0.094025
-0.0958251
-0.0976233
-0.0994198
-0.101215
-0.103009
-0.104802
-0.106595
-0.108387
-0.110179
-0.111972
-0.113765
-0.115558
-0.117357
-0.119101
-0.0833662
-0.0852572
-0.0871441
-0.0890272
-0.0909066
-0.0927825
-0.0946553
-0.0965252
-0.0983925
-0.100257
-0.10212
-0.103982
-0.105841
-0.1077
-0.109557
-0.111414
-0.113271
-0.115128
-0.116985
-0.118843
-0.1207
-0.122563
-0.124369
-0.0873417
-0.0892998
-0.0912535
-0.093203
-0.0951484
-0.09709
-0.0990282
-0.100963
-0.102895
-0.104825
-0.106752
-0.108678
-0.110602
-0.112524
-0.114445
-0.116366
-0.118286
-0.120206
-0.122127
-0.124048
-0.125968
-0.127894
-0.12976
-0.0914528
-0.0934784
-0.0954992
-0.0975152
-0.0995267
-0.101534
-0.103537
-0.105537
-0.107534
-0.109528
-0.111519
-0.113508
-0.115495
-0.11748
-0.119464
-0.121447
-0.12343
-0.125412
-0.127393
-0.129376
-0.131357
-0.133344
-0.135268
-0.0957019
-0.0977952
-0.099883
-0.101965
-0.104043
-0.106115
-0.108184
-0.110248
-0.112308
-0.114365
-0.116419
-0.118471
-0.12052
-0.122566
-0.124612
-0.126655
-0.128698
-0.13074
-0.132781
-0.134823
-0.136862
-0.138908
-0.140887
-0.100091
-0.102252
-0.104407
-0.106555
-0.108698
-0.110835
-0.112967
-0.115095
-0.117218
-0.119337
-0.121452
-0.123565
-0.125674
-0.12778
-0.129885
-0.131987
-0.134087
-0.136187
-0.138285
-0.140383
-0.142477
-0.144579
-0.146609
-0.104624
-0.106852
-0.109072
-0.111286
-0.113493
-0.115694
-0.117889
-0.120078
-0.122262
-0.124442
-0.126617
-0.128788
-0.130955
-0.133119
-0.13528
-0.137438
-0.139594
-0.141748
-0.1439
-0.14605
-0.148197
-0.15035
-0.152427
-0.109301
-0.111595
-0.113881
-0.116158
-0.118429
-0.120691
-0.122947
-0.125197
-0.12744
-0.129678
-0.131911
-0.134138
-0.136361
-0.13858
-0.140794
-0.143006
-0.145213
-0.147418
-0.14962
-0.151819
-0.154013
-0.156214
-0.158335
-0.114125
-0.116484
-0.118833
-0.121174
-0.123505
-0.125828
-0.128143
-0.130451
-0.132751
-0.135044
-0.137332
-0.139613
-0.141888
-0.144158
-0.146424
-0.148684
-0.15094
-0.153192
-0.15544
-0.157684
-0.159922
-0.162165
-0.164325
-0.119097
-0.12152
-0.123931
-0.126332
-0.128723
-0.131104
-0.133475
-0.135838
-0.138192
-0.140538
-0.142877
-0.145208
-0.147533
-0.149851
-0.152163
-0.154469
-0.156769
-0.159064
-0.161354
-0.163639
-0.165915
-0.168196
-0.170391
-0.12422
-0.126704
-0.129175
-0.131634
-0.134082
-0.136517
-0.138942
-0.141357
-0.143762
-0.146157
-0.148544
-0.150922
-0.153291
-0.155653
-0.158008
-0.160355
-0.162695
-0.165029
-0.167356
-0.169677
-0.171988
-0.174301
-0.176531
-0.129495
-0.132038
-0.134566
-0.13708
-0.13958
-0.142068
-0.144543
-0.147006
-0.149457
-0.151898
-0.154328
-0.156748
-0.159159
-0.16156
-0.163953
-0.166337
-0.168712
-0.17108
-0.17344
-0.175793
-0.178135
-0.180477
-0.182742
-0.132306
-0.134922
-0.13752
-0.140102
-0.142667
-0.145217
-0.147752
-0.150273
-0.15278
-0.155274
-0.157755
-0.160225
-0.162682
-0.165129
-0.167565
-0.169991
-0.172408
-0.174815
-0.177212
-0.179601
-0.181982
-0.184353
-0.186717
-0.189023
-0.137832
-0.140502
-0.143152
-0.145783
-0.148396
-0.150991
-0.153569
-0.156131
-0.158677
-0.161209
-0.163725
-0.166229
-0.168719
-0.171196
-0.173662
-0.176117
-0.178561
-0.180994
-0.183418
-0.185833
-0.188237
-0.190636
-0.193018
-0.195376
-0.143516
-0.146236
-0.148933
-0.151609
-0.154264
-0.156899
-0.159515
-0.162113
-0.164692
-0.167255
-0.169802
-0.172333
-0.17485
-0.177353
-0.179844
-0.182322
-0.184788
-0.187244
-0.18969
-0.192127
-0.194553
-0.196979
-0.199375
-0.201803
-0.149357
-0.152122
-0.154862
-0.157577
-0.160269
-0.162938
-0.165586
-0.168212
-0.170819
-0.173407
-0.175978
-0.178531
-0.181069
-0.183591
-0.1861
-0.188596
-0.191081
-0.193555
-0.196019
-0.198476
-0.200922
-0.203378
-0.205781
-0.208308
-0.155357
-0.158161
-0.160937
-0.163685
-0.166407
-0.169103
-0.171776
-0.174425
-0.177052
-0.179658
-0.182244
-0.184813
-0.187364
-0.189899
-0.19242
-0.194928
-0.197426
-0.199913
-0.202393
-0.204869
-0.207332
-0.209823
-0.212228
-0.214896
-0.161514
-0.164351
-0.167156
-0.16993
-0.172674
-0.17539
-0.178079
-0.180742
-0.183381
-0.185997
-0.188592
-0.191167
-0.193724
-0.196264
-0.19879
-0.201304
-0.203808
-0.206305
-0.208796
-0.21129
-0.213771
-0.216305
-0.218705
-0.22157
-0.167828
-0.17069
-0.173516
-0.176308
-0.179066
-0.181792
-0.184489
-0.187157
-0.189798
-0.192414
-0.195008
-0.19758
-0.200133
-0.20267
-0.205194
-0.207706
-0.210211
-0.212712
-0.21521
-0.217721
-0.22022
-0.222807
-0.225196
-0.228332
-0.174298
-0.177177
-0.180014
-0.182814
-0.185576
-0.188302
-0.190996
-0.193657
-0.19629
-0.198895
-0.201475
-0.204033
-0.206572
-0.209094
-0.211605
-0.214108
-0.216607
-0.219108
-0.221613
-0.224141
-0.22666
-0.229309
-0.231681
-0.235173
-0.180923
-0.183807
-0.186646
-0.189442
-0.192196
-0.194911
-0.197589
-0.200232
-0.202843
-0.205423
-0.207977
-0.210508
-0.213018
-0.215514
-0.217998
-0.220478
-0.222959
-0.225451
-0.227959
-0.230506
-0.233053
-0.235781
-0.238137
-0.242077
-0.187699
-0.190577
-0.193405
-0.196184
-0.198917
-0.201607
-0.204254
-0.206864
-0.209438
-0.21198
-0.214493
-0.216982
-0.219452
-0.221907
-0.224354
-0.226799
-0.229251
-0.231721
-0.234217
-0.23677
-0.239341
-0.242153
-0.244506
-0.248992
-0.194622
-0.197481
-0.200283
-0.203031
-0.205726
-0.208372
-0.210972
-0.213529
-0.216047
-0.21853
-0.220983
-0.223411
-0.225821
-0.228221
-0.230618
-0.233022
-0.235444
-0.237895
-0.240384
-0.242943
-0.245531
-0.248408
-0.250751
-0.255852
-0.20169
-0.204513
-0.207273
-0.209972
-0.212612
-0.215196
-0.217728
-0.220211
-0.222649
-0.225048
-0.227413
-0.229751
-0.232069
-0.234379
-0.236692
-0.239022
-0.241386
-0.243804
-0.246294
-0.248889
-0.251548
-0.254531
-0.256908
-0.262653
-0.208895
-0.211667
-0.214369
-0.217001
-0.219568
-0.222073
-0.224518
-0.226909
-0.22925
-0.231545
-0.233802
-0.236027
-0.23823
-0.24042
-0.24261
-0.244817
-0.247061
-0.249368
-0.251769
-0.254318
-0.257016
-0.26013
-0.262702
-0.269222
-0.216219
-0.218921
-0.221543
-0.224089
-0.226563
-0.228967
-0.231307
-0.233588
-0.235816
-0.237996
-0.240137
-0.242249
-0.24434
-0.246424
-0.248515
-0.250627
-0.252779
-0.25499
-0.257285
-0.259705
-0.262278
-0.265278
-0.267949
-0.275246
-0.223633
-0.226235
-0.228747
-0.231171
-0.233511
-0.235773
-0.23796
-0.240079
-0.242138
-0.244145
-0.246113
-0.248053
-0.249984
-0.251925
-0.253898
-0.255931
-0.258056
-0.260305
-0.262713
-0.265312
-0.268109
-0.271224
-0.274059
-0.28169
-0.231187
-0.23366
-0.236027
-0.238289
-0.240448
-0.242506
-0.244467
-0.246336
-0.248118
-0.249822
-0.251461
-0.253049
-0.254608
-0.256163
-0.257747
-0.259402
-0.261181
-0.263151
-0.2654
-0.268045
-0.271228
-0.275121
-0.279472
-0.288214
-0.23902
-0.241384
-0.243631
-0.245759
-0.24777
-0.249664
-0.251442
-0.253106
-0.254657
-0.256102
-0.257447
-0.258701
-0.25988
-0.261
-0.262085
-0.263161
-0.264263
-0.265431
-0.266724
-0.26823
-0.270105
-0.27267
-0.27679
-0.285997
-0.031937
-0.033486
-0.0349938
-0.0364502
-0.0378473
-0.0391774
-0.0404329
-0.0416051
-0.0426844
-0.0436614
-0.044526
-0.0452684
-0.0458785
-0.0463461
-0.0466614
-0.0468146
-0.0467963
-0.0465976
-0.0321868
-0.0337419
-0.0352539
-0.0367142
-0.0381152
-0.0394495
-0.0407088
-0.0418841
-0.0429659
-0.0439446
-0.0448103
-0.0455529
-0.0461624
-0.0466285
-0.0469412
-0.0470908
-0.0470677
-0.0468629
-0.032663
-0.0342336
-0.035755
-0.0372232
-0.0386327
-0.0399754
-0.0412424
-0.0424242
-0.043511
-0.0444933
-0.0453611
-0.0461043
-0.0467127
-0.0471758
-0.0474837
-0.0476263
-0.0475939
-0.0473775
-0.0333597
-0.0349515
-0.0364862
-0.0379661
-0.0393877
-0.0407427
-0.0420208
-0.0432117
-0.0443058
-0.0452932
-0.046164
-0.0469081
-0.0475148
-0.0479737
-0.0482744
-0.0484068
-0.048361
-0.0481276
-0.0342629
-0.0358829
-0.037435
-0.03893
-0.0403675
-0.0417385
-0.043031
-0.044234
-0.0453374
-0.0463315
-0.0472063
-0.0479514
-0.0485561
-0.0490095
-0.0493011
-0.0494203
-0.0493571
-0.0491018
-0.0353656
-0.0370196
-0.0385928
-0.0401061
-0.041563
-0.0429534
-0.0442634
-0.0454809
-0.0465956
-0.0475979
-0.0484775
-0.049224
-0.0498262
-0.050273
-0.0505535
-0.0506567
-0.0505724
-0.0502905
-0.03666
-0.0383537
-0.0399513
-0.041486
-0.0429656
-0.0443787
-0.0457092
-0.0469437
-0.0480716
-0.0490833
-0.0499687
-0.0507168
-0.0513162
-0.0517553
-0.0520228
-0.0521075
-0.0519986
-0.0516857
-0.0381402
-0.0398791
-0.0415042
-0.0430631
-0.0445685
-0.0460075
-0.0473612
-0.0486149
-0.0497577
-0.0507802
-0.0516722
-0.0524222
-0.0530184
-0.053449
-0.0537019
-0.0537657
-0.0536289
-0.0532809
-0.0398012
-0.0415903
-0.0432459
-0.0448317
-0.0463659
-0.0478336
-0.0492132
-0.0504881
-0.0516476
-0.0526821
-0.0535814
-0.0543336
-0.0549266
-0.0553477
-0.0555846
-0.0556251
-0.0554575
-0.0550705
-0.0416389
-0.0434831
-0.0451717
-0.046787
-0.0483527
-0.049852
-0.0512597
-0.052558
-0.0537356
-0.0547834
-0.0556907
-0.0564456
-0.057035
-0.057446
-0.0576655
-0.0576809
-0.0574797
-0.0570501
-0.04365
-0.0455539
-0.047278
-0.0489248
-0.0505247
-0.0520581
-0.0534963
-0.0548197
-0.056017
-0.0570791
-0.0579953
-0.0587532
-0.059339
-0.0597392
-0.0599403
-0.0599288
-0.0596916
-0.059216
-0.0458317
-0.0477995
-0.0495612
-0.0512417
-0.0528781
-0.0544481
-0.0559189
-0.057269
-0.0584873
-0.0595649
-0.0604908
-0.061252
-0.0618344
-0.0622235
-0.0624052
-0.0623654
-0.06209
-0.0615655
-0.0481818
-0.0502175
-0.0520187
-0.0537347
-0.0554098
-0.0570185
-0.0585237
-0.0599022
-0.0611427
-0.0622367
-0.0631732
-0.0639384
-0.0645174
-0.0648953
-0.065057
-0.0649876
-0.0646722
-0.0640963
-0.0506984
-0.0528058
-0.054648
-0.0564009
-0.0581168
-0.0597662
-0.0613074
-0.0627156
-0.0639796
-0.0650911
-0.0660388
-0.0668086
-0.0673848
-0.0677515
-0.0678928
-0.067793
-0.0674361
-0.0668067
-0.0533802
-0.0555625
-0.0574468
-0.059238
-0.0609962
-0.062688
-0.0642668
-0.0657059
-0.0669943
-0.0681243
-0.0690844
-0.0698595
-0.0704333
-0.0707891
-0.0709101
-0.0707794
-0.0703802
-0.0696954
-0.0562258
-0.058486
-0.0604132
-0.0622435
-0.0640456
-0.0657813
-0.0673987
-0.0688697
-0.0701836
-0.0713331
-0.0723063
-0.0730877
-0.0736599
-0.0740054
-0.0741065
-0.0739451
-0.073503
-0.0727618
-0.0592343
-0.0615747
-0.0635452
-0.0654153
-0.0672622
-0.0690429
-0.0707
-0.0722037
-0.073544
-0.0747138
-0.0757013
-0.07649
-0.0770617
-0.077398
-0.07748
-0.0772884
-0.0768035
-0.0760052
-0.0624046
-0.0648273
-0.0668409
-0.0687508
-0.0706434
-0.0724699
-0.0741673
-0.0757043
-0.0770716
-0.0782628
-0.0792657
-0.080063
-0.0806358
-0.0809643
-0.0810286
-0.0808079
-0.0802808
-0.0794257
-0.065736
-0.0682423
-0.0702982
-0.0722478
-0.0741864
-0.0760591
-0.0777972
-0.0793678
-0.0807628
-0.0819763
-0.0829958
-0.0838034
-0.084379
-0.0847016
-0.08475
-0.0845021
-0.0839345
-0.0830233
-0.0692275
-0.0718182
-0.0739152
-0.0759035
-0.077888
-0.079807
-0.0815856
-0.0831901
-0.0846133
-0.08585
-0.0868876
-0.0877072
-0.0882878
-0.088607
-0.0886423
-0.0883697
-0.0877639
-0.0867984
-0.0728782
-0.0755533
-0.0776894
-0.0797151
-0.0817449
-0.0837097
-0.0855285
-0.0871667
-0.0886184
-0.0898794
-0.0909367
-0.0917705
-0.0923586
-0.0926776
-0.0927032
-0.0924095
-0.0917686
-0.0907516
-0.0766871
-0.0794457
-0.0816182
-0.0836793
-0.0857532
-0.0877629
-0.0896211
-0.0912926
-0.0927732
-0.0940595
-0.0951382
-0.0959887
-0.0965875
-0.0969101
-0.0969304
-0.0966199
-0.0959483
-0.0948835
-0.0806528
-0.0834934
-0.0856986
-0.0877926
-0.0899089
-0.091962
-0.0938582
-0.0955623
-0.0970719
-0.0983846
-0.0994869
-0.100357
-0.10097
-0.101301
-0.101321
-0.101
-0.100303
-0.0991952
-0.0847739
-0.0876939
-0.0899274
-0.0920507
-0.0942071
-0.0963015
-0.0982341
-0.0999697
-0.101508
-0.102849
-0.103977
-0.10487
-0.105502
-0.105847
-0.105873
-0.105547
-0.104832
-0.103688
-0.0890488
-0.0920444
-0.0943007
-0.0964492
-0.0986425
-0.100776
-0.102742
-0.104508
-0.106076
-0.107445
-0.108601
-0.109521
-0.110179
-0.110543
-0.110583
-0.11026
-0.109535
-0.108362
-0.0934752
-0.0965416
-0.0988142
-0.100983
-0.103209
-0.105378
-0.107376
-0.10917
-0.110766
-0.112165
-0.113353
-0.114305
-0.114993
-0.115385
-0.115447
-0.115138
-0.114412
-0.11322
-0.0980509
-0.101182
-0.103463
-0.105646
-0.107901
-0.1101
-0.112126
-0.113947
-0.115571
-0.117002
-0.118225
-0.119213
-0.119939
-0.120368
-0.120462
-0.120177
-0.119462
-0.118262
-0.102773
-0.105961
-0.108242
-0.110432
-0.11271
-0.114936
-0.116985
-0.11883
-0.120482
-0.121947
-0.123207
-0.124239
-0.12501
-0.125485
-0.125624
-0.125376
-0.124686
-0.123491
-0.107638
-0.110874
-0.113145
-0.115334
-0.117629
-0.119875
-0.121944
-0.123809
-0.125489
-0.126988
-0.128291
-0.129372
-0.130198
-0.130732
-0.130928
-0.130732
-0.130082
-0.128908
-0.112642
-0.115915
-0.118164
-0.120344
-0.122648
-0.124908
-0.126991
-0.128874
-0.13058
-0.132116
-0.133467
-0.134604
-0.135496
-0.1361
-0.136369
-0.136243
-0.13565
-0.134514
-0.117781
-0.12108
-0.123294
-0.125454
-0.127759
-0.130025
-0.132115
-0.134013
-0.135745
-0.13732
-0.138723
-0.139925
-0.140893
-0.141584
-0.141943
-0.141904
-0.14139
-0.140312
-0.123049
-0.12636
-0.128525
-0.130654
-0.13295
-0.135214
-0.137305
-0.139213
-0.14097
-0.142586
-0.144047
-0.145324
-0.146382
-0.147174
-0.147643
-0.147714
-0.147301
-0.146304
-0.128443
-0.131748
-0.133848
-0.135934
-0.138211
-0.140464
-0.142548
-0.144462
-0.146242
-0.147902
-0.149427
-0.150789
-0.15195
-0.152863
-0.153463
-0.153668
-0.153381
-0.152493
-0.133954
-0.137238
-0.139255
-0.141284
-0.14353
-0.145761
-0.147831
-0.149745
-0.151547
-0.153253
-0.154849
-0.156307
-0.157588
-0.158642
-0.159396
-0.159762
-0.159632
-0.158879
-0.139577
-0.142819
-0.144735
-0.146692
-0.148894
-0.151092
-0.153138
-0.155047
-0.15687
-0.158625
-0.160299
-0.161866
-0.163284
-0.1645
-0.165436
-0.165993
-0.166051
-0.165467
-0.145305
-0.148483
-0.150277
-0.152146
-0.154291
-0.156442
-0.158455
-0.160353
-0.162195
-0.164002
-0.165763
-0.167451
-0.169026
-0.170429
-0.171576
-0.172357
-0.172638
-0.17226
-0.15113
-0.154221
-0.155869
-0.157633
-0.159706
-0.161798
-0.163766
-0.165647
-0.167506
-0.169368
-0.171224
-0.173049
-0.1748
-0.176417
-0.177807
-0.178849
-0.179392
-0.17926
-0.157045
-0.160023
-0.161501
-0.163141
-0.165126
-0.167144
-0.169056
-0.170912
-0.172786
-0.174707
-0.176667
-0.178643
-0.180594
-0.182453
-0.18412
-0.185463
-0.186313
-0.186471
-0.163041
-0.165876
-0.167158
-0.168656
-0.170536
-0.172464
-0.174307
-0.176131
-0.178018
-0.180001
-0.182074
-0.184218
-0.186392
-0.188525
-0.190508
-0.192195
-0.193399
-0.193896
-0.169111
-0.17177
-0.172829
-0.174164
-0.175922
-0.177743
-0.179503
-0.181286
-0.183183
-0.185231
-0.187428
-0.189757
-0.19218
-0.194619
-0.196959
-0.199038
-0.200648
-0.201538
-0.175243
-0.17769
-0.178498
-0.179651
-0.181267
-0.182962
-0.184625
-0.186359
-0.188263
-0.190377
-0.192708
-0.195241
-0.197939
-0.200721
-0.203462
-0.205984
-0.208056
-0.209398
-0.181425
-0.183622
-0.184151
-0.185103
-0.186556
-0.188104
-0.189655
-0.19133
-0.193236
-0.19542
-0.197894
-0.20065
-0.20365
-0.206813
-0.210002
-0.213022
-0.215617
-0.217475
-0.187644
-0.189546
-0.189773
-0.190505
-0.191772
-0.193151
-0.194572
-0.196177
-0.198081
-0.200336
-0.202962
-0.205959
-0.209292
-0.212874
-0.21656
-0.220137
-0.223321
-0.225764
-0.193879
-0.195441
-0.195347
-0.195841
-0.196897
-0.198081
-0.199355
-0.200879
-0.202774
-0.205099
-0.207885
-0.211142
-0.214835
-0.218878
-0.223112
-0.227307
-0.23115
-0.234253
-0.200106
-0.201279
-0.200854
-0.201094
-0.201909
-0.202871
-0.20398
-0.205409
-0.207285
-0.209679
-0.212633
-0.216166
-0.220249
-0.224791
-0.229627
-0.234504
-0.23908
-0.242923
-0.20629
-0.207028
-0.206275
-0.206245
-0.206784
-0.207497
-0.208421
-0.20974
-0.211586
-0.214043
-0.21717
-0.220994
-0.225492
-0.230574
-0.236062
-0.241688
-0.247072
-0.251739
-0.212387
-0.21265
-0.211589
-0.211273
-0.211497
-0.21193
-0.212649
-0.21384
-0.215642
-0.218155
-0.221455
-0.225581
-0.230518
-0.236175
-0.242367
-0.248807
-0.255077
-0.260655
-0.218339
-0.218101
-0.216774
-0.216153
-0.216017
-0.21614
-0.216632
-0.217674
-0.219413
-0.221971
-0.225441
-0.229876
-0.23527
-0.241535
-0.248483
-0.255793
-0.263026
-0.269606
-0.224067
-0.223331
-0.221808
-0.220856
-0.220311
-0.220095
-0.220339
-0.221207
-0.222861
-0.225447
-0.229079
-0.233823
-0.239686
-0.246585
-0.254322
-0.262564
-0.270836
-0.278507
-0.229474
-0.22829
-0.226668
-0.22535
-0.224344
-0.223764
-0.223735
-0.2244
-0.225944
-0.228538
-0.232317
-0.237364
-0.243699
-0.251247
-0.259806
-0.26903
-0.278407
-0.287256
-0.234446
-0.23293
-0.23133
-0.229596
-0.22808
-0.227116
-0.226788
-0.227219
-0.228624
-0.231202
-0.235106
-0.240441
-0.247243
-0.255446
-0.264848
-0.27509
-0.285631
-0.295737
-0.238855
-0.237214
-0.235769
-0.233556
-0.23149
-0.230126
-0.229471
-0.229636
-0.230871
-0.233404
-0.237406
-0.243006
-0.250259
-0.25911
-0.269362
-0.280649
-0.292398
-0.303829
-0.242584
-0.241128
-0.239957
-0.237191
-0.234551
-0.232776
-0.231765
-0.231632
-0.232669
-0.235124
-0.239193
-0.245028
-0.252705
-0.262186
-0.273282
-0.28562
-0.298606
-0.311416
-0.245551
-0.244685
-0.243864
-0.240468
-0.237254
-0.235062
-0.233668
-0.23321
-0.234018
-0.236364
-0.240465
-0.246498
-0.254564
-0.264644
-0.276561
-0.289943
-0.304178
-0.318402
-0.247767
-0.247937
-0.247457
-0.243371
-0.239607
-0.236993
-0.235192
-0.234389
-0.234946
-0.237151
-0.241246
-0.247438
-0.255851
-0.266488
-0.279191
-0.29359
-0.309065
-0.324716
-0.249365
-0.250977
-0.250712
-0.245906
-0.241638
-0.238597
-0.236378
-0.235218
-0.235505
-0.237541
-0.241596
-0.247902
-0.256613
-0.267757
-0.281196
-0.296571
-0.313256
-0.330324
-0.250576
-0.253903
-0.253615
-0.248114
-0.243397
-0.239928
-0.237286
-0.235768
-0.235769
-0.23761
-0.241587
-0.247962
-0.256917
-0.26851
-0.282624
-0.298919
-0.31677
-0.335225
-0.251906
-0.25674
-0.256152
-0.250073
-0.244959
-0.241052
-0.23799
-0.236108
-0.235807
-0.237424
-0.241285
-0.24768
-0.256824
-0.268806
-0.28354
-0.300703
-0.31968
-0.339492
-0.254329
-0.259494
-0.258272
-0.251827
-0.246362
-0.24201
-0.238534
-0.236293
-0.235681
-0.237059
-0.240778
-0.247163
-0.256462
-0.268796
-0.284115
-0.302113
-0.322192
-0.343352
-0.259984
-0.262517
-0.259904
-0.253267
-0.247538
-0.242815
-0.239012
-0.236494
-0.235649
-0.236851
-0.240478
-0.246879
-0.256328
-0.268974
-0.284791
-0.303492
-0.324495
-0.346811
-0.272611
-0.265795
-0.261005
-0.254295
-0.248505
-0.243684
-0.239801
-0.237218
-0.236314
-0.237464
-0.241046
-0.247414
-0.25685
-0.26951
-0.28538
-0.304178
-0.325339
-0.347865
-0.277204
-0.267046
-0.261185
-0.254465
-0.248646
-0.24378
-0.239892
-0.237348
-0.236525
-0.237805
-0.241579
-0.248207
-0.257976
-0.271044
-0.287392
-0.306728
-0.328467
-0.351604
-0.278681
-0.266727
-0.260631
-0.254038
-0.248302
-0.243508
-0.239734
-0.237358
-0.236759
-0.238327
-0.242461
-0.249523
-0.259799
-0.273443
-0.290425
-0.310436
-0.332861
-0.356673
-0.279475
-0.266161
-0.260123
-0.253703
-0.24807
-0.243371
-0.239726
-0.237524
-0.237147
-0.238995
-0.243468
-0.250932
-0.261674
-0.275843
-0.293398
-0.314015
-0.337051
-0.36145
-0.279778
-0.265601
-0.259764
-0.253515
-0.247994
-0.243398
-0.239885
-0.23785
-0.237682
-0.239787
-0.244572
-0.252405
-0.263574
-0.278227
-0.296313
-0.317489
-0.341086
-0.366021
-0.279622
-0.265033
-0.259508
-0.253423
-0.24803
-0.243552
-0.240179
-0.238316
-0.238355
-0.24071
-0.245796
-0.253984
-0.265565
-0.280683
-0.299278
-0.320991
-0.345123
-0.370568
-0.279178
-0.264534
-0.259369
-0.253437
-0.248186
-0.243839
-0.240615
-0.238926
-0.239169
-0.241769
-0.247146
-0.255676
-0.267652
-0.283219
-0.302304
-0.32453
-0.349173
-0.375102
-0.278589
-0.26418
-0.259376
-0.253583
-0.248485
-0.244275
-0.241204
-0.239687
-0.240131
-0.242966
-0.248619
-0.257475
-0.26983
-0.285824
-0.305377
-0.328093
-0.353218
-0.379597
-0.277958
-0.264014
-0.259542
-0.253879
-0.248939
-0.244871
-0.241953
-0.240605
-0.24124
-0.244299
-0.250215
-0.25938
-0.272093
-0.288494
-0.308492
-0.331673
-0.357252
-0.277372
-0.26406
-0.259876
-0.254335
-0.249557
-0.24563
-0.242863
-0.241678
-0.242497
-0.245766
-0.25193
-0.261386
-0.274439
-0.291226
-0.311646
-0.335265
-0.361269
-0.276899
-0.26433
-0.260381
-0.254961
-0.250345
-0.246558
-0.243938
-0.242909
-0.2439
-0.247367
-0.253761
-0.26349
-0.276862
-0.294014
-0.314831
-0.338861
-0.365259
-0.276592
-0.264829
-0.261063
-0.255764
-0.251307
-0.247655
-0.245177
-0.244295
-0.245447
-0.249097
-0.255706
-0.265688
-0.279357
-0.296849
-0.318037
-0.34245
-0.36921
-0.27649
-0.265553
-0.261923
-0.256748
-0.252445
-0.248924
-0.24658
-0.245836
-0.247136
-0.250954
-0.257758
-0.267973
-0.281917
-0.299723
-0.321254
-0.346017
-0.373106
-0.276616
-0.266495
-0.262962
-0.257916
-0.25376
-0.250363
-0.248146
-0.247528
-0.248964
-0.252934
-0.259915
-0.27034
-0.284533
-0.302625
-0.324468
-0.349548
-0.376928
-0.276986
-0.267647
-0.264181
-0.259267
-0.255252
-0.251973
-0.249873
-0.249371
-0.250929
-0.255033
-0.26217
-0.272782
-0.287196
-0.305543
-0.327663
-0.353023
-0.380655
-0.277609
-0.268999
-0.265579
-0.260802
-0.256918
-0.253751
-0.25176
-0.251362
-0.253028
-0.257249
-0.264519
-0.275291
-0.289896
-0.308463
-0.330823
-0.356422
-0.384263
-0.278485
-0.27054
-0.267156
-0.262517
-0.258759
-0.255697
-0.253806
-0.2535
-0.255259
-0.259577
-0.266958
-0.27786
-0.292621
-0.31137
-0.333927
-0.359721
-0.387727
-0.27961
-0.272261
-0.268912
-0.264413
-0.260773
-0.25781
-0.256009
-0.255784
-0.257622
-0.262016
-0.26948
-0.280481
-0.295361
-0.314249
-0.336956
-0.362896
-0.280978
-0.274156
-0.270846
-0.266485
-0.262959
-0.260089
-0.25837
-0.258213
-0.260114
-0.264562
-0.272081
-0.283145
-0.298103
-0.317082
-0.339889
-0.365922
-0.282575
-0.276215
-0.272958
-0.268734
-0.265317
-0.262536
-0.260888
-0.260788
-0.262736
-0.267214
-0.274755
-0.285845
-0.300834
-0.319853
-0.342703
-0.368771
-0.284391
-0.278437
-0.275245
-0.271156
-0.267848
-0.265149
-0.263565
-0.263508
-0.265489
-0.269969
-0.2775
-0.288572
-0.303543
-0.322545
-0.345376
-0.371416
-0.286423
-0.280819
-0.277712
-0.273751
-0.270555
-0.26793
-0.266402
-0.266376
-0.268373
-0.272827
-0.280309
-0.291318
-0.306216
-0.325139
-0.347886
-0.37383
-0.28863
-0.283344
-0.28038
-0.276522
-0.273441
-0.270879
-0.269401
-0.269392
-0.271391
-0.275787
-0.283181
-0.294077
-0.308842
-0.327619
-0.35021
-0.375986
-0.291007
-0.286
-0.283255
-0.279471
-0.276518
-0.273999
-0.272564
-0.272558
-0.274547
-0.278849
-0.286112
-0.296841
-0.311411
-0.32997
-0.352327
-0.377858
-0.293577
-0.288981
-0.286159
-0.282571
-0.279785
-0.277305
-0.275898
-0.275878
-0.277845
-0.282012
-0.289099
-0.299607
-0.313913
-0.332176
-0.354218
-0.379422
-0.296326
-0.292082
-0.289287
-0.285905
-0.283173
-0.280794
-0.279411
-0.279356
-0.281292
-0.285278
-0.292143
-0.302368
-0.31634
-0.334226
-0.355866
-0.380654
-0.299246
-0.295318
-0.292608
-0.289415
-0.286763
-0.284472
-0.283093
-0.282978
-0.28492
-0.288648
-0.295241
-0.305123
-0.318684
-0.336109
-0.357254
-0.381535
-0.302334
-0.298711
-0.296108
-0.293098
-0.290545
-0.288355
-0.286988
-0.286677
-0.288755
-0.292133
-0.298397
-0.30787
-0.320942
-0.337814
-0.35837
-0.382048
-0.305588
-0.302267
-0.299792
-0.296965
-0.294521
-0.29243
-0.291086
-0.290807
-0.29249
-0.295723
-0.301616
-0.31061
-0.32311
-0.339338
-0.359204
-0.382178
-0.309008
-0.305989
-0.303661
-0.301021
-0.298699
-0.2967
-0.295377
-0.295067
-0.296439
-0.299423
-0.304896
-0.313346
-0.325189
-0.340675
-0.359749
-0.381915
-0.312592
-0.309876
-0.307715
-0.305269
-0.30308
-0.301172
-0.299863
-0.299481
-0.300575
-0.303251
-0.308245
-0.316075
-0.327181
-0.341827
-0.360002
-0.381254
-0.31634
-0.31393
-0.311954
-0.30971
-0.307666
-0.305849
-0.304551
-0.304074
-0.304888
-0.307207
-0.31167
-0.318809
-0.329085
-0.342794
-0.359963
-0.380192
-0.320249
-0.31815
-0.316376
-0.314345
-0.312456
-0.310734
-0.309442
-0.308854
-0.309379
-0.311295
-0.315174
-0.321553
-0.330911
-0.343581
-0.359636
-0.37873
-0.324317
-0.322533
-0.320979
-0.31917
-0.317447
-0.315826
-0.314538
-0.313827
-0.314053
-0.315523
-0.318764
-0.324313
-0.332668
-0.344198
-0.359029
-0.376877
-0.328542
-0.327075
-0.325759
-0.324184
-0.322639
-0.321124
-0.319841
-0.318997
-0.31891
-0.319895
-0.322447
-0.327097
-0.334363
-0.344655
-0.358152
-0.332918
-0.33177
-0.33071
-0.329381
-0.328027
-0.326626
-0.325348
-0.324363
-0.32395
-0.324417
-0.326229
-0.329914
-0.336008
-0.344964
-0.357021
-0.337438
-0.336609
-0.335824
-0.334754
-0.333603
-0.332326
-0.331057
-0.329927
-0.329175
-0.329092
-0.330117
-0.332773
-0.337615
-0.34514
-0.355653
-0.342095
-0.341583
-0.341092
-0.340292
-0.339359
-0.338215
-0.336961
-0.335683
-0.334581
-0.33392
-0.334115
-0.335682
-0.339197
-0.345201
-0.354068
-0.346876
-0.346678
-0.346501
-0.345983
-0.345283
-0.344285
-0.343052
-0.341626
-0.340164
-0.338902
-0.338226
-0.33865
-0.340766
-0.345164
-0.352289
-0.351768
-0.35188
-0.352035
-0.351813
-0.351361
-0.35052
-0.349318
-0.347747
-0.345919
-0.344034
-0.342454
-0.341682
-0.342335
-0.345047
-0.350339
)
;

boundaryField
{
    inlet
    {
        type            zeroGradient;
    }
    outlet
    {
        type            fixedValue;
        value           nonuniform 0();
    }
    cylinder
    {
        type            zeroGradient;
    }
    top
    {
        type            symmetryPlane;
    }
    bottom
    {
        type            symmetryPlane;
    }
    defaultFaces
    {
        type            empty;
    }
    procBoundary2to1
    {
        type            processor;
        value           nonuniform List<scalar> 
200
(
-0.444963
-0.444963
-0.446234
-0.446234
-0.447193
-0.447193
-0.450361
-0.450754
-0.450754
-0.450668
-0.450668
-0.450244
-0.450244
-0.449554
-0.449554
-0.448578
-0.448578
-0.447148
-0.447148
-0.444914
-0.444914
-0.441369
-0.441369
-0.435957
-0.427673
-0.427673
-0.418361
-0.418361
-0.406674
-0.406674
-0.392942
-0.380123
-0.380123
-0.364304
-0.364304
-0.347562
-0.334698
-0.334698
-0.260277
-0.249182
-0.249182
-0.273989
-0.273989
-0.298201
-0.28696
-0.28696
-0.309476
-0.309476
-0.327846
-0.319085
-0.319085
-0.33429
-0.33429
-0.338991
-0.338991
-0.342315
-0.342315
-0.344665
-0.344665
-0.346365
-0.346365
-0.347614
-0.347614
-0.348485
-0.348485
-0.348961
-0.348961
-0.348982
-0.348982
-0.348452
-0.348452
-0.347312
-0.344513
-0.344513
-0.342868
-0.342868
-0.318908
-0.30926
-0.299788
-0.290486
-0.281294
-0.272223
-0.263295
-0.25452
-0.249732
-0.249732
-0.241207
-0.23284
-0.224634
-0.216596
-0.208728
-0.201034
-0.193516
-0.186177
-0.17902
-0.172044
-0.165252
-0.158643
-0.152217
-0.145975
-0.139916
-0.134039
-0.128343
-0.122826
-0.117488
-0.112326
-0.107338
-0.102524
-0.0978806
-0.093406
-0.0890985
-0.0849558
-0.0809759
-0.0771568
-0.0734964
-0.069993
-0.0666445
-0.0634493
-0.0604057
-0.0575122
-0.0547675
-0.0521705
-0.0497203
-0.0474164
-0.0452583
-0.0439181
-0.0439181
-0.0420249
-0.0402816
-0.0386896
-0.0372507
-0.0359681
-0.034845
-0.0338864
-0.0330976
-0.0324847
-0.0320615
-0.031821
-0.0181732
-0.0183753
-0.0187117
-0.0187117
-0.0185307
-0.0191373
-0.0198708
-0.0207269
-0.0217008
-0.0227896
-0.0239902
-0.0253005
-0.0267186
-0.0282431
-0.029873
-0.0316077
-0.0334467
-0.03539
-0.0374379
-0.0395907
-0.0418492
-0.0442142
-0.0466868
-0.0492683
-0.0519602
-0.0547641
-0.0576817
-0.0607152
-0.0638664
-0.0671376
-0.0705312
-0.0740496
-0.0776953
-0.0814707
-0.0853787
-0.0894217
-0.0936025
-0.0979237
-0.102388
-0.106998
-0.111755
-0.116663
-0.121723
-0.126937
-0.126937
-0.129672
-0.135142
-0.140773
-0.146566
-0.152523
-0.158644
-0.164929
-0.171378
-0.177992
-0.184768
-0.191705
-0.198799
-0.206048
-0.213434
-0.220937
-0.228604
-0.236536
)
;
    }
    procBoundary2to3
    {
        type            processor;
        value           nonuniform List<scalar> 
207
(
-0.354365
-0.350096
-0.345659
-0.34109
-0.336423
-0.331692
-0.331692
-0.322616
-0.315513
-0.30842
-0.301378
-0.294421
-0.287586
-0.280902
-0.2744
-0.268105
-0.262041
-0.256231
-0.250694
-0.245448
-0.240508
-0.23589
-0.23161
-0.22769
-0.22769
-0.188794
-0.184332
-0.18022
-0.176736
-0.173757
-0.171265
-0.169259
-0.167731
-0.16667
-0.16667
-0.125703
-0.125017
-0.124815
-0.12502
-0.125699
-0.127257
-0.129458
-0.129132
-0.124456
-0.11956
-0.114696
-0.110246
-0.106299
-0.102828
-0.0998053
-0.097201
-0.0949765
-0.0930885
-0.0914912
-0.090139
-0.0889879
-0.0879975
-0.0871314
-0.0863579
-0.08565
-0.0849849
-0.0843436
-0.0837106
-0.0830731
-0.0824206
-0.0817443
-0.0810374
-0.0802938
-0.079509
-0.0786793
-0.0778021
-0.0768756
-0.0758989
-0.0748721
-0.073796
-0.0726722
-0.0715031
-0.0702919
-0.0690423
-0.0677581
-0.0664451
-0.0664451
-0.0606749
-0.0596708
-0.0586301
-0.0575606
-0.0564705
-0.0553679
-0.0542612
-0.0531588
-0.0520692
-0.0510009
-0.0499625
-0.0489624
-0.0480092
-0.0471115
-0.0462778
-0.0455168
-0.0448373
-0.0442479
-0.0437578
-0.0433759
-0.0431117
-0.0429747
-0.0462104
-0.0464684
-0.0469688
-0.0476983
-0.0486458
-0.0498021
-0.0511594
-0.0527116
-0.0544534
-0.0563806
-0.0584901
-0.0607792
-0.0632461
-0.0658896
-0.0687089
-0.0717037
-0.0748742
-0.078221
-0.0817449
-0.0854471
-0.0893292
-0.0933929
-0.0976404
-0.102074
-0.106696
-0.11151
-0.116519
-0.121726
-0.127136
-0.132751
-0.138577
-0.144619
-0.150881
-0.157369
-0.16409
-0.17105
-0.178256
-0.185716
-0.193437
-0.201427
-0.209693
-0.218238
-0.227064
-0.236166
-0.245529
-0.255126
-0.264917
-0.27484
-0.284814
-0.294739
-0.304496
-0.313957
-0.322995
-0.331494
-0.339365
-0.346544
-0.35301
-0.358823
-0.364189
-0.369316
-0.37054
-0.374868
-0.380476
-0.385719
-0.390739
-0.395707
-0.400658
-0.40558
-0.384047
-0.384047
-0.388442
-0.392775
-0.397031
-0.401195
-0.405246
-0.409163
-0.41292
-0.416489
-0.391019
-0.391019
-0.394109
-0.396966
-0.399559
-0.401856
-0.403826
-0.405439
-0.406666
-0.407479
-0.407854
-0.407771
-0.407211
-0.406161
-0.404611
-0.402557
-0.399999
-0.396943
-0.374643
-0.374643
-0.372044
-0.369098
-0.365829
-0.362264
-0.358432
)
;
    }
}


// ************************************************************************* //
