/*--------------------------------*- C++ -*----------------------------------*\
  =========                 |
  \\      /  F ield         | OpenFOAM: The Open Source CFD Toolbox
   \\    /   O peration     | Website:  https://openfoam.org
    \\  /    A nd           | Version:  7
     \\/     M anipulation  |
\*---------------------------------------------------------------------------*/
FoamFile
{
    version     2.0;
    format      ascii;
    class       volScalarField;
    location    "100";
    object      p;
}
// * * * * * * * * * * * * * * * * * * * * * * * * * * * * * * * * * * * * * //

dimensions      [0 2 -2 0 0 0 0];

internalField   nonuniform List<scalar> 
8500
(
-0.423543
-0.426552
-0.424666
-0.429661
-0.427574
-0.425649
-0.432883
-0.430588
-0.428473
-0.43623
-0.433716
-0.431407
-0.42883
-0.439713
-0.43697
-0.434463
-0.43167
-0.42866
-0.443342
-0.440358
-0.437648
-0.434636
-0.431394
-0.427996
-0.447125
-0.443886
-0.440968
-0.437736
-0.43426
-0.430617
-0.426796
-0.451068
-0.447562
-0.444431
-0.440976
-0.437263
-0.433372
-0.429283
-0.424927
-0.455175
-0.451388
-0.44804
-0.444359
-0.440409
-0.436265
-0.4319
-0.427233
-0.42213
-0.459449
-0.455368
-0.451799
-0.447889
-0.443698
-0.439296
-0.434646
-0.429653
-0.424171
-0.418011
-0.46389
-0.459503
-0.455707
-0.451566
-0.447131
-0.442466
-0.437518
-0.432181
-0.426294
-0.419663
-0.412089
-0.468495
-0.463791
-0.459764
-0.45539
-0.450706
-0.44577
-0.440511
-0.434808
-0.428488
-0.421352
-0.413208
-0.403911
-0.393393
-0.473261
-0.468228
-0.463969
-0.459358
-0.454421
-0.449204
-0.443618
-0.437524
-0.430739
-0.42306
-0.41431
-0.404366
-0.393196
-0.380864
-0.47818
-0.47281
-0.468315
-0.463466
-0.45827
-0.452761
-0.446829
-0.440317
-0.433031
-0.424773
-0.415378
-0.404756
-0.392914
-0.379954
-0.366058
-0.483245
-0.477529
-0.472797
-0.467706
-0.462245
-0.45643
-0.45013
-0.44317
-0.435347
-0.426469
-0.416393
-0.405066
-0.392534
-0.37894
-0.364498
-0.349455
-0.334042
-0.488442
-0.482377
-0.477405
-0.47207
-0.466336
-0.4602
-0.453507
-0.446065
-0.437666
-0.428128
-0.417336
-0.405278
-0.392042
-0.377814
-0.362831
-0.347353
-0.331616
-0.315874
-0.49376
-0.48734
-0.482129
-0.476546
-0.47053
-0.464055
-0.456942
-0.448981
-0.439965
-0.429727
-0.418188
-0.405375
-0.391427
-0.376564
-0.361048
-0.345149
-0.329098
-0.313131
-0.297218
-0.282226
-0.499182
-0.492405
-0.486955
-0.481122
-0.474813
-0.467979
-0.460415
-0.451897
-0.442222
-0.431245
-0.418926
-0.405341
-0.390675
-0.375181
-0.359143
-0.342833
-0.32648
-0.310296
-0.294262
-0.279156
-0.504689
-0.497556
-0.491868
-0.48578
-0.479166
-0.47195
-0.463902
-0.454787
-0.44441
-0.432656
-0.41953
-0.405159
-0.389772
-0.373655
-0.357107
-0.3404
-0.323754
-0.307361
-0.291207
-0.27599
-0.510262
-0.502774
-0.49685
-0.490503
-0.48357
-0.475947
-0.467378
-0.457623
-0.446502
-0.433936
-0.419979
-0.404812
-0.388705
-0.371976
-0.354931
-0.33784
-0.320913
-0.304318
-0.288048
-0.272719
-0.515876
-0.508038
-0.50188
-0.495269
-0.488001
-0.479943
-0.470816
-0.460378
-0.448471
-0.43506
-0.420252
-0.404282
-0.387463
-0.370132
-0.352606
-0.335146
-0.317948
-0.301159
-0.284775
-0.269338
-0.521506
-0.513325
-0.506934
-0.500054
-0.492433
-0.48391
-0.474185
-0.463021
-0.450289
-0.436002
-0.420329
-0.403554
-0.38603
-0.368114
-0.350123
-0.332308
-0.314851
-0.297875
-0.281382
-0.265838
-0.527124
-0.518608
-0.511989
-0.504832
-0.496839
-0.487819
-0.477455
-0.465521
-0.451925
-0.436738
-0.420188
-0.402612
-0.384396
-0.365911
-0.347472
-0.329318
-0.311612
-0.294459
-0.27786
-0.262211
-0.532701
-0.523859
-0.517014
-0.509574
-0.501187
-0.491635
-0.480591
-0.467845
-0.453352
-0.437243
-0.41981
-0.401439
-0.382546
-0.363512
-0.344644
-0.326165
-0.308224
-0.290901
-0.274202
-0.258452
-0.538202
-0.529048
-0.521981
-0.514247
-0.505445
-0.495326
-0.483558
-0.46996
-0.454538
-0.437492
-0.419175
-0.400021
-0.380469
-0.360905
-0.341627
-0.322841
-0.304676
-0.287194
-0.2704
-0.254553
-0.543595
-0.534142
-0.526855
-0.518819
-0.509576
-0.498854
-0.486321
-0.471833
-0.455456
-0.437461
-0.418264
-0.398342
-0.378152
-0.358081
-0.338413
-0.319336
-0.300959
-0.283328
-0.266446
-0.250507
-0.54884
-0.539105
-0.531602
-0.523252
-0.513543
-0.50218
-0.488843
-0.473429
-0.456077
-0.437128
-0.417059
-0.396387
-0.375583
-0.355027
-0.33499
-0.315639
-0.297065
-0.279295
-0.262332
-0.246307
-0.553901
-0.543901
-0.536185
-0.52751
-0.517307
-0.505267
-0.491086
-0.474717
-0.456372
-0.436468
-0.415542
-0.394142
-0.372749
-0.351734
-0.331349
-0.311742
-0.292985
-0.275086
-0.258052
-0.241948
-0.558737
-0.548491
-0.540565
-0.531551
-0.520827
-0.508073
-0.493013
-0.475663
-0.456314
-0.435462
-0.413696
-0.391593
-0.369638
-0.348189
-0.327479
-0.307635
-0.288708
-0.270695
-0.253598
-0.237423
-0.563306
-0.552834
-0.544701
-0.535334
-0.524061
-0.510558
-0.494587
-0.476234
-0.455877
-0.434087
-0.411504
-0.388727
-0.366239
-0.344383
-0.323371
-0.303307
-0.284228
-0.266113
-0.248963
-0.232726
-0.567566
-0.55689
-0.548551
-0.538817
-0.526967
-0.512682
-0.495771
-0.4764
-0.455036
-0.432324
-0.408951
-0.38553
-0.36254
-0.340305
-0.319014
-0.298752
-0.279535
-0.261332
-0.244141
-0.227851
-0.571472
-0.560614
-0.552071
-0.541956
-0.529502
-0.514404
-0.496528
-0.47613
-0.453767
-0.430155
-0.406021
-0.38199
-0.35853
-0.335944
-0.314399
-0.293958
-0.274622
-0.256346
-0.239124
-0.222794
-0.57498
-0.563964
-0.555218
-0.544707
-0.531623
-0.515684
-0.496825
-0.475395
-0.452046
-0.427561
-0.4027
-0.378094
-0.354198
-0.331291
-0.309517
-0.288919
-0.26948
-0.251148
-0.233908
-0.217549
-0.578045
-0.566896
-0.557949
-0.547025
-0.533287
-0.516483
-0.496627
-0.474169
-0.449853
-0.424525
-0.398974
-0.373832
-0.349534
-0.326337
-0.304359
-0.283625
-0.264103
-0.24573
-0.228487
-0.212113
-0.580623
-0.569365
-0.560217
-0.548867
-0.534452
-0.516763
-0.495902
-0.472425
-0.447167
-0.421032
-0.394832
-0.369192
-0.344528
-0.321071
-0.298916
-0.27807
-0.258483
-0.240088
-0.222855
-0.206479
-0.582668
-0.571326
-0.561978
-0.550188
-0.535076
-0.516487
-0.49462
-0.47014
-0.44397
-0.417068
-0.39026
-0.364164
-0.339171
-0.315486
-0.293181
-0.272245
-0.252615
-0.234216
-0.217008
-0.200646
-0.584137
-0.572737
-0.563189
-0.550946
-0.53512
-0.515621
-0.492752
-0.46729
-0.440245
-0.412618
-0.385249
-0.358738
-0.333454
-0.309574
-0.287147
-0.266145
-0.246493
-0.228109
-0.210942
-0.194609
-0.584986
-0.573553
-0.563807
-0.551099
-0.534546
-0.514131
-0.490272
-0.463857
-0.435975
-0.407672
-0.379788
-0.352907
-0.327369
-0.303326
-0.280807
-0.259764
-0.240111
-0.221762
-0.204653
-0.188365
-0.585174
-0.573734
-0.563791
-0.550608
-0.533318
-0.511988
-0.487155
-0.45982
-0.431149
-0.402218
-0.373868
-0.346661
-0.320909
-0.296738
-0.274154
-0.253096
-0.233465
-0.215171
-0.198137
-0.181913
-0.584661
-0.573239
-0.563099
-0.549434
-0.531401
-0.509163
-0.48338
-0.455164
-0.425752
-0.396246
-0.367481
-0.339994
-0.314067
-0.289802
-0.267184
-0.246137
-0.22655
-0.208334
-0.191393
-0.17525
-0.583408
-0.572029
-0.561694
-0.547541
-0.528764
-0.50563
-0.478927
-0.449875
-0.419775
-0.389749
-0.360621
-0.332899
-0.306839
-0.282515
-0.259892
-0.238882
-0.219365
-0.201247
-0.184417
-0.168374
-0.581379
-0.570068
-0.55954
-0.544896
-0.525378
-0.501366
-0.473779
-0.44394
-0.413208
-0.38272
-0.353281
-0.325372
-0.299219
-0.27487
-0.252275
-0.231329
-0.211906
-0.193908
-0.17721
-0.161288
-0.57854
-0.567321
-0.556604
-0.541468
-0.521217
-0.496351
-0.467921
-0.437349
-0.406045
-0.375152
-0.345457
-0.317409
-0.291204
-0.266866
-0.244329
-0.223475
-0.20417
-0.186316
-0.169772
-0.153993
-0.574859
-0.563755
-0.552853
-0.537229
-0.516259
-0.490568
-0.46134
-0.430094
-0.39828
-0.367043
-0.337145
-0.309006
-0.28279
-0.2585
-0.236052
-0.215319
-0.196156
-0.178469
-0.162099
-0.146481
-0.570309
-0.559343
-0.548261
-0.532154
-0.510482
-0.484002
-0.454029
-0.422168
-0.389908
-0.358389
-0.328344
-0.300162
-0.273977
-0.249771
-0.227444
-0.206859
-0.187864
-0.170367
-0.154184
-0.138708
-0.564863
-0.554058
-0.542801
-0.526221
-0.50387
-0.476641
-0.445978
-0.413568
-0.380929
-0.349188
-0.319052
-0.290875
-0.264763
-0.240677
-0.218504
-0.198096
-0.179296
-0.162013
-0.146024
-0.130647
-0.558499
-0.547877
-0.536454
-0.519412
-0.496409
-0.468477
-0.437184
-0.404293
-0.371341
-0.339442
-0.309271
-0.281146
-0.255149
-0.23122
-0.209233
-0.189032
-0.170453
-0.153409
-0.137645
-0.1225
-0.551198
-0.540781
-0.529199
-0.511712
-0.48809
-0.459504
-0.427645
-0.394342
-0.361146
-0.329152
-0.299
-0.270977
-0.245137
-0.221402
-0.199634
-0.179668
-0.161338
-0.144556
-0.129029
-0.114165
-0.542946
-0.532752
-0.521023
-0.50311
-0.478905
-0.44972
-0.417361
-0.383717
-0.350348
-0.318321
-0.288244
-0.260371
-0.234729
-0.211224
-0.189707
-0.170007
-0.151952
-0.135457
-0.120192
-0.105617
-0.533729
-0.523779
-0.511914
-0.493598
-0.46885
-0.439124
-0.406336
-0.372424
-0.33895
-0.306954
-0.277007
-0.249331
-0.223929
-0.200692
-0.179459
-0.160052
-0.1423
-0.126115
-0.111136
-0.0968606
-0.523539
-0.513853
-0.501865
-0.483171
-0.457926
-0.42772
-0.394574
-0.360468
-0.326959
-0.295057
-0.265295
-0.237863
-0.212743
-0.189808
-0.168892
-0.149809
-0.132386
-0.116534
-0.101864
-0.0879018
-0.512372
-0.502967
-0.490872
-0.471829
-0.446134
-0.415514
-0.382083
-0.347858
-0.314384
-0.282637
-0.253114
-0.225973
-0.201175
-0.17858
-0.158012
-0.139282
-0.122214
-0.106721
-0.0923782
-0.0787477
-0.500227
-0.491121
-0.478935
-0.459575
-0.433482
-0.402514
-0.368874
-0.334605
-0.301235
-0.269704
-0.240473
-0.21367
-0.189234
-0.167015
-0.146827
-0.128478
-0.111791
-0.0966805
-0.0826852
-0.0694048
-0.487106
-0.478316
-0.466056
-0.446414
-0.419978
-0.388732
-0.354958
-0.320719
-0.287522
-0.256269
-0.227382
-0.200962
-0.176928
-0.155119
-0.135343
-0.117403
-0.101124
-0.0864186
-0.0727906
-0.0598798
-0.473015
-0.464558
-0.452244
-0.432357
-0.405634
-0.374181
-0.34035
-0.306216
-0.27326
-0.242341
-0.213852
-0.187859
-0.164267
-0.142902
-0.12357
-0.106067
-0.0902199
-0.0759428
-0.0627014
-0.0501796
-0.457965
-0.449856
-0.437508
-0.417416
-0.390466
-0.358878
-0.325067
-0.291112
-0.258467
-0.227934
-0.199894
-0.174373
-0.15126
-0.130375
-0.111516
-0.0944779
-0.0790879
-0.065261
-0.0524251
-0.0403117
-0.44197
-0.434223
-0.421863
-0.401607
-0.374491
-0.342841
-0.309128
-0.275424
-0.243146
-0.213071
-0.185523
-0.160516
-0.137921
-0.117548
-0.0991922
-0.0826455
-0.0677371
-0.054382
-0.0419704
-0.030284
-0.425045
-0.417674
-0.405327
-0.38495
-0.357731
-0.326093
-0.292552
-0.259169
-0.227327
-0.197761
-0.170754
-0.146302
-0.124261
-0.104433
-0.0866098
-0.0705808
-0.0561776
-0.0433154
-0.0313462
-0.0201052
-0.407211
-0.400231
-0.387919
-0.367466
-0.340208
-0.308658
-0.275364
-0.24237
-0.211025
-0.18202
-0.155602
-0.131746
-0.110295
-0.0910437
-0.0737811
-0.0582952
-0.0444204
-0.0320714
-0.0205626
-0.00978465
-0.388493
-0.381915
-0.369664
-0.349181
-0.321948
-0.290561
-0.257584
-0.22505
-0.194262
-0.165869
-0.140085
-0.116864
-0.0960364
-0.0773933
-0.0607191
-0.0458012
-0.0324773
-0.0206613
-0.00962997
0.000667441
-0.368916
-0.362753
-0.350588
-0.330125
-0.302989
-0.271817
-0.23924
-0.207233
-0.177059
-0.149328
-0.124221
-0.101672
-0.0815023
-0.0634967
-0.0474378
-0.033112
-0.0203608
-0.0090967
0.00144009
0.0112401
-0.34851
-0.342774
-0.330722
-0.310332
-0.283372
-0.252446
-0.220356
-0.188942
-0.159439
-0.132418
-0.108029
-0.0861886
-0.0667087
-0.0493695
-0.0339518
-0.0202414
-0.00808415
0.00260967
0.0126354
0.0219211
-0.327306
-0.322009
-0.310098
-0.289827
-0.263058
-0.232546
-0.200968
-0.170206
-0.141427
-0.115161
-0.0915298
-0.0704327
-0.0516732
-0.035028
-0.0202764
-0.00720414
0.00433858
0.0144445
0.0239429
0.032697
-0.305341
-0.300495
-0.288752
-0.268645
-0.242146
-0.212093
-0.181104
-0.151052
-0.123048
-0.0975806
-0.0747445
-0.0544236
-0.036414
-0.0204892
-0.00642755
0.00598469
0.0168928
0.026394
0.0353486
-0.28265
-0.278268
-0.266722
-0.246817
-0.220668
-0.191128
-0.160796
-0.13151
-0.104328
-0.0797007
-0.0576953
-0.0381819
-0.0209499
-0.00577064
0.00757825
0.0193094
0.0295632
0.0384436
-0.259272
-0.255369
-0.244037
-0.2244
-0.198655
-0.16969
-0.140076
-0.111609
-0.0852955
-0.0615466
-0.0404053
-0.0217287
-0.00530044
0.00910963
0.0217242
0.0327539
0.0423344
-0.235244
-0.231844
-0.220748
-0.201427
-0.176146
-0.147816
-0.118979
-0.091381
-0.0659786
-0.0431444
-0.0228985
-0.00508594
0.0105142
0.024133
0.0359931
0.0463022
-0.210602
-0.207747
-0.196904
-0.177941
-0.153182
-0.125545
-0.0975397
-0.0708582
-0.0464066
-0.0245208
-0.00519924
0.0117238
0.0264732
0.0392806
0.0503676
0.059938
-0.185425
-0.183105
-0.172549
-0.153987
-0.129804
-0.102917
-0.0757947
-0.0500737
-0.0266098
-0.0057036
0.012667
0.0286775
0.0425556
0.0545331
0.0648305
-0.159787
-0.157941
-0.147726
-0.129611
-0.106057
-0.0799723
-0.053781
-0.0290613
-0.00661912
0.013279
0.0306744
0.0457511
0.0587395
0.069871
-0.133697
-0.13233
-0.122486
-0.104858
-0.0819848
-0.0567524
-0.0315366
-0.00785573
0.0135337
0.0323979
0.0487963
0.0629205
0.0750029
0.0852743
-0.107202
-0.10633
-0.096877
-0.0797788
-0.0576326
-0.0332994
-0.00910004
0.0135078
0.0338165
0.0516237
0.0670055
0.0801607
0.0913229
-0.080358
-0.0799925
-0.0709507
-0.0544208
-0.033047
-0.00965597
0.0134894
0.0349933
0.0541963
0.0709261
0.0852744
0.0974462
0.107676
-0.0532223
-0.0533689
-0.0447594
-0.0288346
-0.00827476
0.0141344
0.036192
0.0565646
0.07464
0.0902746
0.103575
0.114751
-0.0258478
-0.0265117
-0.0183551
-0.00307013
0.0166369
0.0380282
0.0589676
0.0781849
0.0951137
0.109638
0.121878
0.00170851
0.000523944
0.00820814
0.0228212
0.0416401
0.061981
0.0817758
0.0998171
0.115584
0.128986
0.140155
0.0293899
0.0276827
0.0348763
0.0487878
0.0666867
0.0859487
0.104576
0.121424
0.136015
0.148285
0.0571395
0.0549088
0.0615949
0.0747782
0.0917285
0.109887
0.127327
0.142968
0.156374
0.167505
0.0849
0.0821462
0.0883095
0.10074
0.116717
0.13375
0.149988
0.164412
0.176627
0.186614
0.112614
0.109338
0.114965
0.126623
0.141604
0.157496
0.172519
0.185718
0.196738
0.140225
0.136429
0.141508
0.152373
0.166342
0.181078
0.194879
0.20685
0.216673
0.167675
0.163363
0.167883
0.177941
0.190883
0.204453
0.217028
0.227769
0.194907
0.190083
0.194036
0.203274
0.215179
0.227578
0.238925
0.24844
0.221865
0.216533
0.219914
0.228323
0.239184
0.25041
0.260531
0.248493
0.24266
0.245464
0.253037
0.26285
0.272905
0.281807
0.274736
0.268409
0.270633
0.277368
0.286134
0.295022
0.302714
0.300539
0.293726
0.29537
0.301266
0.308989
0.316719
0.325849
0.318559
0.319625
0.324684
0.331371
0.337956
0.350613
0.342856
0.343347
0.347576
0.353238
0.358694
0.37478
0.366566
0.366489
0.369897
0.374547
0.3983
0.389641
0.389003
0.391601
0.395258
0.421124
0.412033
0.410843
0.412645
0.41533
0.443205
0.433694
0.431965
0.432989
0.434726
0.464496
0.454581
0.452325
0.452592
0.484954
0.47465
0.471883
0.471414
0.504537
0.493858
0.490597
0.489419
0.523203
0.512167
0.508431
0.506571
0.540913
0.529538
0.525348
0.522835
0.557632
0.545936
0.541312
0.573323
0.561324
0.556292
0.587955
0.575673
0.570257
0.601495
0.588951
0.583178
0.613917
0.601131
0.595028
0.625194
0.612187
0.605782
0.635301
0.622095
0.61542
0.644218
0.630835
0.623919
0.651925
0.638387
0.631263
0.658404
0.644736
0.663642
0.649866
0.667627
0.653766
0.670349
0.656427
0.671801
0.657842
0.671979
0.658006
0.670881
0.656918
0.668506
0.654579
0.66486
0.65099
0.659946
0.646159
0.653773
0.640092
0.646352
0.6328
0.637696
0.624296
0.61754
0.627821
0.614595
0.608103
0.616743
0.603714
0.597518
0.604484
0.591674
0.585804
0.591067
0.578497
0.572983
0.576516
0.564207
0.559076
0.560859
0.548832
0.544111
0.544125
0.5324
0.528115
0.526346
0.514942
0.511117
0.507557
0.496492
0.493149
0.491964
0.487792
0.477084
0.474245
0.473791
0.467091
0.456756
0.454441
0.454747
0.445492
0.435548
0.433774
0.434866
0.423038
0.413499
0.412282
0.414184
0.399772
0.390654
0.390008
0.392741
0.396555
0.37574
0.367056
0.366993
0.370576
0.37543
0.350988
0.342751
0.343282
0.347731
0.353646
0.325565
0.317786
0.318919
0.324247
0.331243
0.338092
0.299521
0.292212
0.293953
0.300169
0.308262
0.316316
0.272907
0.266078
0.268431
0.275542
0.284744
0.294022
0.245775
0.239435
0.242403
0.250413
0.260733
0.271248
0.218179
0.212337
0.21592
0.224829
0.236273
0.248035
0.258583
0.190174
0.184837
0.189032
0.19884
0.211408
0.224425
0.236273
0.161815
0.15699
0.161794
0.172493
0.186185
0.20046
0.213616
0.133159
0.128851
0.134257
0.14584
0.16065
0.176182
0.190651
0.203142
0.104263
0.100476
0.106477
0.118932
0.13485
0.151635
0.167418
0.181218
0.075185
0.0719227
0.0785083
0.0918195
0.108833
0.126864
0.143957
0.159068
0.17182
0.0459824
0.0432475
0.0504057
0.0645556
0.082648
0.101912
0.120309
0.13673
0.150753
0.016714
0.0145082
0.022225
0.0371926
0.0563433
0.076825
0.0965161
0.11424
0.129533
0.142359
-0.0125617
-0.0142378
-0.00597785
0.0097833
0.0299681
0.0516476
0.0726188
0.0916374
0.108195
0.122232
-0.0417859
-0.0429328
-0.034147
-0.0176193
0.00357158
0.0264252
0.0486588
0.0689598
0.0867739
0.102016
-0.0709001
-0.0715193
-0.0622265
-0.0449621
-0.0227967
0.00120338
0.024678
0.0462455
0.0653046
0.0817432
0.0956994
-0.0998458
-0.0999402
-0.0901606
-0.0721921
-0.0490874
-0.0239724
0.000717871
0.0235327
0.0438222
0.0614465
0.0765308
0.089307
-0.128565
-0.128139
-0.117894
-0.0992566
-0.0752514
-0.0490567
-0.0231799
0.000859519
0.0223618
0.0411579
0.057359
0.0711923
-0.156998
-0.156058
-0.14537
-0.126103
-0.101239
-0.0740043
-0.046974
-0.0217363
0.000958073
0.0209092
0.0382134
0.0530924
0.0658015
-0.185091
-0.183646
-0.172537
-0.152679
-0.127003
-0.0987705
-0.0706233
-0.044217
-0.0203546
0.000732168
0.0191232
0.0350342
0.0487196
-0.212785
-0.210847
-0.19934
-0.178934
-0.152494
-0.123311
-0.0940871
-0.0665456
-0.0415421
-0.019342
0.000117155
0.0170443
0.0316926
0.0443136
-0.240021
-0.237608
-0.225726
-0.204818
-0.177665
-0.147581
-0.117325
-0.0886853
-0.0625709
-0.0392826
-0.0187765
-0.000851385
0.0147442
0.0282625
-0.266771
-0.263858
-0.251644
-0.23028
-0.202469
-0.171539
-0.140298
-0.1106
-0.083408
-0.0590593
-0.03753
-0.0186275
-0.00210259
0.0122977
0.0248143
-0.293007
-0.289534
-0.277045
-0.255272
-0.226859
-0.19514
-0.162967
-0.132254
-0.104021
-0.0786425
-0.0561162
-0.0362593
-0.0188251
-0.00356054
0.00977684
0.0214099
-0.318634
-0.314621
-0.301884
-0.279747
-0.250792
-0.218344
-0.185293
-0.153612
-0.124378
-0.0980032
-0.0745087
-0.0537224
-0.0354014
-0.0192925
-0.00515244
0.00724662
0.018046
-0.343592
-0.339077
-0.32611
-0.303657
-0.274224
-0.24111
-0.207239
-0.174642
-0.144448
-0.117113
-0.0926815
-0.0709932
-0.0518097
-0.0348786
-0.019956
-0.00681078
0.00470453
-0.367841
-0.362846
-0.349673
-0.326963
-0.297111
-0.263398
-0.228769
-0.195308
-0.164201
-0.135945
-0.11061
-0.0880487
-0.0680292
-0.0502997
-0.0346165
-0.0207461
-0.00853522
0.00212838
-0.391343
-0.385881
-0.372525
-0.349623
-0.319411
-0.285168
-0.249847
-0.21558
-0.183608
-0.154472
-0.128268
-0.104867
-0.0840392
-0.065537
-0.0491166
-0.034543
-0.0216576
-0.0103552
0.000319352
-0.414056
-0.40814
-0.394631
-0.371575
-0.3411
-0.306381
-0.270439
-0.235425
-0.20264
-0.172667
-0.145634
-0.121425
-0.0998199
-0.0805721
-0.0634392
-0.0481855
-0.034647
-0.0227235
-0.0114944
-0.0010769
-0.435941
-0.429585
-0.415953
-0.392795
-0.36213
-0.326999
-0.290514
-0.254814
-0.221269
-0.190507
-0.162685
-0.137703
-0.115352
-0.0953873
-0.0775678
-0.0616579
-0.0474882
-0.0349621
-0.0231964
-0.012238
-0.456963
-0.450177
-0.436452
-0.413246
-0.382422
-0.347025
-0.310039
-0.273718
-0.23947
-0.207967
-0.179398
-0.153681
-0.130617
-0.109965
-0.0914862
-0.0749447
-0.0601666
-0.0470572
-0.0347728
-0.0232927
-0.477086
-0.469884
-0.456094
-0.432895
-0.401994
-0.366378
-0.32898
-0.292108
-0.257218
-0.225025
-0.195752
-0.169339
-0.145597
-0.124289
-0.105179
-0.0880313
-0.0726679
-0.0589954
-0.0462105
-0.0342273
-0.496281
-0.488673
-0.474847
-0.45171
-0.420806
-0.385035
-0.347311
-0.309958
-0.274487
-0.241657
-0.211728
-0.18466
-0.160275
-0.138344
-0.118631
-0.100904
-0.084979
-0.0707642
-0.0574972
-0.0450297
-0.514518
-0.506516
-0.492681
-0.469657
-0.438823
-0.402975
-0.365002
-0.327245
-0.291256
-0.257845
-0.227306
-0.199625
-0.174635
-0.152113
-0.131829
-0.113549
-0.0970871
-0.0823517
-0.0686218
-0.0556889
-0.531771
-0.52339
-0.509572
-0.486709
-0.456014
-0.420174
-0.38203
-0.343944
-0.307502
-0.273568
-0.242469
-0.214218
-0.188661
-0.165584
-0.144759
-0.125954
-0.108981
-0.0937468
-0.0795735
-0.0661949
-0.548019
-0.539271
-0.525496
-0.502843
-0.472355
-0.436603
-0.398373
-0.360031
-0.323207
-0.288807
-0.257201
-0.228424
-0.202341
-0.178743
-0.157408
-0.138107
-0.120648
-0.104939
-0.0903426
-0.0765385
-0.563244
-0.554143
-0.540434
-0.518036
-0.487824
-0.452241
-0.414006
-0.375488
-0.338351
-0.303547
-0.271485
-0.242229
-0.215659
-0.191578
-0.169766
-0.149998
-0.13208
-0.11592
-0.10092
-0.0867112
-0.577429
-0.567991
-0.554369
-0.532272
-0.502401
-0.467066
-0.428911
-0.390296
-0.352917
-0.317772
-0.285308
-0.25562
-0.228605
-0.204077
-0.181821
-0.161616
-0.143267
-0.126679
-0.111298
-0.0967052
-0.590563
-0.580803
-0.567291
-0.545535
-0.516069
-0.48106
-0.443069
-0.404437
-0.36689
-0.331466
-0.298657
-0.268584
-0.241167
-0.21623
-0.193564
-0.172953
-0.1542
-0.13721
-0.121468
-0.106513
-0.602639
-0.592573
-0.579189
-0.557813
-0.528813
-0.494208
-0.456463
-0.417897
-0.380255
-0.344619
-0.311519
-0.281112
-0.253336
-0.228028
-0.204987
-0.184
-0.164871
-0.147505
-0.131425
-0.116129
-0.613652
-0.603297
-0.590058
-0.569099
-0.540623
-0.506497
-0.469081
-0.430662
-0.393
-0.357217
-0.323885
-0.293193
-0.265102
-0.239462
-0.216081
-0.19475
-0.175275
-0.157558
-0.141161
-0.125546
-0.623602
-0.612976
-0.599898
-0.579387
-0.55149
-0.517915
-0.480911
-0.44272
-0.405114
-0.369252
-0.335746
-0.30482
-0.276458
-0.250526
-0.226839
-0.205197
-0.185404
-0.167364
-0.150672
-0.134759
-0.632493
-0.621613
-0.608711
-0.588678
-0.56141
-0.528455
-0.491943
-0.454061
-0.416588
-0.380715
-0.347094
-0.315985
-0.287397
-0.261213
-0.237257
-0.215335
-0.195255
-0.176917
-0.159955
-0.143763
-0.640333
-0.629218
-0.616504
-0.596973
-0.570381
-0.538114
-0.50217
-0.464679
-0.427415
-0.391598
-0.357923
-0.326683
-0.297915
-0.271518
-0.247329
-0.22516
-0.204822
-0.186213
-0.169008
-0.15255
-0.647132
-0.635802
-0.623286
-0.604281
-0.578406
-0.546887
-0.511589
-0.474568
-0.437589
-0.401898
-0.368228
-0.336909
-0.308006
-0.281438
-0.257052
-0.234668
-0.214102
-0.195249
-0.177827
-0.161121
-0.652906
-0.641381
-0.629071
-0.610609
-0.585491
-0.554778
-0.520196
-0.483724
-0.447105
-0.411608
-0.378004
-0.34666
-0.317669
-0.290969
-0.266422
-0.243857
-0.223094
-0.204027
-0.186404
-0.169486
-0.657674
-0.645975
-0.633879
-0.615974
-0.591643
-0.56179
-0.527994
-0.492145
-0.455961
-0.420728
-0.387251
-0.355934
-0.3269
-0.30011
-0.275439
-0.252724
-0.231793
-0.212537
-0.194737
-0.177717
-0.661458
-0.649607
-0.637729
-0.620393
-0.596876
-0.567931
-0.534984
-0.499832
-0.464157
-0.429257
-0.395967
-0.36473
-0.3357
-0.30886
-0.2841
-0.261269
-0.2402
-0.220782
-0.202827
-0.185708
-0.664284
-0.652303
-0.640648
-0.623886
-0.601206
-0.57321
-0.541173
-0.506788
-0.471695
-0.437194
-0.404153
-0.373048
-0.344069
-0.317219
-0.292406
-0.269491
-0.248313
-0.228762
-0.21067
-0.193433
-0.666182
-0.654093
-0.642665
-0.626479
-0.604653
-0.577641
-0.546569
-0.513017
-0.478576
-0.444542
-0.41181
-0.380891
-0.352007
-0.325188
-0.300358
-0.277391
-0.256133
-0.236475
-0.218267
-0.200921
-0.667184
-0.655012
-0.64381
-0.628201
-0.607238
-0.581242
-0.551183
-0.518528
-0.484805
-0.451304
-0.418941
-0.388261
-0.359518
-0.33277
-0.307959
-0.28497
-0.263661
-0.243922
-0.225621
-0.208191
-0.667326
-0.655094
-0.64412
-0.629083
-0.608988
-0.58403
-0.555029
-0.523328
-0.490389
-0.457486
-0.42555
-0.395161
-0.366605
-0.339967
-0.31521
-0.292231
-0.270899
-0.251105
-0.232735
-0.215248
-0.666645
-0.654378
-0.643632
-0.62916
-0.609933
-0.58603
-0.558123
-0.52743
-0.495337
-0.463092
-0.431643
-0.401596
-0.373273
-0.346785
-0.322115
-0.299178
-0.277851
-0.258027
-0.23961
-0.22209
-0.665182
-0.652906
-0.642386
-0.628469
-0.610105
-0.587267
-0.560485
-0.530846
-0.499656
-0.468132
-0.437225
-0.407573
-0.379526
-0.353227
-0.328679
-0.305814
-0.284519
-0.264691
-0.24625
-0.228717
-0.662981
-0.650721
-0.640426
-0.627051
-0.609539
-0.587769
-0.562135
-0.533594
-0.50336
-0.472613
-0.442305
-0.413097
-0.385371
-0.359299
-0.334907
-0.312144
-0.290909
-0.271102
-0.252657
-0.235133
-0.660087
-0.647868
-0.637796
-0.624949
-0.608273
-0.587568
-0.563098
-0.535689
-0.506462
-0.476546
-0.446891
-0.418176
-0.390816
-0.365008
-0.340806
-0.318173
-0.297024
-0.277263
-0.258835
-0.241341
-0.656545
-0.644394
-0.634542
-0.622206
-0.606347
-0.586697
-0.5634
-0.537153
-0.508975
-0.479942
-0.450992
-0.422819
-0.395866
-0.370361
-0.346381
-0.323908
-0.302871
-0.283179
-0.264789
-0.247345
-0.652403
-0.640346
-0.630713
-0.618869
-0.603804
-0.585193
-0.56307
-0.538006
-0.510916
-0.482814
-0.454618
-0.427035
-0.400532
-0.375366
-0.35164
-0.329355
-0.308455
-0.288856
-0.270523
-0.253149
-0.64771
-0.635773
-0.626357
-0.614986
-0.600687
-0.583094
-0.562139
-0.538274
-0.512304
-0.485176
-0.457782
-0.430833
-0.404821
-0.380031
-0.35659
-0.334521
-0.313783
-0.2943
-0.276043
-0.258758
-0.642516
-0.630724
-0.621524
-0.610605
-0.597043
-0.580439
-0.560641
-0.537981
-0.513157
-0.487042
-0.460494
-0.434224
-0.408744
-0.384364
-0.36124
-0.339414
-0.318862
-0.299516
-0.281354
-0.264177
-0.636871
-0.625249
-0.616262
-0.605776
-0.592918
-0.577273
-0.558611
-0.537156
-0.513498
-0.488429
-0.462768
-0.437219
-0.412309
-0.388376
-0.365598
-0.344042
-0.323699
-0.304512
-0.286463
-0.269411
-0.630823
-0.619396
-0.610623
-0.600548
-0.58836
-0.573637
-0.556085
-0.535827
-0.513348
-0.489354
-0.464616
-0.439829
-0.415528
-0.392075
-0.369674
-0.348413
-0.328302
-0.309295
-0.291377
-0.274466
-0.624422
-0.613213
-0.604654
-0.594971
-0.583418
-0.569575
-0.553102
-0.534027
-0.512731
-0.489835
-0.466055
-0.442065
-0.41841
-0.39547
-0.373476
-0.352535
-0.332678
-0.313872
-0.296102
-0.279349
-0.617716
-0.606748
-0.598403
-0.589092
-0.578138
-0.565134
-0.549701
-0.531787
-0.511673
-0.489891
-0.467097
-0.443941
-0.420966
-0.398573
-0.377013
-0.356419
-0.336838
-0.318252
-0.300646
-0.284066
-0.610753
-0.600047
-0.591917
-0.582961
-0.57257
-0.560359
-0.545923
-0.529141
-0.5102
-0.489542
-0.467759
-0.445467
-0.423208
-0.401393
-0.380296
-0.360072
-0.340788
-0.322441
-0.305016
-0.288624
-0.603578
-0.593154
-0.585241
-0.576622
-0.566759
-0.555294
-0.54181
-0.526125
-0.50834
-0.488809
-0.468057
-0.446658
-0.425145
-0.403939
-0.383333
-0.363504
-0.344538
-0.32645
-0.30922
-0.29303
-0.596235
-0.586113
-0.578419
-0.570121
-0.560751
-0.549985
-0.537402
-0.522774
-0.506122
-0.487716
-0.468006
-0.447526
-0.426789
-0.406222
-0.386134
-0.366724
-0.348096
-0.330285
-0.313266
-0.297293
-0.588768
-0.578964
-0.571492
-0.563501
-0.554591
-0.544477
-0.532742
-0.519124
-0.503576
-0.486284
-0.467626
-0.448084
-0.428151
-0.40825
-0.388708
-0.36974
-0.351472
-0.333956
-0.317163
-0.301419
-0.581217
-0.571747
-0.564499
-0.556802
-0.548321
-0.538811
-0.527871
-0.515214
-0.500732
-0.484537
-0.466932
-0.448346
-0.42924
-0.410034
-0.391064
-0.372563
-0.354674
-0.33747
-0.320919
-0.305416
-0.57362
-0.564497
-0.557477
-0.550062
-0.541981
-0.53303
-0.52283
-0.511078
-0.497622
-0.4825
-0.465944
-0.448324
-0.430067
-0.411583
-0.39321
-0.375199
-0.35771
-0.340837
-0.324542
-0.309293
-0.566012
-0.557248
-0.55046
-0.543317
-0.535609
-0.527172
-0.517657
-0.506756
-0.494277
-0.480199
-0.464681
-0.448033
-0.430644
-0.412903
-0.395154
-0.377657
-0.360588
-0.344065
-0.32804
-0.313058
-0.558426
-0.550031
-0.543478
-0.5366
-0.529239
-0.521276
-0.512391
-0.502282
-0.49073
-0.477658
-0.463161
-0.447487
-0.430979
-0.414005
-0.396903
-0.379944
-0.363317
-0.347162
-0.331422
-0.316719
-0.550893
-0.542874
-0.53656
-0.529939
-0.522905
-0.515375
-0.507068
-0.497693
-0.487012
-0.474904
-0.461405
-0.4467
-0.431083
-0.414895
-0.398465
-0.382067
-0.365904
-0.350135
-0.334696
-0.320284
-0.543441
-0.535805
-0.529732
-0.523363
-0.516635
-0.509503
-0.501723
-0.493022
-0.483155
-0.471965
-0.459433
-0.445685
-0.430966
-0.415581
-0.399845
-0.384033
-0.368355
-0.352992
-0.33787
-0.323762
-0.536094
-0.528844
-0.523016
-0.516894
-0.510455
-0.503688
-0.496387
-0.488303
-0.479189
-0.468865
-0.457265
-0.444459
-0.430638
-0.41607
-0.401049
-0.385846
-0.370676
-0.355741
-0.340952
-0.327161
-0.528875
-0.522013
-0.516433
-0.510554
-0.504388
-0.497956
-0.49109
-0.483565
-0.475145
-0.465633
-0.454923
-0.443035
-0.430108
-0.416367
-0.402081
-0.387512
-0.372873
-0.358387
-0.521802
-0.515329
-0.509998
-0.504361
-0.498455
-0.492331
-0.485857
-0.478838
-0.471052
-0.462293
-0.452428
-0.44143
-0.429386
-0.41648
-0.402946
-0.389033
-0.374951
-0.514893
-0.508808
-0.503728
-0.498328
-0.492672
-0.486833
-0.480712
-0.474147
-0.466935
-0.458872
-0.449801
-0.439659
-0.428484
-0.416413
-0.403646
-0.508161
-0.502461
-0.497633
-0.492469
-0.487053
-0.481477
-0.475675
-0.469517
-0.462821
-0.455393
-0.447064
-0.437738
-0.427411
-0.416172
-0.501619
-0.4963
-0.491723
-0.486794
-0.481608
-0.476277
-0.470763
-0.464967
-0.458733
-0.451881
-0.444238
-0.435684
-0.495275
-0.490333
-0.486007
-0.481309
-0.476347
-0.471245
-0.465991
-0.460516
-0.454692
-0.448356
-0.441342
-0.489138
-0.484566
-0.480489
-0.47602
-0.471276
-0.466388
-0.46137
-0.456178
-0.450715
-0.444841
-0.483214
-0.479004
-0.475174
-0.470931
-0.466397
-0.461712
-0.456907
-0.451966
-0.446819
-0.477507
-0.473652
-0.470064
-0.466043
-0.461714
-0.457219
-0.452608
-0.447888
-0.472021
-0.468512
-0.465162
-0.461358
-0.457227
-0.452911
-0.448477
-0.466758
-0.463586
-0.460467
-0.456875
-0.452934
-0.448788
-0.461723
-0.458876
-0.455982
-0.452593
-0.448835
-0.456917
-0.454383
-0.451705
-0.448512
-0.452343
-0.450109
-0.447637
-0.448005
-0.446055
-0.443905
-0.442224
-0.440049
-0.204983
-0.210078
-0.215003
-0.219762
-0.224358
-0.228796
-0.23308
-0.237216
-0.241208
-0.245061
-0.24878
-0.252371
-0.255837
-0.259185
-0.262418
-0.26554
-0.195457
-0.200404
-0.205196
-0.209835
-0.214325
-0.21867
-0.222873
-0.226938
-0.23087
-0.234673
-0.23835
-0.241905
-0.245344
-0.24867
-0.251886
-0.254998
-0.186288
-0.191078
-0.195728
-0.200239
-0.204616
-0.208862
-0.212979
-0.216971
-0.220842
-0.224594
-0.228233
-0.23176
-0.23518
-0.238497
-0.241715
-0.244837
-0.177466
-0.1821
-0.186608
-0.190991
-0.195253
-0.199395
-0.203421
-0.207334
-0.211136
-0.214831
-0.218422
-0.221911
-0.225302
-0.228599
-0.231805
-0.234923
-0.168987
-0.173466
-0.17783
-0.182081
-0.186222
-0.190256
-0.194183
-0.198007
-0.201731
-0.205356
-0.208886
-0.212323
-0.21567
-0.21893
-0.222106
-0.225201
-0.160834
-0.165157
-0.169377
-0.173494
-0.177511
-0.18143
-0.185253
-0.188982
-0.192618
-0.196165
-0.199625
-0.202999
-0.206291
-0.209503
-0.212637
-0.215695
-0.15299
-0.157159
-0.161234
-0.165216
-0.169108
-0.172909
-0.176624
-0.180252
-0.183797
-0.187259
-0.190641
-0.193946
-0.197174
-0.200328
-0.20341
-0.206423
-0.145441
-0.149458
-0.153389
-0.157236
-0.161
-0.164683
-0.168286
-0.171811
-0.17526
-0.178633
-0.181932
-0.18516
-0.188317
-0.191407
-0.19443
-0.197388
-0.138173
-0.142039
-0.145828
-0.149541
-0.153178
-0.156741
-0.160232
-0.163651
-0.166999
-0.170279
-0.173492
-0.176638
-0.17972
-0.182739
-0.185696
-0.188593
-0.191432
-0.131174
-0.134893
-0.138541
-0.14212
-0.145631
-0.149074
-0.152451
-0.155762
-0.159009
-0.162193
-0.165315
-0.168377
-0.171378
-0.174322
-0.177208
-0.180039
-0.182815
-0.124433
-0.128008
-0.131518
-0.134965
-0.13835
-0.141673
-0.144936
-0.148139
-0.151283
-0.154369
-0.157398
-0.160371
-0.16329
-0.166154
-0.168966
-0.171726
-0.174435
-0.117941
-0.121374
-0.124748
-0.128065
-0.131326
-0.13453
-0.137678
-0.140773
-0.143813
-0.1468
-0.149735
-0.152618
-0.155451
-0.158234
-0.160968
-0.163654
-0.166292
-0.111688
-0.114982
-0.118224
-0.121413
-0.12455
-0.127637
-0.130672
-0.133658
-0.136594
-0.139482
-0.142321
-0.145113
-0.147859
-0.150558
-0.153212
-0.155821
-0.158387
-0.105665
-0.108825
-0.111936
-0.115
-0.118017
-0.120986
-0.12391
-0.126788
-0.12962
-0.132408
-0.135152
-0.137852
-0.140509
-0.143124
-0.145697
-0.148228
-0.150718
-0.099864
-0.102893
-0.105877
-0.108819
-0.111717
-0.114572
-0.117385
-0.120157
-0.122887
-0.125575
-0.128223
-0.130832
-0.1334
-0.135929
-0.138419
-0.140871
-0.143285
-0.0942769
-0.0971784
-0.10004
-0.102862
-0.105644
-0.108387
-0.111092
-0.113758
-0.116386
-0.118977
-0.12153
-0.124047
-0.126526
-0.128969
-0.131377
-0.133749
-0.136085
-0.0888963
-0.0916746
-0.0944163
-0.0971219
-0.0997914
-0.102425
-0.105023
-0.107587
-0.110115
-0.112609
-0.115068
-0.117493
-0.119884
-0.122242
-0.124567
-0.126859
-0.129118
-0.083715
-0.0863742
-0.089
-0.0915927
-0.0941524
-0.0966794
-0.0991739
-0.101636
-0.104066
-0.106464
-0.108831
-0.111166
-0.113471
-0.115744
-0.117986
-0.120198
-0.12238
-0.0787267
-0.0812709
-0.0837844
-0.0862677
-0.0887208
-0.0911439
-0.0935371
-0.0959008
-0.0982349
-0.10054
-0.102816
-0.105062
-0.107281
-0.10947
-0.111631
-0.113764
-0.115869
-0.0739253
-0.0763583
-0.0787634
-0.0811407
-0.0834904
-0.0858126
-0.0881075
-0.0903751
-0.0926157
-0.0948292
-0.097016
-0.0991761
-0.10131
-0.103417
-0.105498
-0.107552
-0.109581
-0.0693038
-0.0716299
-0.0739304
-0.0762055
-0.0784552
-0.0806798
-0.0828792
-0.0850535
-0.0872029
-0.0893275
-0.0914274
-0.0935026
-0.0955534
-0.0975797
-0.0995818
-0.10156
-0.103513
-0.0648569
-0.06708
-0.0692798
-0.0714563
-0.0736096
-0.0757396
-0.0778466
-0.0799305
-0.0819914
-0.0840294
-0.0860446
-0.0880371
-0.090007
-0.0919543
-0.0938791
-0.0957815
-0.0976616
-0.0605782
-0.0627027
-0.0648057
-0.0668873
-0.0689476
-0.0709865
-0.0730041
-0.0750005
-0.0769757
-0.0789298
-0.0808627
-0.0827747
-0.0846658
-0.0865359
-0.0883852
-0.0902138
-0.0920217
-0.0564629
-0.0584928
-0.060503
-0.0624934
-0.0644641
-0.0664152
-0.0683466
-0.0702584
-0.0721506
-0.0740234
-0.0758766
-0.0777104
-0.0795248
-0.0813198
-0.0830956
-0.0848521
-0.0865894
-0.0525058
-0.054445
-0.0563661
-0.058269
-0.0601536
-0.0620202
-0.0638686
-0.0656988
-0.067511
-0.0693051
-0.0710812
-0.0728392
-0.0745792
-0.0763013
-0.0780055
-0.0796918
-0.0813603
-0.0487033
-0.0505555
-0.0523909
-0.0542096
-0.0560115
-0.0577967
-0.0595652
-0.0613168
-0.0630518
-0.0647699
-0.0664714
-0.0681561
-0.0698242
-0.0714756
-0.0731103
-0.0747284
-0.0763299
-0.0450494
-0.0468183
-0.0485719
-0.0503099
-0.0520325
-0.0537396
-0.0554312
-0.0571073
-0.0587679
-0.0604129
-0.0620424
-0.0636563
-0.0652548
-0.0668377
-0.0684051
-0.069957
-0.0714935
-0.0415398
-0.0432292
-0.0449043
-0.0465652
-0.0482118
-0.049844
-0.0514619
-0.0530654
-0.0546544
-0.056229
-0.0577892
-0.0593349
-0.0608661
-0.0623829
-0.0638852
-0.0653731
-0.0668465
-0.03817
-0.0397834
-0.0413837
-0.0429708
-0.0445446
-0.0461052
-0.0476523
-0.0491861
-0.0507065
-0.0522134
-0.0537069
-0.0551869
-0.0566534
-0.0581063
-0.0595458
-0.0609718
-0.0623842
-0.034936
-0.036477
-0.0380058
-0.0395224
-0.0410266
-0.0425185
-0.043998
-0.045465
-0.0469195
-0.0483615
-0.0497909
-0.0512077
-0.0526118
-0.0540034
-0.0553822
-0.0567484
-0.058102
-0.0318333
-0.0333052
-0.0347659
-0.0362152
-0.0376531
-0.0390795
-0.0404942
-0.0418974
-0.0432888
-0.0446685
-0.0460364
-0.0473926
-0.0487368
-0.0500692
-0.0513898
-0.0526984
-0.0539952
-0.0288577
-0.0302643
-0.0316602
-0.0330455
-0.0344201
-0.0357839
-0.0371369
-0.0384789
-0.03981
-0.0411301
-0.0424391
-0.043737
-0.0450238
-0.0462994
-0.0475639
-0.0488171
-0.0500592
-0.0260067
-0.0273507
-0.0286849
-0.0300092
-0.0313234
-0.0326276
-0.0339215
-0.0352052
-0.0364787
-0.0377417
-0.0389944
-0.0402366
-0.0414683
-0.0426894
-0.0439001
-0.0451001
-0.0462895
-0.0232771
-0.0245616
-0.025837
-0.027103
-0.0283597
-0.0296069
-0.0308445
-0.0320726
-0.0332909
-0.0344994
-0.0356982
-0.036887
-0.038066
-0.039235
-0.0403939
-0.0415429
-0.0426818
-0.0206644
-0.0218925
-0.023112
-0.0243228
-0.0255247
-0.0267178
-0.0279018
-0.0290767
-0.0302425
-0.0313991
-0.0325463
-0.0336842
-0.0348127
-0.0359318
-0.0370413
-0.0381414
-0.0392318
-0.018166
-0.0193405
-0.020507
-0.0216652
-0.0228151
-0.0239566
-0.0250896
-0.026214
-0.0273297
-0.0284367
-0.0295349
-0.0306241
-0.0317044
-0.0327758
-0.0338381
-0.0348913
-0.0359354
-0.0157787
-0.0169025
-0.0180186
-0.019127
-0.0202275
-0.0213201
-0.0224045
-0.0234809
-0.0245489
-0.0256087
-0.02666
-0.0277029
-0.0287373
-0.0297631
-0.0307802
-0.0317887
-0.0327884
-0.0134998
-0.0145755
-0.0156439
-0.016705
-0.0177587
-0.0188047
-0.0198431
-0.0208738
-0.0218966
-0.0229114
-0.0239183
-0.024917
-0.0259076
-0.02689
-0.0278641
-0.0288299
-0.0297873
-0.0113264
-0.0123566
-0.0133799
-0.0143963
-0.0154055
-0.0164076
-0.0174023
-0.0183896
-0.0193694
-0.0203416
-0.0213061
-0.0222629
-0.0232118
-0.0241529
-0.025086
-0.0260111
-0.0269281
-0.00925651
-0.0102437
-0.0112243
-0.0121982
-0.0131654
-0.0141257
-0.015079
-0.0160253
-0.0169643
-0.017896
-0.0188204
-0.0197373
-0.0206467
-0.0215485
-0.0224426
-0.023329
-0.0242076
-0.00728718
-0.0082337
-0.00917399
-0.0101079
-0.0110354
-0.0119563
-0.0128705
-0.0137778
-0.0146783
-0.0155717
-0.0164581
-0.0173372
-0.0182091
-0.0190736
-0.0199308
-0.0207804
-0.0216225
-0.00541612
-0.00632454
-0.00722697
-0.00812328
-0.00901333
-0.00989703
-0.0107743
-0.0116449
-0.0125089
-0.0133661
-0.0142164
-0.0150598
-0.0158962
-0.0167254
-0.0175475
-0.0183623
-0.0191698
-0.00364236
-0.00451475
-0.00538139
-0.00624215
-0.00709689
-0.0079455
-0.00878787
-0.00962389
-0.0104535
-0.0112765
-0.0120928
-0.0129024
-0.0137052
-0.0145011
-0.01529
-0.0160719
-0.0168466
-0.00196452
-0.00280299
-0.00363592
-0.00446318
-0.00528464
-0.00610018
-0.00690968
-0.00771304
-0.00851014
-0.00930088
-0.0100852
-0.0108629
-0.011634
-0.0123984
-0.013156
-0.0139067
-0.0146505
-0.000380142
-0.00118685
-0.0019882
-0.00278406
-0.0035743
-0.0043588
-0.00513745
-0.00591013
-0.00667674
-0.00743716
-0.0081913
-0.00893907
-0.00968037
-0.0104151
-0.0111432
-0.0118647
-0.0125793
0.00111156
0.000334588
-0.000437184
-0.00120363
-0.00196462
-0.00272004
-0.00346976
-0.00421367
-0.00495167
-0.00568364
-0.00640949
-0.00712912
-0.00784244
-0.00854936
-0.00924981
-0.00994369
-0.0106309
0.00251161
0.0017624
0.00101825
0.000279274
-0.00045439
-0.00118262
-0.00190531
-0.00262233
-0.00333357
-0.00403893
-0.00473831
-0.00543162
-0.00611875
-0.00679962
-0.00747414
-0.00814224
-0.00880385
0.00382076
0.00309738
0.00237893
0.00166554
0.000957326
0.000254414
-0.000443077
-0.00113503
-0.00182134
-0.0025019
-0.0031766
-0.00384536
-0.00450806
-0.00516463
-0.00581498
-0.00645903
-0.00709671
0.00503936
0.00433994
0.00364534
0.00295568
0.00227108
0.00159167
0.000917562
0.000248874
-0.000414285
-0.00107181
-0.0017236
-0.00236955
-0.00300957
-0.00364357
-0.00427146
-0.00489317
-0.00550861
-0.00611771
0.00616751
0.00549021
0.00481763
0.00414988
0.0034871
0.0028294
0.0021769
0.00152971
0.000887949
0.000251713
-0.000378892
-0.00100377
-0.00162282
-0.00223596
-0.0028431
-0.00344416
-0.00403906
-0.00462773
0.00720495
0.00654797
0.00589561
0.005248
0.00460527
0.00396752
0.00333487
0.00270744
0.00208534
0.00146867
0.000857527
0.000252014
-0.000347776
-0.000941752
-0.00152983
-0.00211192
-0.00268796
-0.00325786
0.00815096
0.00751252
0.00687862
0.00624938
0.00562494
0.0050054
0.00439087
0.00378147
0.00317731
0.00257849
0.0019851
0.00139725
0.000815034
0.000238532
-0.000332164
-0.000896974
-0.00145582
-0.00200862
0.00900462
0.00838295
0.00776576
0.00715315
0.00654526
0.00594219
0.00534407
0.00475098
0.00416305
0.00358036
0.00300303
0.00243115
0.0018648
0.00130409
0.000749082
0.000199872
-0.000343465
-0.000880855
0.00976398
0.00915733
0.00855509
0.00795737
0.0073643
0.00677598
0.00619253
0.00561404
0.00504062
0.00447238
0.0039094
0.00335179
0.00279963
0.002253
0.00171201
0.00117671
0.000647203
0.000123549
0.0104277
0.00983435
0.0092453
0.00866072
0.00808072
0.0075054
0.00693487
0.00636924
0.0058086
0.00525306
0.0047027
0.00415761
0.0036179
0.00308363
0.00255491
0.00203179
0.00151437
0.00100271
0.0109915
0.0104096
0.00983197
0.0092588
0.00869014
0.00812611
0.0075668
0.00701232
0.00646276
0.00591822
0.00537879
0.00484456
0.00431561
0.00379202
0.00327389
0.00276128
0.00225426
0.00175292
0.011455
0.0108827
0.0103147
0.00975104
0.00919184
0.00863719
0.00808721
0.00754198
0.0070016
0.00646615
0.00593574
0.00541044
0.00489033
0.0043755
0.00386604
0.003362
0.00286347
0.00237051
0.011808
0.0112437
0.0106837
0.010128
0.00957665
0.00902985
0.00848765
0.00795013
0.0074174
0.00688953
0.00636661
0.00584872
0.00533594
0.00482835
0.00432601
0.00382902
0.00333742
0.0028513
0.0120552
0.0114965
0.0109419
0.0103916
0.00984565
0.00930415
0.00876719
0.00823486
0.00770723
0.0071844
0.00666644
0.00615344
0.00564547
0.0051426
0.00464492
0.00415248
0.00366537
0.00318364
0.0121763
0.0116224
0.0110727
0.0105272
0.00998596
0.00944914
0.00891679
0.00838898
0.00786578
0.00734728
0.00683354
0.00632463
0.00582063
0.0053216
0.00482761
0.00433872
0.00385499
0.00337648
0.021649
0.0116094
0.00167631
-0.0081403
-0.0178316
-0.0273895
-0.0368064
-0.0460752
-0.0551896
-0.0641436
-0.0729318
-0.0815494
-0.0899923
-0.0982575
-0.106344
-0.114254
-0.121991
-0.1295
-0.136863
-0.144011
-0.150953
-0.157706
-0.16427
-0.170644
-0.176829
-0.182826
-0.188637
-0.194265
-0.199713
0.0197995
0.0103125
0.000931485
-0.00833592
-0.0174828
-0.0265028
-0.0353898
-0.0441384
-0.0527433
-0.0612
-0.0695044
-0.0776529
-0.0856427
-0.0934719
-0.101141
-0.108648
-0.115993
-0.123056
-0.130066
-0.136888
-0.143511
-0.149961
-0.156241
-0.162349
-0.168286
-0.174052
-0.179651
-0.185083
-0.190351
0.0177011
0.00875376
-9.02118e-05
-0.00882445
-0.0174433
-0.0259415
-0.0343142
-0.0425571
-0.0506661
-0.0586374
-0.0664679
-0.0741548
-0.0816956
-0.0890879
-0.0963284
-0.103409
-0.110313
-0.116993
-0.123701
-0.130198
-0.1365
-0.142642
-0.148632
-0.154467
-0.160148
-0.165675
-0.171051
-0.176277
-0.181356
0.0159972
0.00755501
-0.000786954
-0.00902358
-0.0171502
-0.0251627
-0.0330573
-0.0408305
-0.048479
-0.056
-0.0633909
-0.0706494
-0.0777734
-0.0847611
-0.0916107
-0.0983205
-0.104893
-0.111335
-0.117569
-0.123722
-0.129731
-0.135589
-0.141304
-0.146881
-0.152318
-0.157618
-0.16278
-0.167808
-0.172703
0.0144897
0.00652821
-0.00133677
-0.00910145
-0.0167621
-0.0243154
-0.0317585
-0.0390886
-0.0463032
-0.0533999
-0.0603768
-0.067232
-0.0739639
-0.0805713
-0.0870532
-0.0934097
-0.0996409
-0.105747
-0.111654
-0.117506
-0.123234
-0.12882
-0.134275
-0.139604
-0.144809
-0.149888
-0.154844
-0.159678
-0.164392
0.0131749
0.00566863
-0.00174549
-0.00906474
-0.0162862
-0.0234071
-0.0304253
-0.0373387
-0.0441451
-0.0508429
-0.0574304
-0.0639062
-0.0702689
-0.0765172
-0.0826496
-0.0886644
-0.0945582
-0.100332
-0.105968
-0.111569
-0.117022
-0.122336
-0.127536
-0.132626
-0.137605
-0.142471
-0.147225
-0.15187
-0.156406
0.0120444
0.00496892
-0.00201915
-0.00891796
-0.0157252
-0.0224388
-0.029057
-0.0355781
-0.0420006
-0.0483231
-0.0545444
-0.0606633
-0.0666788
-0.0725898
-0.0783946
-0.0840906
-0.0896706
-0.0951208
-0.100412
-0.105824
-0.111039
-0.116101
-0.12106
-0.125922
-0.130685
-0.135345
-0.139904
-0.144364
-0.148726
0.0110841
0.00441598
-0.00216974
-0.00867186
-0.0150886
-0.0214185
-0.0276599
-0.0338118
-0.039873
-0.0458424
-0.051719
-0.0575022
-0.0631913
-0.0687857
-0.0742855
-0.0796919
-0.0850099
-0.090252
-0.0954429
-0.100338
-0.105248
-0.110092
-0.114835
-0.119481
-0.124034
-0.128495
-0.132866
-0.137146
-0.141337
0.0102819
0.00399871
-0.00220729
-0.00833533
-0.0143842
-0.0203525
-0.0262393
-0.0320437
-0.0377647
-0.0434017
-0.0489539
-0.0544208
-0.0598021
-0.0650976
-0.0703072
-0.0754314
-0.0804704
-0.0854207
-0.0902758
-0.0950015
-0.0996947
-0.104319
-0.108848
-0.113286
-0.117639
-0.121909
-0.126097
-0.130202
-0.134227
0.00962649
0.00370671
-0.00214112
-0.00791657
-0.0136187
-0.0192467
-0.0247996
-0.0302768
-0.0356776
-0.0410015
-0.0462481
-0.0514169
-0.0565077
-0.0615201
-0.0664538
-0.0713083
-0.0760825
-0.0807745
-0.085384
-0.0899051
-0.0943877
-0.0987869
-0.103099
-0.107333
-0.111492
-0.115576
-0.119585
-0.123521
-0.127383
0.00910712
0.00353023
-0.00197993
-0.00742316
-0.0127988
-0.0181063
-0.0233448
-0.028514
-0.0336133
-0.0386425
-0.0436011
-0.0484889
-0.0533056
-0.0580509
-0.0627246
-0.0673262
-0.0718546
-0.0763074
-0.0806807
-0.0849632
-0.089261
-0.0934565
-0.0975651
-0.101604
-0.105576
-0.109481
-0.113319
-0.11709
-0.120794
0.00871377
0.00346019
-0.00173179
-0.00686212
-0.0119304
-0.016936
-0.0218786
-0.0267578
-0.0315733
-0.0363248
-0.0410121
-0.045635
-0.0501933
-0.0546871
-0.0591163
-0.063481
-0.0677817
-0.07202
-0.0761994
-0.0803268
-0.0843363
-0.0883132
-0.0922339
-0.0960898
-0.0998834
-0.103616
-0.107288
-0.110899
-0.11445
0.008437
0.00348806
-0.00140426
-0.00623996
-0.0110188
-0.0157404
-0.0204044
-0.0250106
-0.0295587
-0.0340487
-0.0384802
-0.0428534
-0.047168
-0.0514241
-0.0556219
-0.0597616
-0.0638435
-0.0678684
-0.071836
-0.0757452
-0.0795665
-0.0833556
-0.087097
-0.0907791
-0.0944025
-0.0979695
-0.101481
-0.104938
-0.10834
0.00826789
0.00360583
-0.00100435
-0.00556274
-0.0100692
-0.0145234
-0.0189252
-0.0232743
-0.0275706
-0.0318141
-0.0360046
-0.0401421
-0.0442265
-0.0482579
-0.0522363
-0.0561618
-0.0600345
-0.0638542
-0.0676202
-0.0713317
-0.0749809
-0.0785934
-0.0821584
-0.0856698
-0.089128
-0.0925351
-0.095892
-0.0991991
-0.102457
0.00819803
0.003806
-0.000538666
-0.00483609
-0.0090862
-0.0132888
-0.0174437
-0.0215508
-0.0256099
-0.0296211
-0.0335843
-0.0374994
-0.0413663
-0.0451852
-0.0489561
-0.0526788
-0.0563534
-0.0599797
-0.0635574
-0.0670868
-0.0705647
-0.0740099
-0.0774056
-0.0807512
-0.08405
-0.0873031
-0.0905109
-0.0936735
-0.096791
0.00821948
0.00408151
-1.33703e-05
-0.00406529
-0.00807422
-0.01204
-0.0159626
-0.0198417
-0.0236775
-0.0274698
-0.0312185
-0.0349238
-0.0385854
-0.0422036
-0.0457782
-0.0493092
-0.0527965
-0.0562399
-0.0596389
-0.0629927
-0.0662981
-0.0695899
-0.0728268
-0.0760143
-0.0791598
-0.0822651
-0.0853295
-0.0883528
-0.0913352
0.00832475
0.0044257
0.000565742
-0.00325526
-0.00703732
-0.0107803
-0.0144841
-0.0181487
-0.021774
-0.02536
-0.0289066
-0.0324138
-0.0358817
-0.0393103
-0.0426995
-0.0460495
-0.0493603
-0.052632
-0.0558648
-0.0590593
-0.0622165
-0.0653306
-0.0684098
-0.0714493
-0.07445
-0.0774135
-0.0803401
-0.0832293
-0.0860813
0.00850676
0.00483233
0.00119323
-0.00241064
-0.0059793
-0.00951266
-0.0130106
-0.0164731
-0.0199002
-0.0232917
-0.0266477
-0.0299681
-0.033253
-0.0365024
-0.0397163
-0.0428949
-0.0460383
-0.0491468
-0.0522209
-0.0552609
-0.0582669
-0.0612168
-0.0641455
-0.0670458
-0.0699108
-0.0727402
-0.0755349
-0.0782955
-0.0810222
0.00875883
0.00529547
0.00186397
-0.00153575
-0.00490373
-0.00823988
-0.0115441
-0.0148164
-0.0180567
-0.0212649
-0.0244411
-0.0275852
-0.0306972
-0.0337771
-0.036825
-0.0398409
-0.0428248
-0.0457768
-0.0486967
-0.0515841
-0.0544382
-0.0572539
-0.060046
-0.0628104
-0.0655426
-0.0682421
-0.0709097
-0.0735463
-0.0761519
0.00907463
0.00580957
0.00257316
-0.000634685
-0.00381397
-0.00696461
-0.0100865
-0.0131797
-0.016244
-0.0192795
-0.022286
-0.0252637
-0.0282123
-0.0311321
-0.0340228
-0.0368845
-0.0397173
-0.0425209
-0.0452955
-0.0480407
-0.0507566
-0.053441
-0.0561015
-0.0587346
-0.0613382
-0.0639125
-0.066458
-0.0689752
-0.0714643
0.0094482
0.00636938
0.00331624
0.000288724
-0.00271316
-0.00568933
-0.0086397
-0.0115642
-0.0144628
-0.0173354
-0.020182
-0.0230025
-0.0257969
-0.0285652
-0.0313073
-0.0340231
-0.0367128
-0.0393762
-0.0420134
-0.0446242
-0.0472085
-0.049765
-0.0522999
-0.0548078
-0.0572886
-0.0597431
-0.0621719
-0.0645749
-0.0669522
0.00987389
0.00696993
0.00408892
0.00123084
-0.00160428
-0.00441638
-0.00720535
-0.0099711
-0.0127136
-0.0154327
-0.0181284
-0.0208007
-0.0234494
-0.0260745
-0.028676
-0.0312538
-0.0338079
-0.0363382
-0.0388448
-0.0413276
-0.0437869
-0.0462219
-0.0486404
-0.0510294
-0.0533915
-0.0557305
-0.0580471
-0.0603405
-0.0626104
0.0103464
0.00760654
0.00488716
0.00218825
-0.000490168
-0.00314799
-0.00578512
-0.00840145
-0.0109969
-0.0135714
-0.0161249
-0.0186573
-0.0211684
-0.0236584
-0.026127
-0.0285742
-0.0309999
-0.033404
-0.0357863
-0.0381465
-0.0404843
-0.0428005
-0.0451085
-0.047387
-0.0496376
-0.0518667
-0.0540762
-0.056265
-0.0584324
0.0108606
0.00827476
0.00570712
0.00315769
0.000626522
-0.00188628
-0.00438059
-0.00685631
-0.00931335
-0.0117516
-0.014171
-0.0165714
-0.0189528
-0.0213151
-0.0236582
-0.025982
-0.0282866
-0.0305721
-0.0328384
-0.0350861
-0.0373153
-0.0395253
-0.041699
-0.0438635
-0.0460143
-0.048145
-0.0502545
-0.0523437
-0.0544132
0.0114117
0.00897039
0.00654517
0.00413609
0.00174325
-0.000633236
-0.00299325
-0.00533667
-0.00766339
-0.00997329
-0.0122663
-0.0145422
-0.0168011
-0.0190427
-0.0212671
-0.0234741
-0.0256636
-0.0278355
-0.0299897
-0.032126
-0.0342437
-0.0363424
-0.0384195
-0.0404843
-0.0425345
-0.0445663
-0.0465788
-0.0485726
-0.0505483
0.0119953
0.00968947
0.00739786
0.00512055
0.00285763
0.000609228
-0.00162452
-0.00384347
-0.00604752
-0.00823653
-0.0104104
-0.012569
-0.0147122
-0.0168399
-0.018952
-0.0210484
-0.0231289
-0.0251935
-0.027242
-0.0292743
-0.0312902
-0.0332898
-0.0352717
-0.0372395
-0.039192
-0.0411279
-0.0430468
-0.044949
-0.0468345
0.012607
0.0104282
0.00826194
0.00610829
0.00396737
0.0018393
-0.000275745
-0.00237764
-0.00446624
-0.00654142
-0.00860304
-0.010651
-0.0126851
-0.0147053
-0.0167114
-0.0187033
-0.0206809
-0.0226441
-0.0245927
-0.0265268
-0.0284461
-0.0303505
-0.0322393
-0.0341144
-0.035975
-0.0378205
-0.0396506
-0.0414655
-0.0432651
0.0132427
0.011183
0.00913432
0.00709669
0.00507029
0.00305526
0.00105175
-0.00094007
-0.00292006
-0.00488808
-0.00684398
-0.00878762
-0.0107189
-0.0126376
-0.0145436
-0.0164368
-0.0183171
-0.0201844
-0.0220385
-0.0238793
-0.0257067
-0.0275205
-0.0293204
-0.0311078
-0.0328815
-0.0346412
-0.0363869
-0.0381186
-0.0398362
0.0138987
0.0119506
0.010012
0.00808326
0.00616433
0.00425543
0.00235672
0.000468368
-0.00140947
-0.00327665
-0.005133
-0.00697838
-0.00881265
-0.0106356
-0.0124472
-0.0142473
-0.0160356
-0.0178121
-0.0195767
-0.0213292
-0.0230695
-0.0247974
-0.0265127
-0.028217
-0.0299082
-0.0315863
-0.0332515
-0.0349039
-0.0365435
0.0145712
0.0127276
0.0108923
0.0090656
0.00724751
0.00543824
0.00363795
0.00184684
6.50436e-05
-0.00170726
-0.0034699
-0.00522274
-0.00696561
-0.00869835
-0.0104208
-0.0121329
-0.0138343
-0.0155251
-0.017205
-0.0188739
-0.0205316
-0.0221781
-0.0238128
-0.0254396
-0.0270526
-0.0286527
-0.030241
-0.0318179
-0.0333829
0.0152567
0.013511
0.0117725
0.0100415
0.00831794
0.00660216
0.00489429
0.00319452
0.00150301
-0.000180069
-0.00185454
-0.00352024
-0.005177
-0.00682467
-0.00846308
-0.0100921
-0.0117115
-0.0133212
-0.0149211
-0.0165109
-0.0180906
-0.0196601
-0.0212196
-0.0227704
-0.0243092
-0.0258356
-0.027351
-0.0288559
-0.0303501
0.0176122
0.0159521
0.014298
0.0126501
0.0110087
0.00937382
0.00774574
0.00612461
0.00451062
0.00290394
0.00130475
-0.000286783
-0.00187048
-0.00344617
-0.00501369
-0.00657289
-0.0081236
-0.00966569
-0.011199
-0.0127234
-0.0142389
-0.0157453
-0.0172424
-0.0187298
-0.0202026
-0.0216686
-0.023127
-0.0245755
-0.0260134
-0.0274408
0.0182276
0.0166541
0.0150857
0.0135227
0.0119652
0.0104134
0.0088676
0.00732786
0.00579439
0.00426739
0.00274703
0.0012335
-0.000273023
-0.00177237
-0.00326437
-0.00474884
-0.00622563
-0.00769455
-0.00915545
-0.0106081
-0.0120525
-0.0134882
-0.0149151
-0.016333
-0.0177408
-0.0191411
-0.0205334
-0.0219163
-0.0232895
-0.0246529
0.0188523
0.0173597
0.0158715
0.0143879
0.0129091
0.0114352
0.00996641
0.00850299
0.00704509
0.0055929
0.0041466
0.00270639
0.00127244
-0.000155074
-0.00157596
-0.00299005
-0.00439717
-0.00579714
-0.0071898
-0.00857498
-0.00995252
-0.0113223
-0.012684
-0.0140377
-0.0153827
-0.0167198
-0.0180489
-0.0193693
-0.0206808
-0.0219835
0.0194832
0.0180662
0.016653
0.0152436
0.0138384
0.0124374
0.0110409
0.00964899
0.00826197
0.00687999
0.00550323
0.00413189
0.00276615
0.00140619
5.22057e-05
-0.00129564
-0.00263716
-0.00397218
-0.00530054
-0.00662206
-0.00793658
-0.00924394
-0.010544
-0.0118365
-0.0131212
-0.0143984
-0.0156679
-0.0169294
-0.0181827
-0.0194278
0.0201172
0.0187709
0.0174277
0.0160878
0.0147514
0.0134186
0.0120897
0.0107649
0.00944433
0.00812819
0.00681669
0.00551001
0.00420835
0.00291189
0.00162081
0.000335294
-0.000944475
-0.00221832
-0.00348608
-0.00474756
-0.00600262
-0.00725107
-0.00849276
-0.00972753
-0.0109551
-0.0121757
-0.013389
-0.0145948
-0.015793
-0.0169834
0.0207516
0.0194712
0.0181935
0.0169184
0.0156464
0.0143774
0.0131118
0.0118498
0.0105914
0.00933704
0.00808673
0.00684074
0.00559923
0.00436241
0.00313046
0.00190355
0.000681874
-0.000534392
-0.00174507
-0.00295
-0.00414899
-0.00534189
-0.00652853
-0.00770874
-0.0088823
-0.0100493
-0.0112095
-0.0123627
-0.0135087
-0.0146474
0.0213836
0.0201648
0.018948
0.0177336
0.0165217
0.0153124
0.014106
0.0129027
0.0117026
0.0105061
0.00931312
0.00812402
0.00693896
0.00575812
0.00458169
0.00340986
0.0022428
0.0010807
-7.62741e-05
-0.00122794
-0.00237412
-0.00351465
-0.00464937
-0.00577811
-0.00690066
-0.00801715
-0.00912717
-0.0102305
-0.0113272
-0.012417
0.0220107
0.0208492
0.0196894
0.0185315
0.0173757
0.0162222
0.0150711
0.0139228
0.0127772
0.0116348
0.0104956
0.00935979
0.00822764
0.00709932
0.005975
0.00485487
0.00373912
0.00262792
0.00152145
0.000419898
-0.000676571
-0.00176778
-0.00285357
-0.00393375
-0.00500816
-0.006077
-0.00713966
-0.00819601
-0.009246
-0.0102895
0.0226304
0.0215223
0.0204156
0.0193104
0.018207
0.0171055
0.0160061
0.0149091
0.0138145
0.0127227
0.0116338
0.0105479
0.00946535
0.00838624
0.00731079
0.00623917
0.00517157
0.00410817
0.00304914
0.00199466
0.000944912
-9.99461e-05
-0.00113973
-0.00217428
-0.00320336
-0.00422766
-0.00524565
-0.00625742
-0.00726321
-0.00826297
0.0232405
0.0221821
0.0211247
0.0200687
0.0190141
0.0179611
0.0169099
0.0158608
0.0148139
0.0137693
0.0127274
0.0116883
0.0106521
0.00961909
0.00858943
0.0075633
0.00654088
0.00552235
0.0045079
0.00349769
0.00249191
0.00149071
0.000494253
-0.00049736
-0.0014841
-0.00246638
-0.00344246
-0.00441222
-0.00537621
-0.0063346
0.0238385
0.0228263
0.021815
0.0208046
0.0197954
0.0187876
0.0177814
0.016777
0.0157745
0.0147741
0.0137761
0.0127806
0.0117878
0.0107979
0.00981106
0.00882748
0.00784734
0.00687081
0.00589807
0.00492929
0.00396465
0.0030043
0.00204843
0.00109725
0.000151053
-0.000788644
-0.00172434
-0.00265567
-0.00358164
-0.00450181
0.0244226
0.0234532
0.0224845
0.0215166
0.0205497
0.019584
0.0186196
0.0176568
0.0166957
0.0157365
0.0147795
0.0138247
0.0128724
0.0119228
0.010976
0.0100323
0.00909172
0.00815459
0.00722103
0.00629122
0.00536535
0.00444359
0.00352612
0.00261312
0.00170473
0.000801364
-9.75673e-05
-0.000991774
-0.00188078
-0.00276434
0.0249904
0.0240609
0.0231317
0.0222033
0.0212756
0.0203489
0.0194234
0.0184993
0.0175767
0.0166559
0.015737
0.0148202
0.0139056
0.0129936
0.0120842
0.0111776
0.010274
0.00937368
0.00847667
0.0075832
0.00669344
0.00580756
0.00492572
0.00404808
0.00317482
0.00230622
0.00144218
0.000582877
-0.000271449
-0.00112063
0.0255402
0.0246474
0.0237549
0.0228629
0.0219716
0.0210812
0.0201918
0.0193036
0.0184168
0.0175316
0.0166481
0.0157666
0.0148872
0.0140102
0.0131356
0.0122636
0.0113945
0.0105285
0.00966558
0.00880605
0.00795005
0.00709775
0.00624931
0.00540491
0.0045647
0.0037289
0.00289754
0.00207079
0.00124881
0.000431791
0.0260699
0.025211
0.0243524
0.0234941
0.0226365
0.0217796
0.0209236
0.0200687
0.019215
0.0183628
0.0175123
0.0166636
0.0158168
0.0149723
0.01413
0.0132903
0.0124533
0.0116192
0.0107881
0.00996016
0.00913564
0.00831466
0.0074974
0.006684
0.00587464
0.0050695
0.00426866
0.00347229
0.00268054
0.00189359
0.0265775
0.0257499
0.0249225
0.0240954
0.0232687
0.0224428
0.0216176
0.0207935
0.0199705
0.0191489
0.0183288
0.0175104
0.0166939
0.0158795
0.0150673
0.0142575
0.0134502
0.0126458
0.0118442
0.0110457
0.0102504
0.0094586
0.00867034
0.00788582
0.00710519
0.00632863
0.00555625
0.0047882
0.00402465
0.00326574
0.0270613
0.0262624
0.0254636
0.0246651
0.023867
0.0230695
0.0222727
0.0214769
0.0206822
0.0198888
0.0190968
0.0183065
0.0175179
0.0167313
0.0159469
0.0151647
0.0143851
0.0136081
0.0128338
0.0120626
0.0112945
0.0105297
0.00976837
0.00901065
0.00825672
0.00750673
0.00676079
0.00601908
0.00528174
0.00454892
0.0275193
0.0267467
0.0259741
0.0252017
0.0244297
0.0236583
0.0228876
0.0221178
0.0213491
0.0205816
0.0198154
0.0190509
0.018288
0.0175271
0.0167682
0.0160116
0.0152574
0.0145057
0.0137567
0.0130107
0.0122677
0.0115279
0.0107914
0.0100585
0.00932929
0.0086039
0.00788247
0.00716515
0.0064521
0.00574346
0.0279497
0.0272009
0.0264522
0.0257036
0.0249555
0.0242079
0.0234609
0.0227149
0.0219699
0.0212261
0.0204836
0.0197426
0.0190034
0.018266
0.0175306
0.0167974
0.0160665
0.0153381
0.0146124
0.0138895
0.0131695
0.0124527
0.0117392
0.0110292
0.0103227
0.00962
0.00892116
0.00822635
0.00753571
0.00684938
0.0283505
0.0276232
0.0268961
0.0261691
0.0254425
0.0247165
0.0239912
0.0232667
0.0225433
0.021821
0.0211
0.0203806
0.0196628
0.0189469
0.0182329
0.0175211
0.0168115
0.0161044
0.0153999
0.0146982
0.0139994
0.0133037
0.0126112
0.0119221
0.0112365
0.0105546
0.00987649
0.00920233
0.00853226
0.00786642
0.0287197
0.0280118
0.0273039
0.0265963
0.0258892
0.0251826
0.0244767
0.0237716
0.0230676
0.0223648
0.0216634
0.0209634
0.020265
0.0195685
0.0188739
0.0181815
0.0174913
0.0168035
0.0161184
0.0154359
0.0147563
0.0140798
0.0134064
0.0127364
0.0120698
0.0114068
0.0107476
0.0100923
0.00944097
0.00879382
0.0290553
0.0283645
0.0276738
0.0269834
0.0262935
0.0256042
0.0249157
0.024228
0.0235414
0.022856
0.0221719
0.0214894
0.0208085
0.0201294
0.0194523
0.0187773
0.0181045
0.0174342
0.0167664
0.0161013
0.0154391
0.0147798
0.0141237
0.0134709
0.0128215
0.0121757
0.0115335
0.0108952
0.0102609
0.00963064
0.029355
0.0286791
0.0280035
0.0273282
0.0266534
0.0259793
0.025306
0.0246337
0.0239624
0.0232924
0.0226237
0.0219566
0.0212912
0.0206276
0.0199659
0.0193064
0.0186491
0.0179943
0.017342
0.0166924
0.0160456
0.0154018
0.0147611
0.0141237
0.0134896
0.0128591
0.0122323
0.0116092
0.01099
0.0103749
0.0296167
0.0289536
0.0282909
0.0276286
0.0269669
0.0263059
0.0256458
0.0249867
0.0243288
0.0236722
0.0230169
0.0223633
0.0217114
0.0210613
0.0204132
0.0197673
0.0191236
0.0184824
0.0178437
0.0172077
0.0165745
0.0159443
0.0153173
0.0146934
0.0140729
0.0134559
0.0128425
0.0122329
0.0116271
0.0110254
0.0298375
0.029185
0.028533
0.0278815
0.0272307
0.0265807
0.0259317
0.0252838
0.0246371
0.0239917
0.0233479
0.0227057
0.0220652
0.0214267
0.0207902
0.0201559
0.0195238
0.0188943
0.0182673
0.017643
0.0170216
0.0164031
0.0157877
0.0151756
0.0145668
0.0139615
0.0133598
0.0127618
0.0121677
0.0115775
0.0300159
0.029372
0.0287286
0.0280858
0.0274439
0.0268029
0.026163
0.0255242
0.0248868
0.0242508
0.0236164
0.0229837
0.0223528
0.0217239
0.021097
0.0204724
0.0198502
0.0192304
0.0186132
0.0179988
0.0173872
0.0167786
0.0161731
0.0155709
0.014972
0.0143765
0.0137845
0.0131962
0.0126119
0.0120314
0.0301458
0.0295078
0.0288706
0.0282341
0.0275986
0.0269642
0.026331
0.025699
0.0250686
0.0244396
0.0238124
0.0231869
0.0225634
0.021942
0.0213227
0.0207057
0.0200912
0.0194792
0.0188698
0.0182633
0.0176596
0.0170589
0.0164614
0.0158671
0.0152762
0.0146887
0.014105
0.0135249
0.0129487
0.0123763
0.0302324
0.0295987
0.0289658
0.0283339
0.027703
0.0270734
0.026445
0.0258181
0.0251927
0.024569
0.023947
0.0233269
0.0227088
0.0220929
0.0214791
0.0208677
0.0202588
0.0196525
0.0190488
0.018448
0.0178501
0.0172552
0.0166634
0.0160749
0.0154898
0.0149081
0.01433
0.0137556
0.0131849
0.0126181
0.0302512
0.029618
0.0289859
0.028355
0.0277254
0.0270973
0.0264708
0.0258459
0.0252228
0.0246016
0.0239824
0.0233653
0.0227503
0.0221377
0.0215276
0.0209199
0.0203149
0.0197126
0.0191131
0.0185166
0.0179231
0.0173327
0.0167456
0.0161618
0.0155814
0.0150046
0.0144314
0.0138619
0.0132961
0.0127342
0.0135561
0.0129108
0.0122678
0.0116272
0.0109891
0.0103537
0.00972119
0.0090916
0.00846512
0.00784188
0.00722202
0.00660568
0.00599298
0.00538408
0.00477909
0.00417815
0.0035814
0.00298896
0.00240097
0.00181755
0.00123884
0.000664948
9.60136e-05
-0.000467843
-0.0010265
-0.00157983
-0.00212773
-0.00267006
-0.00320672
-0.00373758
-0.00426255
0.0135084
0.0128624
0.0122184
0.0115766
0.010937
0.0102998
0.00966523
0.00903333
0.00840429
0.00777824
0.00715533
0.00653571
0.00591953
0.00530692
0.00469803
0.00409302
0.00349201
0.00289516
0.00230261
0.00171451
0.00113098
0.00055218
-2.17622e-05
-0.000590706
-0.00115452
-0.00171306
-0.0022662
-0.00281381
-0.00335577
-0.00389193
-0.00442219
0.0133692
0.0127184
0.0120694
0.0114224
0.0107775
0.0101348
0.00949462
0.00885698
0.00822207
0.00759005
0.00696107
0.00633528
0.00571284
0.0050939
0.00447862
0.00386715
0.00325963
0.00265623
0.00205709
0.00146235
0.000872176
0.000286701
-0.000293926
-0.000869563
-0.00144007
-0.0020053
-0.00256512
-0.00311939
-0.00366798
-0.00421075
-0.00474759
0.0131634
0.0125056
0.0118494
0.0111951
0.0105427
0.00989239
0.00924437
0.00859879
0.00795579
0.00731555
0.00667821
0.00604395
0.00541291
0.00478527
0.00416118
0.00354079
0.00292428
0.00231179
0.00170348
0.00109951
0.000500039
-9.47868e-05
-0.000684813
-0.00126989
-0.00184987
-0.0024246
-0.00299393
-0.00355774
-0.00411587
-0.00466818
-0.00521455
0.0128882
0.0122206
0.0115545
0.01089
0.0102273
0.00956659
0.00890802
0.00825177
0.00759798
0.00694684
0.0062985
0.00565313
0.00501091
0.00437199
0.00373655
0.00310475
0.00247675
0.00185273
0.00123284
0.000617244
6.10772e-06
-0.000600411
-0.00120215
-0.00179896
-0.00239068
-0.00297716
-0.00355825
-0.0041338
-0.00470366
-0.00526769
-0.00582575
0.0125515
0.0118716
0.0111931
0.0105161
0.00984074
0.00916725
0.00849578
0.00782651
0.00715959
0.00649522
0.00583356
0.00517478
0.00451905
0.00386656
0.00321746
0.00257194
0.00193016
0.0012923
0.000658516
2.8987e-05
-0.000596123
-0.00121665
-0.00183243
-0.0024433
-0.00304909
-0.00364966
-0.00424485
-0.00483449
-0.00541845
-0.00599657
-0.00656871
0.0121567
0.011462
0.0107686
0.0100765
0.009386
0.00869724
0.0080104
0.00732565
0.00664317
0.00596313
0.00528573
0.00461112
0.00393949
0.00327103
0.0026059
0.00194429
0.00128636
0.000632309
-1.77057e-05
-0.000663505
-0.00130492
-0.00194177
-0.0025739
-0.00320113
-0.00382331
-0.00444027
-0.00505184
-0.00565787
-0.0062582
-0.00685269
-0.00744119
0.0109965
0.0102856
0.00957613
0.00886807
0.00816165
0.00745705
0.00675446
0.00605404
0.00535599
0.00466049
0.00396772
0.00327786
0.00259111
0.00190763
0.00122762
0.000551253
-0.00012129
-0.000789829
-0.00145419
-0.00211418
-0.00276965
-0.00342041
-0.00406628
-0.00470712
-0.00534273
-0.00597297
-0.00659767
-0.00721666
-0.0078298
-0.00843693
0.0104789
0.00974827
0.00901884
0.00829078
0.00756427
0.0068395
0.00611664
0.00539589
0.00467744
0.00396147
0.00324817
0.00253772
0.00183032
0.00112616
0.000425406
-0.000271739
-0.000965095
-0.00165448
-0.00233971
-0.0030206
-0.00369699
-0.00436868
-0.0050355
-0.00569728
-0.00635386
-0.00700505
-0.00765071
-0.00829065
-0.00892474
-0.00955281
0.00991325
0.00916035
0.00840855
0.00765804
0.006909
0.00616162
0.00541609
0.0046726
0.00393135
0.00319252
0.0024563
0.0017229
0.000992493
0.000265277
-0.000458557
-0.00117882
-0.00189533
-0.00260789
-0.00331632
-0.00402043
-0.00472004
-0.00541498
-0.00610506
-0.0067901
-0.00746994
-0.00814441
-0.00881332
-0.00947652
-0.0101339
-0.0107852
0.00930324
0.00852553
0.00774886
0.00697341
0.00619936
0.00542691
0.00465625
0.00388757
0.00312108
0.00235696
0.00159542
0.000836641
8.08269e-05
-0.000671831
-0.00142114
-0.0021669
-0.00290893
-0.00364703
-0.00438102
-0.00511071
-0.00583591
-0.00655645
-0.00727213
-0.00798278
-0.00868823
-0.0093883
-0.0100828
-0.0107716
-0.0114545
-0.0121314
0.00865245
0.00784738
0.00704327
0.00624033
0.00543874
0.0046387
0.0038404
0.00304404
0.00224983
0.00145795
0.000668609
-0.000117994
-0.000901663
-0.0016822
-0.00245941
-0.0032331
-0.00400306
-0.00476912
-0.00553108
-0.00628874
-0.00704192
-0.00779044
-0.00853411
-0.00927276
-0.0100062
-0.0107342
-0.0114567
-0.0121735
-0.0128844
-0.0135892
0.00796436
0.00712928
0.00629512
0.00546208
0.00463036
0.00380014
0.00297163
0.00214503
0.00132054
0.000498368
-0.000321292
-0.00113824
-0.00195226
-0.00276318
-0.00357077
-0.00437486
-0.00517524
-0.00597171
-0.00676409
-0.00755218
-0.0083358
-0.00911475
-0.00988886
-0.0106579
-0.0114218
-0.0121803
-0.0129332
-0.0136802
-0.0144215
-0.0151567
0.00724234
0.00637453
0.00550762
0.00464179
0.00377726
0.0029142
0.00205284
0.00119337
0.000335992
-0.000519083
-0.00137166
-0.00222152
-0.00306848
-0.00391232
-0.00475286
-0.00558988
-0.00642319
-0.00725261
-0.00807792
-0.00889895
-0.0097155
-0.0105274
-0.0113344
-0.0121365
-0.0129334
-0.0137249
-0.0145109
-0.0152904
-0.0160644
-0.0168325
0.00648971
0.00558636
0.00468388
0.0037825
0.00288239
0.00198375
0.0010868
0.000191738
-0.000701228
-0.00159189
-0.00248005
-0.0033655
-0.00424803
-0.00512744
-0.00600353
-0.0068761
-0.00774494
-0.00860987
-0.00947069
-0.0103272
-0.0111792
-0.0120265
-0.0128689
-0.0137063
-0.0145383
-0.0153649
-0.0161859
-0.0170017
-0.0178115
-0.018615
0.00570971
0.00476789
0.00382696
0.00288712
0.00194857
0.00101151
7.61382e-05
-0.000857325
-0.00178868
-0.00271771
-0.00364422
-0.00456799
-0.00548883
-0.00640653
-0.00732089
-0.0082317
-0.00913877
-0.0100419
-0.0109409
-0.0118356
-0.0127257
-0.0136112
-0.0144917
-0.0153672
-0.0162375
-0.0171023
-0.0179616
-0.0188154
-0.0196631
-0.0205046
0.00490556
0.00392222
0.00293981
0.00195852
0.000978546
9.52002e-08
-0.000976627
-0.00195141
-0.00292404
-0.00389432
-0.00486204
-0.005827
-0.00678897
-0.00774778
-0.0087032
-0.00965505
-0.0106031
-0.0115472
-0.0124871
-0.0134227
-0.0143537
-0.01528
-0.0162014
-0.0171177
-0.0180287
-0.0189343
-0.0198343
-0.0207286
-0.0216169
-0.0224991
0.0040804
0.00305237
0.00202532
0.000999458
-2.50333e-05
-0.00104795
-0.00206908
-0.00308821
-0.00410514
-0.00511965
-0.00613155
-0.00714062
-0.00814667
-0.00914948
-0.0101489
-0.0111446
-0.0121365
-0.0131244
-0.0141081
-0.0150874
-0.0160621
-0.017032
-0.017997
-0.0189568
-0.0199114
-0.0208604
-0.0218039
-0.0227416
-0.0236733
-0.024599
0.00323738
0.00216134
0.00108636
1.26549e-05
-0.00105959
-0.00213018
-0.0031989
-0.00426554
-0.00532989
-0.00639174
-0.0074509
-0.00850715
-0.0095603
-0.0106101
-0.0116565
-0.0126991
-0.0137378
-0.0147725
-0.0158028
-0.0168287
-0.01785
-0.0188664
-0.0198779
-0.0208841
-0.021885
-0.0228805
-0.0238702
-0.0248542
-0.0258322
-0.0268041
0.00237962
0.00125207
0.000125719
-0.000999243
-0.00212263
-0.00324424
-0.00436387
-0.0054813
-0.00659633
-0.00770876
-0.00881838
-0.00992499
-0.0110284
-0.0121284
-0.0132248
-0.0143174
-0.015406
-0.0164904
-0.0175705
-0.018646
-0.0197168
-0.0207827
-0.0218435
-0.0228992
-0.0239494
-0.0249941
-0.026033
-0.0270661
-0.0280933
-0.0291144
0.00151019
0.000327494
-0.000853849
-0.00203364
-0.0032117
-0.00438784
-0.00556184
-0.0067335
-0.00790261
-0.00906898
-0.0102324
-0.0113927
-0.0125496
-0.013703
-0.0148527
-0.0159984
-0.0171401
-0.0182774
-0.0194103
-0.0205386
-0.021662
-0.0227805
-0.0238938
-0.0250018
-0.0261043
-0.0272012
-0.0282924
-0.0293777
-0.030457
-0.0315302
0.000632186
-0.000609499
-0.00184962
-0.003088
-0.00432444
-0.00555877
-0.00679077
-0.00802024
-0.00924699
-0.0104708
-0.0116915
-0.0129089
-0.0141228
-0.0153329
-0.0165392
-0.0177414
-0.0189394
-0.020133
-0.0213219
-0.0225061
-0.0236853
-0.0248595
-0.0260284
-0.0271919
-0.0283499
-0.0295022
-0.0306486
-0.0317891
-0.0329236
-0.034052
-0.000251325
-0.00155603
-0.00285893
-0.00415982
-0.00545854
-0.0067549
-0.00804869
-0.00933973
-0.0106278
-0.0119127
-0.0131943
-0.0144724
-0.0157468
-0.0170172
-0.0182836
-0.0195458
-0.0208035
-0.0220566
-0.023305
-0.0245484
-0.0257867
-0.0270198
-0.0282476
-0.0294698
-0.0306864
-0.0318972
-0.0331019
-0.0343009
-0.0354938
-0.0366806
-0.00113728
-0.00250926
-0.00387911
-0.00524666
-0.00661173
-0.00797415
-0.00933372
-0.0106902
-0.0120435
-0.0133934
-0.0147397
-0.0160822
-0.0174208
-0.0187552
-0.0200853
-0.0214109
-0.0227319
-0.0240481
-0.0253594
-0.0266655
-0.0279663
-0.0292618
-0.0305516
-0.0318357
-0.0331139
-0.0343862
-0.0356518
-0.0369124
-0.0381675
-0.0394163
-0.00202261
-0.00346634
-0.00490757
-0.00634612
-0.00778183
-0.00921454
-0.0106441
-0.0120702
-0.0134928
-0.0149116
-0.0163265
-0.0177374
-0.0191439
-0.0205461
-0.0219437
-0.0233366
-0.0247245
-0.0261074
-0.0274852
-0.0288576
-0.0302247
-0.0315861
-0.0329419
-0.0342919
-0.0356359
-0.0369734
-0.0383023
-0.0396273
-0.0409477
-0.0422617
-0.00290426
-0.00442447
-0.00594171
-0.00745584
-0.00896671
-0.0104741
-0.011978
-0.013478
-0.0149741
-0.0164661
-0.0179538
-0.019437
-0.0209157
-0.0223895
-0.0238585
-0.0253224
-0.0267811
-0.0282345
-0.0296824
-0.0311247
-0.0325612
-0.0339919
-0.0354167
-0.0368353
-0.0382478
-0.0396545
-0.0410578
-0.0424524
-0.0438388
-0.0452189
-0.00377915
-0.00538081
-0.00697899
-0.00857352
-0.0101643
-0.0117511
-0.0133339
-0.0149124
-0.0164864
-0.0180559
-0.0196207
-0.0211806
-0.0227355
-0.0242852
-0.0258296
-0.0273686
-0.0289021
-0.0304298
-0.0319518
-0.0334679
-0.0349781
-0.0364821
-0.0379801
-0.0394719
-0.0409574
-0.0424366
-0.0439097
-0.0453754
-0.0468339
-0.048286
-0.00464419
-0.00633258
-0.00801686
-0.00969689
-0.0113726
-0.0130437
-0.0147102
-0.0163719
-0.0180286
-0.0196802
-0.0213266
-0.0229676
-0.0246031
-0.0262329
-0.027857
-0.0294753
-0.0310875
-0.0326937
-0.0342937
-0.0358875
-0.0374749
-0.0390559
-0.0406304
-0.0421983
-0.0437595
-0.0453139
-0.0468619
-0.0484031
-0.0499374
-0.0514649
-0.00549629
-0.00727698
-0.00905283
-0.0108237
-0.0125896
-0.0143502
-0.0161055
-0.0178554
-0.0195996
-0.0213382
-0.0230709
-0.0247976
-0.0265183
-0.0282327
-0.0299409
-0.0316427
-0.0333381
-0.0350268
-0.036709
-0.0383844
-0.0400531
-0.0417149
-0.0433698
-0.0450178
-0.0466588
-0.0482925
-0.0499196
-0.0515398
-0.053153
-0.0547592
-0.0063323
-0.00821119
-0.0100844
-0.0119518
-0.0138134
-0.015669
-0.0175185
-0.0193618
-0.0211987
-0.0230292
-0.0248532
-0.0266705
-0.0284811
-0.0302849
-0.0320817
-0.0338716
-0.0356544
-0.0374302
-0.0391987
-0.0409601
-0.0427141
-0.0444609
-0.0462004
-0.0479324
-0.049657
-0.0513737
-0.0530836
-0.0547866
-0.0564823
-0.0581707
-0.00714908
-0.0091324
-0.0111091
-0.0130791
-0.0150422
-0.0169985
-0.0189479
-0.0208901
-0.0228252
-0.0247529
-0.0266734
-0.0285864
-0.0304919
-0.0323898
-0.0342801
-0.0361628
-0.0380377
-0.0399049
-0.0417643
-0.0436159
-0.0454597
-0.0472958
-0.049124
-0.0509442
-0.0527564
-0.0545589
-0.0563553
-0.0581451
-0.0599272
-0.0617016
-0.00794339
-0.0100378
-0.0121244
-0.0142033
-0.0162743
-0.0183374
-0.0203925
-0.0224395
-0.0244783
-0.026509
-0.0285313
-0.0305453
-0.032551
-0.0345482
-0.0365369
-0.0385172
-0.0404889
-0.0424522
-0.044407
-0.0463533
-0.0482913
-0.0502211
-0.0521429
-0.0540571
-0.0559642
-0.057853
-0.0597386
-0.0616187
-0.0634908
-0.0653547
-0.00871195
-0.0109244
-0.0131279
-0.0153224
-0.0175078
-0.0196841
-0.0218513
-0.0240092
-0.0261579
-0.0282972
-0.0304272
-0.0325479
-0.0346591
-0.0367609
-0.0388533
-0.0409362
-0.0430097
-0.0450739
-0.0471285
-0.0491738
-0.0512097
-0.0532361
-0.0552529
-0.0572597
-0.0592561
-0.061252
-0.0632359
-0.0652098
-0.0671751
-0.0691323
-0.0094514
-0.0117894
-0.0141171
-0.0164343
-0.018741
-0.0210374
-0.0233232
-0.0255986
-0.0278634
-0.0301177
-0.0323614
-0.0345945
-0.0368171
-0.0390291
-0.0412306
-0.0434216
-0.0456022
-0.0477723
-0.0499321
-0.0520815
-0.0542207
-0.0563496
-0.0584684
-0.0605773
-0.0626764
-0.0647697
-0.0668518
-0.0689232
-0.0709855
-0.0730393
-0.0101583
-0.0126298
-0.0150893
-0.0175368
-0.0199723
-0.0223959
-0.0248075
-0.0272071
-0.0295948
-0.0319705
-0.0343343
-0.0366861
-0.0390261
-0.0413542
-0.0436706
-0.0459753
-0.0482683
-0.0505498
-0.0528199
-0.0550785
-0.057326
-0.0595623
-0.0617877
-0.0640022
-0.0662056
-0.0684004
-0.0705846
-0.0727583
-0.0749222
-0.0770768
-0.0108289
-0.0134424
-0.016042
-0.0186278
-0.0212
-0.0237584
-0.0263032
-0.0288344
-0.031352
-0.033856
-0.0363465
-0.0388236
-0.0412873
-0.0437377
-0.046175
-0.0485991
-0.0510103
-0.0534087
-0.0557943
-0.0581674
-0.0605281
-0.0628765
-0.0652127
-0.0675368
-0.0698479
-0.0721495
-0.0744407
-0.0767209
-0.0789903
-0.0812495
-0.0114597
-0.014224
-0.0169725
-0.0197052
-0.0224222
-0.0251237
-0.0278096
-0.03048
-0.033135
-0.0357746
-0.0383989
-0.0410081
-0.0436022
-0.0461814
-0.0487457
-0.0512954
-0.0538307
-0.0563516
-0.0588584
-0.0613514
-0.0638307
-0.0662966
-0.0687489
-0.0711873
-0.0736083
-0.0760213
-0.0784244
-0.0808154
-0.0831943
-0.0855618
-0.0120465
-0.0149712
-0.0178779
-0.0207666
-0.0236374
-0.0264905
-0.0293259
-0.0321437
-0.034944
-0.0377269
-0.0404925
-0.0432411
-0.0459726
-0.0486873
-0.0513853
-0.0540669
-0.0567322
-0.0593815
-0.062015
-0.0646333
-0.0672367
-0.0698261
-0.0724028
-0.0749682
-0.0774968
-0.0800232
-0.0825415
-0.0850467
-0.0875385
-0.090018
-0.0125854
-0.0156806
-0.0187554
-0.0218097
-0.0248437
-0.0278575
-0.0308513
-0.0338252
-0.0367793
-0.0397137
-0.0426285
-0.0455241
-0.0484004
-0.0512578
-0.0540965
-0.0569165
-0.0597183
-0.0625019
-0.0652677
-0.0680157
-0.070746
-0.0734584
-0.0761522
-0.078826
-0.0815042
-0.0841596
-0.0867963
-0.0894186
-0.0920273
-0.0946228
-0.0163485
-0.0196019
-0.022832
-0.0260392
-0.0292236
-0.0323853
-0.0355244
-0.0386412
-0.0417358
-0.0448083
-0.047859
-0.0508881
-0.0538958
-0.0568824
-0.0598481
-0.0627932
-0.065718
-0.0686227
-0.0715077
-0.0743732
-0.0772193
-0.0800468
-0.0828555
-0.0856558
-0.0884351
-0.091195
-0.0939388
-0.0966678
-0.0993823
-0.0169707
-0.020414
-0.023831
-0.027222
-0.0305873
-0.033927
-0.0372413
-0.0405302
-0.0437941
-0.0470332
-0.0502477
-0.0534379
-0.0566039
-0.0597463
-0.0628651
-0.0659609
-0.0690339
-0.0720845
-0.0751131
-0.0781201
-0.0811057
-0.0840703
-0.0870126
-0.0899407
-0.0928495
-0.0957386
-0.0986093
-0.101463
-0.104301
-0.0175431
-0.0211882
-0.0248037
-0.02839
-0.0319473
-0.0354757
-0.0389755
-0.0424468
-0.0458899
-0.049305
-0.0526924
-0.0560524
-0.0593854
-0.0626916
-0.0659714
-0.0692253
-0.0724538
-0.0756572
-0.0788361
-0.081991
-0.0851219
-0.0882285
-0.091305
-0.094368
-0.0974129
-0.100436
-0.103438
-0.106421
-0.109385
-0.0180611
-0.0219208
-0.0257473
-0.0295409
-0.0333019
-0.0370306
-0.040727
-0.0443914
-0.0480241
-0.0516254
-0.0551954
-0.0587347
-0.0622435
-0.0657221
-0.0691711
-0.0725909
-0.075982
-0.0793451
-0.0826809
-0.0859907
-0.0892763
-0.0925397
-0.0957489
-0.0989506
-0.102135
-0.105296
-0.108432
-0.111547
-0.114641
-0.0185198
-0.0226076
-0.0266583
-0.0306721
-0.0346495
-0.0385906
-0.0424956
-0.0463646
-0.0501981
-0.0539962
-0.0577593
-0.0614877
-0.0651819
-0.0688422
-0.072469
-0.0760629
-0.0796242
-0.0831533
-0.0866507
-0.0901163
-0.0935495
-0.0969484
-0.100339
-0.103697
-0.107024
-0.110324
-0.113599
-0.11685
-0.120078
-0.0189139
-0.0232442
-0.0275331
-0.0317811
-0.0359882
-0.0401548
-0.0442809
-0.0483669
-0.052413
-0.0564194
-0.0603866
-0.0643149
-0.0682047
-0.0720565
-0.0758706
-0.0796476
-0.0833878
-0.0870919
-0.0907601
-0.0943927
-0.0979903
-0.101552
-0.105101
-0.108612
-0.112086
-0.115531
-0.118948
-0.122338
-0.125702
-0.0192376
-0.0238258
-0.028368
-0.0328646
-0.0373158
-0.0417218
-0.0460826
-0.0503986
-0.05467
-0.0588971
-0.0630802
-0.0672197
-0.0713161
-0.0753698
-0.0793812
-0.083351
-0.0872797
-0.0911679
-0.0950159
-0.0988241
-0.102593
-0.106319
-0.110024
-0.113693
-0.117325
-0.120921
-0.124485
-0.128018
-0.131521
-0.0194847
-0.0243471
-0.0291585
-0.0339194
-0.0386299
-0.0432901
-0.0479001
-0.0524602
-0.0569704
-0.0614312
-0.0658429
-0.0702057
-0.0745203
-0.0787869
-0.0830063
-0.087179
-0.0913058
-0.0953875
-0.0994248
-0.103417
-0.107364
-0.111249
-0.115117
-0.118955
-0.122749
-0.126503
-0.130218
-0.133898
-0.137544
-0.0196485
-0.0248023
-0.0298998
-0.0349416
-0.0399277
-0.044858
-0.0497327
-0.0545517
-0.0593154
-0.0640239
-0.0686775
-0.0732767
-0.0778218
-0.0823132
-0.0867515
-0.0911374
-0.0954715
-0.0997551
-0.10399
-0.10818
-0.112325
-0.11638
-0.120418
-0.124422
-0.12838
-0.132292
-0.136162
-0.139991
-0.143782
-0.0197217
-0.0251851
-0.0305868
-0.0359272
-0.0412062
-0.0464235
-0.0515792
-0.0566733
-0.0617058
-0.0666771
-0.0715872
-0.0764366
-0.0812255
-0.0859543
-0.0906237
-0.0952338
-0.0997852
-0.104278
-0.10871
-0.11308
-0.117383
-0.121701
-0.125939
-0.130107
-0.134224
-0.138297
-0.142325
-0.146307
-0.150245
-0.0196963
-0.0254887
-0.0312137
-0.0368714
-0.0424617
-0.0479841
-0.0534384
-0.0588246
-0.0641427
-0.0693928
-0.0745749
-0.0796893
-0.0847364
-0.0897165
-0.09463
-0.0994775
-0.104259
-0.108976
-0.113628
-0.118216
-0.122734
-0.127222
-0.131641
-0.135992
-0.140286
-0.144528
-0.148717
-0.152855
-0.156942
-0.0195637
-0.0257055
-0.0317739
-0.037769
-0.0436902
-0.0495368
-0.0553086
-0.0610053
-0.0666267
-0.0721727
-0.0776435
-0.083039
-0.0883595
-0.0936054
-0.0987771
-0.103875
-0.108901
-0.113855
-0.118738
-0.123549
-0.128256
-0.132932
-0.137551
-0.142098
-0.146577
-0.150993
-0.155349
-0.159646
-0.163886
-0.0193147
-0.0258273
-0.0322606
-0.0386141
-0.044887
-0.0510784
-0.0571877
-0.0632144
-0.0691581
-0.0750186
-0.0807957
-0.0864894
-0.0920998
-0.097627
-0.103071
-0.108433
-0.113713
-0.118913
-0.124036
-0.129083
-0.134009
-0.138895
-0.143713
-0.148453
-0.153118
-0.157712
-0.162237
-0.166696
-0.17109
-0.018939
-0.0258451
-0.0326658
-0.0394002
-0.0460469
-0.0526048
-0.059073
-0.0654506
-0.071737
-0.0779317
-0.0840343
-0.0900446
-0.0959625
-0.101788
-0.107521
-0.113162
-0.118709
-0.124158
-0.129506
-0.13474
-0.139986
-0.145114
-0.150133
-0.155066
-0.159921
-0.164697
-0.169396
-0.174018
-0.178567
-0.0184258
-0.025749
-0.0329808
-0.0401197
-0.0471638
-0.0541115
-0.0609613
-0.0677121
-0.074363
-0.0809131
-0.0873617
-0.0937084
-0.0999529
-0.106095
-0.112135
-0.118073
-0.12391
-0.129643
-0.13527
-0.140753
-0.146207
-0.151561
-0.156802
-0.161945
-0.166998
-0.171962
-0.176838
-0.181627
-0.186333
-0.017763
-0.0255281
-0.0331961
-0.0407645
-0.0482308
-0.0555928
-0.0628486
-0.0699966
-0.0770353
-0.0839635
-0.0907801
-0.0974844
-0.104076
-0.110554
-0.116918
-0.123169
-0.129312
-0.135357
-0.141327
-0.147008
-0.152688
-0.158278
-0.163749
-0.16911
-0.174368
-0.179525
-0.184582
-0.189541
-0.194405
-0.0169364
-0.0251693
-0.0332998
-0.0413241
-0.0492391
-0.0570417
-0.0647296
-0.0723004
-0.0797521
-0.0870828
-0.0942912
-0.101376
-0.108336
-0.115171
-0.121879
-0.128457
-0.134896
-0.141183
-0.147285
-0.153468
-0.159461
-0.165291
-0.170994
-0.17658
-0.18205
-0.187405
-0.192646
-0.197777
-0.2028
-0.0159373
-0.0246652
-0.0332858
-0.0417942
-0.0501861
-0.0584577
-0.0666057
-0.0746269
-0.0825186
-0.0902784
-0.0979042
-0.105394
-0.112748
-0.119963
-0.127039
-0.133977
-0.140768
-0.147406
-0.153834
-0.160254
-0.166516
-0.172609
-0.178561
-0.184381
-0.190069
-0.195627
-0.201056
-0.20636
-0.211542
-0.0147596
-0.0240088
-0.0331464
-0.0421663
-0.0510631
-0.059832
-0.0684685
-0.0769685
-0.0853283
-0.0935448
-0.101615
-0.109537
-0.117308
-0.124927
-0.132396
-0.139718
-0.146908
-0.154004
-0.160665
-0.167343
-0.173885
-0.180254
-0.186466
-0.192529
-0.198443
-0.20421
-0.209831
-0.215311
-0.220653
-0.0132043
-0.0230129
-0.032706
-0.0422763
-0.051717
-0.0610222
-0.0701861
-0.0792033
-0.0880693
-0.0967796
-0.10533
-0.113718
-0.121941
-0.129995
-0.137879
-0.145581
-0.153081
-0.160302
-0.167661
-0.174728
-0.181558
-0.188211
-0.194699
-0.201018
-0.207169
-0.213153
-0.218973
-0.224633
-0.230136
-0.0119791
-0.022358
-0.0326198
-0.0427549
-0.0527545
-0.0626107
-0.0723162
-0.0818642
-0.0912485
-0.100464
-0.109504
-0.118366
-0.127045
-0.135537
-0.143841
-0.151955
-0.159886
-0.167578
-0.175213
-0.182579
-0.189708
-0.196647
-0.203402
-0.209968
-0.216346
-0.222536
-0.228544
-0.234372
-0.240024
-0.0047815
-0.00529433
-0.00580093
-0.00630119
-0.00679501
-0.00728229
-0.00776292
-0.00823681
-0.00870387
-0.00916399
-0.00961709
-0.0100631
-0.0105019
-0.0109334
-0.0113575
-0.0117742
-0.0121834
-0.0125849
-0.0049464
-0.00546445
-0.00597623
-0.00648162
-0.0069805
-0.00747276
-0.0079583
-0.008437
-0.00890877
-0.00937349
-0.00983108
-0.0102814
-0.0107245
-0.0111601
-0.0115882
-0.0120087
-0.0124215
-0.0128266
-0.00527835
-0.00580292
-0.00632118
-0.00683299
-0.00733825
-0.00783684
-0.00832864
-0.00881355
-0.00929147
-0.00976228
-0.0102259
-0.0106822
-0.0111311
-0.0115726
-0.0120064
-0.0124326
-0.0128511
-0.0132618
-0.00575482
-0.00628888
-0.0068166
-0.00733785
-0.0078525
-0.00836044
-0.00886154
-0.00935571
-0.00984281
-0.0103228
-0.0107954
-0.0112607
-0.0117186
-0.0121689
-0.0126115
-0.0130464
-0.0134735
-0.0063777
-0.0069234
-0.00746272
-0.00799554
-0.00852172
-0.00904114
-0.00955368
-0.0100592
-0.0105577
-0.0110489
-0.0115328
-0.0120092
-0.0124782
-0.0129395
-0.0133931
-0.0138389
-0.0142768
-0.00713472
-0.00769446
-0.0082478
-0.00879461
-0.00933474
-0.00986808
-0.0103945
-0.0109139
-0.0114261
-0.0119311
-0.0124287
-0.0129188
-0.0134013
-0.0138762
-0.0143433
-0.0148025
-0.0152538
-0.00802353
-0.0085996
-0.00916923
-0.0097323
-0.0102887
-0.0108382
-0.0113808
-0.0119163
-0.0124446
-0.0129656
-0.0134792
-0.0139853
-0.0144837
-0.0149744
-0.0154573
-0.0159323
-0.0163993
-0.00903791
-0.00963258
-0.0102208
-0.0108024
-0.0113773
-0.0119454
-0.0125065
-0.0130604
-0.0136072
-0.0141466
-0.0146785
-0.0152029
-0.0157196
-0.0162285
-0.0167296
-0.0172228
-0.0177079
-0.0101747
-0.0107903
-0.0113994
-0.0120019
-0.0125977
-0.0131865
-0.0137684
-0.0143431
-0.0149106
-0.0154707
-0.0160234
-0.0165684
-0.0171057
-0.0176353
-0.0181569
-0.0186706
-0.0191762
-0.0114303
-0.0120691
-0.0127014
-0.0133271
-0.013946
-0.0145581
-0.0151631
-0.0157609
-0.0163515
-0.0169347
-0.0175103
-0.0180784
-0.0186387
-0.0191913
-0.0197359
-0.0202725
-0.020801
-0.0128021
-0.0134665
-0.0141244
-0.0147756
-0.0154201
-0.0160576
-0.0166881
-0.0173114
-0.0179275
-0.0185361
-0.0191372
-0.0197307
-0.0203165
-0.0208944
-0.0214644
-0.0220264
-0.0225803
-0.0142879
-0.0149802
-0.015666
-0.0163452
-0.0170175
-0.017683
-0.0183414
-0.0189926
-0.0196366
-0.0202731
-0.0209021
-0.0215234
-0.022137
-0.0227428
-0.0233407
-0.0239305
-0.0245123
-0.0158858
-0.0166085
-0.0173247
-0.0180342
-0.0187369
-0.0194327
-0.0201215
-0.0208031
-0.0214774
-0.0221442
-0.0228036
-0.0234553
-0.0240993
-0.0247354
-0.0253637
-0.0259839
-0.0265961
-0.0175944
-0.01835
-0.019099
-0.0198414
-0.020577
-0.0213056
-0.0220272
-0.0227417
-0.0234488
-0.0241486
-0.0248408
-0.0255254
-0.0262023
-0.0268714
-0.0275327
-0.0281859
-0.0288311
-0.0194124
-0.0202034
-0.0209879
-0.0217657
-0.0225367
-0.0233008
-0.0240578
-0.0248077
-0.0255503
-0.0262856
-0.0270133
-0.0277334
-0.0284459
-0.0291506
-0.0298474
-0.0305363
-0.0312173
-0.0213398
-0.0221688
-0.0229912
-0.0238069
-0.0246159
-0.025418
-0.0262131
-0.027001
-0.0277817
-0.028555
-0.0293209
-0.0300792
-0.0308299
-0.0315728
-0.032308
-0.0330353
-0.0337547
-0.0233751
-0.0242447
-0.0251078
-0.0259643
-0.026814
-0.0276568
-0.0284926
-0.0293213
-0.0301428
-0.030957
-0.0317637
-0.032563
-0.0333546
-0.0341386
-0.0349149
-0.0356834
-0.0364441
-0.0255184
-0.0264314
-0.027338
-0.0282379
-0.0291311
-0.0300174
-0.0308967
-0.0317689
-0.032634
-0.0334917
-0.0343422
-0.0351852
-0.0360206
-0.0368486
-0.0376688
-0.0384814
-0.0392863
-0.0277697
-0.028729
-0.0296818
-0.030628
-0.0315674
-0.0325
-0.0334257
-0.0343443
-0.0352558
-0.03616
-0.037057
-0.0379466
-0.0388288
-0.0397035
-0.0405707
-0.0414303
-0.0422824
-0.0301292
-0.0311376
-0.0321395
-0.0331348
-0.0341234
-0.0351052
-0.0360801
-0.037048
-0.0380089
-0.0389625
-0.039909
-0.0408482
-0.0417801
-0.0427046
-0.0436217
-0.0445314
-0.0454337
-0.0325971
-0.0336576
-0.0347117
-0.0357591
-0.0367998
-0.0378338
-0.0388609
-0.0398811
-0.0408943
-0.0419004
-0.0428993
-0.0438912
-0.0448758
-0.0458532
-0.0468233
-0.0477862
-0.0487417
-0.0351741
-0.0362898
-0.037399
-0.0385016
-0.0395975
-0.0406867
-0.0417691
-0.0428445
-0.0439131
-0.0449747
-0.0460293
-0.0470768
-0.0481172
-0.0491506
-0.0501769
-0.0511961
-0.0522082
-0.037861
-0.039035
-0.0402024
-0.0413633
-0.0425175
-0.043665
-0.0448057
-0.0459396
-0.0470667
-0.0481869
-0.0493002
-0.0504066
-0.051506
-0.0525986
-0.0536843
-0.0547631
-0.055835
-0.0406584
-0.0418939
-0.0431229
-0.0443452
-0.0455609
-0.04677
-0.0479722
-0.0491678
-0.0503565
-0.0515385
-0.0527137
-0.0538822
-0.0550439
-0.0561989
-0.0573472
-0.0584889
-0.0596239
-0.0435687
-0.0448689
-0.0461625
-0.0474494
-0.0487297
-0.0500034
-0.0512704
-0.0525307
-0.0537843
-0.0550313
-0.0562717
-0.0575054
-0.0587326
-0.0599533
-0.0611676
-0.0623755
-0.063577
-0.046593
-0.0479608
-0.0493221
-0.0506768
-0.0520249
-0.0533665
-0.0547014
-0.0560298
-0.0573516
-0.0586669
-0.0599757
-0.0612781
-0.0625741
-0.0638639
-0.0651474
-0.0664249
-0.0676964
-0.0497316
-0.0511708
-0.0526033
-0.0540292
-0.0554486
-0.0568613
-0.0582675
-0.0596673
-0.0610605
-0.0624474
-0.0638279
-0.0652023
-0.0665704
-0.0679326
-0.0692888
-0.0706393
-0.0719842
-0.0529857
-0.0544997
-0.0560071
-0.0575077
-0.0590018
-0.0604892
-0.0619702
-0.0634446
-0.0649128
-0.0663746
-0.0678303
-0.0692799
-0.0707236
-0.0721616
-0.0735939
-0.0750208
-0.0764424
-0.0563585
-0.0579509
-0.0595365
-0.0611153
-0.0626874
-0.0642528
-0.0658118
-0.0673644
-0.0689107
-0.0704508
-0.071985
-0.0735133
-0.0750359
-0.076553
-0.0780648
-0.0795715
-0.0810734
-0.059852
-0.0615262
-0.0631934
-0.0648538
-0.0665074
-0.0681543
-0.0697948
-0.0714288
-0.0730566
-0.0746784
-0.0762944
-0.0779046
-0.0795095
-0.0811091
-0.0827037
-0.0842937
-0.0858792
-0.0634685
-0.0652281
-0.0669805
-0.0687259
-0.0704644
-0.0721962
-0.0739215
-0.0756403
-0.077353
-0.0790598
-0.0807608
-0.0824564
-0.0841467
-0.0858322
-0.087513
-0.0891895
-0.090862
-0.0672108
-0.0690593
-0.0709004
-0.0727343
-0.0745611
-0.0763811
-0.0781945
-0.0800015
-0.0818024
-0.0835973
-0.0853867
-0.0871708
-0.08895
-0.0907245
-0.0924947
-0.094261
-0.0960238
-0.0710814
-0.0730225
-0.0749559
-0.0768818
-0.0788004
-0.080712
-0.0826168
-0.0845152
-0.0864075
-0.0882939
-0.0901748
-0.0920506
-0.0939217
-0.0957884
-0.0976511
-0.0995104
-0.101367
-0.0750847
-0.0771217
-0.0791507
-0.0811718
-0.0831855
-0.0851919
-0.0871914
-0.0891843
-0.0911711
-0.0931521
-0.0951276
-0.0970982
-0.0990642
-0.101026
-0.102984
-0.10494
-0.106892
-0.0792224
-0.0813591
-0.0834873
-0.0856072
-0.0877192
-0.0898238
-0.0919212
-0.0940119
-0.0960962
-0.0981748
-0.100248
-0.102316
-0.10438
-0.10644
-0.108497
-0.110551
-0.112603
-0.083499
-0.0857389
-0.0879697
-0.0901918
-0.0924055
-0.0946113
-0.0968097
-0.099001
-0.101186
-0.103365
-0.105538
-0.107707
-0.109871
-0.112032
-0.11419
-0.116345
-0.118499
-0.0879187
-0.0902654
-0.0926022
-0.0949296
-0.0972481
-0.0995582
-0.10186
-0.104155
-0.106443
-0.108725
-0.111002
-0.113274
-0.115541
-0.117805
-0.120066
-0.122325
-0.124583
-0.0924859
-0.0949427
-0.0973887
-0.0998246
-0.102251
-0.104668
-0.107077
-0.109478
-0.111872
-0.11426
-0.116642
-0.119018
-0.121391
-0.12376
-0.126127
-0.128492
-0.130856
-0.0972053
-0.0997755
-0.102334
-0.104882
-0.107418
-0.109946
-0.112464
-0.114974
-0.117476
-0.119971
-0.12246
-0.124944
-0.127424
-0.129901
-0.132374
-0.134847
-0.137319
-0.102083
-0.104769
-0.107443
-0.110105
-0.112755
-0.115395
-0.118025
-0.120645
-0.123258
-0.125862
-0.128461
-0.131054
-0.133642
-0.136227
-0.13881
-0.141391
-0.143972
-0.107122
-0.109929
-0.112721
-0.1155
-0.118266
-0.121021
-0.123764
-0.126497
-0.129222
-0.131938
-0.134647
-0.13735
-0.140048
-0.142743
-0.145435
-0.148126
-0.150817
-0.112331
-0.115261
-0.118174
-0.121073
-0.123957
-0.126828
-0.129687
-0.132534
-0.135372
-0.1382
-0.141021
-0.143835
-0.146644
-0.149448
-0.15225
-0.155051
-0.157852
-0.117716
-0.120771
-0.123808
-0.126828
-0.129832
-0.132822
-0.135797
-0.138761
-0.141712
-0.144654
-0.147587
-0.150512
-0.153431
-0.156346
-0.159257
-0.162168
-0.165078
-0.123283
-0.126466
-0.129629
-0.132773
-0.135899
-0.139008
-0.142102
-0.145181
-0.148247
-0.151302
-0.154347
-0.157383
-0.160413
-0.163437
-0.166457
-0.169475
-0.12904
-0.132354
-0.135645
-0.138914
-0.142163
-0.145393
-0.148605
-0.1518
-0.154981
-0.158149
-0.161305
-0.164452
-0.16759
-0.170721
-0.173849
-0.176974
-0.134995
-0.138442
-0.141863
-0.145259
-0.148631
-0.151982
-0.155313
-0.158624
-0.161919
-0.165199
-0.168465
-0.17172
-0.174964
-0.178202
-0.181434
-0.184662
-0.141157
-0.144739
-0.148291
-0.151814
-0.155311
-0.158783
-0.162231
-0.165658
-0.169066
-0.172455
-0.175829
-0.17919
-0.182538
-0.185878
-0.189211
-0.192539
-0.147536
-0.151253
-0.154937
-0.158589
-0.16221
-0.165802
-0.169367
-0.172908
-0.176425
-0.179923
-0.183402
-0.186864
-0.190313
-0.193751
-0.197181
-0.200604
-0.15414
-0.157995
-0.161812
-0.165591
-0.169335
-0.173047
-0.176727
-0.180379
-0.184004
-0.187606
-0.191185
-0.194746
-0.198291
-0.201822
-0.205342
-0.208854
-0.160982
-0.164975
-0.168924
-0.172831
-0.176697
-0.180526
-0.184319
-0.188079
-0.191808
-0.195509
-0.199185
-0.202838
-0.206472
-0.210089
-0.213693
-0.217287
-0.168071
-0.172203
-0.176284
-0.180317
-0.184304
-0.188247
-0.19215
-0.196013
-0.199842
-0.203637
-0.207403
-0.211143
-0.214859
-0.218555
-0.222235
-0.225902
-0.175421
-0.179692
-0.183905
-0.188062
-0.192167
-0.196221
-0.200228
-0.204191
-0.208113
-0.211997
-0.215845
-0.219663
-0.223453
-0.227219
-0.230964
-0.234694
-0.183045
-0.187454
-0.191797
-0.196077
-0.200296
-0.204458
-0.208565
-0.212621
-0.216629
-0.220593
-0.224516
-0.228403
-0.232256
-0.236081
-0.239881
-0.243662
-0.190958
-0.195505
-0.199976
-0.204375
-0.208704
-0.212968
-0.217169
-0.221311
-0.225398
-0.229433
-0.233421
-0.237365
-0.241271
-0.245142
-0.248983
-0.2528
-0.199177
-0.20386
-0.208456
-0.212971
-0.217406
-0.221765
-0.226052
-0.230272
-0.234428
-0.238524
-0.242564
-0.246554
-0.250498
-0.254401
-0.258267
-0.262103
-0.207719
-0.212536
-0.217255
-0.22188
-0.226414
-0.230862
-0.235227
-0.239514
-0.243727
-0.247871
-0.251951
-0.255971
-0.259937
-0.263855
-0.267729
-0.271565
-0.216606
-0.221554
-0.22639
-0.231119
-0.235745
-0.240271
-0.244703
-0.249044
-0.253301
-0.257478
-0.26158
-0.265612
-0.269581
-0.273492
-0.277352
-0.281165
-0.22586
-0.230935
-0.235883
-0.240708
-0.245415
-0.250009
-0.254494
-0.258875
-0.263158
-0.267349
-0.271453
-0.275476
-0.279424
-0.283304
-0.287122
-0.290884
-0.235486
-0.240686
-0.245742
-0.250658
-0.255438
-0.260089
-0.264616
-0.269024
-0.27332
-0.277509
-0.281598
-0.285594
-0.289503
-0.293332
-0.297087
-0.300776
-0.245504
-0.250817
-0.255967
-0.26096
-0.265802
-0.270498
-0.275055
-0.279478
-0.283776
-0.287954
-0.292019
-0.295979
-0.299841
-0.303611
-0.307298
-0.310908
)
;

boundaryField
{
    inlet
    {
        type            zeroGradient;
    }
    outlet
    {
        type            fixedValue;
        value           nonuniform 0();
    }
    cylinder
    {
        type            zeroGradient;
    }
    top
    {
        type            symmetryPlane;
    }
    bottom
    {
        type            symmetryPlane;
    }
    defaultFaces
    {
        type            empty;
    }
    procBoundary1to0
    {
        type            processor;
        value           nonuniform List<scalar> 
261
(
0.0435527
0.0317845
0.0435527
0.0468377
0.0468377
0.0505784
0.0505784
0.0551907
0.0551907
0.0681162
0.0736449
0.0736449
0.079364
0.079364
0.0939503
0.100723
0.100723
0.116194
0.124039
0.124039
0.132049
0.132049
0.149312
0.158377
0.158377
0.176515
0.194539
0.20558
0.20558
0.224372
0.236399
0.236399
0.255881
0.268826
0.268826
0.288891
0.308599
0.323214
0.323214
0.343271
0.362847
0.378893
0.378893
0.398516
0.417526
0.435887
0.453406
0.453406
0.471337
0.488482
0.50481
0.520288
0.53818
0.53818
0.552575
0.565991
0.578401
0.58978
0.600106
0.609357
0.617515
0.624563
0.637435
0.637435
0.642422
0.646213
0.648799
0.650173
0.650332
0.649272
0.646996
0.643505
0.638806
0.632905
0.625812
0.625812
0.611413
0.602359
0.592201
0.580959
0.568651
0.555299
0.540928
0.525563
0.509231
0.509231
0.49102
0.473731
0.455607
0.43668
0.416984
0.416984
0.399928
0.379935
0.359311
0.359311
0.343587
0.323045
0.302006
0.280506
0.280506
0.267185
0.246162
0.224802
0.224802
0.213354
0.192698
0.192698
0.182218
0.162365
0.162365
0.152888
0.133908
0.114835
0.114835
0.107409
0.107409
0.100031
0.0829137
0.0829137
0.0765903
0.0604301
0.0604301
0.0551424
0.0399422
0.0399422
0.0356627
0.0356627
0.0314733
0.0314733
0.0273819
0.0147124
0.0147124
0.0122301
0.0122301
0.0101754
0.0101754
-0.00149401
0.0317845
0.0293845
0.0267456
0.0245353
0.0225449
0.0207716
0.0192061
0.0178337
0.0166416
0.0156176
0.0147502
0.0140285
0.0134422
0.0129815
0.0126371
0.0124003
0.0122626
0.0122163
0.0122538
0.0123681
0.0125525
0.0128006
0.0131064
0.0134644
0.013869
0.0143151
0.0147981
0.0153132
0.0158562
0.0164229
0.0170095
0.0170095
0.0192781
0.019806
0.020349
0.0209035
0.0214663
0.0220342
0.0226043
0.0231736
0.0237396
0.0242997
0.0248513
0.0253923
0.0259202
0.0264331
0.0269287
0.027405
0.0278601
0.0282919
0.0286984
0.0290777
0.0294276
0.0297461
0.0300309
0.0302799
0.0304902
0.0306603
0.0307843
0.0308669
0.0308854
0.0142035
0.0141562
0.0140217
0.0138226
0.0135571
0.0132326
0.0128523
0.0117083
0.0117083
0.0112105
0.010667
0.0100817
0.00945826
0.00880012
0.0081108
0.00739369
0.00665216
0.00588954
0.00510913
0.00431421
0.00350805
0.00269393
0.00187511
0.00105488
0.000236504
-0.000576706
-0.00138144
-0.00217434
-0.00295204
-0.00371112
-0.00444811
-0.00515949
-0.00584165
-0.00649089
-0.00710339
-0.00767519
-0.00820219
-0.00868007
-0.00910432
-0.00947015
-0.0130718
-0.0130718
-0.0135011
-0.0138684
-0.0141682
-0.0143948
-0.0145421
-0.0146034
-0.0145715
-0.0144387
-0.0141967
-0.0138366
-0.0133488
-0.0127229
-0.0119479
-0.0110119
-0.00990199
-0.00860324
-0.00710605
-0.00540482
-0.00328821
-0.00149401
)
;
    }
    procBoundary1to2
    {
        type            processor;
        value           nonuniform List<scalar> 
200
(
-0.42062
-0.421851
-0.421851
-0.422926
-0.422926
-0.423496
-0.426109
-0.426109
-0.426051
-0.426051
-0.425506
-0.425506
-0.424438
-0.424438
-0.422737
-0.422737
-0.420179
-0.420179
-0.416408
-0.416408
-0.410971
-0.410971
-0.403407
-0.403407
-0.393518
-0.381679
-0.381679
-0.367518
-0.367518
-0.351459
-0.351459
-0.33638
-0.318532
-0.318532
-0.300085
-0.300085
-0.285207
-0.268557
-0.343948
-0.33049
-0.314448
-0.343948
-0.360936
-0.390413
-0.360936
-0.376913
-0.390413
-0.404185
-0.426177
-0.404185
-0.415764
-0.426177
-0.433513
-0.433513
-0.438397
-0.438397
-0.441352
-0.441352
-0.443016
-0.443016
-0.443951
-0.443951
-0.444515
-0.444515
-0.444849
-0.444849
-0.444928
-0.444928
-0.444632
-0.444632
-0.443779
-0.443779
-0.440132
-0.438617
-0.438617
-0.436439
-0.268557
-0.258008
-0.247867
-0.237958
-0.228218
-0.218681
-0.209368
-0.200284
-0.200284
-0.194214
-0.185538
-0.177095
-0.168885
-0.160909
-0.153168
-0.145661
-0.138387
-0.131345
-0.124532
-0.117946
-0.111584
-0.105443
-0.0995195
-0.0938089
-0.0883075
-0.083011
-0.0779148
-0.0730145
-0.0683056
-0.0637832
-0.0594429
-0.05528
-0.05129
-0.0474684
-0.0438107
-0.0403127
-0.0369703
-0.0337794
-0.0307362
-0.0278371
-0.0250784
-0.0224571
-0.0199699
-0.0176142
-0.0153873
-0.0132871
-0.0113115
-0.00945888
-0.00772793
-0.00772793
-0.00672041
-0.00521009
-0.00382155
-0.00255532
-0.00141223
-0.000394179
0.000496882
0.00125732
0.0018832
0.00237071
0.00270736
0.00290326
-0.0129788
-0.0132239
-0.0136645
-0.0138927
-0.0138927
-0.0147067
-0.015697
-0.0168582
-0.0181849
-0.0196737
-0.0213214
-0.023126
-0.0250859
-0.0272002
-0.0294683
-0.0318901
-0.0344661
-0.0371969
-0.0400833
-0.0431267
-0.0463284
-0.04969
-0.0532133
-0.0569001
-0.0607525
-0.0647724
-0.068962
-0.0733235
-0.077859
-0.0825707
-0.0874606
-0.0925308
-0.0977834
-0.10322
-0.108843
-0.114653
-0.120652
-0.126841
-0.133221
-0.139792
-0.146555
-0.153509
-0.160654
-0.16799
-0.172493
-0.172493
-0.180098
-0.187889
-0.195865
-0.204024
-0.212362
-0.220875
-0.22956
-0.238412
-0.247426
-0.256596
-0.265914
-0.27537
-0.284939
-0.294598
-0.304406
-0.314448
)
;
    }
}


// ************************************************************************* //
