/*--------------------------------*- C++ -*----------------------------------*\
  =========                 |
  \\      /  F ield         | OpenFOAM: The Open Source CFD Toolbox
   \\    /   O peration     | Website:  https://openfoam.org
    \\  /    A nd           | Version:  7
     \\/     M anipulation  |
\*---------------------------------------------------------------------------*/
FoamFile
{
    version     2.0;
    format      ascii;
    class       volScalarField;
    location    "45";
    object      p;
}
// * * * * * * * * * * * * * * * * * * * * * * * * * * * * * * * * * * * * * //

dimensions      [0 2 -2 0 0 0 0];

internalField   nonuniform List<scalar> 
8500
(
-0.172397
-0.173496
-0.174162
-0.17473
-0.175226
-0.175652
-0.176027
-0.176363
-0.176671
-0.176956
-0.177224
-0.177476
-0.177715
-0.177941
-0.178155
-0.17836
-0.178556
-0.178749
-0.17894
-0.17913
-0.172445
-0.173541
-0.174204
-0.17477
-0.175264
-0.175688
-0.176061
-0.176396
-0.176702
-0.176985
-0.177251
-0.177501
-0.177738
-0.177962
-0.178175
-0.178377
-0.178572
-0.178764
-0.178952
-0.17914
-0.172542
-0.17363
-0.17429
-0.174852
-0.175342
-0.175763
-0.176132
-0.176464
-0.176766
-0.177046
-0.177308
-0.177555
-0.177788
-0.178009
-0.178217
-0.178416
-0.178607
-0.178796
-0.17898
-0.179161
-0.172687
-0.173765
-0.174418
-0.174975
-0.17546
-0.175875
-0.17624
-0.176566
-0.176863
-0.177139
-0.177396
-0.177637
-0.177865
-0.178079
-0.178282
-0.178475
-0.178661
-0.178844
-0.179023
-0.179194
-0.17288
-0.173944
-0.174589
-0.175139
-0.175616
-0.176025
-0.176383
-0.176703
-0.176993
-0.177262
-0.177512
-0.177746
-0.177967
-0.178174
-0.178369
-0.178554
-0.178732
-0.178909
-0.17908
-0.179237
-0.173119
-0.174167
-0.174802
-0.175342
-0.175811
-0.176212
-0.176562
-0.176873
-0.177155
-0.177415
-0.177657
-0.177882
-0.178093
-0.178291
-0.178476
-0.178651
-0.178819
-0.178987
-0.179149
-0.179288
-0.173404
-0.174433
-0.175056
-0.175586
-0.176044
-0.176435
-0.176774
-0.177076
-0.177348
-0.177598
-0.177829
-0.178043
-0.178243
-0.178429
-0.178602
-0.178765
-0.17892
-0.179078
-0.179228
-0.179346
-0.173733
-0.174741
-0.175351
-0.175868
-0.176314
-0.176693
-0.177021
-0.177311
-0.177571
-0.177808
-0.178027
-0.178229
-0.178415
-0.178587
-0.178746
-0.178894
-0.179035
-0.17918
-0.179316
-0.179408
-0.174105
-0.17509
-0.175684
-0.176187
-0.17662
-0.176985
-0.1773
-0.177576
-0.177823
-0.178046
-0.17825
-0.178437
-0.178608
-0.178763
-0.178905
-0.179036
-0.17916
-0.17929
-0.179409
-0.179472
-0.17452
-0.175478
-0.176056
-0.176543
-0.176961
-0.177311
-0.177611
-0.177872
-0.178103
-0.17831
-0.178497
-0.178667
-0.17882
-0.178957
-0.179079
-0.17919
-0.179293
-0.179406
-0.179507
-0.179534
-0.174975
-0.175905
-0.176465
-0.176935
-0.177335
-0.177669
-0.177952
-0.178195
-0.178409
-0.178598
-0.178767
-0.178917
-0.179049
-0.179165
-0.179265
-0.179353
-0.179433
-0.179526
-0.179605
-0.179593
-0.175469
-0.176369
-0.176909
-0.177361
-0.177743
-0.178058
-0.178322
-0.178546
-0.17874
-0.178909
-0.179057
-0.179185
-0.179295
-0.179386
-0.179461
-0.179522
-0.179576
-0.179646
-0.1797
-0.179643
-0.176
-0.176868
-0.177388
-0.177819
-0.178182
-0.178476
-0.17872
-0.178924
-0.179096
-0.179242
-0.179367
-0.17947
-0.179554
-0.179618
-0.179665
-0.179696
-0.17972
-0.179763
-0.17979
-0.179682
-0.176567
-0.177403
-0.1779
-0.17831
-0.178651
-0.178924
-0.179145
-0.179325
-0.179474
-0.179596
-0.179694
-0.179771
-0.179826
-0.17986
-0.179875
-0.179873
-0.179862
-0.179875
-0.179872
-0.179704
-0.177169
-0.17797
-0.178445
-0.178832
-0.179149
-0.179399
-0.179595
-0.179751
-0.179873
-0.179968
-0.180038
-0.180086
-0.180109
-0.18011
-0.180088
-0.180049
-0.18
-0.179978
-0.179941
-0.179705
-0.177803
-0.17857
-0.17902
-0.179384
-0.179676
-0.1799
-0.180071
-0.180199
-0.180293
-0.180358
-0.180398
-0.180412
-0.180402
-0.180365
-0.180305
-0.180223
-0.180131
-0.180069
-0.179996
-0.179679
-0.17847
-0.179201
-0.179626
-0.179964
-0.18023
-0.180427
-0.180569
-0.180668
-0.180731
-0.180765
-0.180771
-0.18075
-0.180702
-0.180626
-0.180521
-0.180394
-0.180252
-0.180146
-0.180032
-0.179621
-0.179167
-0.179862
-0.180261
-0.180572
-0.18081
-0.180978
-0.18109
-0.181157
-0.181187
-0.181186
-0.181157
-0.181098
-0.18101
-0.180889
-0.180738
-0.180559
-0.180362
-0.180205
-0.180047
-0.179519
-0.179893
-0.180552
-0.180924
-0.181208
-0.181416
-0.181553
-0.181632
-0.181665
-0.18166
-0.181622
-0.181554
-0.181455
-0.181323
-0.181155
-0.180952
-0.180717
-0.180459
-0.180244
-0.180041
-0.179356
-0.180649
-0.181271
-0.181615
-0.18187
-0.182046
-0.18215
-0.182194
-0.182191
-0.182149
-0.182072
-0.181963
-0.18182
-0.181642
-0.181423
-0.181164
-0.180867
-0.180541
-0.180261
-0.180015
-0.179132
-0.181432
-0.182018
-0.182334
-0.182557
-0.182701
-0.182769
-0.182777
-0.182735
-0.182652
-0.182534
-0.182381
-0.182193
-0.181965
-0.181692
-0.181373
-0.181009
-0.180609
-0.18025
-0.179937
-0.178933
-0.182244
-0.182793
-0.183079
-0.183271
-0.18338
-0.183411
-0.183379
-0.183296
-0.18317
-0.183008
-0.182809
-0.182572
-0.182292
-0.181963
-0.18158
-0.181144
-0.180662
-0.180223
-0.179815
-0.178661
-0.183083
-0.183595
-0.183852
-0.18401
-0.184081
-0.184073
-0.183999
-0.183873
-0.183702
-0.183493
-0.183246
-0.182959
-0.182624
-0.182235
-0.181785
-0.181272
-0.1807
-0.18017
-0.179667
-0.178307
-0.183951
-0.184426
-0.184651
-0.184774
-0.184807
-0.184757
-0.184639
-0.184466
-0.184247
-0.183989
-0.183692
-0.183351
-0.18296
-0.182509
-0.181989
-0.181394
-0.180726
-0.180092
-0.17949
-0.177872
-0.184847
-0.185286
-0.185478
-0.185564
-0.185556
-0.185462
-0.185296
-0.185074
-0.184806
-0.184496
-0.184145
-0.18375
-0.183301
-0.182786
-0.182192
-0.181512
-0.18074
-0.179992
-0.179283
-0.17735
-0.185773
-0.186175
-0.186334
-0.186381
-0.18633
-0.186188
-0.185973
-0.185699
-0.185377
-0.185013
-0.184607
-0.184155
-0.183646
-0.183065
-0.182397
-0.181628
-0.180747
-0.179872
-0.179049
-0.176737
-0.186729
-0.187095
-0.187219
-0.187225
-0.187128
-0.186936
-0.186668
-0.186339
-0.185961
-0.18554
-0.185077
-0.184567
-0.183997
-0.183349
-0.182605
-0.181745
-0.18075
-0.179736
-0.178792
-0.176028
-0.187719
-0.188046
-0.188134
-0.188098
-0.187952
-0.187707
-0.187383
-0.186996
-0.186558
-0.186078
-0.185555
-0.184985
-0.184352
-0.183637
-0.182816
-0.181865
-0.180751
-0.179589
-0.178519
-0.175219
-0.188742
-0.189032
-0.189082
-0.189001
-0.188803
-0.188501
-0.188117
-0.187669
-0.187169
-0.186626
-0.186042
-0.185409
-0.184712
-0.18393
-0.183033
-0.18199
-0.180756
-0.179433
-0.178237
-0.174309
-0.189803
-0.190054
-0.190065
-0.189935
-0.189682
-0.189321
-0.188873
-0.18836
-0.187794
-0.187186
-0.186536
-0.185839
-0.185078
-0.184228
-0.183255
-0.182121
-0.180766
-0.179276
-0.177955
-0.173303
-0.190904
-0.191115
-0.191083
-0.190903
-0.190591
-0.190167
-0.189652
-0.189069
-0.188434
-0.187757
-0.18704
-0.186276
-0.185449
-0.184531
-0.183483
-0.18226
-0.180786
-0.17912
-0.177681
-0.172208
-0.192048
-0.192218
-0.192142
-0.191907
-0.191533
-0.191041
-0.190455
-0.189798
-0.18909
-0.18834
-0.187553
-0.18672
-0.185826
-0.184839
-0.183716
-0.182407
-0.180817
-0.178971
-0.177421
-0.171039
-0.193239
-0.193366
-0.193242
-0.19295
-0.19251
-0.191945
-0.191284
-0.19055
-0.189763
-0.188937
-0.188076
-0.187172
-0.186209
-0.185152
-0.183956
-0.182562
-0.180861
-0.178833
-0.177176
-0.169816
-0.194482
-0.194563
-0.194389
-0.194035
-0.193525
-0.192883
-0.192141
-0.191325
-0.190457
-0.18955
-0.188611
-0.187633
-0.186598
-0.185471
-0.184202
-0.182727
-0.180918
-0.178713
-0.176944
-0.16857
-0.19578
-0.195813
-0.195585
-0.195165
-0.19458
-0.193857
-0.19303
-0.192127
-0.191172
-0.190181
-0.189161
-0.188105
-0.186996
-0.185797
-0.184456
-0.182902
-0.180991
-0.178622
-0.17672
-0.167354
-0.197141
-0.197121
-0.196836
-0.196345
-0.19568
-0.194871
-0.193953
-0.192959
-0.191913
-0.190833
-0.189727
-0.18859
-0.187404
-0.186133
-0.184719
-0.18309
-0.181082
-0.178574
-0.176496
-0.166253
-0.198568
-0.198492
-0.198144
-0.197579
-0.196829
-0.195928
-0.194915
-0.193824
-0.192682
-0.191509
-0.190314
-0.189092
-0.187826
-0.186481
-0.184997
-0.183298
-0.181199
-0.178593
-0.17623
-0.1653
-0.200069
-0.199931
-0.199516
-0.198871
-0.19803
-0.197033
-0.195919
-0.194726
-0.193484
-0.192214
-0.190925
-0.189616
-0.188268
-0.186846
-0.185294
-0.183535
-0.181362
-0.178725
-0.175826
-0.164351
-0.201649
-0.201443
-0.200957
-0.200226
-0.199289
-0.198189
-0.19697
-0.195671
-0.194324
-0.192952
-0.191566
-0.190165
-0.188733
-0.187235
-0.185618
-0.183815
-0.181611
-0.179085
-0.175393
-0.163824
-0.203315
-0.203036
-0.202472
-0.201649
-0.200611
-0.199403
-0.198074
-0.196663
-0.195207
-0.193729
-0.192243
-0.190747
-0.189227
-0.187653
-0.185975
-0.184144
-0.181969
-0.179777
-0.175729
-0.167699
-0.205076
-0.204715
-0.204067
-0.203147
-0.202001
-0.20068
-0.199234
-0.197708
-0.196139
-0.194552
-0.192961
-0.191367
-0.189757
-0.188103
-0.186365
-0.184515
-0.182395
-0.180618
-0.177247
-0.182457
-0.206937
-0.206486
-0.205749
-0.204724
-0.203464
-0.202025
-0.200458
-0.198812
-0.197125
-0.195425
-0.193727
-0.192032
-0.190328
-0.188591
-0.186787
-0.184912
-0.182828
-0.181381
-0.178203
-0.185895
-0.208906
-0.208356
-0.207522
-0.206387
-0.205007
-0.203443
-0.201751
-0.199981
-0.198174
-0.196357
-0.194548
-0.192748
-0.190946
-0.18912
-0.18724
-0.185321
-0.18323
-0.181924
-0.178662
-0.186276
-0.210992
-0.210333
-0.209394
-0.208142
-0.206636
-0.204942
-0.20312
-0.201222
-0.19929
-0.197354
-0.195431
-0.193522
-0.191616
-0.189693
-0.187724
-0.185734
-0.183587
-0.182264
-0.178872
-0.185766
-0.213201
-0.212422
-0.211372
-0.209995
-0.208356
-0.206528
-0.204571
-0.202541
-0.200481
-0.198423
-0.196382
-0.19436
-0.192343
-0.190311
-0.188236
-0.186145
-0.183894
-0.182425
-0.178857
-0.184591
-0.215542
-0.214631
-0.213461
-0.211952
-0.210175
-0.208206
-0.206111
-0.203945
-0.201755
-0.199571
-0.197408
-0.195266
-0.19313
-0.190976
-0.188774
-0.186547
-0.184143
-0.182425
-0.178635
-0.182981
-0.216966
-0.215668
-0.214021
-0.212099
-0.209984
-0.207746
-0.205441
-0.203117
-0.200804
-0.198514
-0.196245
-0.193979
-0.191687
-0.189334
-0.186935
-0.184331
-0.182284
-0.178237
-0.181136
-0.218
-0.216206
-0.214133
-0.211869
-0.209483
-0.207036
-0.204575
-0.202128
-0.199706
-0.197301
-0.194891
-0.192443
-0.189913
-0.187304
-0.184456
-0.182021
-0.177691
-0.179181
-0.218515
-0.216285
-0.213866
-0.211329
-0.208737
-0.206135
-0.203549
-0.200987
-0.198436
-0.195868
-0.193241
-0.190504
-0.18765
-0.184517
-0.181653
-0.177023
-0.177194
-0.220954
-0.218561
-0.215982
-0.213291
-0.210549
-0.207802
-0.205072
-0.202361
-0.199651
-0.196905
-0.194075
-0.191103
-0.187968
-0.184514
-0.181193
-0.176251
-0.175221
-0.220966
-0.218223
-0.215374
-0.212479
-0.209582
-0.2067
-0.20383
-0.200945
-0.198002
-0.194942
-0.191702
-0.188251
-0.184444
-0.180652
-0.175388
-0.173284
-0.220596
-0.217584
-0.214533
-0.211479
-0.208437
-0.205395
-0.202317
-0.199151
-0.195833
-0.192293
-0.188495
-0.184307
-0.180036
-0.174444
-0.171391
-0.219928
-0.216714
-0.213497
-0.210284
-0.207054
-0.203762
-0.200348
-0.19674
-0.192868
-0.188691
-0.1841
-0.179349
-0.173423
-0.169538
-0.219027
-0.215639
-0.212242
-0.208805
-0.205276
-0.201583
-0.197654
-0.193416
-0.188834
-0.183819
-0.178592
-0.17233
-0.167717
-0.217905
-0.214308
-0.210644
-0.206849
-0.202847
-0.198562
-0.193928
-0.188916
-0.183462
-0.177764
-0.171164
-0.165914
-0.216481
-0.212565
-0.208474
-0.204129
-0.199455
-0.194394
-0.188929
-0.183024
-0.176863
-0.169925
-0.164115
-0.214558
-0.210139
-0.205416
-0.200318
-0.194801
-0.188866
-0.1825
-0.175885
-0.168611
-0.162303
-0.211832
-0.206693
-0.201138
-0.195141
-0.188718
-0.181887
-0.174826
-0.167218
-0.160465
-0.201903
-0.1954
-0.188477
-0.181178
-0.173681
-0.165743
-0.158587
-0.195569
-0.188137
-0.180369
-0.172445
-0.164181
-0.156655
-0.187689
-0.179454
-0.171114
-0.162529
-0.154658
-0.169682
-0.16078
-0.152585
-0.158931
-0.150428
-0.159068
-0.150548
-0.169839
-0.160921
-0.15271
-0.187879
-0.179631
-0.171277
-0.162675
-0.154786
-0.195777
-0.188334
-0.180552
-0.172614
-0.164333
-0.156788
-0.208176
-0.202126
-0.195614
-0.18868
-0.181368
-0.173856
-0.1659
-0.158726
-0.212071
-0.206928
-0.201368
-0.195361
-0.188928
-0.182083
-0.175007
-0.167381
-0.16061
-0.214804
-0.210384
-0.205656
-0.200553
-0.195029
-0.189083
-0.182704
-0.176073
-0.168781
-0.162454
-0.216731
-0.212815
-0.208723
-0.204375
-0.199696
-0.194628
-0.189154
-0.183235
-0.177059
-0.170102
-0.164272
-0.218158
-0.214562
-0.210898
-0.207103
-0.203099
-0.19881
-0.194169
-0.189148
-0.183681
-0.177968
-0.171349
-0.166078
-0.21928
-0.215894
-0.212498
-0.209063
-0.205534
-0.20184
-0.197908
-0.193664
-0.189074
-0.184047
-0.178804
-0.172523
-0.167889
-0.220181
-0.216969
-0.213754
-0.210543
-0.207315
-0.204025
-0.20061
-0.197
-0.193123
-0.188939
-0.184336
-0.17957
-0.173625
-0.169718
-0.220849
-0.217839
-0.214789
-0.211739
-0.208699
-0.20566
-0.202584
-0.199419
-0.1961
-0.192556
-0.18875
-0.184552
-0.180266
-0.174654
-0.171579
-0.22122
-0.218477
-0.21563
-0.212738
-0.209844
-0.206965
-0.204099
-0.201217
-0.198275
-0.195215
-0.191972
-0.188515
-0.184698
-0.180891
-0.175608
-0.173482
-0.221208
-0.218815
-0.216237
-0.213548
-0.21081
-0.208066
-0.20534
-0.202634
-0.199927
-0.197184
-0.194355
-0.19138
-0.18824
-0.184776
-0.181441
-0.176481
-0.175428
-0.220717
-0.21877
-0.216541
-0.214122
-0.211588
-0.208999
-0.206401
-0.20382
-0.201263
-0.198717
-0.196152
-0.193526
-0.190789
-0.18793
-0.184789
-0.181911
-0.177263
-0.177411
-0.218255
-0.216462
-0.214389
-0.212126
-0.209743
-0.207301
-0.204844
-0.202402
-0.199986
-0.197586
-0.195181
-0.192735
-0.190204
-0.187592
-0.184737
-0.182289
-0.177941
-0.179408
-0.217223
-0.215924
-0.214277
-0.212355
-0.210243
-0.208007
-0.205707
-0.203388
-0.201081
-0.198797
-0.196534
-0.194273
-0.191985
-0.189633
-0.187231
-0.18462
-0.182561
-0.178497
-0.181373
-0.215803
-0.214888
-0.213717
-0.212208
-0.210432
-0.208465
-0.206373
-0.204212
-0.202028
-0.199851
-0.197695
-0.195559
-0.193429
-0.191279
-0.189079
-0.18685
-0.184441
-0.182712
-0.178906
-0.183229
-0.213462
-0.212679
-0.211628
-0.210251
-0.208613
-0.206787
-0.204834
-0.202809
-0.200756
-0.198705
-0.196672
-0.194657
-0.192647
-0.19062
-0.188547
-0.186456
-0.1842
-0.18272
-0.179138
-0.184849
-0.211252
-0.210589
-0.209649
-0.208397
-0.206892
-0.205202
-0.203384
-0.201491
-0.199566
-0.197639
-0.195724
-0.193823
-0.191925
-0.190007
-0.188042
-0.186052
-0.183901
-0.182568
-0.179162
-0.186034
-0.209165
-0.208611
-0.207776
-0.206641
-0.205263
-0.203702
-0.202015
-0.200251
-0.198451
-0.196643
-0.194843
-0.193052
-0.191259
-0.189439
-0.187564
-0.185645
-0.183551
-0.182237
-0.178962
-0.186554
-0.207194
-0.206739
-0.206001
-0.204977
-0.203719
-0.202283
-0.200722
-0.199083
-0.197404
-0.195713
-0.194024
-0.192339
-0.190644
-0.188914
-0.187115
-0.185242
-0.183156
-0.181702
-0.178511
-0.186182
-0.205331
-0.204966
-0.204318
-0.203398
-0.202254
-0.200937
-0.199497
-0.197979
-0.196418
-0.19484
-0.19326
-0.191676
-0.190076
-0.18843
-0.186697
-0.18485
-0.182729
-0.180945
-0.177563
-0.182751
-0.203568
-0.203284
-0.20272
-0.201898
-0.200862
-0.199659
-0.198335
-0.196933
-0.195486
-0.194018
-0.192542
-0.191057
-0.189548
-0.187982
-0.18631
-0.184483
-0.182308
-0.18011
-0.176052
-0.168005
-0.201898
-0.201689
-0.201202
-0.200472
-0.199538
-0.198443
-0.19723
-0.195939
-0.194602
-0.193241
-0.191866
-0.190476
-0.189055
-0.187566
-0.185957
-0.184157
-0.181953
-0.179423
-0.175721
-0.164137
-0.200313
-0.200172
-0.199757
-0.199113
-0.198276
-0.197284
-0.196177
-0.194993
-0.193761
-0.192501
-0.191224
-0.189927
-0.18859
-0.187178
-0.185634
-0.183879
-0.181707
-0.179065
-0.176159
-0.164666
-0.198808
-0.198729
-0.198381
-0.197818
-0.197071
-0.196176
-0.19517
-0.194088
-0.192956
-0.191795
-0.190612
-0.189402
-0.188148
-0.186813
-0.185337
-0.183643
-0.181546
-0.178936
-0.176565
-0.165617
-0.197375
-0.197353
-0.197068
-0.196579
-0.195918
-0.195115
-0.194205
-0.193219
-0.192184
-0.191116
-0.190023
-0.188899
-0.187724
-0.186464
-0.185059
-0.183435
-0.181429
-0.178918
-0.176832
-0.16657
-0.196008
-0.196039
-0.195812
-0.195394
-0.194813
-0.194097
-0.193277
-0.192384
-0.19144
-0.190461
-0.189454
-0.188411
-0.187314
-0.186126
-0.184794
-0.183245
-0.181337
-0.178965
-0.177056
-0.16767
-0.194702
-0.194782
-0.19461
-0.194258
-0.193753
-0.193118
-0.192384
-0.191577
-0.19072
-0.189826
-0.1889
-0.187935
-0.186912
-0.185797
-0.184537
-0.183068
-0.181261
-0.179054
-0.177279
-0.168883
-0.193452
-0.193579
-0.193457
-0.193167
-0.192732
-0.192174
-0.191521
-0.190797
-0.190022
-0.189208
-0.18836
-0.18747
-0.186519
-0.185474
-0.184287
-0.182899
-0.1812
-0.179171
-0.177508
-0.170125
-0.192253
-0.192423
-0.192349
-0.192118
-0.191749
-0.191263
-0.190686
-0.19004
-0.189343
-0.188605
-0.187831
-0.187012
-0.18613
-0.185155
-0.184042
-0.182738
-0.181152
-0.179304
-0.177748
-0.171344
-0.1911
-0.191313
-0.191283
-0.191107
-0.190801
-0.190383
-0.189877
-0.189304
-0.18868
-0.188016
-0.187312
-0.186561
-0.185747
-0.18484
-0.183801
-0.182585
-0.181114
-0.179447
-0.178002
-0.172507
-0.18999
-0.190244
-0.190257
-0.190131
-0.189884
-0.18953
-0.189091
-0.188587
-0.188033
-0.187437
-0.186801
-0.186117
-0.185368
-0.184529
-0.183566
-0.182438
-0.181087
-0.179595
-0.178269
-0.173596
-0.18892
-0.189213
-0.189266
-0.189189
-0.188997
-0.188703
-0.188328
-0.187889
-0.187401
-0.18687
-0.186298
-0.185678
-0.184994
-0.184223
-0.183335
-0.182298
-0.181067
-0.179744
-0.178543
-0.174594
-0.187887
-0.188218
-0.18831
-0.188278
-0.188138
-0.187901
-0.187585
-0.187208
-0.186782
-0.186313
-0.185803
-0.185245
-0.184624
-0.18392
-0.183109
-0.182164
-0.181053
-0.17989
-0.178815
-0.175495
-0.186887
-0.187257
-0.187386
-0.187397
-0.187306
-0.187121
-0.186862
-0.186543
-0.186176
-0.185767
-0.185316
-0.184818
-0.184259
-0.183622
-0.182887
-0.182033
-0.181041
-0.180027
-0.179078
-0.176295
-0.185921
-0.186328
-0.186492
-0.186544
-0.186499
-0.186365
-0.186158
-0.185894
-0.185583
-0.18523
-0.184836
-0.184396
-0.183898
-0.183327
-0.182668
-0.181905
-0.181027
-0.180152
-0.179324
-0.176995
-0.184985
-0.18543
-0.185627
-0.185719
-0.185717
-0.18563
-0.185473
-0.18526
-0.185002
-0.184703
-0.184364
-0.18398
-0.183542
-0.183036
-0.182451
-0.181777
-0.181008
-0.18026
-0.179546
-0.177597
-0.184078
-0.184561
-0.184791
-0.18492
-0.184959
-0.184916
-0.184806
-0.184642
-0.184434
-0.184186
-0.1839
-0.18357
-0.18319
-0.182748
-0.182235
-0.181646
-0.180981
-0.180347
-0.179741
-0.178106
-0.183201
-0.183721
-0.183983
-0.184146
-0.184225
-0.184223
-0.184158
-0.18404
-0.183879
-0.18368
-0.183443
-0.183166
-0.182842
-0.182461
-0.182019
-0.181511
-0.180942
-0.180412
-0.179905
-0.178528
-0.182352
-0.182909
-0.183201
-0.183399
-0.183514
-0.183552
-0.183528
-0.183453
-0.183337
-0.183184
-0.182996
-0.182769
-0.182498
-0.182177
-0.181801
-0.18137
-0.18089
-0.180452
-0.18004
-0.178867
-0.18153
-0.182125
-0.182447
-0.182676
-0.182827
-0.182902
-0.182917
-0.182883
-0.182809
-0.1827
-0.182557
-0.182378
-0.182158
-0.181894
-0.181581
-0.181222
-0.180823
-0.180469
-0.180147
-0.17912
-0.180738
-0.181369
-0.18172
-0.18198
-0.182163
-0.182273
-0.182325
-0.18233
-0.182296
-0.182228
-0.182127
-0.181994
-0.181823
-0.181612
-0.181359
-0.181066
-0.180742
-0.180463
-0.180206
-0.1793
-0.179973
-0.180641
-0.18102
-0.18131
-0.181524
-0.181667
-0.181753
-0.181794
-0.181797
-0.181768
-0.181708
-0.181617
-0.181492
-0.181331
-0.181134
-0.180902
-0.180646
-0.180431
-0.180223
-0.179526
-0.179238
-0.179943
-0.180349
-0.180666
-0.18091
-0.181084
-0.181202
-0.181276
-0.181314
-0.181321
-0.1813
-0.181249
-0.181167
-0.181053
-0.180906
-0.180731
-0.180536
-0.180378
-0.180216
-0.179679
-0.178533
-0.179274
-0.179706
-0.18005
-0.180322
-0.180525
-0.180673
-0.180778
-0.180849
-0.18089
-0.180903
-0.18089
-0.180848
-0.180777
-0.180677
-0.180553
-0.180412
-0.180306
-0.180187
-0.179768
-0.177859
-0.178636
-0.179093
-0.179462
-0.17976
-0.17999
-0.180166
-0.180301
-0.180401
-0.180473
-0.18052
-0.180541
-0.180536
-0.180505
-0.180448
-0.18037
-0.180278
-0.180216
-0.180137
-0.179813
-0.177217
-0.178029
-0.17851
-0.178903
-0.179226
-0.17948
-0.179683
-0.179844
-0.179973
-0.180074
-0.18015
-0.180203
-0.180232
-0.180237
-0.18022
-0.180183
-0.180134
-0.180111
-0.18007
-0.179827
-0.176609
-0.177455
-0.177958
-0.178374
-0.17872
-0.178998
-0.179224
-0.179411
-0.179564
-0.179692
-0.179796
-0.179878
-0.179938
-0.179977
-0.179994
-0.179994
-0.179984
-0.179996
-0.179988
-0.179814
-0.176036
-0.176914
-0.17744
-0.177876
-0.178244
-0.178543
-0.178792
-0.179001
-0.179178
-0.17933
-0.179459
-0.179568
-0.179656
-0.179724
-0.179773
-0.179806
-0.17983
-0.179872
-0.179895
-0.17978
-0.1755
-0.176409
-0.176955
-0.177411
-0.177798
-0.178118
-0.178386
-0.178616
-0.178814
-0.178988
-0.17914
-0.179273
-0.179386
-0.179481
-0.179558
-0.179621
-0.179675
-0.179743
-0.179793
-0.17973
-0.175001
-0.175939
-0.176505
-0.17698
-0.177385
-0.177722
-0.178009
-0.178257
-0.178475
-0.178669
-0.178841
-0.178995
-0.179131
-0.17925
-0.179352
-0.179441
-0.179521
-0.179612
-0.179687
-0.179669
-0.174542
-0.175508
-0.176091
-0.176582
-0.177004
-0.177358
-0.177662
-0.177926
-0.178161
-0.178372
-0.178564
-0.178737
-0.178892
-0.179032
-0.179156
-0.179268
-0.179371
-0.179482
-0.179579
-0.179601
-0.174123
-0.175115
-0.175714
-0.176221
-0.176658
-0.177027
-0.177345
-0.177624
-0.177874
-0.178101
-0.178308
-0.178498
-0.178672
-0.17883
-0.178973
-0.179105
-0.179228
-0.179356
-0.179472
-0.179529
-0.173747
-0.174762
-0.175376
-0.175897
-0.176347
-0.176729
-0.17706
-0.177352
-0.177616
-0.177856
-0.178077
-0.178282
-0.17847
-0.178644
-0.178804
-0.178953
-0.179093
-0.179237
-0.179369
-0.179457
-0.173415
-0.174451
-0.175078
-0.17561
-0.176072
-0.176465
-0.176807
-0.177111
-0.177386
-0.177638
-0.177872
-0.178088
-0.17829
-0.178478
-0.178652
-0.178815
-0.17897
-0.179126
-0.179273
-0.179387
-0.173128
-0.174182
-0.17482
-0.175363
-0.175834
-0.176237
-0.176589
-0.176903
-0.177187
-0.177449
-0.177692
-0.17792
-0.178132
-0.178331
-0.178518
-0.178693
-0.17886
-0.179027
-0.179186
-0.179321
-0.172887
-0.173956
-0.174603
-0.175155
-0.175635
-0.176045
-0.176405
-0.176727
-0.177019
-0.177289
-0.177541
-0.177777
-0.177998
-0.178207
-0.178403
-0.178588
-0.178765
-0.17894
-0.17911
-0.179263
-0.172692
-0.173774
-0.174429
-0.174987
-0.175474
-0.175891
-0.176257
-0.176584
-0.176883
-0.17716
-0.177418
-0.177661
-0.177889
-0.178105
-0.178308
-0.178501
-0.178686
-0.178869
-0.179046
-0.179214
-0.172546
-0.173636
-0.174297
-0.174861
-0.175352
-0.175774
-0.176144
-0.176477
-0.17678
-0.177061
-0.177324
-0.177572
-0.177806
-0.178027
-0.178236
-0.178434
-0.178625
-0.178813
-0.178996
-0.179176
-0.172447
-0.173544
-0.174209
-0.174775
-0.17527
-0.175695
-0.176068
-0.176404
-0.17671
-0.176994
-0.17726
-0.177511
-0.177749
-0.177973
-0.178186
-0.178388
-0.178583
-0.178774
-0.178962
-0.179148
-0.172398
-0.173497
-0.174163
-0.174732
-0.175228
-0.175654
-0.176029
-0.176366
-0.176674
-0.176959
-0.177227
-0.177479
-0.177718
-0.177944
-0.178159
-0.178363
-0.17856
-0.178753
-0.178943
-0.179133
-0.179367
-0.179549
-0.17974
-0.179914
-0.180079
-0.180232
-0.180372
-0.180497
-0.180606
-0.180695
-0.180761
-0.180801
-0.180812
-0.180789
-0.179391
-0.179567
-0.179758
-0.179933
-0.180099
-0.180253
-0.180395
-0.180523
-0.180634
-0.180727
-0.180797
-0.180843
-0.180859
-0.180843
-0.179438
-0.179604
-0.179794
-0.179968
-0.180134
-0.180289
-0.180432
-0.180562
-0.180677
-0.180772
-0.180847
-0.180897
-0.180919
-0.18091
-0.179509
-0.179657
-0.179847
-0.180019
-0.180184
-0.180339
-0.180484
-0.180615
-0.180732
-0.180831
-0.180909
-0.180964
-0.180991
-0.180988
-0.179603
-0.179728
-0.179916
-0.180085
-0.180249
-0.180403
-0.180548
-0.180681
-0.180799
-0.180901
-0.180983
-0.181042
-0.181075
-0.181077
-0.179718
-0.179814
-0.179999
-0.180165
-0.180326
-0.18048
-0.180624
-0.180758
-0.180878
-0.180982
-0.181068
-0.181131
-0.181169
-0.181177
-0.179852
-0.179914
-0.180096
-0.180258
-0.180416
-0.180568
-0.180712
-0.180846
-0.180967
-0.181074
-0.181162
-0.181229
-0.181272
-0.181286
-0.180004
-0.180026
-0.180205
-0.180362
-0.180516
-0.180666
-0.180809
-0.180943
-0.181065
-0.181174
-0.181265
-0.181336
-0.181383
-0.181402
-0.180172
-0.18015
-0.180325
-0.180475
-0.180625
-0.180773
-0.180914
-0.181048
-0.181171
-0.181282
-0.181375
-0.18145
-0.181501
-0.181526
-0.180354
-0.180281
-0.180452
-0.180597
-0.180742
-0.180886
-0.181026
-0.18116
-0.181284
-0.181395
-0.181492
-0.18157
-0.181625
-0.181655
-0.180548
-0.18042
-0.180586
-0.180724
-0.180864
-0.181005
-0.181143
-0.181276
-0.181401
-0.181514
-0.181612
-0.181693
-0.181753
-0.181788
-0.181794
-0.180751
-0.180563
-0.180725
-0.180856
-0.18099
-0.181128
-0.181264
-0.181396
-0.18152
-0.181635
-0.181736
-0.18182
-0.181884
-0.181924
-0.181935
-0.180962
-0.180708
-0.180866
-0.180989
-0.181118
-0.181252
-0.181386
-0.181517
-0.181642
-0.181757
-0.18186
-0.181947
-0.182015
-0.18206
-0.182077
-0.18118
-0.180853
-0.181007
-0.181124
-0.181246
-0.181377
-0.181508
-0.181638
-0.181763
-0.181879
-0.181984
-0.182074
-0.182146
-0.182195
-0.182218
-0.181403
-0.180996
-0.181148
-0.181256
-0.181372
-0.181499
-0.181628
-0.181757
-0.181882
-0.181999
-0.182106
-0.182199
-0.182275
-0.182329
-0.182357
-0.181632
-0.181135
-0.181285
-0.181386
-0.181494
-0.181618
-0.181744
-0.181872
-0.181997
-0.182115
-0.182224
-0.18232
-0.182399
-0.182458
-0.182492
-0.181865
-0.181268
-0.181417
-0.18151
-0.181612
-0.181731
-0.181855
-0.181982
-0.182107
-0.182226
-0.182337
-0.182435
-0.182518
-0.182581
-0.182621
-0.182109
-0.181392
-0.181543
-0.181629
-0.181722
-0.181838
-0.181959
-0.182084
-0.182209
-0.182329
-0.182442
-0.182543
-0.182629
-0.182697
-0.182742
-0.182379
-0.1815
-0.181661
-0.18174
-0.181824
-0.181936
-0.182055
-0.182178
-0.182303
-0.182424
-0.182538
-0.182642
-0.182732
-0.182804
-0.182855
-0.182669
-0.181586
-0.181774
-0.181842
-0.181917
-0.182024
-0.18214
-0.182262
-0.182387
-0.182508
-0.182624
-0.182731
-0.182824
-0.182901
-0.182957
-0.182858
-0.181732
-0.181863
-0.181935
-0.181999
-0.182101
-0.182214
-0.182334
-0.182459
-0.182579
-0.182698
-0.182807
-0.182904
-0.182985
-0.183047
-0.183083
-0.181855
-0.181945
-0.182018
-0.18207
-0.182166
-0.182275
-0.182393
-0.182516
-0.182639
-0.182758
-0.18287
-0.18297
-0.183056
-0.183123
-0.183167
-0.183338
-0.18196
-0.182017
-0.182091
-0.182129
-0.182218
-0.182322
-0.182438
-0.18256
-0.182683
-0.182804
-0.182918
-0.183022
-0.183112
-0.183185
-0.183235
-0.183613
-0.182059
-0.182078
-0.182152
-0.182174
-0.182256
-0.182355
-0.182467
-0.182587
-0.18271
-0.182832
-0.182949
-0.183057
-0.183152
-0.18323
-0.183286
-0.183909
-0.182157
-0.182129
-0.182202
-0.182206
-0.182278
-0.182371
-0.182479
-0.182597
-0.18272
-0.182843
-0.182962
-0.183073
-0.183173
-0.183257
-0.18332
-0.184232
-0.182258
-0.182168
-0.182242
-0.182224
-0.182285
-0.18237
-0.182473
-0.182589
-0.182711
-0.182835
-0.182956
-0.183071
-0.183175
-0.183265
-0.183335
-0.184583
-0.182364
-0.182198
-0.18227
-0.182229
-0.182275
-0.182351
-0.182447
-0.18256
-0.182681
-0.182805
-0.182929
-0.183047
-0.183156
-0.183252
-0.183329
-0.184964
-0.182482
-0.182219
-0.182288
-0.182218
-0.182247
-0.182312
-0.182401
-0.182509
-0.182628
-0.182753
-0.182879
-0.183001
-0.183115
-0.183217
-0.183301
-0.185373
-0.182614
-0.182234
-0.182294
-0.182192
-0.182201
-0.182252
-0.182332
-0.182435
-0.182552
-0.182677
-0.182805
-0.182931
-0.18305
-0.183158
-0.18325
-0.18332
-0.185806
-0.182763
-0.182242
-0.182289
-0.18215
-0.182134
-0.18217
-0.182239
-0.182335
-0.18245
-0.182575
-0.182705
-0.182835
-0.18296
-0.183074
-0.183174
-0.183253
-0.186252
-0.182931
-0.182246
-0.18227
-0.182089
-0.182045
-0.182063
-0.182119
-0.182209
-0.18232
-0.182445
-0.182578
-0.182712
-0.182843
-0.182964
-0.183071
-0.183159
-0.18669
-0.183113
-0.182248
-0.182234
-0.182006
-0.181931
-0.181928
-0.18197
-0.182052
-0.18216
-0.182286
-0.182421
-0.18256
-0.182696
-0.182825
-0.182941
-0.183037
-0.187092
-0.183298
-0.182245
-0.182179
-0.181898
-0.181788
-0.181762
-0.181789
-0.181863
-0.181968
-0.182094
-0.182232
-0.182376
-0.182519
-0.182656
-0.18278
-0.182887
-0.187414
-0.183467
-0.182236
-0.182097
-0.181757
-0.181612
-0.181561
-0.181573
-0.181638
-0.18174
-0.181867
-0.182009
-0.182159
-0.182309
-0.182454
-0.182588
-0.182705
-0.187598
-0.183583
-0.182211
-0.181979
-0.181574
-0.181394
-0.18132
-0.181316
-0.181374
-0.181474
-0.181602
-0.181749
-0.181905
-0.182064
-0.182218
-0.182362
-0.182489
-0.182593
-0.187549
-0.183577
-0.182148
-0.181807
-0.181337
-0.181127
-0.181032
-0.181015
-0.181066
-0.181165
-0.181297
-0.181449
-0.181613
-0.181781
-0.181945
-0.1821
-0.182239
-0.182355
-0.18713
-0.183381
-0.18204
-0.181581
-0.181045
-0.180813
-0.180702
-0.180673
-0.18072
-0.180819
-0.180954
-0.181113
-0.181285
-0.181463
-0.181638
-0.181805
-0.181956
-0.182085
-0.186297
-0.18298
-0.181894
-0.181314
-0.180713
-0.180462
-0.180338
-0.180299
-0.18034
-0.180438
-0.180576
-0.180741
-0.180921
-0.181108
-0.181294
-0.181472
-0.181635
-0.181776
-0.184957
-0.182041
-0.181529
-0.180878
-0.180231
-0.179979
-0.179856
-0.179814
-0.179855
-0.179957
-0.180102
-0.180276
-0.180467
-0.180667
-0.180867
-0.18106
-0.181238
-0.181395
-0.180778
-0.179364
-0.180488
-0.179931
-0.179327
-0.179146
-0.179076
-0.179072
-0.179145
-0.179278
-0.179454
-0.179658
-0.17988
-0.180109
-0.180339
-0.18056
-0.180766
-0.180949
-0.167764
-0.174783
-0.179249
-0.178987
-0.178475
-0.178394
-0.178401
-0.178447
-0.178558
-0.178726
-0.178934
-0.179167
-0.179417
-0.179673
-0.179928
-0.180173
-0.180402
-0.180607
-0.180781
-0.164092
-0.171696
-0.1776
-0.177552
-0.177064
-0.177113
-0.177242
-0.177363
-0.177528
-0.177742
-0.177991
-0.178263
-0.178547
-0.178835
-0.179119
-0.179393
-0.179647
-0.179876
-0.180072
-0.163312
-0.169607
-0.175699
-0.175881
-0.175429
-0.175583
-0.175835
-0.176041
-0.17627
-0.176541
-0.17684
-0.177155
-0.17748
-0.177806
-0.178125
-0.17843
-0.178713
-0.178969
-0.179188
-0.163168
-0.167669
-0.173426
-0.173925
-0.17357
-0.173805
-0.174171
-0.174473
-0.174777
-0.175113
-0.175472
-0.175843
-0.176217
-0.176589
-0.17695
-0.177294
-0.177614
-0.177902
-0.17815
-0.162937
-0.165791
-0.170861
-0.17164
-0.171432
-0.171738
-0.17221
-0.172617
-0.173008
-0.173422
-0.173852
-0.174288
-0.174723
-0.17515
-0.175563
-0.175954
-0.176317
-0.176645
-0.176929
-0.162207
-0.16386
-0.168036
-0.168994
-0.16897
-0.169352
-0.169924
-0.170444
-0.170934
-0.171436
-0.171949
-0.172461
-0.172966
-0.173459
-0.173932
-0.174379
-0.174794
-0.175169
-0.175496
-0.16079
-0.161693
-0.164936
-0.165977
-0.166163
-0.166639
-0.167307
-0.167942
-0.16854
-0.169141
-0.169746
-0.170344
-0.170929
-0.171496
-0.172039
-0.17255
-0.173025
-0.173455
-0.173833
-0.158578
-0.159137
-0.161548
-0.162605
-0.163009
-0.163602
-0.164364
-0.165114
-0.165826
-0.166533
-0.167237
-0.167929
-0.168602
-0.169252
-0.169872
-0.170456
-0.170998
-0.17149
-0.171925
-0.155578
-0.156114
-0.157868
-0.158908
-0.159526
-0.160255
-0.161116
-0.161977
-0.162807
-0.163623
-0.164431
-0.165222
-0.165989
-0.166726
-0.16743
-0.168092
-0.168707
-0.169268
-0.169767
-0.151881
-0.152611
-0.153907
-0.154925
-0.155743
-0.156623
-0.157589
-0.15856
-0.159505
-0.160433
-0.161346
-0.162238
-0.163101
-0.163931
-0.164721
-0.165466
-0.166158
-0.166792
-0.16736
-0.147615
-0.148658
-0.149683
-0.150697
-0.151699
-0.152738
-0.153816
-0.154895
-0.155954
-0.156992
-0.158011
-0.159004
-0.159964
-0.160886
-0.161764
-0.162593
-0.163365
-0.164075
-0.164714
-0.142913
-0.144318
-0.145228
-0.146267
-0.147436
-0.148634
-0.149832
-0.151019
-0.152188
-0.153335
-0.154458
-0.155549
-0.156605
-0.157618
-0.158584
-0.159496
-0.160349
-0.161135
-0.161847
-0.137901
-0.139664
-0.140577
-0.141674
-0.142997
-0.14435
-0.145671
-0.146967
-0.148244
-0.149497
-0.15072
-0.151908
-0.153056
-0.154159
-0.15521
-0.156205
-0.157137
-0.157999
-0.158783
-0.132683
-0.134775
-0.135771
-0.136955
-0.13842
-0.139923
-0.141369
-0.142774
-0.144155
-0.14551
-0.146831
-0.148113
-0.149351
-0.150539
-0.151674
-0.152748
-0.153757
-0.154693
-0.155548
-0.12734
-0.129718
-0.130848
-0.132141
-0.133742
-0.135385
-0.136955
-0.138469
-0.139952
-0.141406
-0.142823
-0.144195
-0.145519
-0.14679
-0.148005
-0.149156
-0.150239
-0.151246
-0.152171
-0.121933
-0.124554
-0.125845
-0.127261
-0.12899
-0.130766
-0.132457
-0.134079
-0.135662
-0.137212
-0.13872
-0.14018
-0.141587
-0.142939
-0.14423
-0.145456
-0.14661
-0.147686
-0.148677
-0.116508
-0.119329
-0.120792
-0.12234
-0.12419
-0.12609
-0.127898
-0.129626
-0.131307
-0.13295
-0.134547
-0.136091
-0.137579
-0.139008
-0.140374
-0.141671
-0.142894
-0.144037
-0.145093
-0.111097
-0.114082
-0.115716
-0.117397
-0.119364
-0.121378
-0.123298
-0.125129
-0.126906
-0.128639
-0.130322
-0.131948
-0.133514
-0.135018
-0.136456
-0.137822
-0.139112
-0.140319
-0.141437
-0.105725
-0.108841
-0.11064
-0.112452
-0.114527
-0.116648
-0.118675
-0.120605
-0.122474
-0.124294
-0.12606
-0.127765
-0.129408
-0.130984
-0.132491
-0.133925
-0.13528
-0.13655
-0.137729
-0.100409
-0.10363
-0.105582
-0.107518
-0.109695
-0.111916
-0.114041
-0.116066
-0.118024
-0.119927
-0.121774
-0.123556
-0.125272
-0.126919
-0.128495
-0.129994
-0.131411
-0.132743
-0.133981
-0.0951624
-0.0984658
-0.100557
-0.10261
-0.104881
-0.107192
-0.10941
-0.111525
-0.113567
-0.115551
-0.117474
-0.119331
-0.121118
-0.122834
-0.124475
-0.126038
-0.127518
-0.128909
-0.130206
-0.0899951
-0.0933622
-0.095579
-0.097738
-0.100094
-0.102489
-0.104791
-0.10699
-0.109113
-0.111173
-0.11317
-0.115099
-0.116955
-0.118737
-0.120443
-0.122068
-0.123608
-0.125058
-0.126412
-0.084915
-0.0883299
-0.0906571
-0.0929125
-0.0953465
-0.0978153
-0.100196
-0.102473
-0.10467
-0.106803
-0.10887
-0.110867
-0.112789
-0.114636
-0.116404
-0.118089
-0.119688
-0.121196
-0.122607
-0.0799285
-0.0833776
-0.085801
-0.0881425
-0.0906455
-0.0931812
-0.0956322
-0.0979805
-0.100248
-0.102448
-0.104582
-0.106643
-0.108629
-0.110537
-0.112365
-0.114109
-0.115766
-0.11733
-0.118796
-0.0750416
-0.0785127
-0.0810191
-0.0834363
-0.0860001
-0.0885945
-0.0911084
-0.0935214
-0.0958529
-0.0981161
-0.100311
-0.102433
-0.104479
-0.106447
-0.108333
-0.110134
-0.111847
-0.113466
-0.114986
-0.0702595
-0.0737416
-0.0763185
-0.0788017
-0.0814178
-0.0840633
-0.0866323
-0.0891033
-0.091493
-0.0938139
-0.0960663
-0.0982455
-0.100348
-0.102371
-0.104313
-0.106169
-0.107935
-0.109608
-0.111182
-0.0655871
-0.0690705
-0.0717062
-0.0742457
-0.0769062
-0.0795948
-0.0822117
-0.0847338
-0.0871757
-0.0895489
-0.0918537
-0.0940857
-0.096241
-0.0983169
-0.100311
-0.102219
-0.104038
-0.105762
-0.107387
-0.0610289
-0.0645045
-0.0671884
-0.0697751
-0.0724721
-0.0751963
-0.0778536
-0.0804201
-0.082908
-0.0853279
-0.0876803
-0.0899606
-0.0921647
-0.0942898
-0.096333
-0.0982907
-0.100159
-0.101933
-0.103609
-0.0565893
-0.0600487
-0.0627705
-0.0653959
-0.0681219
-0.0708745
-0.073565
-0.0761691
-0.0786969
-0.081158
-0.0835528
-0.0858767
-0.0881256
-0.0902961
-0.0923854
-0.0943898
-0.0963053
-0.0981271
-0.0998504
-0.0522717
-0.0557075
-0.0584578
-0.0611136
-0.0638615
-0.0666355
-0.0693524
-0.0719875
-0.074549
-0.0770458
-0.0794778
-0.0818407
-0.0841299
-0.0863421
-0.088474
-0.090522
-0.0924818
-0.0943489
-0.0961181
-0.0480793
-0.0514847
-0.0542549
-0.0569335
-0.0596965
-0.0624851
-0.0652217
-0.0678815
-0.0704709
-0.0729977
-0.0754619
-0.0778589
-0.0801842
-0.082434
-0.0846049
-0.0866932
-0.0886945
-0.0906042
-0.0924171
-0.0440148
-0.0473837
-0.0501658
-0.05286
-0.0556317
-0.0584288
-0.0611787
-0.063857
-0.0664685
-0.06902
-0.0715112
-0.0739377
-0.0762946
-0.0785779
-0.0807842
-0.0829094
-0.0849491
-0.0868986
-0.0887528
-0.0400803
-0.0434073
-0.046194
-0.0488971
-0.0516716
-0.0544713
-0.0572287
-0.0599197
-0.0625477
-0.0651186
-0.0676319
-0.070083
-0.0724672
-0.07478
-0.0770178
-0.0791765
-0.0812515
-0.083238
-0.0851309
-0.0362773
-0.0395579
-0.0423425
-0.0450485
-0.0478203
-0.0506171
-0.0533765
-0.0560746
-0.0587139
-0.0612991
-0.0638296
-0.0663009
-0.0687079
-0.0710462
-0.0733118
-0.0755004
-0.0776075
-0.0796281
-0.0815569
-0.0326071
-0.0358374
-0.0386139
-0.0413171
-0.0440812
-0.0468703
-0.0496264
-0.0523267
-0.0549721
-0.0575669
-0.06011
-0.062597
-0.0650226
-0.0673824
-0.069672
-0.0718871
-0.0740229
-0.0760745
-0.0780365
-0.0290704
-0.0322473
-0.0350103
-0.0377057
-0.0404577
-0.0432344
-0.0459826
-0.0486802
-0.0513271
-0.0539269
-0.0564783
-0.0589767
-0.0614169
-0.0637941
-0.066104
-0.0683421
-0.0705034
-0.072583
-0.0745753
-0.0256678
-0.0287886
-0.0315335
-0.0342166
-0.0369523
-0.0397126
-0.0424487
-0.0451392
-0.0477834
-0.0503839
-0.0529394
-0.0554451
-0.0578959
-0.0602869
-0.0626135
-0.0648711
-0.0670548
-0.0691592
-0.071179
-0.0223994
-0.0254621
-0.0281849
-0.0308517
-0.0335675
-0.0363079
-0.039028
-0.0417075
-0.044345
-0.0469423
-0.0494979
-0.0520073
-0.0544649
-0.0568661
-0.0592059
-0.0614797
-0.0636824
-0.0658088
-0.0678532
-0.0192651
-0.0222684
-0.0249655
-0.0276125
-0.0303053
-0.0330227
-0.0357235
-0.0383885
-0.0410156
-0.0436062
-0.0461585
-0.0486678
-0.0511289
-0.0535367
-0.0558864
-0.0581732
-0.0603919
-0.0625372
-0.0646034
-0.0162647
-0.0192076
-0.0218762
-0.0245005
-0.0271677
-0.0298593
-0.0325379
-0.0351852
-0.0377988
-0.0403795
-0.0429251
-0.0454312
-0.0478925
-0.0503038
-0.0526602
-0.0549569
-0.0571887
-0.05935
-0.0614352
-0.0133978
-0.01628
-0.0189177
-0.0215167
-0.0241562
-0.0268198
-0.0294737
-0.0321007
-0.034698
-0.0372658
-0.0398019
-0.0423018
-0.0447602
-0.047172
-0.0495323
-0.051836
-0.0540779
-0.0562525
-0.058354
-0.010664
-0.0134854
-0.0160905
-0.0186623
-0.0212722
-0.023906
-0.0265331
-0.0291375
-0.031716
-0.0342685
-0.0367925
-0.0392836
-0.0417365
-0.0441461
-0.0465075
-0.0488155
-0.0510649
-0.05325
-0.0553652
-0.00806271
-0.0108239
-0.0133949
-0.0159379
-0.0185169
-0.0211195
-0.0237182
-0.0262982
-0.028856
-0.0313909
-0.0339006
-0.0363805
-0.0388255
-0.0412305
-0.0435905
-0.0459003
-0.0481546
-0.0503479
-0.0524744
-0.00559352
-0.00829527
-0.0108313
-0.0133444
-0.0158916
-0.018462
-0.0210311
-0.0235852
-0.0261206
-0.0286363
-0.0311297
-0.0335964
-0.0360315
-0.0384296
-0.040786
-0.0430953
-0.0453523
-0.0475514
-0.0496868
-0.003256
-0.00589955
-0.00840013
-0.0108827
-0.0133974
-0.015935
-0.0184737
-0.0210008
-0.0235125
-0.0260075
-0.0284831
-0.0309351
-0.0333583
-0.0357478
-0.0380986
-0.0404054
-0.042663
-0.0448658
-0.0470079
-0.00104985
-0.00363673
-0.00610179
-0.00855337
-0.0110354
-0.0135401
-0.0160479
-0.0185472
-0.0210344
-0.0235077
-0.0259644
-0.0284001
-0.0308101
-0.0331893
-0.0355328
-0.0378354
-0.0400918
-0.0422963
-0.0444432
0.00102509
-0.00150699
-0.00393681
-0.00635747
-0.00880706
-0.0112788
-0.0137556
-0.016227
-0.018689
-0.0211399
-0.0235767
-0.0259953
-0.0283909
-0.0307586
-0.0330933
-0.0353901
-0.0376436
-0.0398482
-0.0419981
0.00296872
0.000489299
-0.00190592
-0.00429602
-0.00671362
-0.00915296
-0.011599
-0.0140423
-0.0164791
-0.0189072
-0.0213236
-0.0237244
-0.0261047
-0.0284598
-0.0307848
-0.0330745
-0.0353238
-0.0375269
-0.0396783
0.00478072
0.00235153
-1.00607e-05
-0.00237029
-0.00475671
-0.00716439
-0.00958033
-0.011996
-0.0144076
-0.0168128
-0.0192087
-0.0215912
-0.0239558
-0.0262977
-0.028612
-0.0308937
-0.0331375
-0.035338
-0.0374894
0.00646041
0.00407875
0.00174952
-0.000581839
-0.00293818
-0.0053153
-0.00770202
-0.0100907
-0.0124776
-0.0148603
-0.0172358
-0.0196
-0.0219486
-0.0242768
-0.0265799
-0.0288528
-0.0310905
-0.0332873
-0.0354376
0.00800672
0.00566966
0.00337121
0.00106743
-0.00126024
-0.00360819
-0.00596691
-0.00832959
-0.0106926
-0.0130534
-0.0154089
-0.0177551
-0.0200877
-0.0224022
-0.0246938
-0.0269576
-0.0291883
-0.0313807
-0.033529
0.00941814
0.00712246
0.00485295
0.00257516
0.000274503
-0.00204596
-0.00437821
-0.00671622
-0.00905649
-0.0113963
-0.0137325
-0.0160612
-0.0183783
-0.0206792
-0.0229593
-0.0252137
-0.0274373
-0.0296247
-0.0317702
0.0106926
0.00843483
0.00619213
0.0039385
0.0016629
-0.000632049
-0.00293964
-0.00525459
-0.00757348
-0.00989349
-0.0122114
-0.0145236
-0.0168258
-0.0191136
-0.0213825
-0.0236276
-0.0258439
-0.028026
-0.0301683
0.0118274
0.00960388
0.00738559
0.005154
0.00290123
0.00062956
-0.00165548
-0.00394927
-0.00624848
-0.00855022
-0.0108513
-0.0131479
-0.0154362
-0.0177117
-0.0199699
-0.0222061
-0.0244152
-0.026592
-0.0287308
0.0128189
0.0106257
0.00842922
0.00621731
0.0039849
0.00173401
-0.00053087
-0.00280567
-0.00508718
-0.00737244
-0.0096582
-0.0119408
-0.0142164
-0.0164806
-0.0187289
-0.0209568
-0.0231591
-0.0253307
-0.027466
0.0136636
0.0114963
0.00931859
0.0071237
0.00490888
0.00267593
0.000428529
-0.00182978
-0.00409589
-0.00636676
-0.00863915
-0.0109095
-0.0131738
-0.015428
-0.0176676
-0.0198879
-0.0220841
-0.0242509
-0.0263829
0.0143545
0.012209
0.0100469
0.00786623
0.00566604
0.00344806
0.00121523
-0.0010293
-0.0032825
-0.00554131
-0.00780245
-0.0100624
-0.0123172
-0.0145629
-0.0167951
-0.019009
-0.0211999
-0.0233625
-0.0254914
0.0148889
0.0127594
0.0106093
0.0084395
0.00625052
0.00404399
0.00182236
-0.000411555
-0.00265479
-0.00490426
-0.00715669
-0.00940853
-0.011656
-0.013895
-0.0161213
-0.0183302
-0.0205168
-0.0226761
-0.0248026
0.0152515
0.0131345
0.010993
0.00883077
0.00664973
0.00445137
0.00223772
1.13721e-05
-0.00222477
-0.0044676
-0.00671383
-0.00895993
-0.0112022
-0.0134365
-0.0156585
-0.0178638
-0.0200474
-0.0222043
-0.0243289
0.0154473
0.0133338
0.0111955
0.00903649
0.00685885
0.00466407
0.00245403
0.000231179
-0.00200162
-0.00424126
-0.00648448
-0.00872777
-0.0109674
-0.0131994
-0.0154193
-0.0176228
-0.0198049
-0.0219605
-0.0240842
-0.139911
-0.142242
-0.144459
-0.146562
-0.148555
-0.150439
-0.152218
-0.153897
-0.155482
-0.156983
-0.15841
-0.15978
-0.161111
-0.162423
-0.16374
-0.16509
-0.166499
-0.168001
-0.169636
-0.171466
-0.173599
-0.176261
-0.180289
-0.188543
-0.133542
-0.136015
-0.138386
-0.140657
-0.142832
-0.144916
-0.146914
-0.148834
-0.150685
-0.15248
-0.154234
-0.155966
-0.1577
-0.159463
-0.161288
-0.163213
-0.165281
-0.167546
-0.170071
-0.172938
-0.176245
-0.180074
-0.184387
-0.192454
-0.12737
-0.129998
-0.132541
-0.135003
-0.13739
-0.139706
-0.14196
-0.144159
-0.146313
-0.148433
-0.150534
-0.15263
-0.15474
-0.156884
-0.159083
-0.161363
-0.16375
-0.166269
-0.168945
-0.171798
-0.174836
-0.178107
-0.181256
-0.18873
-0.121289
-0.124039
-0.126715
-0.129319
-0.131858
-0.134337
-0.136761
-0.139137
-0.141472
-0.143776
-0.146057
-0.148326
-0.150597
-0.152882
-0.155197
-0.157559
-0.159985
-0.162496
-0.165114
-0.167873
-0.170806
-0.174094
-0.177176
-0.184632
-0.115262
-0.118102
-0.120875
-0.123585
-0.126235
-0.12883
-0.131374
-0.133874
-0.136335
-0.138765
-0.141171
-0.143564
-0.145954
-0.148354
-0.15078
-0.15325
-0.155784
-0.15841
-0.161156
-0.164064
-0.167146
-0.170595
-0.173608
-0.180551
-0.109314
-0.112223
-0.115073
-0.117865
-0.120605
-0.123295
-0.125941
-0.128546
-0.131119
-0.133663
-0.136188
-0.138703
-0.141217
-0.143743
-0.146295
-0.148889
-0.151544
-0.154278
-0.157112
-0.160074
-0.16314
-0.166522
-0.169377
-0.175739
-0.103465
-0.106425
-0.109333
-0.112189
-0.114999
-0.117765
-0.120492
-0.123184
-0.125846
-0.128484
-0.131104
-0.133714
-0.136323
-0.138939
-0.141574
-0.144239
-0.146946
-0.149712
-0.152548
-0.155483
-0.158493
-0.16181
-0.16463
-0.170447
-0.0977213
-0.100716
-0.103663
-0.106566
-0.109425
-0.112246
-0.115031
-0.117785
-0.120511
-0.123214
-0.1259
-0.128574
-0.131242
-0.133913
-0.136594
-0.139296
-0.142029
-0.144807
-0.147642
-0.150565
-0.153546
-0.156802
-0.159608
-0.164838
-0.0951036
-0.0980744
-0.101005
-0.103897
-0.106753
-0.109577
-0.112372
-0.115141
-0.117888
-0.120617
-0.123334
-0.126043
-0.12875
-0.131464
-0.134191
-0.136942
-0.139728
-0.142557
-0.145454
-0.148389
-0.151545
-0.154325
-0.158984
-0.0895952
-0.0925759
-0.0955197
-0.0984289
-0.101306
-0.104153
-0.106972
-0.109768
-0.112543
-0.1153
-0.118043
-0.120778
-0.123508
-0.12624
-0.128979
-0.131733
-0.13451
-0.137315
-0.14017
-0.143047
-0.146098
-0.148857
-0.153004
-0.0841981
-0.0871767
-0.0901218
-0.0930354
-0.0959194
-0.0987758
-0.101607
-0.104415
-0.107203
-0.109974
-0.11273
-0.115476
-0.118214
-0.120949
-0.123687
-0.126431
-0.129188
-0.131964
-0.134774
-0.137598
-0.140549
-0.143287
-0.146994
-0.0789172
-0.0818835
-0.0848194
-0.0877264
-0.0906061
-0.0934603
-0.0962908
-0.0990996
-0.101889
-0.104661
-0.107417
-0.110162
-0.112897
-0.115626
-0.118353
-0.121081
-0.123815
-0.126559
-0.129325
-0.132097
-0.134956
-0.137666
-0.141014
-0.073757
-0.0767021
-0.0796195
-0.0825104
-0.0853762
-0.0882183
-0.0910382
-0.0938375
-0.0966178
-0.0993809
-0.102129
-0.104863
-0.107587
-0.110303
-0.113012
-0.115719
-0.118426
-0.121136
-0.123857
-0.126579
-0.129356
-0.132035
-0.135104
-0.068721
-0.0716372
-0.0745282
-0.077395
-0.0802387
-0.0830603
-0.0858612
-0.0886425
-0.0914056
-0.094152
-0.096883
-0.0996003
-0.102306
-0.105001
-0.107687
-0.110368
-0.113045
-0.11572
-0.118398
-0.121074
-0.123781
-0.126426
-0.129283
-0.0638122
-0.0666931
-0.069551
-0.0723867
-0.0752011
-0.0779952
-0.0807698
-0.0835261
-0.0862649
-0.0889876
-0.091695
-0.0943886
-0.0970694
-0.099739
-0.102399
-0.10505
-0.107694
-0.110334
-0.112971
-0.115603
-0.118249
-0.120859
-0.123558
-0.0590332
-0.0618731
-0.0646921
-0.0674908
-0.0702699
-0.0730303
-0.0757725
-0.0784976
-0.0812062
-0.0838991
-0.0865774
-0.0892418
-0.0918934
-0.094533
-0.0971619
-0.0997809
-0.102391
-0.104994
-0.107592
-0.110182
-0.112774
-0.115346
-0.117929
-0.0543857
-0.05718
-0.0599551
-0.0627118
-0.0654505
-0.0681719
-0.0708765
-0.073565
-0.0762381
-0.0788964
-0.0815405
-0.0841712
-0.0867892
-0.0893951
-0.0919898
-0.0945739
-0.0971483
-0.0997137
-0.102271
-0.104821
-0.107366
-0.109899
-0.112394
-0.0498712
-0.0526158
-0.055343
-0.0580533
-0.0607472
-0.0634252
-0.0660877
-0.0687352
-0.0713683
-0.0739875
-0.0765932
-0.0791861
-0.0817666
-0.0843352
-0.0868926
-0.0894392
-0.0919756
-0.0945023
-0.0970201
-0.0995291
-0.102029
-0.104523
-0.106951
-0.0454904
-0.048182
-0.0508578
-0.0535182
-0.0561636
-0.0587944
-0.0614109
-0.0640136
-0.0666029
-0.0691791
-0.0717427
-0.0742941
-0.0768336
-0.0793618
-0.0818789
-0.0843854
-0.0868817
-0.0893681
-0.091845
-0.094313
-0.0967699
-0.0992238
-0.101597
-0.0412435
-0.0438795
-0.0465011
-0.0491087
-0.0517025
-0.0542829
-0.0568503
-0.0594048
-0.0619469
-0.0644769
-0.0669951
-0.0695017
-0.0719972
-0.0744819
-0.076956
-0.0794198
-0.0818737
-0.0843179
-0.0867526
-0.0891784
-0.0915924
-0.0940046
-0.0963311
-0.0371304
-0.0397086
-0.0422737
-0.0448261
-0.0473658
-0.0498933
-0.0524088
-0.0549124
-0.0574046
-0.0598855
-0.0623554
-0.0648145
-0.0672632
-0.0697016
-0.0721301
-0.0745487
-0.0769579
-0.0793577
-0.0817483
-0.0841304
-0.0865007
-0.0888695
-0.0911525
-0.0331503
-0.0356691
-0.038176
-0.0406712
-0.043155
-0.0456274
-0.0480888
-0.0505393
-0.0529791
-0.0554086
-0.0578277
-0.0602369
-0.0626363
-0.0650261
-0.0674065
-0.0697776
-0.0721398
-0.0744931
-0.0768376
-0.0791739
-0.081499
-0.0838226
-0.0860627
-0.0293023
-0.0317606
-0.0342079
-0.0366446
-0.0390707
-0.0414864
-0.043892
-0.0462875
-0.0486731
-0.0510491
-0.0534156
-0.0557727
-0.0581207
-0.0604597
-0.0627898
-0.0651113
-0.0674243
-0.069729
-0.0720253
-0.074314
-0.076592
-0.0788683
-0.0810646
-0.0255852
-0.027982
-0.0303688
-0.0327459
-0.0351132
-0.037471
-0.0398194
-0.0421585
-0.0444885
-0.0468095
-0.0491216
-0.0514249
-0.0537198
-0.0560061
-0.0582842
-0.0605542
-0.0628161
-0.0650702
-0.0673164
-0.0695553
-0.0717843
-0.0740113
-0.0761622
-0.0219971
-0.0243321
-0.0266579
-0.0289747
-0.0312825
-0.0335815
-0.0358718
-0.0381534
-0.0404265
-0.0426913
-0.0449477
-0.047196
-0.0494363
-0.0516686
-0.0538931
-0.0561099
-0.0583191
-0.0605209
-0.0627153
-0.0649027
-0.0670808
-0.0692567
-0.0713601
-0.0185365
-0.0208094
-0.0230739
-0.0253301
-0.027578
-0.0298176
-0.0320491
-0.0342726
-0.0364881
-0.0386958
-0.0408957
-0.0430879
-0.0452724
-0.0474495
-0.0496192
-0.0517817
-0.0539369
-0.056085
-0.0582261
-0.0603605
-0.0624861
-0.0646093
-0.0666634
-0.0152012
-0.0174123
-0.0196155
-0.021811
-0.0239987
-0.0261788
-0.0283513
-0.0305162
-0.0326737
-0.0348237
-0.0369664
-0.0391018
-0.04123
-0.0433511
-0.0454652
-0.0475722
-0.0496724
-0.0517658
-0.0538525
-0.0559327
-0.0580045
-0.0600738
-0.0620772
-0.0119891
-0.0141387
-0.0162809
-0.0184159
-0.0205437
-0.0226643
-0.0247777
-0.026884
-0.0289832
-0.0310754
-0.0331606
-0.0352389
-0.0373103
-0.0393749
-0.0414327
-0.0434838
-0.0455283
-0.0475663
-0.0495977
-0.0516228
-0.05364
-0.0556544
-0.057606
-0.00889798
-0.0109866
-0.0130684
-0.0151433
-0.0172115
-0.0192729
-0.0213275
-0.0233753
-0.0254164
-0.0274508
-0.0294785
-0.0314996
-0.033514
-0.0355219
-0.0375233
-0.0395182
-0.0415066
-0.0434887
-0.0454644
-0.047434
-0.0493959
-0.0513548
-0.0532539
-0.00592537
-0.00795382
-0.00997585
-0.0119914
-0.0140006
-0.0160033
-0.0179995
-0.0199893
-0.0219726
-0.0239495
-0.02592
-0.027884
-0.0298417
-0.031793
-0.0337379
-0.0356765
-0.0376089
-0.039535
-0.0414548
-0.0433687
-0.045275
-0.0471782
-0.0490244
-0.00306887
-0.00503813
-0.0070013
-0.00895836
-0.0109093
-0.012854
-0.0147926
-0.0167249
-0.0186511
-0.020571
-0.0224846
-0.0243921
-0.0262933
-0.0281883
-0.0300771
-0.0319597
-0.0338362
-0.0357065
-0.0375706
-0.0394288
-0.0412796
-0.0431271
-0.0449205
-0.000326008
-0.00223718
-0.00414254
-0.00604206
-0.00793569
-0.00982339
-0.0117051
-0.0135808
-0.0154505
-0.0173142
-0.0191718
-0.0210233
-0.0228687
-0.024708
-0.0265412
-0.0283683
-0.0301893
-0.0320042
-0.033813
-0.0356159
-0.0374115
-0.0392036
-0.0409444
0.00230572
0.000451409
-0.00139734
-0.00324047
-0.00507791
-0.00690962
-0.00873553
-0.0105556
-0.0123698
-0.0141781
-0.0159805
-0.0177769
-0.0195673
-0.0213517
-0.02313
-0.0249023
-0.0266685
-0.0284287
-0.0301828
-0.031931
-0.033672
-0.0354093
-0.037098
0.0048288
0.00303
0.00123656
-0.000551435
-0.00233393
-0.00411084
-0.00588211
-0.00764769
-0.00940751
-0.0111615
-0.0129097
-0.014652
-0.0163883
-0.0181188
-0.0198432
-0.0215616
-0.0232739
-0.0249802
-0.0266805
-0.0283747
-0.0300619
-0.0317451
-0.0333826
0.0072457
0.00550097
0.00376144
0.00202719
0.000298311
-0.00142513
-0.00314304
-0.00485536
-0.00656203
-0.00826298
-0.00995815
-0.0116475
-0.013331
-0.0150085
-0.0166801
-0.0183457
-0.0200052
-0.0216587
-0.0233061
-0.0249474
-0.0265818
-0.0282119
-0.0297991
0.00955886
0.00786667
0.00617955
0.00449758
0.00282086
0.00114949
-0.000516466
-0.00217691
-0.00383177
-0.00548098
-0.00712445
-0.00876215
-0.010394
-0.0120199
-0.0136399
-0.0152539
-0.0168618
-0.0184637
-0.0200594
-0.021649
-0.0232318
-0.0248099
-0.0263479
0.0117706
0.0101294
0.00849312
0.00686188
0.0052358
0.00361497
0.00199949
0.000389454
-0.00121506
-0.00281395
-0.00440717
-0.00599462
-0.00757623
-0.00915196
-0.0107217
-0.0122855
-0.0138432
-0.0153947
-0.0169401
-0.0184794
-0.0200117
-0.0215393
-0.0230293
0.0138834
0.0122914
0.0107043
0.0091222
0.00754515
0.00597329
0.00440671
0.00284552
0.00128982
-0.000260304
-0.00180477
-0.00334348
-0.00487638
-0.00640337
-0.0079244
-0.0094394
-0.0109483
-0.012451
-0.0139476
-0.0154379
-0.0169214
-0.0183998
-0.0198433
0.0158992
0.0143549
0.0128153
0.0112806
0.00975092
0.00822636
0.00670704
0.00519308
0.00368456
0.0021816
0.000684284
-0.000807297
-0.00229306
-0.00377291
-0.00524679
-0.00671461
-0.0081763
-0.00963181
-0.011081
-0.012524
-0.0139601
-0.0153911
-0.0167894
0.0178204
0.0163219
0.014828
0.0133391
0.011855
0.0103761
0.0089023
0.00743387
0.00597085
0.00451337
0.00306152
0.0016154
0.000175109
-0.00125927
-0.00268766
-0.00410997
-0.00552613
-0.00693605
-0.00833968
-0.00973698
-0.0111274
-0.0125125
-0.0138674
0.0196488
0.0181943
0.0167445
0.0152994
0.0138593
0.0124242
0.0109942
0.00956957
0.00815032
0.00673657
0.00532846
0.00392606
0.00252949
0.00113884
-0.000245794
-0.00162434
-0.0029967
-0.0043628
-0.00572256
-0.00707595
-0.00842251
-0.00976349
-0.0110766
0.0213864
0.0199741
0.0185665
0.0171635
0.0157655
0.0143724
0.0129845
0.0116018
0.0102245
0.00885271
0.00748653
0.00612607
0.00477143
0.00342272
0.00208002
0.000743439
-0.000586942
-0.00191104
-0.00322877
-0.00454008
-0.00584457
-0.00714333
-0.00841636
0.0230349
0.021663
0.0202956
0.018933
0.0175752
0.0162223
0.0148745
0.013532
0.0121949
0.0108632
0.00953711
0.00821673
0.00690218
0.00559355
0.00429094
0.00299445
0.00170418
0.000420204
-0.000857378
-0.00212851
-0.00339285
-0.0046513
-0.00588611
0.0245958
0.0232624
0.0219335
0.0206093
0.0192898
0.0179753
0.0166659
0.0153616
0.0140627
0.0127693
0.0114814
0.0101993
0.0089229
0.00765245
0.00638802
0.00512972
0.00387763
0.00263184
0.00139246
0.000159543
-0.0010666
-0.00228674
-0.00348519
0.0260705
0.0247737
0.0234814
0.0221937
0.0209108
0.0196327
0.0183597
0.0170918
0.0158293
0.0145722
0.0133206
0.0120747
0.0108346
0.00960042
0.00837222
0.00715014
0.00593426
0.00472468
0.00352151
0.0023248
0.00113484
-4.90276e-05
-0.00121305
0.0274602
0.0261982
0.0249405
0.0236875
0.0224391
0.0211956
0.0199571
0.0187237
0.0174955
0.0162728
0.0150556
0.013844
0.0126382
0.0114383
0.0102443
0.00905646
0.00787478
0.00669939
0.00553038
0.00436784
0.003212
0.00206232
0.000930752
0.028766
0.0275367
0.0263119
0.0250915
0.0238757
0.0226648
0.0214588
0.0202579
0.0190623
0.017872
0.0166871
0.0155079
0.0143344
0.0131667
0.0120049
0.0108493
0.00969973
0.00855646
0.00741954
0.00628906
0.00516523
0.00404761
0.00294649
0.0299886
0.0287902
0.0275961
0.0264064
0.0252214
0.0240411
0.0228657
0.0216953
0.0205301
0.0193702
0.0182157
0.0170668
0.0159235
0.014786
0.0136544
0.0125289
0.0114094
0.0102961
0.0091892
0.00808864
0.00699468
0.00590694
0.00483421
0.029959
0.0287937
0.0276328
0.0264764
0.0253248
0.0241779
0.0230361
0.0218993
0.0207678
0.0196416
0.0185209
0.0174058
0.0162965
0.015193
0.0140954
0.0130038
0.0119185
0.0108393
0.00976652
0.00870023
0.00764017
0.00659371
0.0310433
0.0299049
0.0287707
0.027641
0.026516
0.0253957
0.0242803
0.0231699
0.0220647
0.0209647
0.0198702
0.0187812
0.0176979
0.0166203
0.0155485
0.0144828
0.0134231
0.0123695
0.0113223
0.0102814
0.00924677
0.00822446
0.0320432
0.0309296
0.0298201
0.0287151
0.0276146
0.0265187
0.0254277
0.0243416
0.0232606
0.0221848
0.0211143
0.0200492
0.0189897
0.0179358
0.0168878
0.0158455
0.0148093
0.0137791
0.0127551
0.0117375
0.0107259
0.00972553
0.0329581
0.0318672
0.0307804
0.0296979
0.0286199
0.0275464
0.0264776
0.0254137
0.0243548
0.0233009
0.0222522
0.0212089
0.020171
0.0191387
0.018112
0.0170911
0.0160761
0.015067
0.0140639
0.0130671
0.0120763
0.0110955
0.0337874
0.0327171
0.0316509
0.0305888
0.0295311
0.0284778
0.0274291
0.0263852
0.0253461
0.024312
0.0232829
0.0222591
0.0212405
0.0202274
0.0192199
0.0182179
0.0172217
0.0162313
0.0152468
0.0142684
0.0132959
0.0123326
0.0345295
0.0334777
0.0324299
0.0313861
0.0303465
0.0293112
0.0282805
0.0272543
0.0262328
0.0252162
0.0242045
0.0231979
0.0221964
0.0212002
0.0202094
0.019224
0.0182442
0.0172701
0.0163018
0.0153393
0.0143827
0.0134342
0.0351833
0.0341477
0.033116
0.0320882
0.0310644
0.0300449
0.0290297
0.0280189
0.0270127
0.0260111
0.0250144
0.0240225
0.0230356
0.0220539
0.0210773
0.0201061
0.0191403
0.0181799
0.0172252
0.0162762
0.0153328
0.0143968
0.0357458
0.0347243
0.0337065
0.0326925
0.0316824
0.0306764
0.0296745
0.0286769
0.0276836
0.0266948
0.0257107
0.0247312
0.0237566
0.0227868
0.0218221
0.0208624
0.019908
0.0189588
0.018015
0.0170766
0.0161437
0.0152175
0.0362141
0.0352041
0.0341976
0.0331947
0.0321956
0.0312004
0.0302091
0.0292219
0.0282389
0.0272603
0.026286
0.0253162
0.0243511
0.0233906
0.022435
0.0214843
0.0205385
0.0195979
0.0186624
0.0177322
0.0168073
0.0158884
0.0365877
0.0355872
0.0345901
0.0335964
0.0326063
0.0316197
0.030637
0.029658
0.028683
0.0277121
0.0267453
0.0257827
0.0248245
0.0238707
0.0229214
0.0219767
0.0210366
0.0201013
0.0191709
0.0182453
0.0173247
0.0164096
0.0368494
0.035855
0.0348637
0.0338758
0.0328912
0.03191
0.0309325
0.0299586
0.0289884
0.0280222
0.0270598
0.0261016
0.0251475
0.0241976
0.023252
0.0223109
0.0213742
0.0204421
0.0195147
0.018592
0.0176741
0.0167612
0.0370309
0.0360414
0.0350548
0.034071
0.0330903
0.0321126
0.0311382
0.030167
0.0291991
0.0282347
0.0272737
0.0263164
0.0253627
0.0244128
0.0234667
0.0225245
0.0215863
0.0206522
0.0197221
0.0187963
0.0178747
0.0169575
0.0369356
0.0359441
0.0349554
0.0339696
0.0329867
0.0320069
0.0310302
0.0300567
0.0290866
0.0281198
0.0271564
0.0261966
0.0252404
0.0242879
0.0233392
0.0223943
0.0214533
0.0205164
0.0195835
0.0186547
0.0177302
0.0168099
0.0367549
0.0357586
0.0347653
0.0337753
0.0327886
0.0318053
0.0308255
0.0298494
0.028877
0.0279083
0.0269436
0.0259829
0.0250263
0.0240739
0.0231257
0.0221819
0.0212426
0.0203077
0.0193775
0.0184519
0.0175311
0.0166152
0.0364951
0.0354927
0.0344936
0.0334979
0.0325057
0.0315171
0.0305322
0.0295511
0.0285739
0.0276006
0.0266315
0.0256666
0.0247059
0.0237496
0.0227978
0.0218505
0.0209078
0.0199698
0.0190366
0.0181083
0.0171849
0.0162668
0.0371394
0.0361242
0.0351124
0.034104
0.0330992
0.0320981
0.0311008
0.0301075
0.0291182
0.0281331
0.0271522
0.0261757
0.0252036
0.0242361
0.0232733
0.0223153
0.021362
0.0204138
0.0194706
0.0185325
0.0175996
0.016672
0.0157504
0.0366863
0.0356595
0.0346363
0.0336166
0.0326008
0.0315888
0.0305808
0.029577
0.0285773
0.027582
0.0265912
0.0256049
0.0246233
0.0236464
0.0226744
0.0217074
0.0207454
0.0197885
0.0188369
0.0178906
0.0169497
0.0160143
0.0150855
0.0361421
0.0351013
0.034064
0.0330306
0.032001
0.0309755
0.0299542
0.0289371
0.0279244
0.0269163
0.0259128
0.0249141
0.0239202
0.0229312
0.0219474
0.0209687
0.0199953
0.0190272
0.0180646
0.0171076
0.0161562
0.0152105
0.0142721
0.0355096
0.0344524
0.0333991
0.0323497
0.0313043
0.030263
0.0292261
0.0281937
0.0271658
0.0261425
0.0251241
0.0241106
0.0231021
0.0220987
0.0211006
0.0201078
0.0191204
0.0181386
0.0171625
0.016192
0.0152274
0.0142686
0.0133179
0.0347915
0.0337159
0.0326442
0.0315765
0.030513
0.0294538
0.028399
0.0273488
0.0263033
0.0252626
0.0242268
0.0231962
0.0221706
0.0211504
0.0201356
0.0191262
0.0181225
0.0171245
0.0161322
0.0151459
0.0141656
0.0131912
0.0122258
0.0339888
0.0328926
0.0318005
0.0307124
0.0296287
0.0285493
0.0274745
0.0264044
0.0253391
0.0242788
0.0232235
0.0221734
0.0211286
0.0200892
0.0190554
0.0180272
0.0170047
0.0159881
0.0149774
0.0139727
0.0129742
0.0119818
0.0109994
0.0331031
0.0319843
0.0308695
0.029759
0.0286529
0.0275513
0.0264543
0.0253622
0.0242749
0.0231927
0.0221157
0.021044
0.0199777
0.0189169
0.0178618
0.0168124
0.0157689
0.0147314
0.0136999
0.0126745
0.0116555
0.0106426
0.00964084
0.0321348
0.0309913
0.029852
0.028717
0.0275864
0.0264604
0.0253392
0.0242229
0.0231116
0.0220054
0.0209045
0.019809
0.018719
0.0176347
0.0165561
0.0154834
0.0144166
0.0133559
0.0123013
0.011253
0.0102111
0.00917545
0.0081521
0.0310844
0.0299142
0.0287483
0.0275867
0.0264297
0.0252774
0.0241298
0.0229873
0.0218498
0.0207176
0.0195907
0.0184694
0.0173536
0.0162435
0.0151393
0.014041
0.0129488
0.0118627
0.0107828
0.00970932
0.00864233
0.00758156
0.00653444
0.0299518
0.028753
0.0275584
0.0263684
0.0251829
0.0240021
0.0228263
0.0216555
0.0204899
0.0193295
0.0181746
0.0170253
0.0158816
0.0147437
0.0136117
0.0124858
0.0113659
0.0102523
0.00914499
0.00804408
0.00694978
0.00586171
0.00478869
0.0287368
0.0275073
0.0262822
0.0250616
0.0238457
0.0226346
0.0214285
0.0202274
0.0190316
0.0178411
0.0166562
0.0154768
0.0143032
0.0131354
0.0119736
0.0108179
0.00966833
0.00852504
0.00738812
0.00625766
0.00513388
0.00401632
0.00291531
0.0274387
0.0261767
0.0249191
0.0236661
0.0224178
0.0211743
0.0199359
0.0187026
0.0174747
0.0162521
0.0150351
0.0138237
0.0126181
0.0114184
0.0102247
0.00903717
0.00785582
0.00668079
0.00551217
0.00435004
0.00319465
0.00204545
0.000914431
0.0260567
0.0247602
0.0234682
0.0221808
0.0208982
0.0196205
0.0183479
0.0170805
0.0158184
0.0145617
0.0133107
0.0120653
0.0108258
0.00959218
0.00836462
0.00714321
0.00592804
0.00471921
0.00351683
0.00232096
0.00113188
-5.10687e-05
-0.0012141
0.0245898
0.0232569
0.0219286
0.0206049
0.0192861
0.0179723
0.0166635
0.01536
0.0140619
0.0127692
0.0114822
0.0102009
0.00892549
0.00765601
0.0063926
0.00513535
0.00388437
0.00263974
0.00140157
0.000169924
-0.00105489
-0.00227365
-0.00347065
0.0230366
0.0216655
0.020299
0.0189372
0.0175803
0.0162284
0.0148817
0.0135402
0.0122041
0.0108736
0.00954868
0.00822955
0.00691628
0.005609
0.00430779
0.00301277
0.00172402
0.000441627
-0.000834305
-0.00210372
-0.00336627
-0.00462287
-0.00585573
0.0213958
0.0199846
0.0185781
0.0171763
0.0157794
0.0143876
0.013001
0.0116197
0.0102438
0.00887353
0.00750889
0.00615003
0.00479706
0.00345008
0.00210919
0.000774482
-0.000553952
-0.00187603
-0.00319165
-0.00450078
-0.00580302
-0.00709942
-0.00837001
0.0196657
0.0182126
0.0167642
0.0153206
0.0138819
0.0124484
0.0110201
0.00959711
0.00817962
0.00676772
0.00536151
0.00396109
0.00256658
0.00117806
-0.000204361
-0.00158061
-0.00295058
-0.00431422
-0.00567142
-0.00702215
-0.00836596
-0.00970408
-0.0110142
0.0178446
0.0163477
0.0148556
0.0133683
0.0118861
0.0104091
0.00893728
0.00747087
0.00600998
0.00455469
0.00310512
0.00166136
0.00022351
-0.00120834
-0.00263409
-0.00405367
-0.005467
-0.006874
-0.00827459
-0.00966875
-0.011056
-0.0124377
-0.0137891
0.0159305
0.0143881
0.0128505
0.0113178
0.00979028
0.00826793
0.00675091
0.00523932
0.00373327
0.00223286
0.000738195
-0.000750641
-0.00223356
-0.00371046
-0.00518129
-0.00664594
-0.00810436
-0.00955648
-0.0110022
-0.0124415
-0.0138739
-0.015301
-0.0166953
0.0139214
0.0123317
0.0107469
0.00916708
0.00759247
0.00602313
0.00445917
0.0029007
0.00134782
-0.000199388
-0.00174083
-0.00327641
-0.00480606
-0.0063297
-0.00784725
-0.00935865
-0.0108638
-0.0123627
-0.0138553
-0.0153415
-0.0168207
-0.0182947
-0.0197336
0.0118152
0.0101764
0.00854265
0.00691406
0.00529072
0.00367273
0.0020602
0.000453222
-0.00114812
-0.00274374
-0.00433356
-0.00591749
-0.00749547
-0.00906742
-0.0106333
-0.012193
-0.0137465
-0.0152938
-0.0168347
-0.0183693
-0.0198969
-0.0214196
-0.0229046
0.00960942
0.00791997
0.00623569
0.00455666
0.00288299
0.00121477
-0.000447914
-0.00210497
-0.00375632
-0.00540189
-0.0070416
-0.0086754
-0.0103032
-0.011925
-0.0135406
-0.0151502
-0.0167535
-0.0183506
-0.0199413
-0.0215259
-0.0231033
-0.024676
-0.0262085
0.00730189
0.00556017
0.00382375
0.00209272
0.000367185
-0.00135279
-0.00306711
-0.00477572
-0.00647853
-0.0081755
-0.00986654
-0.0115516
-0.0132307
-0.0149036
-0.0165705
-0.0182312
-0.0198856
-0.0215339
-0.0231759
-0.0248116
-0.0264403
-0.0280644
-0.0296456
0.00489015
0.00309461
0.00130456
-0.000479936
-0.00225879
-0.00403195
-0.00579932
-0.00756086
-0.00931651
-0.0110662
-0.0128099
-0.0145475
-0.0162791
-0.0180046
-0.0197238
-0.0214369
-0.0231438
-0.0248445
-0.0265388
-0.028227
-0.029908
-0.0315847
-0.0332157
0.00237173
0.000520933
-0.00132418
-0.00316353
-0.00499707
-0.00682472
-0.00864645
-0.0104622
-0.0122719
-0.0140756
-0.0158731
-0.0176645
-0.0194497
-0.0212288
-0.0230016
-0.0247682
-0.0265286
-0.0282827
-0.0300305
-0.0317721
-0.0335065
-0.0352368
-0.0369186
-0.000255868
-0.00216329
-0.00406477
-0.00596026
-0.00784972
-0.00973309
-0.0116103
-0.0134814
-0.0153463
-0.017205
-0.0190575
-0.0209036
-0.0227435
-0.0245772
-0.0264045
-0.0282255
-0.0300402
-0.0318487
-0.0336508
-0.0354467
-0.0372352
-0.0390199
-0.0407534
-0.00299517
-0.00496045
-0.00691951
-0.0088723
-0.0108188
-0.012759
-0.0146928
-0.0166202
-0.0185413
-0.0204559
-0.0223641
-0.024266
-0.0261614
-0.0280503
-0.0299329
-0.0318091
-0.0336789
-0.0355423
-0.0373994
-0.0392502
-0.0410935
-0.0429332
-0.0447188
-0.00584869
-0.00787296
-0.00989066
-0.0119018
-0.0139063
-0.0159041
-0.0178954
-0.01988
-0.021858
-0.0238294
-0.0257941
-0.0277522
-0.0297037
-0.0316487
-0.0335871
-0.0355189
-0.0374443
-0.0393632
-0.0412756
-0.0431818
-0.0450802
-0.0469752
-0.0488133
-0.00881894
-0.0109032
-0.0129804
-0.0150507
-0.017114
-0.0191704
-0.0212197
-0.0232622
-0.0252977
-0.0273263
-0.029348
-0.0313629
-0.033371
-0.0353722
-0.0373668
-0.0393546
-0.0413358
-0.0433103
-0.0452783
-0.0472399
-0.0491935
-0.0511439
-0.0530346
-0.0119084
-0.0140534
-0.0161909
-0.018321
-0.0204438
-0.0225591
-0.0246671
-0.0267678
-0.0288613
-0.0309474
-0.0330264
-0.0350983
-0.0371631
-0.0392208
-0.0412715
-0.0433153
-0.0453523
-0.0473824
-0.0494058
-0.0514227
-0.0534313
-0.0554369
-0.0573798
-0.0151194
-0.0173257
-0.0195241
-0.0217146
-0.0238971
-0.0260718
-0.0282387
-0.0303979
-0.0325493
-0.0346932
-0.0368295
-0.0389583
-0.0410796
-0.0431936
-0.0453004
-0.0473999
-0.0494923
-0.0515777
-0.0536561
-0.0557278
-0.0577909
-0.0598512
-0.0618457
-0.0184543
-0.0207224
-0.0229819
-0.0252329
-0.0274754
-0.0297095
-0.0319353
-0.0341529
-0.0363623
-0.0385636
-0.0407569
-0.0429423
-0.0451199
-0.0472898
-0.049452
-0.0516067
-0.053754
-0.0558939
-0.0580265
-0.0601523
-0.062269
-0.064383
-0.0664282
-0.0219152
-0.0242452
-0.026566
-0.0288775
-0.0311798
-0.0334732
-0.0357576
-0.0380332
-0.0403001
-0.0425584
-0.0448081
-0.0470495
-0.0492826
-0.0515076
-0.0537245
-0.0559335
-0.0581347
-0.0603282
-0.062514
-0.0646926
-0.0668617
-0.0690283
-0.0711227
-0.0255041
-0.027896
-0.0302777
-0.0326494
-0.0350112
-0.0373633
-0.0397058
-0.0420388
-0.0443624
-0.0466768
-0.0489822
-0.0512786
-0.0535662
-0.0558452
-0.0581156
-0.0603777
-0.0626315
-0.0648772
-0.0671148
-0.0693449
-0.0715649
-0.0737825
-0.0759244
-0.029223
-0.0316762
-0.0341183
-0.0365496
-0.0389702
-0.0413802
-0.0437797
-0.0461691
-0.0485484
-0.0509178
-0.0532775
-0.0556276
-0.0579684
-0.0602999
-0.0626224
-0.064936
-0.0672409
-0.0695372
-0.071825
-0.0741049
-0.0763739
-0.0786409
-0.0808284
-0.0330733
-0.0355871
-0.0380888
-0.0405786
-0.0430568
-0.0455234
-0.0479789
-0.0504232
-0.0528567
-0.0552796
-0.057692
-0.0600942
-0.0624864
-0.0648688
-0.0672415
-0.0696049
-0.071959
-0.074304
-0.07664
-0.0789677
-0.081284
-0.0835984
-0.0858299
-0.0370563
-0.0396296
-0.0421895
-0.0447365
-0.0472708
-0.0497925
-0.0523021
-0.0547996
-0.0572855
-0.0597599
-0.0622231
-0.0646753
-0.0671169
-0.069548
-0.071969
-0.07438
-0.0767812
-0.0791729
-0.0815552
-0.0839288
-0.0862905
-0.0886505
-0.0909251
-0.0411732
-0.0438042
-0.0464207
-0.049023
-0.0516114
-0.0541862
-0.0567477
-0.0592963
-0.0618322
-0.0643558
-0.0668674
-0.0693673
-0.0718558
-0.0743334
-0.0768001
-0.0792565
-0.0817027
-0.084139
-0.0865656
-0.0889833
-0.091389
-0.0937927
-0.0961113
-0.0454244
-0.0481112
-0.050782
-0.0534373
-0.0560773
-0.0587026
-0.0613134
-0.0639103
-0.0664935
-0.0690635
-0.0716207
-0.0741655
-0.0766983
-0.0792196
-0.0817296
-0.0842289
-0.0867178
-0.0891967
-0.091666
-0.0941262
-0.0965751
-0.099021
-0.101387
-0.0498103
-0.0525502
-0.0552725
-0.0579778
-0.0606665
-0.0633391
-0.0659961
-0.068638
-0.0712653
-0.0738785
-0.0764781
-0.0790646
-0.0816386
-0.0842007
-0.0867513
-0.0892911
-0.0918205
-0.0943401
-0.0968506
-0.0993524
-0.101845
-0.104332
-0.106753
-0.051521
-0.0543305
-0.0571202
-0.0598907
-0.0626425
-0.0653762
-0.0680925
-0.0707918
-0.073475
-0.0761425
-0.078795
-0.0814334
-0.0840581
-0.0866699
-0.0892696
-0.091858
-0.0944356
-0.0970036
-0.0995624
-0.102113
-0.104656
-0.107194
-0.109721
-0.11221
-0.0561268
-0.0589842
-0.0618199
-0.0646344
-0.0674285
-0.0702029
-0.0729583
-0.0756956
-0.0784155
-0.0811189
-0.0838065
-0.0864793
-0.0891381
-0.091784
-0.0944179
-0.0970409
-0.099654
-0.102259
-0.104855
-0.107447
-0.110031
-0.112618
-0.115184
-0.117761
-0.0608694
-0.0637702
-0.066647
-0.0695007
-0.0723321
-0.0751421
-0.0779316
-0.0807016
-0.083453
-0.0861871
-0.0889047
-0.0916072
-0.0942956
-0.0969713
-0.0996356
-0.10229
-0.104936
-0.107575
-0.110209
-0.112841
-0.115468
-0.118109
-0.120714
-0.123409
-0.0657476
-0.0686865
-0.071599
-0.0744861
-0.0773488
-0.0801884
-0.0830058
-0.0858024
-0.0885794
-0.0913381
-0.09408
-0.0968065
-0.0995192
-0.10222
-0.10491
-0.107592
-0.110268
-0.112941
-0.115611
-0.118285
-0.120957
-0.12366
-0.126301
-0.129155
-0.07076
-0.0737306
-0.0766722
-0.079586
-0.0824733
-0.0853354
-0.0881737
-0.0909898
-0.0937852
-0.0965616
-0.0993207
-0.102065
-0.104795
-0.107515
-0.110227
-0.112932
-0.115635
-0.118338
-0.121045
-0.123763
-0.126482
-0.129256
-0.131932
-0.135
-0.0759044
-0.0788995
-0.0818627
-0.0847953
-0.0876991
-0.0905755
-0.0934264
-0.0962536
-0.0990591
-0.101845
-0.104613
-0.107367
-0.110108
-0.11284
-0.115566
-0.11829
-0.121015
-0.123747
-0.126488
-0.129252
-0.132021
-0.134878
-0.137587
-0.140935
-0.0811784
-0.0841895
-0.0871654
-0.0901078
-0.0930186
-0.0958997
-0.0987534
-0.101582
-0.104387
-0.107172
-0.10994
-0.112694
-0.115437
-0.118173
-0.120906
-0.123641
-0.126384
-0.12914
-0.131914
-0.134723
-0.137545
-0.140497
-0.143234
-0.146942
-0.0865791
-0.0895963
-0.0925747
-0.0955162
-0.0984231
-0.101298
-0.104142
-0.10696
-0.109753
-0.112526
-0.115281
-0.118023
-0.120756
-0.123485
-0.126215
-0.128953
-0.131706
-0.134482
-0.137288
-0.140142
-0.14302
-0.146072
-0.148833
-0.152982
-0.0921027
-0.0951148
-0.0980838
-0.101012
-0.103902
-0.106757
-0.10958
-0.112373
-0.11514
-0.117886
-0.120614
-0.12333
-0.126038
-0.128745
-0.131458
-0.134186
-0.136937
-0.139723
-0.142553
-0.145453
-0.148389
-0.151548
-0.154332
-0.158994
-0.0977444
-0.100738
-0.103684
-0.106585
-0.109443
-0.112263
-0.115047
-0.1178
-0.120525
-0.123228
-0.125913
-0.128587
-0.131256
-0.133927
-0.13661
-0.139312
-0.142047
-0.144826
-0.147664
-0.15059
-0.153575
-0.156835
-0.159646
-0.164882
-0.103498
-0.106458
-0.109365
-0.112221
-0.11503
-0.117796
-0.120522
-0.123214
-0.125876
-0.128514
-0.131135
-0.133746
-0.136356
-0.138974
-0.141611
-0.144278
-0.146988
-0.149757
-0.152597
-0.155537
-0.158552
-0.161875
-0.164702
-0.170525
-0.109358
-0.112267
-0.115117
-0.117909
-0.120649
-0.123339
-0.125985
-0.128592
-0.131165
-0.133711
-0.136238
-0.138754
-0.141271
-0.1438
-0.146355
-0.148952
-0.151611
-0.154351
-0.15719
-0.160157
-0.16323
-0.16662
-0.169483
-0.175853
-0.115317
-0.118158
-0.120931
-0.123642
-0.126292
-0.128888
-0.131434
-0.133935
-0.136398
-0.13883
-0.141239
-0.143635
-0.146028
-0.148433
-0.150863
-0.153338
-0.155878
-0.158509
-0.161262
-0.164178
-0.167268
-0.170726
-0.173749
-0.180701
-0.121356
-0.124107
-0.126783
-0.129389
-0.13193
-0.13441
-0.136836
-0.139214
-0.141553
-0.143859
-0.146144
-0.148418
-0.150693
-0.152983
-0.155304
-0.157672
-0.160105
-0.162624
-0.16525
-0.168018
-0.17096
-0.174258
-0.17735
-0.184817
-0.127448
-0.130078
-0.132622
-0.135087
-0.137475
-0.139794
-0.142051
-0.144253
-0.146411
-0.148536
-0.150641
-0.152743
-0.154858
-0.157008
-0.159214
-0.161502
-0.163896
-0.166424
-0.169109
-0.171972
-0.175021
-0.178303
-0.181463
-0.188948
-0.133632
-0.136107
-0.13848
-0.140754
-0.142932
-0.14502
-0.147022
-0.148946
-0.150802
-0.152602
-0.154362
-0.1561
-0.157841
-0.159612
-0.161445
-0.163378
-0.165456
-0.16773
-0.170265
-0.173143
-0.176461
-0.180301
-0.184626
-0.192705
-0.140013
-0.142347
-0.144567
-0.146674
-0.14867
-0.150558
-0.152342
-0.154026
-0.155618
-0.157125
-0.158559
-0.159937
-0.161276
-0.162596
-0.163923
-0.165282
-0.166702
-0.168215
-0.16986
-0.171701
-0.173846
-0.176518
-0.180558
-0.188823
0.0152946
0.0131734
0.0110269
0.00885912
0.00667205
0.00446714
0.00224622
1.16886e-05
-0.00223366
-0.00448679
-0.00674449
-0.00900334
-0.0112597
-0.0135095
-0.0157487
-0.0179728
-0.0201769
-0.0223561
0.0151004
0.0129759
0.0108263
0.00865533
0.00646492
0.00425649
0.00203203
-0.000205943
-0.00245458
-0.00471083
-0.00697149
-0.0092331
-0.011492
-0.0137442
-0.0159854
-0.0182113
-0.020417
-0.0225974
0.0147413
0.0126044
0.0104463
0.0082678
0.00606956
0.0038531
0.00162078
-0.000624639
-0.00288025
-0.00514304
-0.00740978
-0.00967704
-0.0119411
-0.0141979
-0.0164433
-0.0186728
-0.0208815
-0.0230644
0.0142117
0.012059
0.00988912
0.00769996
0.0054907
0.00326295
0.00101962
-0.00123623
-0.00350163
-0.00577358
-0.00804889
-0.0103241
-0.0125954
-0.0148588
-0.01711
-0.0193444
-0.0215573
-0.0237436
0.0135271
0.0113529
0.00916756
0.00696445
0.00474079
0.00249833
0.000240666
-0.00202873
-0.00430679
-0.00659059
-0.00887692
-0.0111623
-0.0134429
-0.0157146
-0.0179732
-0.0202139
-0.0224321
-0.0246226
0.0126901
0.0104903
0.00828643
0.00606658
0.00382562
0.00156552
-0.000709306
-0.00299488
-0.00528806
-0.00758595
-0.00988539
-0.0121828
-0.0144744
-0.0167559
-0.0190231
-0.0212712
-0.0234955
-0.0256907
0.0117074
0.00947767
0.00725239
0.0050132
0.00275223
0.000471729
-0.00182289
-0.00412708
-0.0064376
-0.00875162
-0.011066
-0.0133772
-0.0156811
-0.0179737
-0.0202505
-0.0225068
-0.0247378
-0.0269381
0.0105825
0.00831909
0.0060698
0.00380896
0.00152558
-0.000777767
-0.00309449
-0.0054194
-0.00774916
-0.010081
-0.0124119
-0.0147381
-0.0170557
-0.0193603
-0.0216475
-0.0239125
-0.0261504
-0.0283561
0.00931916
0.0070183
0.00474266
0.00245812
0.000150175
-0.00217818
-0.00451904
-0.0068665
-0.00921713
-0.0115683
-0.0139169
-0.0162593
-0.0185913
-0.0209086
-0.0232066
-0.0254806
-0.0277256
-0.0299365
0.00791978
0.00557814
0.00327408
0.000964062
-0.00137033
-0.00372559
-0.00609233
-0.00846386
-0.0108367
-0.0132082
-0.0155755
-0.0179348
-0.0202819
-0.0226122
-0.0249213
-0.0272043
-0.0294563
-0.0316719
0.00638639
0.00400083
0.00166657
-0.000670432
-0.00303288
-0.00541664
-0.0078107
-0.0102075
-0.0126035
-0.0149963
-0.017383
-0.0197596
-0.022122
-0.0244655
-0.0267855
-0.0290773
-0.0313357
-0.0335556
0.00472044
0.00228808
-7.78794e-05
-0.00244309
-0.00483491
-0.00724848
-0.009671
-0.012094
-0.0145139
-0.0169285
-0.0193348
-0.021729
-0.0241066
-0.026463
-0.0287937
-0.0310936
-0.0333578
-0.035581
0.0029229
0.000441121
-0.00195775
-0.00435209
-0.0067743
-0.0092187
-0.0116705
-0.0141203
-0.0165645
-0.019001
-0.0214269
-0.0238385
-0.026231
-0.0285999
-0.0309404
-0.0332477
-0.0355166
-0.037742
0.000994361
-0.00153919
-0.00397187
-0.00639595
-0.00884927
-0.0113252
-0.0138067
-0.0162836
-0.0187521
-0.0212103
-0.0236557
-0.026084
-0.0284908
-0.0308713
-0.0332207
-0.0355342
-0.0378067
-0.0400329
-0.00106492
-0.00365233
-0.00611938
-0.00857349
-0.0110583
-0.0135661
-0.0160776
-0.0185814
-0.0210738
-0.0235534
-0.0260174
-0.0284618
-0.0308819
-0.0332728
-0.0356299
-0.0379481
-0.0402226
-0.042448
-0.00325497
-0.00589802
-0.00839965
-0.0108837
-0.0134001
-0.0159398
-0.018481
-0.0210113
-0.0235271
-0.0260271
-0.0285088
-0.030968
-0.0334
-0.0358
-0.0381631
-0.0404845
-0.0427591
-0.0449818
-0.00557601
-0.00827618
-0.0108122
-0.0133259
-0.0158735
-0.0184447
-0.0210151
-0.0235711
-0.0261091
-0.0286284
-0.0311265
-0.0335991
-0.0360414
-0.0384485
-0.0408158
-0.0431383
-0.0454111
-0.0476289
-0.00802845
-0.0107869
-0.0133568
-0.0158992
-0.0184774
-0.0210795
-0.0236781
-0.0262585
-0.0288175
-0.0313544
-0.0338671
-0.0363512
-0.0388019
-0.0412142
-0.0435834
-0.0459048
-0.0481734
-0.0503841
-0.0106128
-0.0134303
-0.0160331
-0.018603
-0.0212108
-0.0238426
-0.026468
-0.0290713
-0.0316494
-0.0342021
-0.0367274
-0.0392208
-0.0416775
-0.0440926
-0.0464614
-0.0487792
-0.051041
-0.0532419
-0.0133297
-0.0162066
-0.0188408
-0.0214366
-0.0240726
-0.0267326
-0.0293831
-0.0320073
-0.0346023
-0.0371685
-0.0397039
-0.0422041
-0.0446643
-0.0470794
-0.049445
-0.0517564
-0.0540088
-0.0561972
-0.0161796
-0.019116
-0.0217797
-0.0243993
-0.0270615
-0.0297479
-0.0324214
-0.035064
-0.0376733
-0.0402503
-0.0427931
-0.0452973
-0.0477579
-0.0501702
-0.0525296
-0.0548317
-0.0570716
-0.0592445
-0.0191632
-0.0221586
-0.0248494
-0.0274902
-0.0301764
-0.0328867
-0.0355805
-0.0382388
-0.0408595
-0.0434442
-0.0459913
-0.0484963
-0.0509542
-0.0533604
-0.0557104
-0.0579999
-0.0602241
-0.0623785
-0.022281
-0.0253344
-0.0280494
-0.0307083
-0.0334157
-0.0361472
-0.0388584
-0.041529
-0.0441577
-0.0467468
-0.0492946
-0.0517969
-0.0542487
-0.0566452
-0.0589824
-0.0612559
-0.0634612
-0.0655937
-0.0255333
-0.0286432
-0.0313788
-0.0340524
-0.0367778
-0.0395273
-0.0422522
-0.0449315
-0.0475646
-0.0501542
-0.052699
-0.0551949
-0.0576366
-0.0600199
-0.0623406
-0.0645946
-0.0667774
-0.0688847
-0.0289203
-0.0320848
-0.0348369
-0.037521
-0.0402607
-0.0430245
-0.0457593
-0.0484432
-0.0510764
-0.0536624
-0.0562003
-0.0586855
-0.0611134
-0.0634794
-0.0657798
-0.0680105
-0.0701674
-0.072246
-0.0324419
-0.0356583
-0.0384222
-0.0411123
-0.0438622
-0.046636
-0.0493764
-0.0520604
-0.0546893
-0.0572673
-0.0597937
-0.0622641
-0.0646738
-0.0670186
-0.0692946
-0.0714983
-0.0736255
-0.075672
-0.0360979
-0.039363
-0.0421332
-0.0448241
-0.0475796
-0.050359
-0.0531
-0.0557793
-0.058399
-0.0609643
-0.0634746
-0.0659257
-0.0683128
-0.070632
-0.0728797
-0.0750524
-0.0771462
-0.079157
-0.0398874
-0.0431974
-0.0459679
-0.048654
-0.05141
-0.0541898
-0.0569264
-0.0595955
-0.0622009
-0.0647484
-0.0672379
-0.0696649
-0.0720249
-0.0743141
-0.0765294
-0.0786671
-0.0807238
-0.0826954
-0.0438095
-0.0471598
-0.0499239
-0.052599
-0.0553499
-0.0581247
-0.0608511
-0.0635046
-0.0660902
-0.0686147
-0.0710782
-0.0734762
-0.0758045
-0.0780594
-0.080238
-0.0823369
-0.0843527
-0.0862815
-0.0478627
-0.0512479
-0.0539983
-0.0566557
-0.0593956
-0.0621594
-0.0648696
-0.0675015
-0.0700615
-0.0725577
-0.0749899
-0.0773541
-0.0796459
-0.0818621
-0.0839998
-0.0860559
-0.0880271
-0.0899098
-0.052045
-0.0554591
-0.0581877
-0.0608202
-0.0635427
-0.0662893
-0.0689768
-0.0715808
-0.0741095
-0.0765716
-0.0789674
-0.0812926
-0.0835433
-0.0857162
-0.0878089
-0.0898184
-0.0917415
-0.0935746
-0.0563538
-0.0597901
-0.0624882
-0.0650882
-0.0677865
-0.070509
-0.0731673
-0.0757369
-0.078228
-0.0806504
-0.0830044
-0.0852857
-0.0874905
-0.0896159
-0.0916595
-0.0936186
-0.0954901
-0.0972705
-0.0607862
-0.0642373
-0.0668955
-0.0694547
-0.0721216
-0.0748131
-0.0774351
-0.0799637
-0.0824111
-0.084788
-0.0870948
-0.0893272
-0.0914814
-0.093555
-0.0955457
-0.0974508
-0.0992673
-0.100992
-0.0653387
-0.0687962
-0.0714045
-0.0739143
-0.0765423
-0.0791955
-0.081774
-0.0842548
-0.0866522
-0.0889779
-0.0912322
-0.0934108
-0.0955101
-0.0975278
-0.0994617
-0.101309
-0.103068
-0.104734
-0.0700071
-0.0734621
-0.0760097
-0.078461
-0.0810423
-0.0836497
-0.0861773
-0.0886034
-0.0909446
-0.0932134
-0.0954101
-0.0975302
-0.0995702
-0.101528
-0.103402
-0.105189
-0.106886
-0.108491
-0.109999
-0.0747871
-0.0782298
-0.0807051
-0.0830885
-0.085615
-0.0881688
-0.090638
-0.0930025
-0.0952814
-0.0974879
-0.0996219
-0.101679
-0.103656
-0.10555
-0.10736
-0.109084
-0.110717
-0.112258
-0.113702
-0.0796738
-0.0830935
-0.0854841
-0.0877896
-0.0902532
-0.0927455
-0.0951489
-0.097445
-0.0996556
-0.101794
-0.103861
-0.105851
-0.107761
-0.109588
-0.111332
-0.112989
-0.114556
-0.11603
-0.117409
-0.0846621
-0.0880467
-0.0903393
-0.0925569
-0.0949492
-0.0973721
-0.0997021
-0.101923
-0.10406
-0.106126
-0.108121
-0.11004
-0.111879
-0.113636
-0.11531
-0.116898
-0.118397
-0.119803
-0.121113
-0.0897461
-0.0930821
-0.0952628
-0.0973821
-0.0996949
-0.10204
-0.10429
-0.106429
-0.108486
-0.110475
-0.112395
-0.114238
-0.116003
-0.117688
-0.11929
-0.120807
-0.122235
-0.123571
-0.124811
-0.0949195
-0.0981912
-0.100245
-0.102256
-0.104481
-0.106742
-0.108903
-0.110955
-0.112928
-0.114835
-0.116675
-0.11844
-0.120129
-0.121738
-0.123266
-0.124709
-0.126064
-0.127328
-0.128496
-0.100175
-0.103363
-0.105276
-0.10717
-0.109299
-0.111466
-0.113532
-0.115491
-0.117375
-0.119197
-0.120954
-0.122638
-0.124247
-0.125779
-0.12723
-0.128597
-0.129878
-0.131067
-0.132161
-0.105501
-0.108585
-0.110344
-0.112111
-0.114137
-0.116204
-0.118167
-0.120028
-0.121819
-0.123552
-0.125223
-0.126823
-0.12835
-0.129802
-0.131174
-0.132464
-0.133667
-0.13478
-0.135798
-0.110887
-0.113839
-0.115432
-0.117068
-0.118983
-0.120941
-0.122796
-0.124554
-0.126249
-0.12789
-0.129471
-0.130985
-0.132428
-0.133797
-0.135088
-0.136298
-0.137422
-0.138456
-0.139396
-0.116313
-0.119102
-0.120523
-0.122024
-0.123823
-0.125663
-0.127405
-0.129056
-0.130652
-0.132199
-0.133688
-0.135112
-0.136469
-0.137753
-0.138961
-0.140088
-0.141131
-0.142084
-0.142943
-0.121757
-0.124346
-0.125594
-0.126963
-0.128639
-0.130354
-0.131976
-0.133519
-0.135013
-0.136462
-0.137857
-0.13919
-0.140456
-0.141653
-0.142775
-0.143818
-0.144776
-0.145646
-0.146422
-0.127184
-0.129532
-0.130619
-0.131864
-0.13341
-0.134992
-0.136491
-0.137923
-0.139314
-0.140663
-0.14196
-0.143198
-0.144373
-0.14548
-0.146513
-0.147468
-0.14834
-0.149122
-0.149812
-0.132551
-0.134612
-0.135566
-0.136701
-0.138113
-0.139553
-0.140926
-0.142247
-0.143533
-0.144778
-0.145975
-0.147116
-0.148197
-0.14921
-0.150152
-0.151016
-0.151798
-0.152491
-0.153092
-0.137795
-0.139529
-0.140399
-0.141448
-0.142717
-0.144008
-0.145255
-0.146465
-0.147642
-0.148782
-0.149876
-0.150917
-0.1519
-0.152818
-0.153665
-0.154436
-0.155125
-0.155727
-0.156237
-0.142835
-0.144213
-0.145081
-0.146072
-0.147187
-0.148322
-0.149445
-0.150546
-0.151613
-0.152644
-0.153632
-0.154571
-0.155454
-0.156273
-0.157024
-0.157699
-0.158294
-0.158802
-0.15922
-0.147568
-0.148586
-0.14957
-0.150537
-0.151486
-0.152461
-0.153465
-0.154456
-0.155411
-0.15633
-0.157211
-0.158045
-0.158826
-0.159545
-0.160197
-0.160776
-0.161276
-0.161691
-0.162017
-0.151868
-0.152575
-0.153829
-0.154802
-0.155569
-0.156387
-0.157278
-0.15816
-0.159
-0.159806
-0.160578
-0.161307
-0.161985
-0.162604
-0.163158
-0.163641
-0.164047
-0.164369
-0.164605
-0.155601
-0.156116
-0.15783
-0.158826
-0.159394
-0.160062
-0.160848
-0.16162
-0.162345
-0.163038
-0.163701
-0.164326
-0.164901
-0.165422
-0.16588
-0.16627
-0.166585
-0.166819
-0.166969
-0.158639
-0.159177
-0.16155
-0.162566
-0.162921
-0.163454
-0.164144
-0.164805
-0.165412
-0.165994
-0.166553
-0.167075
-0.167553
-0.167979
-0.168346
-0.168648
-0.168877
-0.169029
-0.169098
-0.16089
-0.161774
-0.164981
-0.165982
-0.166122
-0.16654
-0.167136
-0.167684
-0.168178
-0.168654
-0.169112
-0.169538
-0.169925
-0.170263
-0.170547
-0.170767
-0.170919
-0.170996
-0.170992
-0.162346
-0.163982
-0.168124
-0.169045
-0.168977
-0.169304
-0.169806
-0.17024
-0.170627
-0.171005
-0.171371
-0.17171
-0.172013
-0.172273
-0.172482
-0.172631
-0.172714
-0.172724
-0.172656
-0.163114
-0.165952
-0.170991
-0.171736
-0.171487
-0.171739
-0.172144
-0.172468
-0.172757
-0.173048
-0.173332
-0.173594
-0.173826
-0.174018
-0.174162
-0.174249
-0.174273
-0.174226
-0.174103
-0.163383
-0.167869
-0.173597
-0.174065
-0.173671
-0.173856
-0.174157
-0.174378
-0.174582
-0.174798
-0.175011
-0.175208
-0.175379
-0.175515
-0.175605
-0.17564
-0.175614
-0.17552
-0.175351
-0.163562
-0.169842
-0.175909
-0.176064
-0.175576
-0.175682
-0.175871
-0.176
-0.176132
-0.176283
-0.176438
-0.176582
-0.176704
-0.176793
-0.176839
-0.176833
-0.176766
-0.176633
-0.176427
-0.164373
-0.171965
-0.177847
-0.177775
-0.177254
-0.177257
-0.177327
-0.177373
-0.177444
-0.177542
-0.17765
-0.177752
-0.177834
-0.177886
-0.177897
-0.177857
-0.177759
-0.177594
-0.177358
-0.168071
-0.175078
-0.179526
-0.179242
-0.178698
-0.178574
-0.178524
-0.178497
-0.178517
-0.178571
-0.178639
-0.178705
-0.178754
-0.178775
-0.178755
-0.178686
-0.17856
-0.178368
-0.178105
-0.181086
-0.179663
-0.18077
-0.18019
-0.179555
-0.179331
-0.179204
-0.179127
-0.179108
-0.179128
-0.179165
-0.179202
-0.179224
-0.179219
-0.179175
-0.179084
-0.178936
-0.178725
-0.18527
-0.182347
-0.181819
-0.181145
-0.180465
-0.18017
-0.179988
-0.179873
-0.17982
-0.179807
-0.179811
-0.179815
-0.179805
-0.179767
-0.179692
-0.179569
-0.17939
-0.179149
-0.186616
-0.183291
-0.182189
-0.181584
-0.180949
-0.180653
-0.180469
-0.180354
-0.180299
-0.180279
-0.180273
-0.180264
-0.180237
-0.180182
-0.180088
-0.179945
-0.179747
-0.179485
-0.187454
-0.183696
-0.182338
-0.181853
-0.181282
-0.181002
-0.180829
-0.180722
-0.180671
-0.180649
-0.180637
-0.180618
-0.180581
-0.180513
-0.180404
-0.180246
-0.180032
-0.179754
-0.187878
-0.183893
-0.182447
-0.182079
-0.181572
-0.181313
-0.181155
-0.181057
-0.181008
-0.180984
-0.180965
-0.180937
-0.180888
-0.180807
-0.180685
-0.180512
-0.180283
-0.179991
-0.18793
-0.1839
-0.182508
-0.182248
-0.181805
-0.181575
-0.181436
-0.18135
-0.181305
-0.181279
-0.181255
-0.181219
-0.18116
-0.181067
-0.180932
-0.180746
-0.180503
-0.180198
-0.187748
-0.183783
-0.182531
-0.182362
-0.181982
-0.181785
-0.181668
-0.181596
-0.181557
-0.181531
-0.181503
-0.18146
-0.181392
-0.181289
-0.181143
-0.180946
-0.180691
-0.187426
-0.18361
-0.182535
-0.182438
-0.182115
-0.181952
-0.181858
-0.1818
-0.181767
-0.181743
-0.181712
-0.181664
-0.181588
-0.181476
-0.18132
-0.181113
-0.180848
-0.187023
-0.18342
-0.182531
-0.182485
-0.182214
-0.182084
-0.182011
-0.181967
-0.181941
-0.181918
-0.181885
-0.181833
-0.181751
-0.181632
-0.181467
-0.181251
-0.180977
-0.186581
-0.183231
-0.182522
-0.182511
-0.182286
-0.182186
-0.182133
-0.182101
-0.182081
-0.18206
-0.182026
-0.18197
-0.181883
-0.181757
-0.181585
-0.181362
-0.18108
-0.18613
-0.183055
-0.182508
-0.182519
-0.182335
-0.182262
-0.182225
-0.182204
-0.182191
-0.182172
-0.182137
-0.182078
-0.181986
-0.181855
-0.181677
-0.181447
-0.181159
-0.18569
-0.182895
-0.182488
-0.182512
-0.182364
-0.182314
-0.182292
-0.182281
-0.182273
-0.182256
-0.18222
-0.182159
-0.182064
-0.181928
-0.181745
-0.18151
-0.181216
-0.185271
-0.182752
-0.182462
-0.182493
-0.182375
-0.182345
-0.182335
-0.182333
-0.182329
-0.182314
-0.182278
-0.182215
-0.182117
-0.181978
-0.181791
-0.181551
-0.184879
-0.182622
-0.182427
-0.182461
-0.18237
-0.182356
-0.182357
-0.182362
-0.182362
-0.182348
-0.182313
-0.182248
-0.182148
-0.182006
-0.181816
-0.181573
-0.184516
-0.182501
-0.182383
-0.182417
-0.18235
-0.18235
-0.182359
-0.18237
-0.182374
-0.182362
-0.182326
-0.182261
-0.182159
-0.182015
-0.181823
-0.181578
-0.184181
-0.182386
-0.182328
-0.182362
-0.182316
-0.182326
-0.182343
-0.182359
-0.182366
-0.182355
-0.18232
-0.182255
-0.182152
-0.182007
-0.181814
-0.181567
-0.18387
-0.182272
-0.182262
-0.182295
-0.182267
-0.182287
-0.18231
-0.182331
-0.18234
-0.182331
-0.182297
-0.182231
-0.182129
-0.181983
-0.181789
-0.181542
-0.183581
-0.182157
-0.182185
-0.182218
-0.182206
-0.182233
-0.182262
-0.182286
-0.182298
-0.182291
-0.182258
-0.182193
-0.18209
-0.181945
-0.181752
-0.181505
-0.183311
-0.182035
-0.182098
-0.182129
-0.182131
-0.182166
-0.1822
-0.182228
-0.182242
-0.182237
-0.182205
-0.182141
-0.182039
-0.181895
-0.181703
-0.181457
-0.183082
-0.181889
-0.182
-0.182031
-0.182045
-0.182086
-0.182125
-0.182156
-0.182173
-0.18217
-0.182139
-0.182077
-0.181977
-0.181834
-0.181644
-0.182915
-0.181707
-0.181889
-0.181923
-0.181948
-0.181995
-0.182038
-0.182073
-0.182093
-0.182092
-0.182064
-0.182003
-0.181905
-0.181765
-0.181576
-0.182562
-0.181625
-0.181767
-0.181806
-0.181841
-0.181894
-0.181942
-0.18198
-0.182003
-0.182004
-0.181979
-0.181921
-0.181826
-0.181688
-0.181503
-0.182264
-0.181508
-0.181636
-0.181681
-0.181727
-0.181785
-0.181837
-0.181879
-0.181905
-0.181909
-0.181887
-0.181832
-0.18174
-0.181605
-0.181424
-0.182005
-0.181371
-0.181495
-0.18155
-0.181605
-0.181669
-0.181725
-0.181771
-0.181801
-0.181809
-0.181789
-0.181738
-0.181649
-0.181519
-0.181342
-0.181755
-0.181226
-0.18135
-0.181413
-0.181477
-0.181547
-0.181609
-0.181659
-0.181692
-0.181704
-0.181688
-0.181641
-0.181556
-0.18143
-0.181258
-0.181512
-0.181076
-0.181201
-0.181273
-0.181346
-0.181422
-0.181489
-0.181543
-0.181581
-0.181596
-0.181585
-0.181541
-0.181462
-0.18134
-0.181173
-0.181274
-0.180921
-0.18105
-0.181132
-0.181213
-0.181294
-0.181367
-0.181426
-0.181468
-0.181488
-0.181481
-0.181442
-0.181367
-0.181251
-0.18109
-0.181043
-0.180766
-0.180899
-0.18099
-0.181079
-0.181167
-0.181245
-0.18131
-0.181356
-0.181381
-0.181378
-0.181345
-0.181275
-0.181165
-0.181009
-0.18082
-0.180611
-0.180749
-0.18085
-0.180947
-0.181042
-0.181125
-0.181195
-0.181247
-0.181276
-0.181279
-0.18125
-0.181186
-0.181082
-0.180933
-0.180606
-0.18046
-0.180604
-0.180713
-0.180819
-0.18092
-0.181009
-0.181084
-0.181141
-0.181175
-0.181183
-0.18116
-0.181102
-0.181004
-0.180862
-0.180403
-0.180314
-0.180464
-0.180582
-0.180696
-0.180803
-0.180898
-0.180979
-0.181041
-0.18108
-0.181094
-0.181076
-0.181024
-0.180933
-0.180213
-0.180175
-0.180331
-0.180458
-0.18058
-0.180693
-0.180794
-0.18088
-0.180948
-0.180993
-0.181011
-0.181
-0.180954
-0.180869
-0.180038
-0.180047
-0.180208
-0.180344
-0.180473
-0.180592
-0.180699
-0.18079
-0.180863
-0.180913
-0.180937
-0.180932
-0.180892
-0.180814
-0.179879
-0.179929
-0.180097
-0.18024
-0.180375
-0.180501
-0.180613
-0.18071
-0.180787
-0.180843
-0.180873
-0.180873
-0.18084
-0.180769
-0.179739
-0.179825
-0.179998
-0.180148
-0.18029
-0.180421
-0.180538
-0.18064
-0.180723
-0.180784
-0.180819
-0.180826
-0.180799
-0.180735
-0.179619
-0.179736
-0.179913
-0.18007
-0.180218
-0.180354
-0.180476
-0.180582
-0.18067
-0.180736
-0.180777
-0.18079
-0.180769
-0.180713
-0.179521
-0.179663
-0.179844
-0.180007
-0.180159
-0.1803
-0.180427
-0.180538
-0.18063
-0.180701
-0.180748
-0.180766
-0.180752
-0.180702
-0.179446
-0.179607
-0.179792
-0.179959
-0.180116
-0.18026
-0.180391
-0.180506
-0.180603
-0.180679
-0.180731
-0.180755
-0.180747
-0.180704
-0.179395
-0.17957
-0.179757
-0.179927
-0.180087
-0.180236
-0.18037
-0.180489
-0.18059
-0.180671
-0.180727
-0.180757
-0.180756
-0.18072
-0.179369
-0.17955
-0.179739
-0.179912
-0.180075
-0.180226
-0.180364
-0.180486
-0.180591
-0.180676
-0.180737
-0.180772
-0.180777
-0.180748
)
;

boundaryField
{
    inlet
    {
        type            zeroGradient;
    }
    outlet
    {
        type            fixedValue;
        value           nonuniform 0();
    }
    cylinder
    {
        type            zeroGradient;
    }
    top
    {
        type            symmetryPlane;
    }
    bottom
    {
        type            symmetryPlane;
    }
    defaultFaces
    {
        type            empty;
    }
    procBoundary2to1
    {
        type            processor;
        value           nonuniform List<scalar> 
200
(
-0.218021
-0.218021
-0.219434
-0.219434
-0.220462
-0.220462
-0.223061
-0.223528
-0.223528
-0.223507
-0.223507
-0.223105
-0.223105
-0.222409
-0.222409
-0.221476
-0.221476
-0.220296
-0.220296
-0.218755
-0.218755
-0.216614
-0.216614
-0.213536
-0.207946
-0.207946
-0.202597
-0.202597
-0.195637
-0.195637
-0.187126
-0.178428
-0.178428
-0.168142
-0.168142
-0.156976
-0.148177
-0.148177
-0.157108
-0.148294
-0.148294
-0.168295
-0.168295
-0.187311
-0.1786
-0.1786
-0.195839
-0.195839
-0.209383
-0.202815
-0.202815
-0.213771
-0.213771
-0.216856
-0.216856
-0.219002
-0.219002
-0.220546
-0.220546
-0.221727
-0.221727
-0.222661
-0.222661
-0.223357
-0.223357
-0.22376
-0.22376
-0.223781
-0.223781
-0.223316
-0.223316
-0.222298
-0.219691
-0.219691
-0.218282
-0.218282
-0.137463
-0.130964
-0.124652
-0.118461
-0.112351
-0.106341
-0.100447
-0.0946759
-0.0920897
-0.0920897
-0.0865757
-0.0811843
-0.0759191
-0.0707829
-0.0657784
-0.0609074
-0.0561715
-0.0515718
-0.0471088
-0.0427826
-0.0385929
-0.0345389
-0.0306194
-0.0268331
-0.0231783
-0.019653
-0.0162551
-0.0129823
-0.00983232
-0.00680257
-0.00389052
-0.00109357
0.0015909
0.00416552
0.00663287
0.00899553
0.011256
0.0134167
0.01548
0.0174482
0.0193235
0.0211078
0.0228031
0.0244112
0.0259335
0.0273715
0.0287265
0.0299995
0.0311911
0.0311285
0.0311285
0.032186
0.033161
0.0340531
0.0348617
0.0355851
0.0362225
0.0367708
0.0372274
0.0375913
0.0378468
0.0380231
0.0379297
0.0377543
0.0375006
0.0375006
0.0381579
0.0377164
0.0371865
0.0365703
0.0358708
0.0350888
0.0342258
0.0332823
0.0322587
0.0311548
0.0299705
0.028705
0.0273575
0.025927
0.0244121
0.0228115
0.0211234
0.0193462
0.0174777
0.015516
0.0134588
0.0113039
0.00904882
0.00669108
0.00422815
0.00165743
-0.0010237
-0.00381788
-0.00672775
-0.00975593
-0.012905
-0.0161775
-0.0195757
-0.023102
-0.0267586
-0.0305472
-0.0344697
-0.0385273
-0.0427214
-0.0470525
-0.0470525
-0.0486912
-0.053247
-0.0579438
-0.0627814
-0.0677591
-0.0728759
-0.0781304
-0.083521
-0.0890454
-0.0947003
-0.100482
-0.106386
-0.112406
-0.118526
-0.124728
-0.131052
-0.137562
)
;
    }
    procBoundary2to3
    {
        type            processor;
        value           nonuniform List<scalar> 
211
(
-0.180729
-0.18079
-0.180864
-0.180949
-0.181045
-0.181151
-0.181267
-0.18139
-0.18152
-0.181655
-0.181655
-0.181766
-0.181914
-0.182063
-0.18221
-0.182356
-0.182497
-0.182632
-0.18276
-0.182879
-0.182987
-0.183084
-0.183084
-0.183182
-0.183258
-0.183317
-0.183358
-0.183381
-0.183383
-0.183363
-0.183363
-0.183362
-0.183304
-0.18322
-0.183109
-0.182968
-0.182797
-0.182797
-0.182666
-0.182441
-0.182183
-0.181887
-0.181522
-0.181102
-0.181102
-0.180914
-0.180224
-0.179361
-0.17835
-0.177161
-0.175767
-0.17415
-0.172295
-0.170196
-0.167853
-0.165275
-0.162477
-0.159482
-0.156315
-0.153004
-0.149576
-0.146053
-0.142459
-0.13881
-0.13512
-0.131402
-0.127664
-0.123914
-0.120159
-0.116402
-0.11265
-0.108908
-0.105179
-0.101469
-0.0977839
-0.0941277
-0.0905061
-0.0869245
-0.0833883
-0.0799032
-0.0764747
-0.0731084
-0.0698099
-0.0665847
-0.0634384
-0.0603765
-0.0574045
-0.054528
-0.0517524
-0.0490834
-0.0465265
-0.0440873
-0.0417718
-0.0395857
-0.0375354
-0.0356272
-0.033868
-0.032265
-0.0308259
-0.0295593
-0.0284742
-0.027581
-0.0268906
-0.0264158
-0.0261705
-0.0245051
-0.0247473
-0.0252161
-0.0258979
-0.02678
-0.0278515
-0.0291026
-0.030524
-0.0321076
-0.0338458
-0.0357313
-0.0377576
-0.0399183
-0.0422073
-0.0446187
-0.047147
-0.0497864
-0.0525314
-0.0553765
-0.0583163
-0.0613453
-0.0644579
-0.0676485
-0.0709118
-0.0742419
-0.0776334
-0.0810806
-0.0845778
-0.0881195
-0.0917002
-0.0953142
-0.0989563
-0.102621
-0.106304
-0.106304
-0.111408
-0.115047
-0.118687
-0.122323
-0.125951
-0.129565
-0.133156
-0.136718
-0.140238
-0.143705
-0.1471
-0.150405
-0.153597
-0.156651
-0.159543
-0.162249
-0.164749
-0.167029
-0.16908
-0.170904
-0.172506
-0.1739
-0.175104
-0.176143
-0.177045
-0.177767
-0.178443
-0.178443
-0.17884
-0.179155
-0.179408
-0.17963
-0.179823
-0.180373
-0.180373
-0.18052
-0.180639
-0.180735
-0.180807
-0.180859
-0.181253
-0.181253
-0.181272
-0.181275
-0.181263
-0.181238
-0.181201
-0.181155
-0.1814
-0.1814
-0.181336
-0.181265
-0.181191
-0.181113
-0.181034
-0.180955
-0.180878
-0.180804
-0.180735
-0.180671
-0.180797
-0.180797
-0.180741
-0.180693
-0.180656
-0.18063
-0.180615
-0.180612
-0.180622
-0.180644
-0.18068
)
;
    }
}


// ************************************************************************* //
