/*--------------------------------*- C++ -*----------------------------------*\
  =========                 |
  \\      /  F ield         | OpenFOAM: The Open Source CFD Toolbox
   \\    /   O peration     | Website:  https://openfoam.org
    \\  /    A nd           | Version:  7
     \\/     M anipulation  |
\*---------------------------------------------------------------------------*/
FoamFile
{
    version     2.0;
    format      ascii;
    class       volScalarField;
    location    "25";
    object      p;
}
// * * * * * * * * * * * * * * * * * * * * * * * * * * * * * * * * * * * * * //

dimensions      [0 2 -2 0 0 0 0];

internalField   nonuniform List<scalar> 
8500
(
0.0753557
0.078778
0.0854077
0.0826091
0.0893809
0.0955003
0.08717
0.0937905
0.100041
0.105596
0.0990128
0.105045
0.110741
0.115661
0.104316
0.110935
0.116364
0.121474
0.125671
0.109689
0.116971
0.122924
0.127745
0.132234
0.135533
0.123117
0.1297
0.134976
0.139201
0.142979
0.14497
0.129355
0.136617
0.142493
0.147103
0.150763
0.153644
0.153702
0.143653
0.150173
0.155339
0.159314
0.162434
0.164228
0.162279
0.150768
0.157993
0.163763
0.168224
0.171584
0.17412
0.174695
0.173217
0.157915
0.16593
0.172352
0.177367
0.181122
0.183854
0.185759
0.18561
0.184714
0.17394
0.181095
0.186708
0.190961
0.194009
0.196095
0.197352
0.196633
0.195775
0.181965
0.189953
0.196241
0.201037
0.204524
0.20686
0.208287
0.208902
0.207665
0.206603
0.198866
0.205927
0.21134
0.215315
0.218032
0.219651
0.22041
0.220387
0.218633
0.217243
0.207769
0.215707
0.221834
0.226369
0.229519
0.231462
0.23236
0.232446
0.231784
0.229499
0.227706
0.225511
0.232457
0.237649
0.241303
0.243625
0.244793
0.244967
0.244375
0.243072
0.240244
0.238001
0.243138
0.24909
0.253344
0.256116
0.25761
0.258002
0.257451
0.256179
0.254232
0.25085
0.248128
0.253805
0.260617
0.265575
0.268892
0.270784
0.271451
0.271068
0.269792
0.267839
0.265247
0.261307
0.258085
0.272153
0.277917
0.281885
0.284268
0.285283
0.285126
0.28397
0.281971
0.279338
0.276102
0.2716
0.267866
0.283655
0.290288
0.29501
0.297991
0.299446
0.299588
0.298612
0.296688
0.293969
0.290659
0.286781
0.281719
0.277463
0.30263
0.308176
0.311862
0.313865
0.314399
0.313675
0.311887
0.309201
0.305768
0.301786
0.297271
0.291651
0.286869
0.321318
0.325786
0.328446
0.32948
0.329102
0.327522
0.32493
0.321489
0.31735
0.312701
0.307556
0.301385
0.296074
0.334441
0.339683
0.343086
0.344731
0.344808
0.343529
0.341104
0.337719
0.333534
0.328697
0.32339
0.317624
0.310908
0.305067
0.353542
0.357692
0.360043
0.360689
0.359822
0.357657
0.354399
0.350233
0.345316
0.339792
0.333837
0.327459
0.320208
0.313839
0.372236
0.375312
0.376627
0.37629
0.374497
0.371461
0.367386
0.362452
0.356815
0.350617
0.344026
0.337047
0.329273
0.32238
0.386825
0.390489
0.392508
0.392808
0.391508
0.388806
0.384917
0.380041
0.374357
0.368015
0.361156
0.353941
0.346376
0.338089
0.330677
0.405652
0.408265
0.40925
0.408556
0.406314
0.402725
0.398003
0.392345
0.385926
0.378896
0.371392
0.363569
0.355432
0.346645
0.338722
0.423945
0.42553
0.425506
0.423843
0.420682
0.416229
0.410695
0.404275
0.397142
0.389442
0.38131
0.372894
0.3642
0.354928
0.346503
0.441669
0.442253
0.441245
0.43864
0.434587
0.429295
0.422972
0.415812
0.407985
0.399636
0.390893
0.381903
0.372669
0.362927
0.35401
0.45789
0.458789
0.458399
0.456438
0.45292
0.448004
0.441898
0.434812
0.426936
0.418439
0.40946
0.400127
0.39058
0.380826
0.37063
0.361233
0.475296
0.475271
0.47394
0.471057
0.466657
0.460907
0.454017
0.446195
0.437629
0.428484
0.418898
0.408997
0.398914
0.388658
0.378024
0.368161
0.492001
0.491083
0.488845
0.485075
0.479827
0.473275
0.465631
0.457101
0.447872
0.438105
0.427936
0.417489
0.40689
0.396152
0.3851
0.374786
0.50797
0.506195
0.503085
0.498465
0.492404
0.485085
0.476719
0.467512
0.457647
0.447285
0.436559
0.425589
0.414496
0.403299
0.391846
0.381097
0.523172
0.520577
0.516634
0.511202
0.504366
0.496315
0.487261
0.477408
0.466939
0.456009
0.444752
0.433283
0.421721
0.410086
0.398252
0.387086
0.540122
0.537577
0.5342
0.529466
0.523263
0.515692
0.506945
0.497238
0.486773
0.47573
0.464262
0.452501
0.44056
0.428553
0.416503
0.404308
0.392744
0.554386
0.551156
0.547038
0.541557
0.534624
0.526359
0.516957
0.506634
0.495591
0.484006
0.472031
0.459794
0.447408
0.43498
0.42254
0.410005
0.398063
0.567758
0.563881
0.559067
0.552882
0.545266
0.536348
0.526331
0.51543
0.503845
0.491752
0.479301
0.466619
0.453815
0.440993
0.428187
0.415334
0.403036
0.580209
0.575727
0.570263
0.563421
0.555167
0.545641
0.535051
0.523612
0.511522
0.498956
0.486061
0.472964
0.459771
0.446582
0.433435
0.420286
0.407654
0.591714
0.58667
0.580604
0.573154
0.56431
0.554222
0.543101
0.531164
0.518607
0.505604
0.4923
0.478818
0.465266
0.451738
0.438276
0.424854
0.411912
0.602249
0.59669
0.590069
0.582062
0.572676
0.562073
0.550467
0.538073
0.525089
0.511685
0.498005
0.484173
0.470291
0.456452
0.442703
0.42903
0.415803
0.611793
0.605765
0.598641
0.590128
0.580252
0.569182
0.557135
0.544328
0.530956
0.517188
0.503169
0.489018
0.474837
0.460718
0.446707
0.432807
0.419322
0.620326
0.613877
0.606304
0.597338
0.587022
0.575533
0.563093
0.549916
0.536197
0.522105
0.507781
0.493345
0.478898
0.464527
0.450283
0.436181
0.422463
0.627831
0.621012
0.613041
0.603676
0.592973
0.581117
0.56833
0.554827
0.540804
0.526426
0.511834
0.497148
0.482466
0.467873
0.453425
0.439144
0.425222
0.640677
0.634293
0.627153
0.61884
0.609131
0.598095
0.585922
0.572837
0.559054
0.544768
0.530143
0.515322
0.500419
0.485535
0.470752
0.456128
0.441694
0.427594
0.646307
0.639698
0.63229
0.62369
0.613693
0.602378
0.589941
0.576605
0.562588
0.548082
0.533251
0.518237
0.503154
0.488101
0.473158
0.458386
0.443824
0.429576
0.650825
0.644035
0.636412
0.627581
0.617353
0.605815
0.593164
0.579628
0.565422
0.55074
0.535744
0.520575
0.505348
0.490159
0.475088
0.460198
0.445533
0.431165
0.654222
0.647296
0.63951
0.630506
0.620104
0.608397
0.595587
0.5819
0.567553
0.552738
0.537618
0.522332
0.506996
0.491705
0.476538
0.461559
0.446817
0.432359
0.65649
0.649474
0.641579
0.63246
0.621942
0.610122
0.597204
0.583417
0.568975
0.554071
0.538869
0.523506
0.508096
0.492737
0.477506
0.462468
0.447674
0.433156
0.657626
0.650564
0.642615
0.633437
0.622861
0.610985
0.598014
0.584176
0.569687
0.554739
0.539495
0.524093
0.508647
0.493254
0.477991
0.462923
0.448103
0.433555
0.657626
0.650564
0.642615
0.633437
0.622861
0.610985
0.598014
0.584176
0.569687
0.554739
0.539495
0.524093
0.508647
0.493254
0.477991
0.462923
0.448103
0.433555
0.656491
0.649474
0.641579
0.63246
0.621942
0.610122
0.597204
0.583417
0.568975
0.554072
0.538869
0.523506
0.508097
0.492737
0.477507
0.462468
0.447674
0.433156
0.654222
0.647296
0.63951
0.630507
0.620105
0.608398
0.595587
0.5819
0.567553
0.552738
0.537618
0.522333
0.506996
0.491705
0.476538
0.461559
0.446817
0.432359
0.650825
0.644036
0.636412
0.627582
0.617354
0.605815
0.593164
0.579628
0.565423
0.55074
0.535745
0.520575
0.505348
0.490159
0.475088
0.460198
0.445533
0.431165
0.646307
0.639699
0.63229
0.62369
0.613694
0.602379
0.589941
0.576605
0.562588
0.548082
0.533252
0.518237
0.503154
0.488101
0.473159
0.458387
0.443825
0.429576
0.640678
0.634294
0.627154
0.61884
0.609132
0.598096
0.585923
0.572837
0.559054
0.544768
0.530144
0.515322
0.50042
0.485535
0.470752
0.456128
0.441694
0.427594
0.627832
0.621012
0.613041
0.603676
0.592974
0.581118
0.56833
0.554828
0.540804
0.526426
0.511835
0.497148
0.482466
0.467874
0.453425
0.439145
0.425222
0.620327
0.613878
0.606304
0.597338
0.587022
0.575534
0.563093
0.549916
0.536198
0.522105
0.507781
0.493345
0.478898
0.464527
0.450284
0.436181
0.422463
0.611794
0.605766
0.598642
0.590129
0.580253
0.569182
0.557135
0.544328
0.530956
0.517189
0.503169
0.489018
0.474838
0.460718
0.446708
0.432808
0.419323
0.60225
0.596691
0.59007
0.582063
0.572677
0.562074
0.550468
0.538074
0.52509
0.511685
0.498006
0.484173
0.470291
0.456453
0.442703
0.42903
0.415804
0.591715
0.586672
0.580605
0.573155
0.564311
0.554223
0.543102
0.531165
0.518608
0.505604
0.4923
0.478819
0.465266
0.451739
0.438277
0.424854
0.411913
0.58021
0.575728
0.570264
0.563422
0.555168
0.545642
0.535052
0.523612
0.511523
0.498956
0.486062
0.472965
0.459772
0.446583
0.433436
0.420287
0.407655
0.567759
0.563882
0.559068
0.552883
0.545267
0.536349
0.526332
0.515431
0.503846
0.491753
0.479302
0.46662
0.453816
0.440994
0.428188
0.415335
0.403036
0.554388
0.551157
0.54704
0.541558
0.534626
0.52636
0.516958
0.506635
0.495592
0.484007
0.472032
0.459795
0.447409
0.434981
0.422541
0.410006
0.398064
0.540124
0.537579
0.534201
0.529468
0.523264
0.515693
0.506946
0.49724
0.486774
0.475731
0.464263
0.452502
0.440561
0.428554
0.416504
0.404309
0.392745
0.523174
0.520578
0.516636
0.511203
0.504368
0.496316
0.487262
0.477409
0.46694
0.45601
0.444753
0.433284
0.421722
0.410087
0.398253
0.387087
0.507972
0.506197
0.503087
0.498466
0.492406
0.485086
0.47672
0.467513
0.457649
0.447286
0.43656
0.42559
0.414497
0.4033
0.391847
0.381098
0.492002
0.491085
0.488847
0.485076
0.479828
0.473277
0.465632
0.457103
0.447873
0.438106
0.427938
0.41749
0.406891
0.396153
0.385101
0.374787
0.475298
0.475273
0.473942
0.471059
0.466659
0.460909
0.454019
0.446196
0.43763
0.428485
0.4189
0.408999
0.398915
0.388659
0.378025
0.368162
0.457892
0.458791
0.458401
0.45644
0.452921
0.448005
0.441899
0.434813
0.426938
0.41844
0.409461
0.400129
0.390581
0.380827
0.370631
0.361234
0.441671
0.442255
0.441247
0.438641
0.434589
0.429296
0.422973
0.415813
0.407987
0.399637
0.390895
0.381904
0.37267
0.362928
0.354011
0.423947
0.425532
0.425507
0.423844
0.420684
0.416231
0.410696
0.404276
0.397143
0.389444
0.381311
0.372895
0.364202
0.354929
0.346504
0.405654
0.408267
0.409252
0.408558
0.406316
0.402727
0.398004
0.392346
0.385928
0.378898
0.371393
0.36357
0.355433
0.346646
0.338723
0.390491
0.39251
0.39281
0.39151
0.388808
0.384919
0.380043
0.374358
0.368016
0.361157
0.353943
0.346377
0.33809
0.330679
0.372238
0.375314
0.376629
0.376292
0.374499
0.371463
0.367387
0.362454
0.356817
0.350618
0.344027
0.337049
0.329274
0.322381
0.353544
0.357695
0.360045
0.360691
0.359824
0.357659
0.354401
0.350235
0.345317
0.339793
0.333839
0.32746
0.32021
0.313841
0.334444
0.339686
0.343088
0.344733
0.34481
0.343531
0.341106
0.33772
0.333536
0.328699
0.323392
0.317625
0.31091
0.305068
0.32132
0.325789
0.328448
0.329482
0.329104
0.327523
0.324932
0.321491
0.317352
0.312703
0.307558
0.301387
0.296075
0.302632
0.308179
0.311865
0.313867
0.314401
0.313677
0.311889
0.309202
0.30577
0.301787
0.297273
0.291653
0.286871
0.283658
0.29029
0.295012
0.297993
0.299448
0.29959
0.298614
0.296689
0.293971
0.290661
0.286783
0.281721
0.277465
0.272156
0.27792
0.281887
0.284271
0.285285
0.285128
0.283972
0.281973
0.27934
0.276103
0.271602
0.267868
0.253808
0.260619
0.265578
0.268895
0.270786
0.271454
0.27107
0.269794
0.267841
0.265249
0.261308
0.258087
0.24314
0.249092
0.253346
0.256118
0.257612
0.258004
0.257453
0.256181
0.254233
0.250852
0.24813
0.225514
0.23246
0.237651
0.241305
0.243627
0.244795
0.244969
0.244377
0.243074
0.240246
0.238003
0.215709
0.221837
0.226372
0.229521
0.231464
0.232363
0.232448
0.231786
0.229501
0.227708
0.198869
0.205929
0.211343
0.215317
0.218034
0.219653
0.220412
0.220389
0.218635
0.217244
0.181968
0.189956
0.196243
0.201039
0.204526
0.206862
0.208289
0.208904
0.207667
0.206605
0.173943
0.181098
0.186711
0.190964
0.194011
0.196097
0.197354
0.196635
0.195777
0.165932
0.172355
0.177369
0.181125
0.183856
0.185761
0.185612
0.184717
0.150771
0.157995
0.163766
0.168226
0.171586
0.174122
0.174697
0.173219
0.143655
0.150176
0.155341
0.159316
0.162436
0.16423
0.162282
0.129358
0.13662
0.142495
0.147106
0.150765
0.153646
0.153704
0.123119
0.129703
0.134979
0.139204
0.142982
0.144973
0.109692
0.116974
0.122926
0.127747
0.132236
0.135535
0.104318
0.110937
0.116367
0.121476
0.125674
0.0990155
0.105048
0.110743
0.115664
0.0937932
0.100043
0.105598
0.0826118
0.0893835
0.0955029
0.0787806
0.0854103
0.0753584
0.156353
0.147461
0.138225
0.129241
0.119953
0.110452
0.100953
0.0914919
0.082065
0.0726974
0.0634161
0.148048
0.139044
0.128897
0.119931
0.111173
0.102204
0.0932524
0.0844354
0.0757226
0.0670994
0.05858
0.13834
0.129504
0.119436
0.110858
0.10282
0.0946095
0.086365
0.0782604
0.0702833
0.0623959
0.0545997
0.128369
0.12003
0.110579
0.102614
0.0952735
0.0877864
0.0802201
0.0727669
0.0654431
0.0582087
0.0510562
0.119044
0.111331
0.102612
0.0952587
0.0885201
0.0816598
0.0747067
0.0678463
0.0611114
0.0544666
0.0478985
0.11055
0.103426
0.0954136
0.0886291
0.0824199
0.0761155
0.0697233
0.0634103
0.0572151
0.0511073
0.0450713
0.102802
0.0962054
0.0888578
0.0826115
0.0768877
0.0710888
0.0652123
0.0594047
0.0537043
0.0480855
0.0425327
0.095724
0.0896158
0.0828883
0.0771474
0.071872
0.0665343
0.0611289
0.0557839
0.0505349
0.0453601
0.040245
0.0892695
0.0836168
0.0774604
0.0721859
0.0673219
0.0624038
0.0574269
0.0525033
0.0476649
0.042893
0.0381745
0.0833886
0.0781586
0.0725236
0.0676755
0.0631871
0.058651
0.0540634
0.049523
0.0450578
0.0406518
0.036293
0.0780285
0.0731889
0.0680277
0.0635681
0.0594225
0.0552339
0.0510004
0.0468083
0.0426824
0.0386086
0.0345762
0.0731385
0.0686586
0.0639275
0.0598213
0.0559883
0.0521161
0.0482045
0.0443291
0.0405116
0.0367397
0.033004
0.0686726
0.0645235
0.0601821
0.0563972
0.0528492
0.0492652
0.0456463
0.042059
0.0385221
0.0350248
0.0315588
0.0645889
0.0607439
0.0567555
0.0532623
0.0499743
0.0466528
0.0433003
0.0399751
0.0366937
0.0334465
0.0302263
0.0608497
0.0572839
0.053615
0.0503869
0.0473361
0.0442539
0.041144
0.0380577
0.0350091
0.03199
0.0289939
0.057421
0.0541115
0.0507319
0.0477447
0.0449104
0.0420466
0.0391579
0.0362894
0.0334533
0.0306425
0.0278513
0.0542725
0.0511981
0.0480806
0.0453126
0.0426761
0.0400118
0.037325
0.0346554
0.0320137
0.0293934
0.0267896
0.051377
0.0485185
0.0456387
0.0430701
0.0406145
0.0381327
0.0356305
0.0331429
0.030679
0.0282333
0.0258014
0.0487104
0.0460501
0.043386
0.0409992
0.0387094
0.0363948
0.0340616
0.0317406
0.0294398
0.0271543
0.0248803
0.0462513
0.0437732
0.0413052
0.0390843
0.0369464
0.0347852
0.0326069
0.0304388
0.0282878
0.0261496
0.0240209
0.0439807
0.0416701
0.0393805
0.0373112
0.035313
0.0332926
0.0312566
0.029229
0.0272158
0.0252132
0.0232184
0.0418818
0.0397253
0.0375983
0.0356678
0.033798
0.0319073
0.0300021
0.0281038
0.0262176
0.0243401
0.0224688
0.0399393
0.0379249
0.0359465
0.0341432
0.0323916
0.0306203
0.0288357
0.0270566
0.0252876
0.0235256
0.0217686
0.0381402
0.0362567
0.0344141
0.0327276
0.0310852
0.0294241
0.0277507
0.0260817
0.0244209
0.0227658
0.0211146
0.0364724
0.0347099
0.0329915
0.0314126
0.0298709
0.0283116
0.026741
0.0251737
0.0236132
0.0220572
0.020504
0.0349253
0.0332746
0.0316703
0.0301903
0.0287418
0.0272768
0.0258012
0.0243282
0.0228606
0.0213964
0.0199343
0.0334894
0.0319422
0.0304426
0.029054
0.0276918
0.0263141
0.0249266
0.0235409
0.0221595
0.0207807
0.0194032
0.0321561
0.0307048
0.0293016
0.0279973
0.0267152
0.0254185
0.0241127
0.022808
0.0215068
0.0202074
0.0189087
0.0309177
0.0295554
0.0282409
0.0270146
0.0258068
0.0245854
0.0233555
0.0221262
0.0208995
0.019674
0.0184488
0.0297672
0.0284875
0.0272549
0.0261008
0.0249622
0.0238107
0.0226514
0.0214922
0.0203349
0.0191784
0.0180216
0.0286983
0.0274954
0.0263383
0.0252512
0.0241769
0.0230906
0.0219969
0.0209031
0.0198105
0.0187182
0.0176255
0.0277051
0.0265736
0.0254865
0.0244616
0.0234471
0.0224215
0.021389
0.0203561
0.0193239
0.0182916
0.0172586
0.0267824
0.0257174
0.024695
0.0237279
0.0227692
0.0218002
0.0208248
0.0198487
0.0188729
0.0178967
0.0169196
0.0259254
0.0249223
0.0239598
0.0230465
0.0221399
0.0212237
0.0203015
0.0193784
0.0184554
0.0175316
0.0251294
0.0241842
0.0232773
0.0224139
0.021556
0.0206891
0.0198167
0.0189431
0.0180694
0.0171947
0.0243905
0.0234992
0.0226439
0.0218272
0.0210147
0.0201938
0.0193679
0.0185407
0.017713
0.0168843
0.0237048
0.0228639
0.0220565
0.0212832
0.0205131
0.0197354
0.0189528
0.018169
0.0173844
0.0165988
0.0230688
0.0222749
0.021512
0.0207792
0.0200488
0.0193114
0.0185695
0.0178261
0.017082
0.0163366
0.0224792
0.0217292
0.0210078
0.0203127
0.0196194
0.0189197
0.0182157
0.0175103
0.016804
0.0160963
0.0219331
0.021224
0.0205411
0.0198813
0.0192227
0.0185582
0.0178897
0.0172198
0.0165489
0.0158766
0.0214276
0.0207568
0.0201097
0.0194827
0.0188566
0.0182249
0.0175897
0.016953
0.0163152
0.015676
0.0209601
0.0203249
0.0197112
0.0191149
0.018519
0.0179182
0.017314
0.0167083
0.0161014
0.0154933
0.0205282
0.0199263
0.0193435
0.0187758
0.0182083
0.0176361
0.0170609
0.0164842
0.0159063
0.0153271
0.0201297
0.0195588
0.0190048
0.0184637
0.0179225
0.0173772
0.016829
0.0162794
0.0157285
0.0151764
0.0197626
0.0192205
0.0186931
0.0181769
0.0176603
0.0171399
0.0166169
0.0160925
0.0155668
0.0150399
0.019425
0.0189096
0.018407
0.0179137
0.01742
0.0169228
0.0164232
0.0159223
0.0154201
0.0149166
0.0191153
0.0186245
0.0181448
0.0176728
0.0172002
0.0167246
0.0162468
0.0157675
0.0152871
0.0148055
0.0188318
0.0183639
0.0179051
0.0174528
0.0169999
0.0165442
0.0160864
0.0156273
0.015167
0.0147055
0.0185733
0.0181263
0.0176868
0.0172526
0.0168177
0.0163803
0.015941
0.0155004
0.0150587
0.0146158
0.0183386
0.0179105
0.0174887
0.0170711
0.0166527
0.0162321
0.0158097
0.0153861
0.0149614
0.0145356
0.0181265
0.0177158
0.0173099
0.0169073
0.0165039
0.0160985
0.0156916
0.0152834
0.0148742
0.014464
0.0179363
0.017541
0.0171495
0.0167605
0.0163706
0.0159789
0.0155858
0.0151916
0.0147964
0.0144002
0.0177672
0.0173857
0.017007
0.0166299
0.0162521
0.0158727
0.0154919
0.0151102
0.0147274
0.0143438
0.0176187
0.0172491
0.0168815
0.016515
0.0161476
0.0157789
0.0154091
0.0150382
0.0146664
0.0142938
0.0174906
0.0171313
0.0167731
0.0164155
0.0160573
0.0156977
0.0153372
0.0149757
0.0146134
0.0142502
0.0173823
0.0170313
0.0166808
0.0163307
0.0159798
0.0156279
0.015275
0.0149213
0.0145668
0.0142116
0.0172949
0.0169505
0.0166061
0.0162617
0.0159167
0.0155708
0.015224
0.0148765
0.0145284
0.0141796
0.0172268
0.0168867
0.0165465
0.0162061
0.0158651
0.0155234
0.0151809
0.0148378
0.0144941
0.0141499
0.0171822
0.0168448
0.0165071
0.0161691
0.0158306
0.0154915
0.0151518
0.0148116
0.0144709
0.0141298
0.0171561
0.0168186
0.0164806
0.0161425
0.015804
0.015465
0.0151256
0.0147858
0.0144456
0.0141051
0.148558
0.149282
0.15071
0.152745
0.155333
0.15842
0.161964
0.165923
0.170255
0.174917
0.179862
0.185036
0.190379
0.195819
0.201272
0.206637
0.211804
0.216634
0.220978
0.224654
0.227477
0.229205
0.229637
0.228447
0.22547
0.220218
0.212751
0.202005
0.188891
0.169443
0.147835
0.148538
0.149922
0.151893
0.154394
0.157373
0.160783
0.164581
0.16872
0.173155
0.177834
0.182698
0.187683
0.192709
0.19769
0.20252
0.207082
0.211236
0.214832
0.217689
0.219627
0.220415
0.219864
0.217677
0.213714
0.207542
0.19923
0.187933
0.174517
0.157666
0.147062
0.147742
0.149078
0.15098
0.153388
0.156249
0.159514
0.163137
0.167071
0.171264
0.175662
0.180201
0.184813
0.189416
0.193918
0.19821
0.202176
0.205674
0.208559
0.210654
0.211794
0.211761
0.210393
0.207423
0.202753
0.196011
0.18733
0.176097
0.163226
0.147918
0.146237
0.146893
0.148177
0.150005
0.152315
0.155051
0.158164
0.161605
0.165324
0.169265
0.173372
0.177577
0.181807
0.185977
0.189994
0.193746
0.197116
0.199966
0.202155
0.203515
0.203893
0.203091
0.200971
0.197302
0.192021
0.184835
0.175902
0.164808
0.152281
0.137708
0.145358
0.145988
0.147219
0.148969
0.151176
0.153782
0.156738
0.159991
0.163488
0.167171
0.17098
0.174845
0.17869
0.182427
0.185959
0.189177
0.191965
0.194186
0.195708
0.196372
0.19604
0.194535
0.191742
0.187468
0.181678
0.174152
0.165051
0.154085
0.141832
0.127888
0.144424
0.145026
0.146202
0.147872
0.149971
0.152443
0.155236
0.158295
0.161564
0.164985
0.168492
0.172013
0.175471
0.178775
0.18183
0.184525
0.186747
0.188367
0.189258
0.189276
0.188296
0.186165
0.182789
0.178015
0.171828
0.164073
0.154899
0.144115
0.132213
0.118938
0.143433
0.144007
0.145125
0.146711
0.148699
0.151033
0.153658
0.156517
0.159554
0.162706
0.165908
0.169084
0.172154
0.17503
0.177614
0.179801
0.181479
0.182527
0.182828
0.18225
0.180686
0.178006
0.174136
0.168959
0.162477
0.154588
0.145435
0.134899
0.123411
0.110799
0.142385
0.142929
0.143987
0.145486
0.14736
0.149551
0.152003
0.154659
0.157459
0.160339
0.163232
0.166062
0.168748
0.171201
0.173326
0.17502
0.176179
0.176687
0.176439
0.175319
0.173233
0.170076
0.165793
0.160299
0.153611
0.14567
0.136611
0.126371
0.115322
0.10335
0.141277
0.141791
0.142788
0.144197
0.145953
0.147996
0.150272
0.15272
0.15528
0.157887
0.160471
0.162956
0.165261
0.1673
0.168979
0.1702
0.170864
0.170867
0.170114
0.168503
0.165957
0.162393
0.157772
0.152038
0.145221
0.137294
0.128386
0.118472
0.107874
0.0965239
0.140109
0.140592
0.141525
0.142842
0.144477
0.146371
0.148466
0.150704
0.153022
0.155353
0.157628
0.159772
0.161703
0.163338
0.164586
0.165355
0.165554
0.165088
0.163873
0.161823
0.158877
0.15497
0.150081
0.144176
0.137296
0.129437
0.120725
0.111161
0.10102
0.0902758
0.138881
0.139331
0.140199
0.141422
0.142933
0.144674
0.146587
0.148612
0.150686
0.152742
0.154711
0.156518
0.158084
0.159326
0.160162
0.160503
0.160267
0.159368
0.157736
0.155298
0.152008
0.14782
0.142724
0.13671
0.129821
0.122078
0.113595
0.104396
0.0947165
0.0845578
0.137591
0.138008
0.13881
0.139935
0.141321
0.142907
0.144636
0.146447
0.148277
0.150059
0.151726
0.153202
0.154412
0.155278
0.15572
0.155658
0.155018
0.153725
0.151719
0.148943
0.145362
0.140948
0.135702
0.12963
0.122782
0.11519
0.106963
0.0981383
0.088917
0.079322
0.136239
0.136622
0.137356
0.138384
0.139642
0.141071
0.142614
0.144211
0.145798
0.14731
0.148679
0.149833
0.1507
0.151204
0.151274
0.150836
0.149823
0.148173
0.145836
0.142769
0.138948
0.134359
0.129014
0.12293
0.116161
0.10875
0.100797
0.0923502
0.0835792
0.0745235
0.134825
0.135173
0.135839
0.136767
0.137896
0.139168
0.140525
0.141908
0.143254
0.1445
0.145577
0.146419
0.146955
0.147117
0.146837
0.146049
0.144697
0.142727
0.140101
0.136787
0.132772
0.128054
0.122653
0.116596
0.109939
0.102732
0.0950649
0.0869952
0.0786635
0.0701216
0.133348
0.133661
0.134258
0.135085
0.136085
0.137199
0.138371
0.139542
0.14065
0.141634
0.142429
0.142969
0.14319
0.143027
0.14242
0.141311
0.139652
0.137399
0.134523
0.131004
0.126838
0.122032
0.116614
0.110617
0.104097
0.0971102
0.0897372
0.0820396
0.0741334
0.0660792
0.131809
0.132087
0.132614
0.133341
0.13421
0.135167
0.136154
0.137116
0.137991
0.13872
0.139241
0.139492
0.139414
0.138946
0.138036
0.136634
0.134699
0.132198
0.12911
0.125425
0.121146
0.11629
0.110887
0.104978
0.0986165
0.091861
0.0847849
0.0774516
0.0699552
0.0623626
0.130208
0.13045
0.130908
0.131534
0.132274
0.133074
0.133879
0.134634
0.135282
0.135764
0.136021
0.135997
0.135636
0.134885
0.133697
0.132029
0.12985
0.127134
0.12387
0.120054
0.115697
0.110823
0.105464
0.0996638
0.0934767
0.0869604
0.0801809
0.0732019
0.0660985
0.0589413
0.128546
0.128753
0.12914
0.129666
0.130278
0.130923
0.131549
0.132103
0.132529
0.132772
0.132778
0.132493
0.131867
0.130853
0.129411
0.127506
0.125112
0.122214
0.118806
0.114892
0.110489
0.105623
0.100332
0.09466
0.0886587
0.0823857
0.0758995
0.0692632
0.0625351
0.0557882
0.126825
0.126995
0.127314
0.12774
0.128224
0.128717
0.129168
0.129525
0.129737
0.129751
0.129517
0.128987
0.128114
0.126859
0.125188
0.123072
0.120494
0.117443
0.113922
0.109939
0.105517
0.100685
0.095481
0.0899509
0.0841437
0.0781151
0.0719169
0.0656104
0.0592398
0.0528785
0.125044
0.12518
0.125429
0.125757
0.126116
0.12646
0.126739
0.126907
0.126912
0.126709
0.126249
0.125488
0.124388
0.122914
0.121037
0.118736
0.116
0.112826
0.109219
0.105195
0.100777
0.0959991
0.0908986
0.0855214
0.0799132
0.074128
0.0682107
0.0622207
0.0561895
0.0501905
0.123206
0.123307
0.123489
0.12372
0.123957
0.124154
0.124268
0.124253
0.124062
0.123651
0.122978
0.122005
0.120696
0.119023
0.116964
0.114505
0.111637
0.108365
0.104697
0.100655
0.0962633
0.0915566
0.0865726
0.0813562
0.0759499
0.0704049
0.0647604
0.0590729
0.0533635
0.0477044
0.121313
0.12138
0.121496
0.121632
0.121749
0.121806
0.12176
0.121569
0.121191
0.120585
0.119714
0.118544
0.117046
0.115196
0.112978
0.110382
0.107408
0.104061
0.100357
0.096317
0.0919692
0.0873482
0.0824909
0.0774407
0.0722368
0.0669277
0.0615467
0.0561479
0.050743
0.0454028
0.119367
0.1194
0.119451
0.119495
0.119497
0.119417
0.119218
0.11886
0.118306
0.117518
0.116464
0.115114
0.113445
0.111438
0.109083
0.106374
0.103315
0.0999165
0.0961955
0.0921764
0.0878876
0.0833641
0.0786413
0.0737606
0.0687582
0.0636792
0.0585522
0.0534281
0.0483111
0.0432698
0.117371
0.117371
0.117359
0.117314
0.117204
0.116994
0.116649
0.116133
0.115413
0.114455
0.113233
0.11172
0.109899
0.107756
0.105284
0.102483
0.0993605
0.0959298
0.0922104
0.0882279
0.0840112
0.0795946
0.0750119
0.0703023
0.0654989
0.0606436
0.0557606
0.0508976
0.0460524
0.0412914
0.115327
0.115295
0.115223
0.115092
0.114875
0.114541
0.114057
0.113393
0.112518
0.111404
0.110028
0.10837
0.106414
0.104154
0.101585
0.098712
0.0955449
0.0921
0.0883982
0.084466
0.080332
0.0760297
0.071591
0.0670527
0.0624448
0.0578062
0.0531569
0.0485418
0.0439532
0.0394551
0.113238
0.113176
0.113046
0.112833
0.112514
0.112061
0.111448
0.110645
0.109627
0.108371
0.106856
0.105068
0.102996
0.100636
0.0979894
0.0950626
0.0918685
0.0884253
0.0847552
0.0808848
0.0768423
0.0726599
0.0683674
0.0639994
0.0595827
0.0551532
0.0507276
0.0463475
0.042001
0.0377494
0.111109
0.111017
0.110832
0.110541
0.110125
0.109562
0.108826
0.107895
0.106746
0.105361
0.103723
0.101821
0.0996496
0.0972077
0.0944998
0.0915358
0.0883305
0.0849033
0.081277
0.0774781
0.0735341
0.0694755
0.0653303
0.0611304
0.0569
0.0526721
0.04846
0.0443027
0.0401846
0.0361642
0.108942
0.108823
0.108585
0.10822
0.107714
0.107047
0.106198
0.105149
0.103881
0.10238
0.100633
0.0986329
0.096378
0.0938706
0.0911179
0.0881321
0.0849296
0.0815309
0.0779588
0.0742396
0.0703995
0.0664674
0.0624693
0.0584348
0.0543853
0.050351
0.0463426
0.0423962
0.0384936
0.0346904
0.106743
0.106597
0.106309
0.105876
0.105285
0.104522
0.103569
0.102413
0.101038
0.0994332
0.0975913
0.0955084
0.0931854
0.0906277
0.0878449
0.0848513
0.0816642
0.0783048
0.0747958
0.0711627
0.0674306
0.0636266
0.0597747
0.055902
0.0520276
0.0481791
0.0443649
0.0406182
0.0369189
0.0333195
0.104515
0.104344
0.104011
0.103513
0.102843
0.101992
0.100945
0.0996913
0.098221
0.0965264
0.0946033
0.0924515
0.0900747
0.0874808
0.0846816
0.0816926
0.0785321
0.0752213
0.0717828
0.068241
0.0646198
0.0609444
0.0572369
0.0535221
0.049817
0.0461465
0.042517
0.0389595
0.0354519
0.0320441
0.102263
0.10207
0.101693
0.101136
0.100394
0.099462
0.0983298
0.09699
0.095436
0.0936639
0.0916729
0.0894656
0.0870484
0.0844315
0.0816281
0.0786549
0.0755307
0.0722766
0.0689147
0.0654682
0.0619597
0.0584126
0.0548472
0.051286
0.047744
0.0442439
0.0407902
0.0374116
0.034085
0.0308574
0.0999922
0.0997778
0.0993618
0.0987502
0.0979435
0.0969383
0.09573
0.0943142
0.0926878
0.0908503
0.0888038
0.0865538
0.0841088
0.0814808
0.0786843
0.0757368
0.0726573
0.0694667
0.0661862
0.062838
0.0594431
0.0560234
0.0525971
0.0491849
0.0457999
0.0424627
0.0391762
0.0359669
0.0328111
0.0297529
0.0977076
0.097474
0.0970222
0.0963615
0.0954959
0.0944259
0.0931506
0.0916689
0.0899812
0.0880898
0.0859997
0.0837187
0.0812574
0.0786292
0.0758496
0.0729365
0.069909
0.0667874
0.0635921
0.0603442
0.0570632
0.0537692
0.0504789
0.0472109
0.0439767
0.040795
0.0376675
0.0346184
0.0316238
0.0287251
0.0954148
0.0951638
0.0946798
0.093975
0.0930571
0.0919303
0.0905968
0.0890592
0.0873206
0.0853863
0.0832637
0.0809628
0.0784957
0.0758771
0.0731231
0.070252
0.0672825
0.0642345
0.0611273
0.0579809
0.0548133
0.0516429
0.048485
0.0453563
0.0422669
0.0392336
0.0362571
0.0333595
0.0305172
0.0277687
0.0931193
0.0928528
0.0923401
0.0915965
0.0906328
0.0894567
0.0880738
0.0864896
0.0847102
0.0827434
0.0805987
0.078288
0.0758247
0.0732244
0.0705038
0.0676811
0.0647748
0.0618039
0.0587869
0.0557424
0.0526871
0.049638
0.0466086
0.0436142
0.0406636
0.0377717
0.0349386
0.0321844
0.0294859
0.0268789
0.0908269
0.0905467
0.090009
0.0892316
0.0882284
0.0870105
0.0855866
0.0839649
0.0821542
0.0801645
0.0780074
0.075696
0.0732451
0.0706709
0.0679904
0.0652216
0.0623826
0.0594915
0.056566
0.0536232
0.0506787
0.0477479
0.0448431
0.041978
0.0391602
0.0364031
0.0337062
0.0310877
0.0285249
0.0260512
0.0885435
0.0882515
0.0876923
0.0868859
0.0858496
0.084597
0.0831401
0.0814895
0.0796564
0.0776528
0.0754919
0.0731883
0.0707575
0.0682162
0.0655815
0.0628712
0.0601027
0.0572934
0.0544599
0.0516181
0.0487824
0.0459669
0.0431826
0.0404417
0.0377509
0.0351221
0.0325544
0.0300642
0.0276297
0.0252815
0.0862753
0.0859733
0.0853959
0.0845655
0.0835018
0.0822216
0.0807391
0.0790677
0.0772204
0.0752112
0.0730546
0.0707662
0.0683623
0.0658597
0.0632757
0.0606274
0.0579319
0.0552057
0.0524641
0.0497222
0.046993
0.0442894
0.0416213
0.0389996
0.0364301
0.0339234
0.0314782
0.0291093
0.0267959
0.0245661
0.0840284
0.0837181
0.0831258
0.0822759
0.0811906
0.0798892
0.0783884
0.0767036
0.0748498
0.0728424
0.0706973
0.0684307
0.0660595
0.0636007
0.0610713
0.0584881
0.0558672
0.0532246
0.0505745
0.0479308
0.0453055
0.0427103
0.040154
0.0376465
0.0351927
0.0328021
0.030473
0.0282188
0.0260197
0.0239015
0.0818092
0.0814923
0.0808882
0.0800232
0.0789216
0.0776051
0.0760926
0.0744013
0.0725479
0.0705492
0.0684218
0.0661829
0.0638494
0.0614385
0.0589668
0.0564508
0.0539057
0.0513466
0.048787
0.0462395
0.0437153
0.0412248
0.038776
0.0363777
0.0340341
0.0317537
0.0295346
0.0273888
0.0252976
0.0232844
0.0796241
0.079302
0.0786891
0.0778131
0.0767003
0.0753744
0.0738562
0.0721647
0.070318
0.0683339
0.0662299
0.0640235
0.061732
0.0593724
0.0569609
0.0545134
0.0520446
0.0495685
0.0470978
0.0446443
0.0422179
0.0398283
0.0374826
0.0351887
0.03295
0.0307742
0.0286591
0.0266155
0.0246261
0.0227119
0.0774794
0.0771537
0.0765347
0.0756515
0.0745321
0.073202
0.0716836
0.0699976
0.0681632
0.0661989
0.0641231
0.0619534
0.0597074
0.0574015
0.055052
0.0526738
0.0502812
0.0478872
0.0455036
0.0431414
0.0408096
0.038517
0.0362699
0.0340753
0.0319364
0.0298596
0.0278429
0.0258958
0.0240023
0.0221812
0.0753817
0.0750538
0.0744312
0.0735443
0.0724225
0.0710929
0.0695794
0.0679038
0.0660864
0.0641466
0.0621029
0.0599735
0.0577754
0.0555254
0.0532388
0.0509302
0.048613
0.0462997
0.0440011
0.0417273
0.0394866
0.037287
0.0351341
0.0330341
0.0309896
0.0290065
0.0270827
0.0252266
0.0234233
0.0216897
0.0733375
0.0730086
0.0723848
0.0714974
0.070377
0.069052
0.0675477
0.065887
0.0640908
0.0621792
0.060171
0.0580844
0.0559364
0.0537433
0.0515201
0.0492808
0.047038
0.0448035
0.0425873
0.0403988
0.0382457
0.0361349
0.0340717
0.0320614
0.0301065
0.0282119
0.0263756
0.0246051
0.0228866
0.0212352
0.0713534
0.0710246
0.0704016
0.0695165
0.0684009
0.0670843
0.065593
0.0639507
0.0621793
0.0602989
0.0583288
0.056287
0.0541904
0.0520549
0.049895
0.047724
0.0455541
0.0433962
0.0412597
0.0391532
0.0370837
0.0350577
0.0330796
0.0311544
0.029284
0.0274728
0.0257189
0.0240287
0.0223898
0.0208155
0.0694361
0.0691084
0.068488
0.0676077
0.0664997
0.0651946
0.0637195
0.0620988
0.0603549
0.0585082
0.056578
0.0545823
0.0525378
0.0504598
0.0483625
0.0462587
0.0441597
0.0420758
0.040016
0.0379879
0.0359982
0.0340526
0.0321552
0.0303102
0.0285195
0.0267867
0.0251101
0.0234952
0.0219308
0.0204286
0.0675922
0.0672665
0.0666502
0.0657767
0.0646789
0.0633879
0.0619315
0.0603349
0.0586206
0.0568093
0.0549203
0.0529714
0.0509789
0.048958
0.0469221
0.0448836
0.0428532
0.0408406
0.038854
0.0369008
0.0349868
0.0331172
0.0312959
0.0295265
0.0278105
0.0261513
0.024547
0.0230025
0.0215077
0.0200728
0.0658286
0.0655054
0.0648947
0.0640297
0.062944
0.0616692
0.0602336
0.0586628
0.0569796
0.0552047
0.0533575
0.0514554
0.0495146
0.0475496
0.0455735
0.043598
0.0416335
0.039689
0.0377722
0.0358899
0.0340474
0.0322496
0.0304997
0.0288011
0.0271551
0.0255645
0.0240278
0.0225488
0.0211189
0.0197465
0.0641519
0.063832
0.0632277
0.0623727
0.0613006
0.0600435
0.0586302
0.0570864
0.0554351
0.0536972
0.0518916
0.0500358
0.0481455
0.0462348
0.0443164
0.0424015
0.0404999
0.03862
0.0367692
0.0349537
0.0331785
0.0314478
0.0297648
0.0281323
0.0265515
0.0250248
0.0235507
0.0221325
0.0207627
0.0194483
0.0625693
0.0622529
0.0616559
0.0608118
0.0597545
0.0585161
0.0571259
0.0556097
0.0539906
0.0522894
0.050525
0.0487144
0.046873
0.0450145
0.0431513
0.0412939
0.0394518
0.0376329
0.0358441
0.0340911
0.0323786
0.0307106
0.0290897
0.0275185
0.0259981
0.0245305
0.0231143
0.0217523
0.0204379
0.0191769
0.0610877
0.0607753
0.060186
0.0593535
0.0583115
0.0570924
0.0557256
0.054237
0.0526498
0.0509846
0.0492601
0.047493
0.0456984
0.0438897
0.0420786
0.0402754
0.0384891
0.0367272
0.0349961
0.0333013
0.031647
0.0300368
0.0284733
0.0269586
0.0254938
0.0240805
0.0227175
0.021407
0.0201433
0.0189313
0.0597146
0.0594062
0.0588249
0.0580042
0.0569777
0.055778
0.0544343
0.0529729
0.0514166
0.0497861
0.0480997
0.046374
0.0446236
0.0428616
0.0410993
0.0393466
0.0376121
0.0359029
0.0342251
0.0325838
0.030983
0.0294259
0.0279148
0.0264518
0.0250377
0.0236739
0.0223593
0.0210957
0.0198782
0.0187106
0.0584574
0.0581531
0.0575797
0.0567707
0.0557596
0.0545787
0.0532576
0.0518221
0.0502954
0.0486977
0.0470472
0.0453601
0.0436508
0.0419321
0.0402148
0.0385086
0.0368215
0.0351606
0.0335314
0.0319388
0.0303864
0.0288774
0.0274139
0.0259976
0.0246293
0.0233101
0.0220392
0.0208177
0.0196418
0.0185143
0.057324
0.0570236
0.056458
0.0556603
0.0546639
0.053501
0.052201
0.05079
0.0492908
0.0477235
0.046106
0.0444545
0.0427828
0.0411034
0.039427
0.0377628
0.0361186
0.034501
0.0329155
0.0313665
0.0298576
0.0283916
0.0269705
0.0255958
0.0242683
0.0229888
0.0217567
0.0205727
0.0194337
0.0183416
0.0563227
0.056026
0.0554677
0.0546805
0.0536977
0.0525514
0.051271
0.0498823
0.048408
0.0468682
0.0452806
0.0436609
0.0420228
0.0403785
0.0387384
0.0371114
0.0355051
0.0339258
0.0323787
0.0308681
0.0293973
0.027969
0.026585
0.0252467
0.0239548
0.02271
0.0215117
0.0203605
0.0192537
0.0181925
0.0554622
0.0551689
0.0546171
0.0538394
0.0528689
0.0517374
0.0504743
0.0491052
0.0476529
0.0461372
0.0445756
0.0429836
0.0413747
0.0397608
0.038152
0.0365571
0.0349834
0.0334369
0.0319227
0.0304449
0.0290067
0.0276106
0.0262582
0.024951
0.0236894
0.0224742
0.0213047
0.0201812
0.0191017
0.0180667
0.0547519
0.0544615
0.0539153
0.0531457
0.0521856
0.0510668
0.0498183
0.0484659
0.0470321
0.0455366
0.0439967
0.0424278
0.0408432
0.0392545
0.0376717
0.0361033
0.0345564
0.033037
0.0315499
0.0300992
0.0286877
0.027318
0.0259916
0.0247098
0.0234731
0.022282
0.021136
0.0200353
0.0189782
0.0179648
0.0542019
0.0539137
0.0533719
0.0526089
0.0516571
0.0505483
0.0493113
0.047972
0.0465527
0.0450731
0.0435502
0.0419994
0.0404337
0.0388646
0.0373019
0.0357541
0.034228
0.0327296
0.0312635
0.0298335
0.0284427
0.0270934
0.025787
0.0245248
0.0233072
0.0221347
0.0210069
0.0199237
0.0188836
0.0178865
0.053823
0.0535364
0.0529977
0.0522392
0.0512933
0.0501915
0.0489627
0.0476324
0.0462232
0.0447546
0.0432436
0.0417052
0.0401526
0.038597
0.0370483
0.0355146
0.0340029
0.0325189
0.0310672
0.0296516
0.028275
0.0269396
0.025647
0.0243982
0.0231938
0.022034
0.0209186
0.0198475
0.0188193
0.0178341
0.0536272
0.0533413
0.0528041
0.0520481
0.0511053
0.0500072
0.0487826
0.0474571
0.0460531
0.0445902
0.0430853
0.0415534
0.0400076
0.0384591
0.0369175
0.0353912
0.0338869
0.0324103
0.0309661
0.0295579
0.0281886
0.0268604
0.0255749
0.024333
0.0231354
0.0219822
0.0208731
0.019808
0.0187857
0.0178057
0.155051
0.155819
0.15738
0.159594
0.162443
0.165874
0.16987
0.17441
0.179479
0.185073
0.191193
0.197837
0.205014
0.212727
0.22099
0.229809
0.2392
0.249171
0.259742
0.270917
0.28272
0.295146
0.308223
0.321932
0.336308
0.351296
0.366962
0.383162
0.400073
0.417288
0.155043
0.155811
0.157371
0.159585
0.162434
0.165865
0.16986
0.1744
0.179468
0.185061
0.191179
0.197821
0.204996
0.212707
0.220966
0.229781
0.239167
0.249132
0.259696
0.270862
0.282653
0.295066
0.308126
0.321816
0.336168
0.351128
0.366761
0.382922
0.399787
0.416945
0.155027
0.155794
0.157355
0.159568
0.162416
0.165846
0.169841
0.174379
0.179445
0.185036
0.191151
0.19779
0.204961
0.212666
0.220919
0.229725
0.239102
0.249054
0.259603
0.270751
0.282519
0.294905
0.307934
0.321584
0.335889
0.350794
0.366361
0.382441
0.399216
0.416261
0.155003
0.15577
0.15733
0.159542
0.16239
0.165818
0.169811
0.174347
0.179411
0.184999
0.19111
0.197744
0.204908
0.212605
0.220848
0.229642
0.239004
0.248938
0.259464
0.270584
0.282319
0.294665
0.307644
0.321236
0.335472
0.350292
0.36576
0.381722
0.398361
0.415235
0.15497
0.155737
0.157296
0.159508
0.162354
0.165781
0.169772
0.174306
0.179365
0.184949
0.191055
0.197682
0.204837
0.212524
0.220754
0.229532
0.238873
0.248783
0.259278
0.270362
0.282053
0.294344
0.307259
0.320772
0.334915
0.349623
0.364961
0.380763
0.397223
0.413869
0.15493
0.155696
0.157255
0.159465
0.16231
0.165735
0.169723
0.174253
0.179309
0.184887
0.190986
0.197605
0.204749
0.212423
0.220636
0.229394
0.23871
0.248589
0.259047
0.270084
0.28172
0.293943
0.306778
0.320193
0.33422
0.348788
0.363963
0.379566
0.395801
0.412165
0.154882
0.155648
0.157205
0.159414
0.162256
0.165679
0.169665
0.174191
0.179241
0.184812
0.190903
0.197512
0.204644
0.212301
0.220495
0.229228
0.238514
0.248356
0.258769
0.269751
0.281321
0.293463
0.306201
0.319499
0.333387
0.347787
0.362767
0.378133
0.3941
0.410125
0.154826
0.155591
0.157146
0.159354
0.162194
0.165614
0.169596
0.174118
0.179161
0.184726
0.190807
0.197404
0.204521
0.21216
0.220331
0.229035
0.238286
0.248085
0.258446
0.269364
0.280855
0.292904
0.305529
0.31869
0.332417
0.346622
0.361374
0.376465
0.392119
0.407752
0.154762
0.155526
0.15708
0.159286
0.162124
0.16554
0.169518
0.174034
0.179071
0.184627
0.190697
0.197281
0.204381
0.211998
0.220143
0.228815
0.238026
0.247776
0.258077
0.268921
0.280324
0.292266
0.304762
0.317767
0.33131
0.345293
0.359786
0.374562
0.389862
0.405048
0.15469
0.155452
0.157005
0.159209
0.162044
0.165457
0.169429
0.17394
0.17897
0.184516
0.190574
0.197142
0.204223
0.211817
0.219932
0.228567
0.237734
0.247428
0.257662
0.268424
0.279728
0.291548
0.3039
0.316731
0.330067
0.343801
0.358004
0.372428
0.38733
0.402016
0.15461
0.155371
0.156922
0.159124
0.161956
0.165365
0.169328
0.173836
0.178857
0.184393
0.190438
0.196989
0.204049
0.211616
0.219698
0.228293
0.23741
0.247043
0.257202
0.267873
0.279067
0.290753
0.302945
0.315582
0.328689
0.342147
0.356029
0.370064
0.384527
0.398662
0.154522
0.155282
0.156831
0.159031
0.161859
0.165265
0.169229
0.173721
0.178734
0.184258
0.190288
0.19682
0.203857
0.211395
0.219442
0.227992
0.237054
0.246619
0.256697
0.267268
0.27834
0.28988
0.301896
0.314321
0.327177
0.340332
0.353863
0.367472
0.381456
0.394988
0.154426
0.155185
0.156732
0.158929
0.161754
0.165156
0.169117
0.173596
0.178599
0.184111
0.190125
0.196637
0.203648
0.211155
0.219162
0.227664
0.236666
0.246159
0.256147
0.266608
0.27755
0.288929
0.300754
0.312948
0.325532
0.338359
0.351508
0.364655
0.378119
0.390999
0.154323
0.15508
0.156625
0.158819
0.16164
0.165037
0.168989
0.173461
0.178454
0.183952
0.189949
0.196439
0.203423
0.210896
0.21886
0.22731
0.236248
0.245661
0.255552
0.265896
0.276695
0.287902
0.29952
0.311465
0.323755
0.336227
0.348966
0.361616
0.374522
0.386701
0.154212
0.154968
0.15651
0.158701
0.161517
0.16491
0.168853
0.173317
0.178299
0.183781
0.189759
0.196226
0.203181
0.210617
0.218536
0.226929
0.235798
0.245126
0.254913
0.265131
0.275777
0.286798
0.298195
0.309872
0.321847
0.33394
0.346239
0.358357
0.370667
0.382098
0.154093
0.154847
0.156387
0.158575
0.161387
0.164774
0.168709
0.173163
0.178133
0.183599
0.189557
0.195999
0.202922
0.210319
0.21819
0.226523
0.235317
0.244554
0.254231
0.264312
0.274795
0.285618
0.296779
0.30817
0.319809
0.331497
0.343329
0.354881
0.366558
0.377197
0.153966
0.154719
0.156256
0.15844
0.161248
0.164628
0.168556
0.172999
0.177956
0.183406
0.189343
0.195758
0.202647
0.210003
0.217821
0.22609
0.234806
0.243946
0.253505
0.263442
0.273751
0.284363
0.295273
0.306361
0.317644
0.328903
0.340239
0.351192
0.362201
0.372003
0.153831
0.154583
0.156118
0.158298
0.161101
0.164472
0.168393
0.172826
0.177769
0.183201
0.189115
0.195502
0.202356
0.209668
0.217431
0.225632
0.234264
0.243302
0.252735
0.26252
0.272645
0.283034
0.293677
0.304445
0.315351
0.326157
0.336971
0.347294
0.3576
0.366523
0.153689
0.154439
0.155971
0.158148
0.160946
0.164306
0.168222
0.172643
0.177571
0.182985
0.188876
0.195233
0.20205
0.209314
0.21702
0.225149
0.233693
0.242621
0.251923
0.261547
0.271477
0.281631
0.291994
0.302424
0.312933
0.323262
0.333528
0.343189
0.352759
0.360764
0.15354
0.154288
0.155817
0.15799
0.160783
0.164148
0.168041
0.172451
0.177364
0.182758
0.188624
0.194949
0.201727
0.208942
0.216587
0.22464
0.233091
0.241906
0.251068
0.260522
0.270249
0.280154
0.290223
0.300298
0.310391
0.320221
0.329912
0.338881
0.347685
0.354732
0.153382
0.15413
0.155656
0.157824
0.160612
0.163968
0.167851
0.17225
0.177147
0.18252
0.18836
0.194652
0.201388
0.208552
0.216133
0.224107
0.23246
0.241155
0.250171
0.259448
0.268959
0.278606
0.288365
0.298069
0.307726
0.317035
0.326127
0.334375
0.342382
0.348436
0.153218
0.153964
0.155486
0.157651
0.160433
0.163778
0.167653
0.17204
0.176919
0.182271
0.188083
0.194342
0.201035
0.208144
0.215658
0.223549
0.2318
0.24037
0.249233
0.258323
0.26761
0.276985
0.286422
0.295738
0.304941
0.313706
0.322175
0.329674
0.336855
0.341882
0.153046
0.15379
0.15531
0.15747
0.160246
0.163582
0.167448
0.171821
0.176682
0.182011
0.187796
0.194018
0.200666
0.207719
0.215163
0.222967
0.231111
0.23955
0.248253
0.257149
0.266202
0.275294
0.284395
0.293306
0.302037
0.310236
0.31806
0.324783
0.331111
0.335079
0.152866
0.153609
0.155126
0.157282
0.160049
0.163379
0.167233
0.171593
0.176436
0.181742
0.187496
0.193681
0.200282
0.207276
0.214647
0.222361
0.230394
0.238696
0.247233
0.255926
0.264735
0.273533
0.282283
0.290775
0.299016
0.306629
0.313784
0.319706
0.325156
0.328034
0.15268
0.153421
0.154935
0.157086
0.159849
0.163168
0.167011
0.171356
0.17618
0.181461
0.187185
0.193331
0.199883
0.206817
0.214111
0.221731
0.229648
0.237808
0.246172
0.254655
0.26321
0.271702
0.280089
0.288146
0.295879
0.302886
0.309352
0.314446
0.318995
0.320756
0.152486
0.153226
0.154736
0.156884
0.159643
0.162948
0.166781
0.17111
0.175915
0.181171
0.186863
0.192969
0.19947
0.20634
0.213556
0.221078
0.228875
0.236888
0.245072
0.253336
0.261628
0.269803
0.277814
0.28542
0.292629
0.299009
0.304766
0.309009
0.312634
0.313253
0.152285
0.153024
0.15453
0.156674
0.159424
0.162722
0.166543
0.170856
0.17564
0.180871
0.18653
0.192594
0.199042
0.205847
0.212981
0.220403
0.228075
0.235934
0.243932
0.25197
0.25999
0.267836
0.275458
0.282599
0.289266
0.295002
0.300029
0.303399
0.306081
0.305534
0.152076
0.152815
0.154318
0.156455
0.159199
0.162488
0.166296
0.170594
0.175357
0.180561
0.186185
0.192206
0.198601
0.205338
0.212387
0.219704
0.227247
0.234948
0.242753
0.250557
0.258295
0.265803
0.273022
0.279684
0.285794
0.290866
0.295146
0.29762
0.299341
0.297606
0.151861
0.152599
0.154099
0.156231
0.158967
0.162247
0.166043
0.170323
0.175065
0.180241
0.185831
0.191807
0.198146
0.204812
0.211774
0.218983
0.226392
0.233931
0.241536
0.249099
0.256545
0.263704
0.270508
0.276676
0.282213
0.286605
0.290118
0.291677
0.29242
0.289478
0.151639
0.152376
0.153872
0.156003
0.158728
0.161998
0.165781
0.170045
0.174764
0.179912
0.185465
0.191396
0.197677
0.204271
0.211143
0.21824
0.225512
0.232881
0.240281
0.247594
0.25474
0.261539
0.267917
0.273578
0.278526
0.28222
0.284951
0.285574
0.285326
0.281157
0.15141
0.152147
0.153639
0.155764
0.158483
0.161743
0.165513
0.169759
0.174455
0.179574
0.18509
0.190974
0.197195
0.203715
0.210494
0.217475
0.224605
0.231801
0.238988
0.246045
0.252882
0.259311
0.26525
0.270391
0.274734
0.277715
0.279647
0.279316
0.278065
0.272651
0.151174
0.15191
0.153399
0.155519
0.15823
0.161481
0.165237
0.169465
0.174138
0.179227
0.184705
0.19054
0.1967
0.203143
0.209826
0.216689
0.223673
0.23069
0.237659
0.244451
0.25097
0.257019
0.262506
0.267115
0.270839
0.273092
0.27421
0.272906
0.270642
0.263966
0.150931
0.151668
0.153154
0.155267
0.157972
0.161211
0.164953
0.169163
0.173813
0.178871
0.184309
0.190095
0.196192
0.202556
0.209141
0.215883
0.222716
0.229548
0.236293
0.242814
0.249006
0.254665
0.259689
0.263753
0.266843
0.268354
0.268641
0.266349
0.263064
0.255106
0.150682
0.151418
0.152901
0.15501
0.157706
0.160936
0.164663
0.168855
0.17348
0.178506
0.183905
0.189639
0.195672
0.201955
0.208439
0.215055
0.221734
0.228377
0.234891
0.241134
0.24699
0.252249
0.256799
0.260305
0.262747
0.263504
0.262945
0.259649
0.255338
0.246076
0.150426
0.151163
0.152642
0.154746
0.157435
0.160653
0.164367
0.168539
0.173139
0.178133
0.18349
0.189172
0.195139
0.201339
0.20772
0.214207
0.220727
0.227176
0.233453
0.23941
0.244921
0.249772
0.253836
0.256774
0.258553
0.258543
0.257123
0.252811
0.247466
0.236876
0.150164
0.150901
0.152377
0.154476
0.157156
0.160364
0.164062
0.168215
0.172789
0.17775
0.183065
0.188693
0.194592
0.200707
0.20698
0.213336
0.219692
0.225942
0.231975
0.237639
0.242798
0.247229
0.250796
0.253155
0.254258
0.253471
0.251175
0.245836
0.239451
0.227499
0.149895
0.150633
0.152105
0.1542
0.156872
0.160069
0.163752
0.167884
0.172432
0.17736
0.182631
0.188204
0.194033
0.20006
0.206224
0.212443
0.218633
0.224677
0.230462
0.235824
0.240622
0.244626
0.247686
0.249456
0.249871
0.248299
0.245112
0.238742
0.231306
0.217952
0.14962
0.150359
0.151829
0.15392
0.156585
0.159772
0.163442
0.167556
0.17208
0.176975
0.182205
0.187724
0.193485
0.199426
0.205481
0.211565
0.217586
0.223424
0.228956
0.234013
0.238443
0.24201
0.244552
0.24572
0.245431
0.243062
0.238961
0.231552
0.223056
0.208244
0.149339
0.15008
0.151549
0.153637
0.156297
0.159476
0.163134
0.167233
0.171735
0.176602
0.181794
0.187263
0.192959
0.198816
0.204765
0.210714
0.216567
0.222195
0.227469
0.232212
0.236261
0.239374
0.241376
0.241917
0.240892
0.237693
0.23263
0.224144
0.214534
0.198179
0.14905
0.149791
0.151252
0.15333
0.155976
0.159136
0.162771
0.166838
0.171302
0.17612
0.181252
0.186647
0.19225
0.197994
0.203804
0.209584
0.215231
0.220612
0.225588
0.229979
0.23361
0.236237
0.237669
0.237561
0.235785
0.231757
0.225724
0.216197
0.205329
0.187396
0.14905
0.149791
0.151252
0.15333
0.155977
0.159137
0.162771
0.166839
0.171302
0.176121
0.181252
0.186647
0.192251
0.197995
0.203804
0.209585
0.215231
0.220612
0.225589
0.22998
0.233611
0.236238
0.23767
0.237562
0.235786
0.231759
0.225726
0.216198
0.205331
0.187398
0.149339
0.15008
0.151549
0.153637
0.156297
0.159476
0.163135
0.167233
0.171735
0.176602
0.181794
0.187264
0.192959
0.198817
0.204765
0.210715
0.216567
0.222196
0.227469
0.232213
0.236262
0.239375
0.241377
0.241918
0.240893
0.237694
0.232632
0.224146
0.214535
0.198181
0.14962
0.15036
0.15183
0.15392
0.156586
0.159772
0.163442
0.167556
0.17208
0.176976
0.182206
0.187725
0.193485
0.199427
0.205482
0.211566
0.217587
0.223425
0.228957
0.234014
0.238444
0.242011
0.244553
0.245721
0.245432
0.243063
0.238963
0.231554
0.223058
0.208246
0.149895
0.150633
0.152106
0.1542
0.156872
0.160069
0.163752
0.167885
0.172433
0.17736
0.182632
0.188204
0.194033
0.20006
0.206224
0.212444
0.218633
0.224678
0.230462
0.235825
0.240623
0.244627
0.247687
0.249457
0.249872
0.248301
0.245113
0.238743
0.231308
0.217954
0.150164
0.150901
0.152377
0.154476
0.157156
0.160364
0.164063
0.168215
0.172789
0.177751
0.183066
0.188694
0.194592
0.200707
0.206981
0.213336
0.219693
0.225942
0.231976
0.23764
0.242798
0.24723
0.250797
0.253156
0.254259
0.253472
0.251177
0.245837
0.239452
0.227501
0.150426
0.151163
0.152642
0.154746
0.157435
0.160653
0.164367
0.168539
0.173139
0.178134
0.183491
0.189173
0.195139
0.20134
0.20772
0.214208
0.220728
0.227177
0.233454
0.239411
0.244922
0.249773
0.253837
0.256775
0.258554
0.258544
0.257125
0.252812
0.247468
0.236877
0.150682
0.151419
0.152902
0.15501
0.157707
0.160936
0.164664
0.168855
0.17348
0.178507
0.183905
0.189639
0.195672
0.201956
0.20844
0.215056
0.221735
0.228378
0.234892
0.241134
0.24699
0.25225
0.2568
0.260306
0.262748
0.263505
0.262947
0.259651
0.255339
0.246078
0.150931
0.151668
0.153154
0.155268
0.157972
0.161212
0.164954
0.169164
0.173813
0.178871
0.18431
0.190095
0.196192
0.202557
0.209142
0.215883
0.222716
0.229549
0.236293
0.242815
0.249006
0.254666
0.25969
0.263754
0.266844
0.268355
0.268643
0.26635
0.263066
0.255108
0.151174
0.151911
0.153399
0.155519
0.158231
0.161481
0.165237
0.169465
0.174138
0.179227
0.184705
0.19054
0.1967
0.203143
0.209827
0.21669
0.223674
0.23069
0.237659
0.244452
0.250971
0.25702
0.262507
0.267116
0.27084
0.273093
0.274211
0.272907
0.270643
0.263967
0.15141
0.152147
0.153639
0.155764
0.158483
0.161743
0.165513
0.169759
0.174456
0.179574
0.18509
0.190974
0.197195
0.203715
0.210494
0.217476
0.224606
0.231801
0.238989
0.246046
0.252883
0.259312
0.26525
0.270392
0.274735
0.277716
0.279648
0.279317
0.278066
0.272652
0.151639
0.152376
0.153873
0.156004
0.158728
0.161999
0.165782
0.170045
0.174765
0.179913
0.185466
0.191396
0.197677
0.204272
0.211144
0.218241
0.225512
0.232882
0.240281
0.247595
0.254741
0.26154
0.267918
0.273579
0.278527
0.282222
0.284952
0.285575
0.285328
0.281159
0.151861
0.152599
0.154099
0.156231
0.158967
0.162247
0.166043
0.170324
0.175065
0.180242
0.185831
0.191808
0.198146
0.204813
0.211775
0.218983
0.226393
0.233931
0.241536
0.249099
0.256546
0.263704
0.270509
0.276677
0.282214
0.286606
0.29012
0.291678
0.292422
0.289479
0.152076
0.152815
0.154318
0.156455
0.159199
0.162488
0.166297
0.170594
0.175357
0.180561
0.186186
0.192207
0.198601
0.205338
0.212388
0.219704
0.227247
0.234949
0.242754
0.250558
0.258296
0.265804
0.273023
0.279685
0.285795
0.290867
0.295147
0.297621
0.299342
0.297607
0.152285
0.153024
0.154531
0.156674
0.159425
0.162722
0.166543
0.170856
0.17564
0.180871
0.18653
0.192594
0.199043
0.205848
0.212981
0.220403
0.228075
0.235935
0.243932
0.251971
0.25999
0.267837
0.275459
0.282599
0.289267
0.295003
0.30003
0.3034
0.306082
0.305535
0.152486
0.153227
0.154736
0.156884
0.159644
0.162949
0.166781
0.17111
0.175915
0.181171
0.186863
0.192969
0.19947
0.206341
0.213556
0.221079
0.228876
0.236888
0.245072
0.253337
0.261629
0.269804
0.277815
0.285421
0.29263
0.29901
0.304767
0.30901
0.312636
0.313254
0.15268
0.153422
0.154935
0.157087
0.159849
0.163168
0.167011
0.171356
0.17618
0.181462
0.187185
0.193331
0.199883
0.206817
0.214112
0.221732
0.229649
0.237809
0.246173
0.254656
0.263211
0.271703
0.28009
0.288146
0.29588
0.302887
0.309353
0.314447
0.318996
0.320757
0.152866
0.15361
0.155126
0.157282
0.160049
0.163379
0.167234
0.171593
0.176436
0.181742
0.187496
0.193681
0.200282
0.207277
0.214647
0.222361
0.230394
0.238696
0.247233
0.255927
0.264736
0.273533
0.282284
0.290776
0.299017
0.30663
0.313785
0.319707
0.325157
0.328035
0.153046
0.15379
0.15531
0.15747
0.160246
0.163583
0.167448
0.171821
0.176682
0.182012
0.187796
0.194018
0.200666
0.207719
0.215163
0.222967
0.231112
0.23955
0.248254
0.257149
0.266203
0.275294
0.284395
0.293307
0.302038
0.310237
0.318061
0.324784
0.331112
0.33508
0.153218
0.153964
0.155487
0.157651
0.160433
0.163779
0.167654
0.17204
0.176919
0.182271
0.188084
0.194342
0.201035
0.208145
0.215658
0.22355
0.231801
0.24037
0.249233
0.258323
0.267611
0.276986
0.286423
0.295738
0.304942
0.313706
0.322176
0.329675
0.336856
0.341883
0.153383
0.15413
0.155656
0.157824
0.160613
0.163969
0.167851
0.17225
0.177147
0.18252
0.18836
0.194652
0.201389
0.208552
0.216133
0.224107
0.232461
0.241155
0.250172
0.259448
0.26896
0.278606
0.288366
0.298069
0.307727
0.317035
0.326128
0.334376
0.342382
0.348437
0.15354
0.154288
0.155817
0.15799
0.160783
0.164148
0.168041
0.172452
0.177364
0.182758
0.188624
0.19495
0.201727
0.208942
0.216587
0.224641
0.233091
0.241906
0.251068
0.260523
0.270249
0.280155
0.290223
0.300299
0.310391
0.320222
0.329913
0.338882
0.347686
0.354733
0.153689
0.154439
0.155971
0.158148
0.160946
0.164306
0.168222
0.172644
0.177572
0.182985
0.188876
0.195233
0.20205
0.209314
0.21702
0.225149
0.233693
0.242622
0.251923
0.261547
0.271478
0.281631
0.291994
0.302424
0.312933
0.323263
0.333528
0.343189
0.35276
0.360765
0.153831
0.154583
0.156118
0.158298
0.161101
0.164473
0.168393
0.172826
0.177769
0.183201
0.189116
0.195502
0.202357
0.209668
0.217432
0.225632
0.234265
0.243302
0.252735
0.26252
0.272645
0.283034
0.293678
0.304446
0.315351
0.326158
0.336971
0.347294
0.357601
0.366524
0.153966
0.154719
0.156257
0.15844
0.161248
0.164628
0.168556
0.172999
0.177956
0.183406
0.189343
0.195758
0.202648
0.210003
0.217822
0.22609
0.234806
0.243946
0.253505
0.263443
0.273752
0.284364
0.295273
0.306362
0.317644
0.328903
0.340239
0.351193
0.362202
0.372004
0.154093
0.154847
0.156387
0.158575
0.161387
0.164774
0.168709
0.173163
0.178133
0.183599
0.189558
0.195999
0.202923
0.21032
0.21819
0.226523
0.235318
0.244554
0.254231
0.264313
0.274796
0.285618
0.296779
0.308171
0.31981
0.331498
0.34333
0.354882
0.366559
0.377197
0.154212
0.154968
0.15651
0.158701
0.161518
0.16491
0.168853
0.173317
0.178299
0.183781
0.18976
0.196226
0.203181
0.210617
0.218536
0.226929
0.235798
0.245126
0.254914
0.265131
0.275777
0.286798
0.298195
0.309872
0.321848
0.33394
0.346239
0.358357
0.370667
0.382099
0.154323
0.15508
0.156625
0.158819
0.16164
0.165038
0.168989
0.173461
0.178455
0.183952
0.189949
0.196439
0.203423
0.210896
0.218861
0.22731
0.236248
0.245661
0.255552
0.265896
0.276695
0.287902
0.299521
0.311465
0.323756
0.336228
0.348966
0.361616
0.374522
0.386701
0.154427
0.155185
0.156732
0.158929
0.161754
0.165156
0.169117
0.173596
0.1786
0.184111
0.190125
0.196637
0.203648
0.211155
0.219162
0.227664
0.236667
0.246159
0.256147
0.266609
0.27755
0.288929
0.300754
0.312948
0.325533
0.338359
0.351509
0.364656
0.37812
0.391
0.154522
0.155282
0.156832
0.159031
0.161859
0.165265
0.169229
0.173721
0.178734
0.184258
0.190288
0.19682
0.203857
0.211396
0.219442
0.227992
0.237054
0.24662
0.256697
0.267268
0.278341
0.28988
0.301896
0.314321
0.327178
0.340333
0.353863
0.367472
0.381456
0.394988
0.15461
0.155371
0.156922
0.159124
0.161956
0.165365
0.169328
0.173836
0.178857
0.184393
0.190438
0.196989
0.204049
0.211616
0.219698
0.228293
0.23741
0.247043
0.257202
0.267873
0.279067
0.290753
0.302945
0.315582
0.32869
0.342147
0.356029
0.370064
0.384527
0.398662
0.15469
0.155452
0.157005
0.159209
0.162044
0.165457
0.169429
0.173941
0.17897
0.184516
0.190574
0.197142
0.204223
0.211817
0.219932
0.228568
0.237734
0.247428
0.257662
0.268424
0.279728
0.291549
0.3039
0.316731
0.330068
0.343801
0.358004
0.372428
0.38733
0.402017
0.154762
0.155526
0.15708
0.159286
0.162124
0.16554
0.169518
0.174034
0.179071
0.184627
0.190697
0.197281
0.204381
0.211999
0.220143
0.228815
0.238026
0.247776
0.258077
0.268921
0.280325
0.292266
0.304762
0.317768
0.33131
0.345293
0.359786
0.374563
0.389862
0.405048
0.154826
0.155591
0.157146
0.159354
0.162194
0.165614
0.169596
0.174118
0.179161
0.184726
0.190807
0.197404
0.204521
0.21216
0.220331
0.229035
0.238286
0.248085
0.258446
0.269364
0.280856
0.292904
0.305529
0.31869
0.332417
0.346622
0.361374
0.376465
0.392119
0.407752
0.154882
0.155648
0.157205
0.159414
0.162257
0.165679
0.169665
0.174191
0.179241
0.184812
0.190903
0.197512
0.204644
0.212302
0.220495
0.229228
0.238514
0.248356
0.258769
0.269752
0.281321
0.293464
0.306201
0.319499
0.333388
0.347788
0.362767
0.378133
0.3941
0.410126
0.15493
0.155696
0.157255
0.159465
0.16231
0.165735
0.169723
0.174253
0.179309
0.184887
0.190986
0.197605
0.204749
0.212423
0.220636
0.229394
0.23871
0.248589
0.259047
0.270084
0.28172
0.293944
0.306778
0.320193
0.33422
0.348788
0.363963
0.379567
0.395802
0.412166
0.15497
0.155737
0.157296
0.159508
0.162354
0.165781
0.169772
0.174306
0.179365
0.184949
0.191055
0.197682
0.204838
0.212524
0.220754
0.229532
0.238873
0.248783
0.259279
0.270362
0.282053
0.294344
0.307259
0.320772
0.334915
0.349623
0.364961
0.380763
0.397223
0.41387
0.155003
0.15577
0.15733
0.159542
0.16239
0.165818
0.169812
0.174347
0.179411
0.184999
0.19111
0.197744
0.204908
0.212605
0.220848
0.229642
0.239004
0.248938
0.259464
0.270584
0.282319
0.294665
0.307644
0.321236
0.335472
0.350292
0.365761
0.381722
0.398361
0.415235
0.155027
0.155794
0.157355
0.159568
0.162416
0.165846
0.169841
0.174379
0.179445
0.185036
0.191151
0.19779
0.204961
0.212666
0.220919
0.229725
0.239102
0.249055
0.259603
0.270751
0.282519
0.294905
0.307934
0.321584
0.33589
0.350794
0.366361
0.382441
0.399217
0.416261
0.155043
0.155811
0.157371
0.159585
0.162434
0.165865
0.169861
0.1744
0.179468
0.185061
0.191179
0.197821
0.204996
0.212707
0.220966
0.229781
0.239167
0.249132
0.259696
0.270862
0.282653
0.295066
0.308127
0.321816
0.336168
0.351129
0.366761
0.382922
0.399787
0.416945
0.155051
0.155819
0.15738
0.159594
0.162443
0.165874
0.16987
0.17441
0.179479
0.185073
0.191193
0.197837
0.205014
0.212727
0.22099
0.229809
0.2392
0.249171
0.259742
0.270917
0.28272
0.295146
0.308223
0.321932
0.336308
0.351296
0.366962
0.383162
0.400073
0.417288
0.0536271
0.0533412
0.052804
0.0520479
0.0511052
0.050007
0.0487824
0.0474568
0.0460528
0.0445899
0.0430849
0.041553
0.0400071
0.0384586
0.036917
0.0353906
0.0338862
0.0324096
0.0309653
0.0295571
0.0281878
0.0268595
0.0255739
0.024332
0.0231343
0.021981
0.0208719
0.0198067
0.0187844
0.0178043
0.0538229
0.0535363
0.0529976
0.0522391
0.0512932
0.0501913
0.0489625
0.0476322
0.046223
0.0447543
0.0432432
0.0417048
0.0401521
0.0385966
0.0370478
0.035514
0.0340023
0.0325182
0.0310665
0.0296508
0.0282742
0.0269387
0.025646
0.0243972
0.0231927
0.0220329
0.0209174
0.0198462
0.018818
0.0178327
0.0542018
0.0539136
0.0533719
0.0526088
0.051657
0.0505481
0.0493112
0.0479718
0.0465525
0.0450728
0.0435499
0.041999
0.0404332
0.0388641
0.0373014
0.0357535
0.0342274
0.0327289
0.0312627
0.0298327
0.0284419
0.0270925
0.0257861
0.0245238
0.0233062
0.0221336
0.0210057
0.0199225
0.0188823
0.0178852
0.0547519
0.0544614
0.0539152
0.0531456
0.0521855
0.0510666
0.0498181
0.0484657
0.0470318
0.0455363
0.0439964
0.0424275
0.0408428
0.039254
0.0376712
0.0361027
0.0345558
0.0330363
0.0315492
0.0300984
0.0286869
0.0273171
0.0259907
0.0247088
0.0234721
0.0222809
0.0211349
0.0200341
0.0189769
0.0179635
0.0554622
0.0551689
0.054617
0.0538393
0.0528687
0.0517373
0.0504741
0.049105
0.0476527
0.046137
0.0445753
0.0429833
0.0413744
0.0397604
0.0381516
0.0365566
0.0349828
0.0334363
0.0319221
0.0304442
0.029006
0.0276098
0.0262573
0.0249501
0.0236885
0.0224731
0.0213036
0.0201801
0.0191005
0.0180655
0.0563226
0.056026
0.0554676
0.0546804
0.0536976
0.0525513
0.0512709
0.0498821
0.0484078
0.046868
0.0452803
0.0436606
0.0420225
0.0403782
0.038738
0.037111
0.0355046
0.0339252
0.0323781
0.0308674
0.0293966
0.0279682
0.0265841
0.0252458
0.0239539
0.0227091
0.0215107
0.0203594
0.0192525
0.0181913
0.057324
0.0570236
0.056458
0.0556603
0.0546638
0.0535009
0.0522009
0.0507899
0.0492906
0.0477233
0.0461058
0.0444542
0.0427825
0.0411031
0.0394267
0.0377624
0.0361182
0.0345005
0.0329149
0.0313659
0.029857
0.0283909
0.0269697
0.025595
0.0242674
0.0229879
0.0217557
0.0205717
0.0194327
0.0183405
0.0584574
0.0581531
0.0575797
0.0567707
0.0557596
0.0545787
0.0532575
0.051822
0.0502953
0.0486975
0.047047
0.0453599
0.0436506
0.0419318
0.0402145
0.0385082
0.0368211
0.0351601
0.0335309
0.0319382
0.0303858
0.0288768
0.0274132
0.0259969
0.0246285
0.0233093
0.0220383
0.0208168
0.0196409
0.0185132
0.0597146
0.0594062
0.0588249
0.0580042
0.0569777
0.0557779
0.0544343
0.0529728
0.0514166
0.049786
0.0480996
0.0463738
0.0446234
0.0428613
0.041099
0.0393463
0.0376117
0.0359025
0.0342247
0.0325834
0.0309825
0.0294253
0.0279142
0.0264512
0.025037
0.0236731
0.0223585
0.0210949
0.0198774
0.0187097
0.0610878
0.0607753
0.0601861
0.0593535
0.0583115
0.0570924
0.0557256
0.054237
0.0526498
0.0509846
0.04926
0.0474929
0.0456982
0.0438895
0.0420784
0.0402752
0.0384888
0.0367269
0.0349958
0.0333009
0.0316465
0.0300363
0.0284727
0.0269581
0.0254932
0.0240798
0.0227168
0.0214063
0.0201426
0.0189305
0.0625693
0.062253
0.061656
0.0608119
0.0597545
0.0585162
0.0571259
0.0556097
0.0539906
0.0522894
0.0505249
0.0487143
0.0468729
0.0450144
0.0431511
0.0412937
0.0394516
0.0376326
0.0358438
0.0340908
0.0323783
0.0307102
0.0290892
0.027518
0.0259976
0.0245299
0.0231137
0.0217517
0.0204372
0.0191762
0.064152
0.0638321
0.0632278
0.0623728
0.0613007
0.0600436
0.0586302
0.0570864
0.0554351
0.0536972
0.0518916
0.0500358
0.0481455
0.0462348
0.0443164
0.0424014
0.0404997
0.0386199
0.036769
0.0349535
0.0331782
0.0314475
0.0297644
0.0281319
0.0265511
0.0250243
0.0235502
0.022132
0.0207621
0.0194477
0.0658287
0.0655055
0.0648948
0.0640299
0.0629441
0.0616693
0.0602337
0.0586629
0.0569796
0.0552048
0.0533575
0.0514554
0.0495146
0.0475496
0.0455735
0.043598
0.0416335
0.0396889
0.0377721
0.0358897
0.0340472
0.0322493
0.0304994
0.0288008
0.0271548
0.0255642
0.0240274
0.0225484
0.0211184
0.019746
0.0675924
0.0672666
0.0666504
0.0657769
0.0646791
0.063388
0.0619317
0.060335
0.0586207
0.0568094
0.0549204
0.0529714
0.050979
0.0489581
0.0469222
0.0448836
0.0428532
0.0408406
0.038854
0.0369007
0.0349867
0.0331171
0.0312958
0.0295263
0.0278104
0.0261511
0.0245468
0.0230022
0.0215074
0.0200725
0.0694363
0.0691086
0.0684882
0.0676078
0.0664999
0.0651947
0.0637196
0.062099
0.060355
0.0585083
0.0565781
0.0545824
0.0525379
0.05046
0.0483626
0.0462588
0.0441598
0.0420759
0.040016
0.037988
0.0359982
0.0340526
0.0321551
0.0303102
0.0285194
0.0267866
0.02511
0.023495
0.0219306
0.0204284
0.0713536
0.0710248
0.0704018
0.0695167
0.0684011
0.0670845
0.0655932
0.0639509
0.0621795
0.0602991
0.058329
0.0562872
0.0541906
0.0520551
0.0498952
0.0477242
0.0455543
0.0433964
0.0412599
0.0391534
0.0370839
0.0350578
0.0330797
0.0311545
0.0292841
0.0274728
0.0257189
0.0240287
0.0223897
0.0208154
0.0733377
0.0730088
0.072385
0.0714976
0.0703772
0.0690522
0.0675479
0.0658872
0.0640911
0.0621794
0.0601712
0.0580846
0.0559367
0.0537436
0.0515204
0.049281
0.0470383
0.0448037
0.0425875
0.040399
0.0382459
0.0361351
0.0340719
0.0320616
0.0301067
0.0282121
0.0263758
0.0246052
0.0228867
0.0212353
0.0753819
0.075054
0.0744314
0.0735446
0.0724228
0.0710931
0.0695796
0.0679041
0.0660867
0.0641469
0.0621032
0.0599738
0.0577758
0.0555257
0.0532391
0.0509305
0.0486134
0.0463
0.0440014
0.0417276
0.0394869
0.0372873
0.0351344
0.0330344
0.0309899
0.0290068
0.027083
0.0252269
0.0234235
0.02169
0.0774796
0.077154
0.076535
0.0756518
0.0745324
0.0732023
0.0716839
0.0699979
0.0681635
0.0661993
0.0641234
0.0619538
0.0597077
0.0574019
0.0550523
0.0526742
0.0502816
0.0478876
0.045504
0.0431418
0.04081
0.0385174
0.0362704
0.0340758
0.0319368
0.02986
0.0278433
0.0258962
0.0240027
0.0221816
0.0796243
0.0793023
0.0786894
0.0778134
0.0767006
0.0753747
0.0738565
0.072165
0.0703184
0.0683343
0.0662303
0.0640239
0.0617324
0.0593728
0.0569613
0.0545138
0.0520451
0.049569
0.0470983
0.0446448
0.0422184
0.0398289
0.0374832
0.0351892
0.0329505
0.0307747
0.0286596
0.0266161
0.0246266
0.0227124
0.0818095
0.0814926
0.0808885
0.0800235
0.078922
0.0776055
0.0760929
0.0744017
0.0725483
0.0705496
0.0684222
0.0661833
0.0638499
0.061439
0.0589674
0.0564513
0.0539063
0.0513472
0.0487875
0.0462401
0.0437159
0.0412254
0.0387766
0.0363783
0.0340348
0.0317544
0.0295353
0.0273895
0.0252983
0.0232851
0.0840288
0.0837185
0.0831261
0.0822763
0.081191
0.0798896
0.0783888
0.076704
0.0748502
0.0728429
0.0706977
0.0684312
0.06606
0.0636013
0.0610718
0.0584886
0.0558679
0.0532252
0.0505751
0.0479315
0.0453062
0.042711
0.0401548
0.0376473
0.0351935
0.0328029
0.0304738
0.0282196
0.0260206
0.0239023
0.0862756
0.0859736
0.0853962
0.0845658
0.0835022
0.082222
0.0807395
0.0790681
0.0772209
0.0752117
0.0730551
0.0707667
0.0683628
0.0658603
0.0632763
0.0606281
0.0579326
0.0552064
0.0524648
0.049723
0.0469938
0.0442903
0.0416221
0.0390005
0.036431
0.0339243
0.0314791
0.0291103
0.0267969
0.0245671
0.0885439
0.0882519
0.0876926
0.0868863
0.08585
0.0845975
0.0831405
0.0814899
0.0796569
0.0776533
0.0754925
0.0731889
0.0707581
0.0682169
0.0655822
0.0628719
0.0601034
0.0572942
0.0544607
0.051619
0.0487833
0.0459678
0.0431835
0.0404427
0.0377519
0.0351232
0.0325555
0.0300653
0.0276308
0.0252827
0.0908272
0.0905471
0.0900094
0.089232
0.0882288
0.0870109
0.085587
0.0839654
0.0821547
0.0801651
0.0780079
0.0756966
0.0732458
0.0706716
0.0679912
0.0652224
0.0623834
0.0594924
0.0565669
0.0536241
0.0506797
0.0477489
0.0448442
0.0419791
0.0391613
0.0364043
0.0337074
0.0310889
0.0285262
0.0260525
0.0931197
0.0928532
0.0923405
0.0915969
0.0906332
0.0894571
0.0880743
0.0864901
0.0847108
0.082744
0.0805994
0.0782887
0.0758254
0.0732251
0.0705046
0.067682
0.0647757
0.0618048
0.0587879
0.0557434
0.0526881
0.0496391
0.0466097
0.0436154
0.0406648
0.037773
0.0349399
0.0321858
0.0294873
0.0268803
0.0954152
0.0951642
0.0946802
0.0939755
0.0930576
0.0919307
0.0905973
0.0890597
0.0873211
0.0853869
0.0832644
0.0809635
0.0784965
0.0758779
0.073124
0.0702529
0.0672834
0.0642355
0.0611284
0.057982
0.0548144
0.0516441
0.0484862
0.0453576
0.0422683
0.0392349
0.0362585
0.033361
0.0305187
0.0277703
0.097708
0.0974744
0.0970226
0.0963619
0.0954963
0.0944264
0.0931511
0.0916695
0.0899818
0.0880905
0.0860004
0.0837195
0.0812582
0.07863
0.0758505
0.0729374
0.0699099
0.0667884
0.0635932
0.0603453
0.0570644
0.0537705
0.0504802
0.0472123
0.0439782
0.0407965
0.0376691
0.0346199
0.0316254
0.0287268
0.0999926
0.0997782
0.0993622
0.0987507
0.0979439
0.0969388
0.0957305
0.0943148
0.0926885
0.090851
0.0888045
0.0865545
0.0841096
0.0814816
0.0786852
0.0757378
0.0726583
0.0694678
0.0661873
0.0628392
0.0594444
0.0560247
0.0525985
0.0491864
0.0458014
0.0424642
0.0391779
0.0359686
0.0328128
0.0297548
0.102263
0.10207
0.101693
0.101136
0.100395
0.0994625
0.0983304
0.0969906
0.0954366
0.0936646
0.0916736
0.0894664
0.0870493
0.0844324
0.0816291
0.0786559
0.0755318
0.0722778
0.0689159
0.0654695
0.061961
0.058414
0.0548487
0.0512875
0.0477456
0.0442455
0.040792
0.0374134
0.0340868
0.0308593
0.104515
0.104345
0.104011
0.103513
0.102844
0.101992
0.100945
0.0996919
0.0982216
0.0965271
0.094604
0.0924523
0.0900755
0.0874817
0.0846826
0.0816936
0.0785332
0.0752225
0.071784
0.0682424
0.0646212
0.0609459
0.0572384
0.0535237
0.0498186
0.0461483
0.0425189
0.0389614
0.0354539
0.0320462
0.106743
0.106597
0.10631
0.105876
0.105286
0.104522
0.10357
0.102413
0.101038
0.0994339
0.097592
0.0955092
0.0931863
0.0906286
0.0878459
0.0848524
0.0816653
0.078306
0.0747971
0.0711641
0.067432
0.0636281
0.0597763
0.0559036
0.0520294
0.048181
0.0443668
0.0406202
0.0369209
0.0333217
0.108943
0.108823
0.108585
0.108221
0.107715
0.107047
0.106199
0.10515
0.103882
0.10238
0.100633
0.0986337
0.0963789
0.0938716
0.0911189
0.0881332
0.0849308
0.0815321
0.0779601
0.074241
0.0704009
0.066469
0.062471
0.0584365
0.0543871
0.0503529
0.0463446
0.0423983
0.0384958
0.0346926
0.111109
0.111018
0.110832
0.110541
0.110126
0.109562
0.108827
0.107896
0.106747
0.105361
0.103723
0.101822
0.0996505
0.0972087
0.0945008
0.0915369
0.0883316
0.0849045
0.0812783
0.0774796
0.0735356
0.0694771
0.065332
0.0611322
0.0569019
0.052674
0.048462
0.0443048
0.0401868
0.0361665
0.113239
0.113176
0.113046
0.112833
0.112514
0.112062
0.111448
0.110645
0.109628
0.108371
0.106857
0.105069
0.102997
0.100637
0.0979904
0.0950637
0.0918697
0.0884266
0.0847566
0.0808863
0.0768439
0.0726615
0.0683691
0.0640012
0.0595846
0.0551552
0.0507297
0.0463497
0.0420033
0.0377518
0.115327
0.115295
0.115223
0.115093
0.114876
0.114541
0.114057
0.113393
0.112518
0.111405
0.110029
0.108371
0.106415
0.104155
0.101586
0.0987131
0.0955462
0.0921013
0.0883996
0.0844675
0.0803336
0.0760314
0.0715927
0.0670546
0.0624467
0.0578082
0.053159
0.048544
0.0439556
0.0394575
0.117371
0.117371
0.11736
0.117315
0.117205
0.116995
0.116649
0.116134
0.115413
0.114456
0.113233
0.111721
0.1099
0.107757
0.105285
0.102484
0.0993617
0.0959311
0.0922118
0.0882294
0.0840127
0.0795962
0.0750136
0.0703042
0.0655009
0.0606457
0.0557627
0.0508999
0.0460548
0.0412939
0.119368
0.1194
0.119452
0.119496
0.119497
0.119418
0.119219
0.118861
0.118306
0.117519
0.116464
0.115115
0.113446
0.111439
0.109084
0.106375
0.103316
0.0999179
0.0961969
0.0921779
0.0878892
0.0833658
0.0786431
0.0737625
0.0687602
0.0636813
0.0585544
0.0534304
0.0483135
0.0432723
0.121314
0.12138
0.121496
0.121632
0.12175
0.121806
0.12176
0.121569
0.121191
0.120586
0.119715
0.118545
0.117047
0.115197
0.112979
0.110384
0.107409
0.104063
0.100358
0.0963186
0.0919708
0.0873499
0.0824928
0.0774426
0.0722388
0.0669298
0.061549
0.0561502
0.0507455
0.0454053
0.123207
0.123307
0.12349
0.12372
0.123957
0.124155
0.124269
0.124253
0.124062
0.123652
0.122979
0.122006
0.120697
0.119024
0.116966
0.114506
0.111638
0.108366
0.104699
0.100656
0.0962649
0.0915583
0.0865745
0.0813581
0.0759519
0.0704071
0.0647626
0.0590753
0.053366
0.047707
0.125045
0.12518
0.12543
0.125757
0.126117
0.12646
0.12674
0.126907
0.126913
0.126709
0.126249
0.125489
0.124389
0.122915
0.121038
0.118737
0.116002
0.112827
0.10922
0.105196
0.100779
0.0960008
0.0909004
0.0855233
0.0799153
0.0741302
0.068213
0.0622231
0.056192
0.0501931
0.126825
0.126996
0.127314
0.12774
0.128225
0.128717
0.129168
0.129526
0.129737
0.129752
0.129518
0.128988
0.128115
0.12686
0.125189
0.123073
0.120495
0.117445
0.113923
0.109941
0.105519
0.100687
0.0954828
0.0899529
0.0841457
0.0781173
0.0719191
0.0656128
0.0592423
0.0528811
0.128547
0.128753
0.129141
0.129667
0.130278
0.130923
0.13155
0.132103
0.132529
0.132773
0.132778
0.132493
0.131867
0.130854
0.129412
0.127507
0.125114
0.122216
0.118807
0.114893
0.11049
0.105625
0.100334
0.0946619
0.0886608
0.0823879
0.0759018
0.0692655
0.0625376
0.0557908
0.130209
0.130451
0.130908
0.131534
0.132274
0.133074
0.13388
0.134635
0.135283
0.135764
0.136022
0.135998
0.135637
0.134886
0.133698
0.13203
0.129851
0.127136
0.123871
0.120055
0.115699
0.110824
0.105465
0.0996657
0.0934788
0.0869626
0.0801831
0.0732042
0.066101
0.0589439
0.131809
0.132087
0.132614
0.133341
0.134211
0.135167
0.136155
0.137116
0.137992
0.138721
0.139242
0.139493
0.139415
0.138947
0.138038
0.136636
0.134701
0.1322
0.129112
0.125426
0.121148
0.116292
0.110889
0.10498
0.0986186
0.0918631
0.0847872
0.077454
0.0699577
0.0623652
0.133348
0.133661
0.134258
0.135086
0.136085
0.137199
0.138371
0.139542
0.140651
0.141635
0.14243
0.14297
0.143191
0.143028
0.142421
0.141312
0.139653
0.1374
0.134524
0.131005
0.126839
0.122034
0.116616
0.110619
0.104099
0.0971123
0.0897394
0.0820419
0.0741358
0.0660818
0.134825
0.135173
0.135839
0.136767
0.137896
0.139168
0.140526
0.141908
0.143255
0.1445
0.145578
0.14642
0.146956
0.147118
0.146838
0.14605
0.144698
0.142728
0.140102
0.136788
0.132774
0.128056
0.122655
0.116598
0.109941
0.102734
0.0950671
0.0869975
0.0786659
0.0701242
0.136239
0.136622
0.137356
0.138384
0.139642
0.141072
0.142615
0.144211
0.145799
0.147311
0.148679
0.149834
0.1507
0.151205
0.151275
0.150837
0.149824
0.148175
0.145838
0.14277
0.13895
0.134361
0.129016
0.122932
0.116163
0.108752
0.100799
0.0923525
0.0835816
0.074526
0.137591
0.138008
0.13881
0.139936
0.141321
0.142907
0.144636
0.146447
0.148277
0.15006
0.151726
0.153203
0.154413
0.155279
0.155721
0.155659
0.155019
0.153726
0.15172
0.148944
0.145364
0.140949
0.135704
0.129632
0.122784
0.115193
0.106965
0.0981406
0.0889194
0.0793245
0.138881
0.139332
0.1402
0.141422
0.142933
0.144674
0.146588
0.148612
0.150686
0.152743
0.154712
0.156518
0.158084
0.159327
0.160163
0.160504
0.160268
0.15937
0.157737
0.1553
0.15201
0.147821
0.142726
0.136711
0.129823
0.12208
0.113597
0.104398
0.0947188
0.0845603
0.14011
0.140592
0.141525
0.142842
0.144477
0.146371
0.148467
0.150704
0.153022
0.155354
0.157629
0.159772
0.161704
0.163338
0.164587
0.165356
0.165555
0.165089
0.163874
0.161825
0.158878
0.154972
0.150082
0.144178
0.137297
0.129439
0.120727
0.111163
0.101023
0.0902782
0.141277
0.141792
0.142788
0.144197
0.145953
0.147997
0.150272
0.152721
0.155281
0.157887
0.160471
0.162956
0.165262
0.1673
0.16898
0.170201
0.170865
0.170868
0.170115
0.168504
0.165958
0.162394
0.157773
0.15204
0.145223
0.137296
0.128388
0.118474
0.107876
0.0965263
0.142385
0.14293
0.143988
0.145487
0.14736
0.149551
0.152003
0.154659
0.157459
0.16034
0.163233
0.166063
0.168749
0.171202
0.173327
0.175021
0.17618
0.176688
0.17644
0.17532
0.173234
0.170078
0.165794
0.160301
0.153613
0.145672
0.136613
0.126373
0.115324
0.103352
0.143434
0.144008
0.145125
0.146711
0.1487
0.151033
0.153658
0.156518
0.159555
0.162707
0.165908
0.169084
0.172155
0.175031
0.177615
0.179802
0.18148
0.182528
0.182829
0.182252
0.180688
0.178007
0.174137
0.16896
0.162479
0.15459
0.145437
0.134901
0.123414
0.110801
0.144424
0.145027
0.146202
0.147872
0.149971
0.152444
0.155236
0.158295
0.161565
0.164985
0.168492
0.172014
0.175472
0.178776
0.18183
0.184526
0.186748
0.188368
0.189259
0.189277
0.188297
0.186166
0.182791
0.178016
0.171829
0.164075
0.154901
0.144117
0.132215
0.11894
0.145359
0.145988
0.147219
0.14897
0.151176
0.153783
0.156738
0.159991
0.163488
0.167172
0.170981
0.174846
0.178691
0.182427
0.18596
0.189178
0.191966
0.194187
0.195709
0.196373
0.196041
0.194536
0.191743
0.187469
0.181679
0.174154
0.165052
0.154087
0.141834
0.127891
0.146238
0.146893
0.148178
0.150006
0.152315
0.155051
0.158165
0.161606
0.165324
0.169266
0.173372
0.177577
0.181808
0.185978
0.189994
0.193746
0.197117
0.199967
0.202156
0.203516
0.203894
0.203092
0.200973
0.197304
0.192023
0.184836
0.175904
0.16481
0.152283
0.13771
0.147063
0.147743
0.149079
0.15098
0.153389
0.156249
0.159515
0.163138
0.167071
0.171264
0.175662
0.180202
0.184814
0.189417
0.193918
0.198211
0.202177
0.205675
0.20856
0.210655
0.211795
0.211762
0.210395
0.207424
0.202754
0.196012
0.187332
0.176099
0.163228
0.147921
0.147835
0.148538
0.149922
0.151893
0.154395
0.157373
0.160784
0.164581
0.168721
0.173155
0.177834
0.182699
0.187683
0.19271
0.197691
0.202521
0.207083
0.211237
0.214833
0.21769
0.219628
0.220416
0.219866
0.217679
0.213716
0.207544
0.199232
0.187935
0.174519
0.157669
0.148558
0.149282
0.150711
0.152745
0.155333
0.15842
0.161965
0.165923
0.170255
0.174917
0.179862
0.185037
0.19038
0.195819
0.201272
0.206638
0.211805
0.216634
0.220979
0.224655
0.227478
0.229206
0.229638
0.228448
0.225471
0.22022
0.212753
0.202007
0.188893
0.169445
0.0171547
0.0168171
0.0164792
0.016141
0.0158025
0.0154635
0.0151241
0.0147842
0.014444
0.0171808
0.0168434
0.0165056
0.0161676
0.0158291
0.01549
0.0151503
0.0148101
0.0144694
0.0172255
0.0168853
0.016545
0.0162047
0.0158637
0.0155219
0.0151794
0.0148363
0.0144926
0.0172936
0.0169491
0.0166047
0.0162604
0.0159153
0.0155694
0.0152226
0.0148751
0.0145269
0.017381
0.01703
0.0166795
0.0163294
0.0159785
0.0156265
0.0152736
0.0149199
0.0145654
0.0174894
0.01713
0.0167718
0.0164143
0.016056
0.0156964
0.0153358
0.0149743
0.014612
0.0176175
0.017248
0.0168803
0.0165138
0.0161464
0.0157777
0.0154078
0.0150369
0.0146651
0.0177662
0.0173846
0.0170059
0.0166288
0.016251
0.0158715
0.0154908
0.015109
0.0147262
0.0179353
0.0175401
0.0171485
0.0167595
0.0163696
0.0159779
0.0155848
0.0151905
0.0147953
0.0181257
0.0177149
0.017309
0.0169064
0.016503
0.0160976
0.0156906
0.0152824
0.0148732
0.0144629
0.0183378
0.0179098
0.017488
0.0170703
0.0166519
0.0162312
0.0158088
0.0153852
0.0149605
0.0145347
0.0185727
0.0181256
0.0176862
0.017252
0.016817
0.0163796
0.0159403
0.0154997
0.0150579
0.014615
0.0188314
0.0183634
0.0179046
0.0174523
0.0169993
0.0165436
0.0160858
0.0156266
0.0151664
0.0147049
0.0191149
0.0186242
0.0181444
0.0176724
0.0171998
0.0167242
0.0162463
0.0157671
0.0152866
0.0148049
0.0194248
0.0189094
0.0184067
0.0179134
0.0174197
0.0169225
0.0164229
0.0159219
0.0154197
0.0149162
0.0197625
0.0192204
0.018693
0.0181767
0.0176601
0.0171398
0.0166168
0.0160923
0.0155666
0.0150397
0.0201298
0.0195589
0.0190048
0.0184638
0.0179226
0.0173772
0.016829
0.0162794
0.0157285
0.0151763
0.0205284
0.0199265
0.0193437
0.018776
0.0182084
0.0176363
0.0170611
0.0164844
0.0159065
0.0153272
0.0209604
0.0203253
0.0197115
0.0191153
0.0185194
0.0179185
0.0173143
0.0167086
0.0161017
0.0154935
0.0214281
0.0207573
0.0201102
0.0194833
0.0188571
0.0182254
0.0175902
0.0169535
0.0163156
0.0156764
0.0219338
0.0212248
0.0205418
0.019882
0.0192234
0.0185588
0.0178904
0.0172205
0.0165495
0.0158772
0.0224801
0.0217301
0.0210086
0.0203136
0.0196203
0.0189205
0.0182165
0.0175111
0.0168048
0.0160971
0.0230698
0.0222759
0.0215131
0.0207802
0.0200498
0.0193124
0.0185704
0.0178271
0.0170829
0.0163376
0.023706
0.022865
0.0220577
0.0212843
0.0205143
0.0197365
0.018954
0.0181701
0.0173856
0.0165999
0.0243918
0.0235006
0.0226452
0.0218285
0.021016
0.0201952
0.0193692
0.018542
0.0177143
0.0168856
0.0251309
0.0241857
0.0232788
0.0224154
0.0215575
0.0206906
0.0198182
0.0189446
0.0180708
0.0171962
0.025927
0.024924
0.0239614
0.0230481
0.0221415
0.0212253
0.0203032
0.0193801
0.018457
0.0175333
0.0267842
0.0257192
0.0246967
0.0237296
0.022771
0.021802
0.0208266
0.0198504
0.0188747
0.0178985
0.027707
0.0265755
0.0254883
0.0244635
0.023449
0.0224234
0.0213909
0.020358
0.0193258
0.0182935
0.0287003
0.0274974
0.0263403
0.0252533
0.0241789
0.0230926
0.021999
0.0209051
0.0198126
0.0187203
0.0297693
0.0284896
0.027257
0.0261029
0.0249643
0.0238129
0.0226535
0.0214944
0.0203371
0.0191806
0.0309199
0.0295576
0.0282431
0.0270168
0.0258091
0.0245877
0.0233578
0.0221285
0.0209018
0.0196764
0.0321584
0.0307071
0.0293039
0.0279996
0.0267175
0.0254209
0.0241151
0.0228105
0.0215092
0.0202098
0.0334918
0.0319446
0.030445
0.0290564
0.0276942
0.0263166
0.0249291
0.0235434
0.022162
0.0207832
0.0349277
0.0332771
0.0316728
0.0301928
0.0287444
0.0272794
0.0258038
0.0243308
0.0228632
0.0213991
0.0364749
0.0347125
0.0329941
0.0314152
0.0298735
0.0283143
0.0267436
0.0251764
0.0236159
0.0220599
0.0381428
0.0362594
0.0344167
0.0327303
0.0310878
0.0294268
0.0277534
0.0260844
0.0244237
0.0227686
0.039942
0.0379276
0.0359491
0.0341459
0.0323944
0.0306231
0.0288385
0.0270594
0.0252904
0.0235285
0.0418844
0.039728
0.0376011
0.0356706
0.0338008
0.0319101
0.0300049
0.0281067
0.0262205
0.024343
0.0439834
0.0416728
0.0393833
0.037314
0.0353158
0.0332955
0.0312595
0.0292319
0.0272188
0.0252162
0.046254
0.0437759
0.0413079
0.039087
0.0369493
0.034788
0.0326098
0.0304417
0.0282908
0.0261526
0.0240239
0.0487131
0.0460529
0.0433888
0.041002
0.0387123
0.0363977
0.0340645
0.0317435
0.0294428
0.0271573
0.0248834
0.0513797
0.0485212
0.0456414
0.0430729
0.0406174
0.0381356
0.0356335
0.0331458
0.030682
0.0282363
0.0258045
0.0542752
0.0512008
0.0480834
0.0453154
0.0426789
0.0400147
0.0373279
0.0346584
0.0320167
0.0293964
0.0267927
0.0574237
0.0541142
0.0507346
0.0477475
0.0449132
0.0420495
0.0391608
0.0362923
0.0334563
0.0306456
0.0278544
0.0608524
0.0572866
0.0536177
0.0503897
0.0473389
0.0442568
0.0411469
0.0380606
0.0350121
0.031993
0.028997
0.0645915
0.0607466
0.0567582
0.0532651
0.0499771
0.0466557
0.0433032
0.0399781
0.0366967
0.0334495
0.0302293
0.0686752
0.0645262
0.0601848
0.0563999
0.052852
0.049268
0.0456492
0.0420619
0.0385251
0.0350278
0.0315619
0.0731411
0.0686612
0.0639301
0.059824
0.055991
0.0521189
0.0482073
0.044332
0.0405146
0.0367427
0.033007
0.078031
0.0731915
0.0680304
0.0635708
0.0594252
0.0552367
0.0510032
0.0468112
0.0426853
0.0386115
0.0345792
0.0833911
0.0781612
0.0725262
0.0676782
0.0631898
0.0586537
0.0540662
0.0495258
0.0450607
0.0406547
0.0362959
0.089272
0.0836193
0.0774629
0.0721886
0.0673245
0.0624065
0.0574296
0.0525061
0.0476677
0.0428959
0.0381775
0.0957265
0.0896183
0.0828909
0.07715
0.0718746
0.066537
0.0611316
0.0557867
0.0505377
0.045363
0.0402479
0.102804
0.0962078
0.0888603
0.082614
0.0768903
0.0710915
0.065215
0.0594074
0.0537071
0.0480883
0.0425355
0.110553
0.103428
0.095416
0.0886316
0.0824225
0.0761181
0.0697259
0.063413
0.0572178
0.05111
0.0450741
0.119046
0.111334
0.102615
0.0952612
0.0885226
0.0816623
0.0747093
0.0678489
0.0611142
0.0544693
0.0479013
0.128371
0.120032
0.110582
0.102616
0.095276
0.0877889
0.0802226
0.0727695
0.0654458
0.0582115
0.051059
0.138342
0.129506
0.119439
0.110861
0.102822
0.094612
0.0863676
0.078263
0.070286
0.0623987
0.0546025
0.14805
0.139046
0.128899
0.119934
0.111176
0.102206
0.093255
0.0844379
0.0757252
0.0671021
0.0585828
0.156355
0.147463
0.138227
0.129243
0.119955
0.110455
0.100956
0.0914945
0.0820676
0.0727001
0.0634188
)
;

boundaryField
{
    inlet
    {
        type            zeroGradient;
    }
    outlet
    {
        type            fixedValue;
        value           nonuniform 0();
    }
    cylinder
    {
        type            zeroGradient;
    }
    top
    {
        type            symmetryPlane;
    }
    bottom
    {
        type            symmetryPlane;
    }
    defaultFaces
    {
        type            empty;
    }
    procBoundary0to1
    {
        type            processor;
        value           nonuniform List<scalar> 
261
(
0.0653734
0.0653734
0.0682523
0.0682523
0.0715143
0.0715143
0.07542
0.07542
0.0792792
0.091747
0.091747
0.0963508
0.0963508
0.100973
0.115122
0.115122
0.120556
0.135636
0.135636
0.141903
0.141903
0.148096
0.165032
0.165032
0.172059
0.189941
0.189941
0.197817
0.216604
0.235278
0.235278
0.244985
0.264428
0.264428
0.275074
0.29517
0.314972
0.314972
0.327519
0.34772
0.367502
0.367502
0.381971
0.40182
0.421115
0.439818
0.439818
0.456493
0.474748
0.492273
0.509033
0.524994
0.524994
0.542677
0.557511
0.571419
0.584373
0.596346
0.607311
0.617247
0.626132
0.633947
0.633947
0.647517
0.653305
0.65795
0.661442
0.663775
0.664942
0.664942
0.663775
0.661442
0.65795
0.653305
0.647518
0.633948
0.633948
0.626133
0.617248
0.607312
0.596347
0.584374
0.57142
0.557512
0.542679
0.524996
0.524996
0.509035
0.492275
0.47475
0.456496
0.43982
0.43982
0.421117
0.401822
0.386828
0.386828
0.367505
0.347723
0.327522
0.314974
0.314974
0.295173
0.275077
0.264431
0.264431
0.244987
0.23528
0.23528
0.216606
0.207772
0.207772
0.189944
0.172062
0.165035
0.165035
0.157918
0.157918
0.141906
0.135639
0.135639
0.120559
0.115124
0.115124
0.100976
0.0963536
0.0963536
0.0917498
0.0917498
0.0871728
0.0871728
0.0754227
0.071517
0.071517
0.068255
0.068255
0.0653761
0.0653761
0.0542358
0.0501745
0.046906
0.0439965
0.041415
0.0391116
0.0370481
0.0351906
0.0335098
0.0319814
0.0305851
0.029304
0.0281237
0.0270325
0.0260204
0.0250792
0.024202
0.0233831
0.0226176
0.0219014
0.021231
0.0206035
0.0200163
0.019467
0.0189535
0.0184741
0.0180271
0.0176108
0.0172239
0.0168648
0.0165322
0.0162249
0.0159415
0.0166068
0.0166068
0.0163188
0.0160542
0.0158117
0.0155898
0.0153872
0.0152028
0.0150353
0.0148836
0.0147464
0.0146228
0.0145116
0.0144118
0.0143225
0.0142428
0.0141718
0.0141087
0.0140526
0.014003
0.0139592
0.0139203
0.0138863
0.0138557
0.0138301
0.0138051
0.0137882
0.0137643
0.0141035
0.0141282
0.0141484
0.0141781
0.0142102
0.0142489
0.0142925
0.0143426
0.0143991
0.0143991
0.0140516
0.0141077
0.014171
0.0142422
0.014322
0.0144114
0.0145113
0.0146227
0.0147465
0.0148839
0.0150358
0.0152034
0.015388
0.0155907
0.0158128
0.0160555
0.0163203
0.0166084
0.0169213
0.0172605
0.0176275
0.0180239
0.0184512
0.0189112
0.0194058
0.0199369
0.0205067
0.0211174
0.0217715
0.0224717
0.0232214
0.0232214
0.0219045
0.0226207
0.0233862
0.0242052
0.0250824
0.0260236
0.0270356
0.0281268
0.0293071
0.0305882
0.0319844
0.0335128
0.0351936
0.037051
0.0391145
0.0414179
0.0439993
0.0469088
0.0501773
0.0542386
)
;
    }
}


// ************************************************************************* //
