/*--------------------------------*- C++ -*----------------------------------*\
  =========                 |
  \\      /  F ield         | OpenFOAM: The Open Source CFD Toolbox
   \\    /   O peration     | Website:  https://openfoam.org
    \\  /    A nd           | Version:  7
     \\/     M anipulation  |
\*---------------------------------------------------------------------------*/
FoamFile
{
    version     2.0;
    format      ascii;
    class       volScalarField;
    location    "100";
    object      p;
}
// * * * * * * * * * * * * * * * * * * * * * * * * * * * * * * * * * * * * * //

dimensions      [0 2 -2 0 0 0 0];

internalField   nonuniform List<scalar> 
8500
(
-0.0212237
-0.0195165
-0.00995343
-0.0172977
-0.00760556
0.00131825
-0.0140451
-0.00469942
0.00433812
0.0125448
-0.000666843
0.00796152
0.0162988
0.0236914
0.00354222
0.012784
0.0206794
0.0282756
0.0347357
0.00788182
0.0178547
0.0262993
0.0334593
0.0402687
0.0455713
0.0230907
0.0322383
0.0398829
0.0463294
0.0522424
0.0558753
0.0284633
0.0383657
0.0466857
0.0535564
0.0593445
0.0641575
0.0653627
0.0446474
0.0536876
0.0611874
0.0673343
0.0725185
0.0760648
0.0749037
0.0510451
0.0608596
0.0690338
0.0757244
0.08118
0.0857157
0.0879007
0.0876656
0.0575042
0.0681854
0.0770751
0.0843802
0.0902665
0.0950133
0.0988344
0.100239
0.100902
0.0756187
0.0853094
0.0932689
0.0997024
0.104784
0.1088
0.111888
0.112681
0.113458
0.0830939
0.0936961
0.102391
0.109416
0.114975
0.119248
0.122519
0.124882
0.125115
0.125669
0.10217
0.111708
0.119404
0.125492
0.130175
0.133635
0.136149
0.137793
0.137455
0.137631
0.110655
0.121155
0.129628
0.136322
0.141471
0.145276
0.147919
0.149672
0.150594
0.149665
0.149372
0.130653
0.140021
0.147427
0.15312
0.157329
0.160255
0.162081
0.163067
0.163265
0.161726
0.160913
0.150502
0.158738
0.165079
0.169771
0.173043
0.175091
0.176098
0.176316
0.175787
0.173625
0.172262
0.160989
0.170168
0.177275
0.182555
0.18625
0.188588
0.189762
0.18995
0.1894
0.188144
0.185353
0.183419
0.181631
0.189621
0.195605
0.199829
0.202533
0.203942
0.204245
0.203619
0.202303
0.200321
0.196897
0.19438
0.193073
0.202021
0.208829
0.213698
0.216874
0.218595
0.219081
0.21852
0.217085
0.215007
0.212303
0.208249
0.205141
0.21441
0.222125
0.227761
0.231527
0.233664
0.234411
0.233984
0.232566
0.230329
0.227496
0.224076
0.219396
0.215694
0.235416
0.241911
0.246389
0.249062
0.250174
0.249959
0.248629
0.246365
0.243335
0.239754
0.235626
0.230327
0.22603
0.248711
0.256057
0.261345
0.26468
0.266277
0.266377
0.265213
0.262994
0.259896
0.256084
0.251765
0.246939
0.241032
0.23614
0.270187
0.276297
0.280398
0.282608
0.283144
0.28225
0.280153
0.277058
0.273139
0.268558
0.263513
0.258002
0.251496
0.246013
0.29121
0.296103
0.299037
0.300142
0.299638
0.297768
0.294755
0.290801
0.286077
0.280741
0.274984
0.268801
0.261709
0.255639
0.306215
0.311743
0.315442
0.317232
0.317254
0.315733
0.312906
0.308997
0.304203
0.298691
0.292616
0.286162
0.279322
0.271657
0.265008
0.327415
0.331752
0.334282
0.334954
0.333919
0.331403
0.327643
0.322858
0.317244
0.310963
0.304167
0.297031
0.289552
0.281329
0.274108
0.348031
0.351202
0.352592
0.352174
0.350108
0.346623
0.341954
0.336318
0.329904
0.322875
0.315377
0.307579
0.299478
0.290712
0.282931
0.368025
0.370061
0.370342
0.368864
0.365797
0.361371
0.355819
0.349356
0.342167
0.33441
0.326231
0.31779
0.309085
0.299795
0.291465
0.385025
0.387364
0.388297
0.387502
0.384997
0.38096
0.375623
0.369217
0.361952
0.354012
0.345553
0.336714
0.32765
0.318363
0.308566
0.299699
0.404727
0.406014
0.40588
0.404044
0.400547
0.395573
0.389356
0.382126
0.374088
0.365424
0.356286
0.34681
0.337147
0.327298
0.317012
0.307625
0.423673
0.423943
0.422779
0.419941
0.415488
0.409614
0.40255
0.394526
0.385746
0.376385
0.366594
0.356507
0.346266
0.335879
0.325124
0.315232
0.44183
0.44112
0.438967
0.435167
0.429798
0.423059
0.415185
0.4064
0.396907
0.386879
0.376463
0.36579
0.354996
0.344093
0.332889
0.322511
0.459164
0.457517
0.454417
0.449697
0.443452
0.435888
0.427239
0.417729
0.407556
0.396891
0.385878
0.374646
0.363325
0.35193
0.340299
0.329452
0.47733
0.475648
0.473105
0.469103
0.463508
0.45643
0.448081
0.438696
0.428495
0.417676
0.406406
0.394826
0.383063
0.37124
0.359379
0.347342
0.336049
0.493724
0.491251
0.487859
0.483001
0.476576
0.46871
0.459618
0.449536
0.438683
0.427252
0.41541
0.403294
0.391028
0.378732
0.366429
0.35401
0.342291
0.509168
0.505947
0.501753
0.496088
0.488882
0.480273
0.470482
0.459744
0.448277
0.436271
0.423889
0.41127
0.398531
0.385789
0.373072
0.360293
0.348172
0.523635
0.519711
0.514764
0.508344
0.500405
0.491101
0.480655
0.469304
0.457262
0.444718
0.431833
0.418742
0.405561
0.392403
0.379299
0.366183
0.353684
0.537099
0.53252
0.526871
0.519747
0.511127
0.501176
0.490123
0.478201
0.465625
0.452581
0.439228
0.425699
0.412109
0.398563
0.3851
0.371672
0.35882
0.549538
0.544352
0.538054
0.53028
0.521031
0.510484
0.49887
0.486422
0.473354
0.45985
0.446066
0.432133
0.418164
0.404262
0.390468
0.376753
0.363574
0.560931
0.555188
0.548295
0.539925
0.530102
0.51901
0.506883
0.493955
0.480437
0.466512
0.452334
0.438033
0.423719
0.409491
0.395396
0.381419
0.367941
0.571257
0.565009
0.557578
0.548669
0.538326
0.52674
0.51415
0.500788
0.486865
0.472559
0.458026
0.443392
0.428766
0.414244
0.399877
0.385664
0.371915
0.580499
0.573799
0.565887
0.556497
0.54569
0.533665
0.520661
0.506912
0.492627
0.477983
0.463133
0.448202
0.433299
0.418515
0.403906
0.389482
0.375491
0.594969
0.588644
0.581546
0.57321
0.563397
0.552183
0.539772
0.526406
0.512318
0.497715
0.482775
0.467647
0.452458
0.437311
0.422298
0.407477
0.392869
0.378666
0.602289
0.595677
0.588236
0.579536
0.56936
0.557795
0.545053
0.531377
0.516998
0.502124
0.486929
0.471564
0.456152
0.440798
0.425588
0.410585
0.39582
0.381435
0.60844
0.601587
0.59386
0.584856
0.574376
0.56252
0.549502
0.535567
0.520946
0.505846
0.49044
0.474877
0.459281
0.443754
0.428382
0.413228
0.398332
0.383796
0.613413
0.606367
0.59841
0.589162
0.578439
0.56635
0.553112
0.53897
0.524157
0.508877
0.493303
0.477584
0.461841
0.446176
0.430675
0.415402
0.400402
0.385746
0.6172
0.610009
0.601879
0.592448
0.581544
0.56928
0.555878
0.541584
0.526628
0.511214
0.495516
0.47968
0.463829
0.448063
0.432466
0.417104
0.402028
0.387284
0.619797
0.612509
0.604264
0.594711
0.583687
0.571308
0.557799
0.543404
0.528354
0.512853
0.497075
0.481164
0.465242
0.449411
0.433752
0.418333
0.403209
0.388409
0.621201
0.613865
0.605563
0.59595
0.584867
0.572432
0.558871
0.544429
0.529336
0.513795
0.49798
0.482034
0.466081
0.45022
0.434534
0.419089
0.403943
0.389119
0.621413
0.614078
0.605775
0.596163
0.585082
0.572652
0.559096
0.54466
0.529573
0.514039
0.49823
0.482292
0.466345
0.45049
0.43481
0.419371
0.40423
0.38941
0.620435
0.613148
0.604903
0.595353
0.584337
0.571969
0.558475
0.544097
0.529066
0.513586
0.497827
0.481936
0.466035
0.450222
0.434582
0.419179
0.40407
0.389288
0.618272
0.611081
0.602951
0.593525
0.582633
0.570388
0.55701
0.542744
0.527819
0.512438
0.496773
0.480971
0.465152
0.449417
0.43385
0.418516
0.403465
0.38875
0.614931
0.607883
0.599925
0.590682
0.579975
0.567911
0.554706
0.540604
0.525834
0.510598
0.495071
0.479397
0.463699
0.448078
0.432618
0.417383
0.402419
0.387805
0.61042
0.603564
0.595832
0.586833
0.576372
0.564546
0.55157
0.537683
0.523117
0.508072
0.492725
0.47722
0.46168
0.446208
0.430889
0.415783
0.400932
0.386452
0.598133
0.590684
0.581987
0.571831
0.560301
0.547607
0.533988
0.519673
0.504866
0.48974
0.474444
0.4591
0.443812
0.428665
0.413719
0.399009
0.384691
0.591604
0.584492
0.576156
0.566362
0.555185
0.542828
0.529527
0.515511
0.500985
0.486124
0.471075
0.455964
0.440893
0.425953
0.411197
0.396653
0.382528
0.583992
0.57727
0.569351
0.559978
0.54921
0.537242
0.524308
0.510639
0.496438
0.481882
0.46712
0.452278
0.437459
0.422756
0.408221
0.393869
0.379965
0.575315
0.569034
0.561589
0.552692
0.542387
0.53086
0.518344
0.505067
0.491235
0.477025
0.462587
0.448049
0.433516
0.419082
0.404796
0.390662
0.377008
0.56559
0.559802
0.552884
0.544519
0.53473
0.523696
0.511645
0.498806
0.485384
0.47156
0.457485
0.443285
0.429071
0.414937
0.40093
0.387038
0.373662
0.554841
0.549594
0.543256
0.535476
0.526256
0.515764
0.504225
0.491868
0.478899
0.465499
0.451822
0.437996
0.424132
0.410329
0.396628
0.383004
0.369931
0.54309
0.53843
0.532724
0.525581
0.51698
0.507079
0.496099
0.484266
0.47179
0.458853
0.44561
0.432191
0.418708
0.405265
0.391899
0.378566
0.365823
0.530362
0.526335
0.52131
0.514854
0.506922
0.497659
0.487281
0.476015
0.464072
0.451635
0.43886
0.42588
0.412809
0.399756
0.38675
0.373733
0.361344
0.516685
0.513334
0.509037
0.503317
0.496101
0.487521
0.477789
0.467131
0.455758
0.443856
0.431584
0.419075
0.406446
0.393809
0.381192
0.368513
0.356501
0.499453
0.495929
0.490991
0.484538
0.476686
0.467641
0.45763
0.446865
0.435533
0.423795
0.411788
0.399629
0.387437
0.375232
0.362913
0.351301
0.484721
0.482013
0.477902
0.472255
0.465172
0.456855
0.447529
0.437407
0.426679
0.415508
0.404031
0.392371
0.380648
0.368882
0.356945
0.345753
0.469168
0.467317
0.464075
0.459275
0.453003
0.445453
0.436848
0.427403
0.41731
0.406735
0.395818
0.384683
0.373456
0.362152
0.350617
0.339866
0.452826
0.451869
0.449536
0.445624
0.440201
0.433454
0.425605
0.41687
0.407443
0.397494
0.387163
0.376578
0.36587
0.355052
0.343941
0.333647
0.435727
0.4357
0.434314
0.431328
0.42679
0.420881
0.413821
0.405827
0.397096
0.387799
0.378081
0.36807
0.357905
0.347594
0.336925
0.327107
0.418843
0.418438
0.416413
0.412796
0.407757
0.401517
0.394293
0.386286
0.377668
0.368587
0.359174
0.349573
0.33979
0.329583
0.320255
0.40133
0.401939
0.400908
0.398243
0.394106
0.388715
0.38229
0.375032
0.367118
0.358696
0.349903
0.340887
0.331653
0.321924
0.313101
0.383196
0.384848
0.384841
0.383158
0.379952
0.375438
0.369838
0.363354
0.356166
0.348426
0.340273
0.331862
0.323194
0.313961
0.305655
0.367198
0.368243
0.367571
0.365322
0.361711
0.356958
0.351271
0.344832
0.337794
0.330299
0.32251
0.314428
0.305706
0.297927
0.349023
0.351146
0.351508
0.350241
0.347556
0.343674
0.338805
0.333133
0.326816
0.319997
0.312847
0.305366
0.297171
0.289928
0.330357
0.333579
0.335
0.334737
0.332999
0.330008
0.325976
0.321089
0.31551
0.309384
0.302887
0.296023
0.288367
0.281669
0.311237
0.315578
0.318076
0.318838
0.318066
0.315984
0.312806
0.308721
0.303895
0.298475
0.292646
0.286412
0.279308
0.27316
0.297174
0.300767
0.302571
0.302782
0.301626
0.299317
0.296049
0.291988
0.287288
0.282138
0.276546
0.270006
0.264412
0.278402
0.283106
0.285966
0.287175
0.286958
0.285531
0.283093
0.279811
0.275841
0.27138
0.26644
0.260472
0.255434
0.259296
0.265122
0.269052
0.271271
0.272005
0.271473
0.269874
0.26738
0.264149
0.260386
0.256107
0.250719
0.246237
0.24685
0.251859
0.255099
0.256794
0.257165
0.256414
0.254717
0.252232
0.249173
0.245561
0.240758
0.23683
0.228322
0.234417
0.238685
0.241349
0.242631
0.242736
0.24184
0.240108
0.237756
0.234816
0.2306
0.227221
0.216757
0.222059
0.225697
0.227895
0.22886
0.228772
0.227795
0.226153
0.223886
0.220256
0.217416
0.19891
0.205249
0.209864
0.212982
0.214811
0.215532
0.215311
0.21438
0.212785
0.209736
0.207419
0.188284
0.193878
0.197916
0.20061
0.202141
0.202677
0.202454
0.201529
0.199049
0.197228
0.171192
0.177765
0.182723
0.186282
0.188623
0.189913
0.190394
0.190136
0.188207
0.186837
0.154004
0.161551
0.167429
0.17185
0.174999
0.17704
0.17822
0.178626
0.177225
0.176227
0.145266
0.152057
0.157338
0.161293
0.16408
0.165949
0.16702
0.166134
0.165365
0.136635
0.142771
0.147529
0.151059
0.153604
0.155344
0.155004
0.154156
0.121188
0.128174
0.133731
0.138002
0.141204
0.143595
0.143929
0.1423
0.11357
0.119923
0.124939
0.128784
0.131773
0.13329
0.130849
0.0989827
0.106128
0.111899
0.116416
0.119979
0.122642
0.122293
0.0923687
0.0988998
0.104132
0.108318
0.112003
0.113808
0.0786632
0.0859512
0.0919183
0.0967681
0.101287
0.104601
0.0730611
0.0797585
0.0852853
0.0905287
0.094894
0.067651
0.0738499
0.0797709
0.0849751
0.0624605
0.0690212
0.0749548
0.0511239
0.0582831
0.0648615
0.0475725
0.0547281
0.0445967
0.0678689
0.0580621
0.0482695
0.0386662
0.0286089
0.0182373
0.00782532
-0.00257301
-0.0129652
-0.023322
-0.0336049
0.0578044
0.0479578
0.0370272
0.0273497
0.0179606
0.00833533
-0.00130115
-0.0107807
-0.0201225
-0.029356
-0.038472
0.0456841
0.0361686
0.0256998
0.0167736
0.00848386
5.17634e-05
-0.00843832
-0.0167819
-0.024967
-0.0330439
-0.0410258
0.0339579
0.025244
0.0159055
0.0080097
0.000738275
-0.00665227
-0.014136
-0.0215177
-0.0287587
-0.0358999
-0.04296
0.0240134
0.0162234
0.00802895
0.00106222
-0.00537751
-0.0119156
-0.0185404
-0.0250843
-0.0315028
-0.0378262
-0.0440742
0.0157599
0.00878153
0.00159068
-0.00457215
-0.0103083
-0.0161202
-0.0219965
-0.0278011
-0.0334957
-0.039104
-0.0446435
0.00887563
0.00260444
-0.00369827
-0.0091379
-0.014245
-0.0194138
-0.0246257
-0.0297727
-0.0348254
-0.0398031
-0.0447203
0.00316751
-0.00246605
-0.00798168
-0.0127751
-0.0173207
-0.021921
-0.0265485
-0.0311169
-0.0356059
-0.0400313
-0.0444046
-0.00150503
-0.00656137
-0.0113867
-0.0156116
-0.0196604
-0.0237599
-0.0278744
-0.0319352
-0.0359292
-0.03987
-0.0437664
-0.00527894
-0.00981678
-0.0140408
-0.0177683
-0.0213787
-0.0250367
-0.0287004
-0.0323153
-0.0358743
-0.0393892
-0.0428666
-0.00828151
-0.0123554
-0.0160565
-0.019349
-0.022572
-0.0258401
-0.029107
-0.0323296
-0.0355056
-0.0386454
-0.0417537
-0.0106235
-0.0142826
-0.0175292
-0.0204411
-0.0233214
-0.0262447
-0.0291617
-0.0320387
-0.0348771
-0.0376858
-0.0404683
-0.0124004
-0.0156887
-0.0185403
-0.021119
-0.0236959
-0.026314
-0.0289221
-0.0314941
-0.0340342
-0.0365502
-0.0390446
-0.0136947
-0.0166515
-0.0191598
-0.0214468
-0.0237549
-0.0261022
-0.0284372
-0.0307396
-0.0330157
-0.0352725
-0.0375113
-0.014578
-0.0172385
-0.0194482
-0.0214794
-0.0235489
-0.0256558
-0.0277489
-0.0298127
-0.0318547
-0.0338813
-0.0358931
-0.0151123
-0.0175079
-0.0194576
-0.0212644
-0.0231219
-0.025015
-0.0268933
-0.0287454
-0.0305796
-0.0324015
-0.0342114
-0.0153514
-0.0175099
-0.0192331
-0.0208426
-0.0225116
-0.0242142
-0.0259018
-0.0275659
-0.0292152
-0.0308549
-0.0324847
-0.0153421
-0.0172882
-0.0188139
-0.0202498
-0.0217508
-0.0232836
-0.0248016
-0.0262984
-0.027783
-0.0292602
-0.0307293
-0.015125
-0.0168808
-0.0182341
-0.0195171
-0.0208684
-0.0222496
-0.0236164
-0.0249642
-0.026302
-0.027634
-0.0289596
-0.0147358
-0.0163208
-0.0175235
-0.0186718
-0.0198894
-0.0211351
-0.0223671
-0.023582
-0.0247888
-0.0259911
-0.0271882
-0.0142055
-0.0156373
-0.0167082
-0.0177375
-0.0188357
-0.0199603
-0.021072
-0.0221684
-0.023258
-0.0243443
-0.0254264
-0.0135613
-0.0148556
-0.0158112
-0.0167353
-0.0177269
-0.0187431
-0.0197472
-0.0207376
-0.0217225
-0.0227049
-0.023684
-0.0128272
-0.0139979
-0.0148524
-0.0156836
-0.0165798
-0.0174989
-0.0184068
-0.0193026
-0.0201937
-0.0210831
-0.0219698
-0.0120241
-0.0130835
-0.0138494
-0.0145984
-0.0154092
-0.0162413
-0.0170632
-0.0178743
-0.0186815
-0.0194874
-0.0202913
-0.0111702
-0.0121296
-0.0128178
-0.0134938
-0.0142283
-0.0149824
-0.0157273
-0.0164624
-0.0171944
-0.0179255
-0.018655
-0.0102815
-0.011151
-0.0117707
-0.0123822
-0.0130482
-0.0137324
-0.0144082
-0.0150754
-0.01574
-0.0164039
-0.0170667
-0.00937201
-0.0101604
-0.01072
-0.0112741
-0.0118789
-0.0125002
-0.0131142
-0.0137204
-0.0143245
-0.0149282
-0.0155309
-0.00845366
-0.009169
-0.00967559
-0.0101788
-0.0107286
-0.0112936
-0.011852
-0.0124036
-0.0129533
-0.0135028
-0.0140516
-0.00753681
-0.00818631
-0.00864612
-0.00910404
-0.00960449
-0.0101188
-0.0106273
-0.0111299
-0.0116308
-0.0121316
-0.0126318
-0.0066303
-0.00722042
-0.00763885
-0.00805642
-0.0085126
-0.00898139
-0.00944508
-0.00990348
-0.0103605
-0.0108175
-0.0112741
-0.00574159
-0.00627811
-0.00665987
-0.00704144
-0.00745784
-0.00788566
-0.00830903
-0.00872774
-0.00914526
-0.0095628
-0.00998
-0.00487688
-0.00536501
-0.0057142
-0.00606359
-0.00644422
-0.00683514
-0.0072222
-0.00760518
-0.00798711
-0.00836908
-0.00875079
-0.00404128
-0.00448569
-0.00480588
-0.00512645
-0.00547488
-0.00583254
-0.00618688
-0.00653763
-0.00688747
-0.00723735
-0.00758702
-0.00323891
-0.00364379
-0.00393807
-0.00423278
-0.00455218
-0.00487983
-0.00520464
-0.00552631
-0.00584717
-0.00616807
-0.00648878
-0.00247295
-0.00284209
-0.00311314
-0.00338459
-0.0036778
-0.00397835
-0.00427647
-0.00457185
-0.00486651
-0.0051612
-0.00545572
-0.00174583
-0.0020826
-0.00233279
-0.00258326
-0.00285279
-0.00312883
-0.0034028
-0.0036744
-0.00394535
-0.0042163
-0.00105922
-0.00136668
-0.00159804
-0.00182955
-0.00207766
-0.00233149
-0.0025836
-0.00283364
-0.00308308
-0.00333251
-0.000414175
-0.000695079
-0.000909397
-0.00112371
-0.00135241
-0.00158612
-0.00181838
-0.00204885
-0.00227878
-0.00250868
0.000188797
-6.80211e-05
-0.000266865
-0.000465562
-0.000676632
-0.000892073
-0.0011063
-0.00131898
-0.00153117
-0.00174331
0.000749688
0.000514721
0.000329973
0.000145508
-4.95387e-05
-0.000248372
-0.000446195
-0.00064269
-0.000838738
-0.00103471
0.00126891
0.00105377
0.000881904
0.000710435
0.000529976
0.000346258
0.000163374
-1.83671e-05
-0.000199702
-0.000380951
0.00174723
0.00155009
0.00139003
0.00123045
0.00106329
0.000893341
0.000724081
0.000555798
0.000387886
0.000220072
0.00218572
0.00200493
0.0018557
0.00170702
0.001552
0.00139461
0.00123778
0.00108179
0.000926132
0.000770583
0.00258571
0.00241976
0.00228049
0.00214183
0.00199789
0.00185196
0.00170648
0.00156172
0.00141726
0.00127291
0.00294874
0.00279624
0.00266616
0.0025367
0.00240289
0.00226741
0.0021323
0.0019978
0.00186357
0.00172946
0.0032765
0.0031362
0.00301457
0.00289357
0.00276901
0.00264307
0.00251743
0.00239231
0.00226743
0.00214266
0.00357081
0.00344155
0.00332771
0.00321447
0.00309836
0.00298112
0.00286413
0.00274756
0.00263121
0.00251498
0.00383355
0.00371427
0.00360759
0.00350149
0.00339308
0.00328376
0.00317464
0.00306587
0.0029573
0.00284884
0.0040667
0.0039564
0.00385629
0.00375671
0.00365532
0.00355319
0.00345122
0.00334955
0.00324805
0.00314665
0.00427218
0.00416995
0.00407584
0.00398221
0.00388717
0.00379156
0.00369607
0.00360082
0.00350572
0.00341073
0.00445196
0.00435692
0.00426828
0.00418005
0.00409074
0.00400099
0.00391134
0.00382188
0.00373257
0.00364334
0.00460789
0.00451924
0.00443551
0.00435215
0.00426797
0.00418346
0.00409903
0.00401477
0.00393062
0.00384656
0.00474183
0.00465878
0.00457944
0.00450041
0.00442079
0.00434093
0.00426113
0.00418147
0.00410191
0.00402243
0.00485538
0.00477718
0.0047017
0.00462648
0.00455085
0.00447504
0.0043993
0.00432366
0.00424812
0.00417265
0.00495019
0.00487613
0.00480399
0.00473204
0.00465983
0.00458751
0.00451524
0.00444307
0.00437098
0.00429897
0.0050274
0.00495674
0.00488738
0.00481817
0.00474881
0.00467939
0.00461002
0.00454074
0.00447154
0.00440241
0.00508848
0.00502054
0.0049534
0.00488638
0.0048193
0.0047522
0.00468517
0.00461821
0.00455132
0.00448452
0.00513362
0.00506762
0.00500209
0.00493669
0.00487128
0.00480589
0.00474057
0.00467532
0.00461016
0.00454509
0.00516436
0.00509964
0.00503515
0.00497076
0.00490643
0.00484216
0.00477797
0.00471386
0.00464985
0.00458594
0.00517919
0.00511483
0.00505061
0.00498651
0.00492251
0.00485861
0.0047948
0.0047311
0.00466751
0.00460405
0.109884
0.110468
0.111616
0.113253
0.115335
0.117815
0.120656
0.123822
0.127275
0.130975
0.134876
0.138927
0.143068
0.147224
0.151312
0.155229
0.158858
0.162056
0.164667
0.1665
0.167359
0.166991
0.165172
0.161572
0.155987
0.147933
0.137385
0.12335
0.106451
0.0835474
0.108728
0.109282
0.110365
0.11191
0.113867
0.11619
0.118837
0.12177
0.124945
0.128317
0.131835
0.135442
0.139069
0.142636
0.146054
0.149214
0.151993
0.154248
0.155823
0.156533
0.156192
0.154567
0.151463
0.14659
0.139793
0.130677
0.11926
0.104913
0.0883894
0.0693466
0.107496
0.108018
0.109034
0.11048
0.112305
0.11446
0.116902
0.119589
0.122472
0.125504
0.128627
0.131778
0.134885
0.137864
0.14062
0.143041
0.145008
0.146377
0.147003
0.146709
0.145332
0.142667
0.138555
0.13276
0.125186
0.115551
0.103955
0.0900855
0.0745951
0.0572187
0.106186
0.106673
0.107617
0.108959
0.110644
0.112624
0.114853
0.117285
0.119868
0.12255
0.125271
0.127962
0.130547
0.132939
0.135042
0.136745
0.137929
0.138457
0.138194
0.136981
0.134674
0.131101
0.126139
0.119608
0.111456
0.101515
0.0898972
0.0764527
0.0615834
0.0450808
0.104797
0.105248
0.106117
0.10735
0.108891
0.11069
0.1127
0.11487
0.117149
0.119478
0.121794
0.124026
0.126096
0.127915
0.129387
0.130403
0.130849
0.130599
0.129528
0.127497
0.124386
0.120054
0.114411
0.107333
0.0987984
0.0887164
0.0771888
0.0641454
0.0498884
0.0343584
0.103329
0.103741
0.104534
0.105654
0.107047
0.108661
0.110447
0.112353
0.114324
0.116299
0.118213
0.119993
0.12156
0.122825
0.123695
0.124064
0.123828
0.122871
0.121083
0.118347
0.114563
0.109626
0.103473
0.0960271
0.0872883
0.077221
0.0659216
0.0533829
0.0398676
0.025386
0.101782
0.102154
0.102868
0.103873
0.105115
0.106541
0.1081
0.10974
0.111402
0.113025
0.114543
0.115881
0.116961
0.117697
0.117999
0.117769
0.11691
0.115322
0.112909
0.109576
0.105246
0.0998446
0.0933324
0.0856702
0.0768765
0.0669557
0.0560041
0.0440593
0.0313361
0.0178676
0.100155
0.100488
0.101121
0.102009
0.103097
0.104332
0.105664
0.107037
0.108393
0.109669
0.110799
0.111709
0.112323
0.112559
0.112332
0.111552
0.110135
0.107991
0.105044
0.101219
0.0964598
0.0907185
0.0839767
0.076225
0.0674961
0.057823
0.0472993
0.0359889
0.0240564
0.0115512
0.0984516
0.0987426
0.0992947
0.100064
0.100996
0.102041
0.103145
0.104253
0.105307
0.106244
0.106998
0.107499
0.107672
0.10744
0.106726
0.10545
0.103537
0.100916
0.0975224
0.0933032
0.0882206
0.0822497
0.0753894
0.0676528
0.0590826
0.049731
0.039685
0.0290236
0.0178695
0.00628549
0.0966713
0.0969205
0.0973907
0.0980401
0.0988176
0.0996715
0.10055
0.101397
0.102156
0.102764
0.103158
0.10327
0.10303
0.102367
0.101211
0.0994929
0.09715
0.0941242
0.0903683
0.0858457
0.0805355
0.0744312
0.067546
0.0599093
0.05157
0.0425921
0.0330544
0.0230446
0.0126508
0.00194334
0.0948165
0.0950235
0.0954117
0.0959419
0.0965649
0.0972302
0.0978862
0.0984789
0.0989517
0.0992449
0.0992966
0.0990431
0.0984203
0.0973639
0.0958125
0.0937078
0.0909982
0.0876397
0.0835993
0.0788558
0.0734023
0.0672475
0.0604149
0.0529453
0.044891
0.0363221
0.0273092
0.0179436
0.00828383
-0.00159689
0.0928894
0.0930545
0.0933611
0.093773
0.0942435
0.0947235
0.0951627
0.0955088
0.0957069
0.0957
0.0954298
0.0948374
0.0938644
0.0924545
0.0905547
0.0881176
0.0851026
0.0814788
0.0772254
0.0723349
0.0668118
0.0606762
0.0539592
0.0467089
0.0389785
0.0308406
0.0223571
0.0136194
0.00466107
-0.00444485
0.090893
0.0910165
0.0912426
0.091538
0.091859
0.0921584
0.0923878
0.092497
0.0924336
0.0921441
0.0915744
0.090671
0.089382
0.0876588
0.0854575
0.0827407
0.0794788
0.075652
0.0712508
0.0662784
0.0607487
0.0546901
0.0481388
0.0411471
0.033767
0.0260711
0.0181125
0.00998013
0.00168695
-0.00669597
0.0888306
0.0889131
0.0890603
0.089242
0.0894175
0.0895423
0.0895704
0.089454
0.0891442
0.0885914
0.0877462
0.0865609
0.0849906
0.0829946
0.0805376
0.0775919
0.0741376
0.070165
0.0656739
0.0606763
0.0551932
0.0492588
0.0429121
0.0362072
0.0291937
0.021942
0.0144969
0.00694329
-0.00072276
-0.00843327
0.0867061
0.0867487
0.086819
0.0868905
0.0869257
0.0868831
0.0867196
0.0863907
0.085851
0.0850554
0.0839599
0.0825228
0.0807061
0.078477
0.0758086
0.0726818
0.0690855
0.0650186
0.0604887
0.0555146
0.0501223
0.0443495
0.0382367
0.0318376
0.0251987
0.0183867
0.0114391
0.00443507
-0.00264237
-0.00972918
0.0845239
0.0845277
0.0845239
0.0844894
0.0843905
0.0841889
0.0838449
0.0833176
0.0825658
0.0815492
0.0802293
0.0785707
0.0765423
0.0741187
0.0712808
0.0680174
0.0643251
0.06021
0.0556856
0.0507759
0.0455103
0.0399283
0.0340704
0.0279886
0.0217258
0.0153441
0.00887421
0.00238954
-0.00413748
-0.010647
0.0822887
0.0822553
0.0821806
0.0820452
0.0818191
0.081468
0.0809556
0.0802452
0.0793
0.0780849
0.0765669
0.074717
0.0725106
0.0699295
0.0669615
0.0636026
0.0598557
0.0557326
0.0512518
0.0464405
0.0413301
0.0359609
0.0303719
0.0246128
0.0187224
0.012758
0.00674394
0.000747842
-0.00526597
-0.0112419
0.0800058
0.0799371
0.0797952
0.0795645
0.0792191
0.0787287
0.0780611
0.0771837
0.0760646
0.0746739
0.0729841
0.0709724
0.0686207
0.0659169
0.0628555
0.0594382
0.0556734
0.0515774
0.0471721
0.0424869
0.037554
0.032413
0.0271013
0.0216652
0.0161397
0.0105768
0.00499556
-0.000542474
-0.0060789
-0.0115623
0.077681
0.077579
0.077374
0.0770542
0.0765982
0.0759795
0.0751705
0.0741429
0.0728698
0.0713263
0.0694907
0.067346
0.0648798
0.0620861
0.0589647
0.0555224
0.051772
0.047733
0.0434297
0.0388925
0.0341536
0.0292513
0.0242204
0.019104
0.0139328
0.00875393
0.00358168
-0.00152813
-0.00662133
-0.0116505
0.0753202
0.0751873
0.0749237
0.0745217
0.073964
0.0732289
0.0722927
0.0711321
0.0697249
0.0680514
0.0660954
0.063845
0.0612935
0.05844
0.055289
0.0518513
0.0481431
0.0441863
0.0400065
0.0356343
0.0311011
0.0264432
0.021693
0.0168896
0.0120601
0.00724678
0.00245968
-0.00225073
-0.00693306
-0.0115437
0.0729299
0.0727684
0.0724512
0.0719742
0.0713246
0.070485
0.0694365
0.0681601
0.0666387
0.0648574
0.0628051
0.0604752
0.0578655
0.0549796
0.0518261
0.048419
0.0447767
0.0409229
0.0368836
0.0326889
0.028369
0.0239578
0.0194849
0.0149858
0.0104839
0.00601684
0.00159132
-0.00274734
-0.00704928
-0.0112745
0.0705167
0.0703294
0.0699635
0.0694191
0.0686875
0.0677559
0.0666098
0.065235
0.0636188
0.0617512
0.0596259
0.0572407
0.0545977
0.0517043
0.0485721
0.0452179
0.0416616
0.0379275
0.0340417
0.0300333
0.0259307
0.0217654
0.0175642
0.0133587
0.00916934
0.00502924
0.000942294
-0.00305093
-0.00700111
-0.0108715
0.0680876
0.067877
0.0674679
0.0668639
0.0660605
0.0650495
0.0638206
0.0623642
0.0606721
0.0587389
0.0565622
0.0541441
0.0514905
0.0486116
0.0455218
0.0422393
0.0387854
0.0351843
0.0314615
0.0276448
0.0237608
0.0198381
0.0159009
0.0119774
0.00808486
0.00425251
0.000481857
-0.00319088
-0.00681609
-0.0103602
0.0656495
0.0654185
0.0649717
0.0643159
0.063451
0.062373
0.061076
0.0595545
0.0578047
0.0558251
0.0536174
0.051187
0.048543
0.0456981
0.0426685
0.0394737
0.0361352
0.032677
0.0291238
0.0255016
0.0218348
0.0181497
0.0144675
0.0108134
0.00720172
0.00365825
0.0001825
-0.00319327
-0.00651856
-0.00976258
0.0632095
0.0629611
0.062482
0.0617824
0.0608663
0.0597335
0.0583826
0.0568119
0.0550215
0.0530136
0.0507935
0.0483695
0.045753
0.042959
0.0400049
0.0369106
0.0336978
0.0303898
0.0270099
0.0235825
0.0201299
0.0166756
0.0132385
0.00984051
0.00649388
0.00322091
1.96399e-05
-0.00308131
-0.00612999
-0.00909828
0.060775
0.0605119
0.060006
0.0592706
0.0583132
0.0571377
0.0557465
0.0541416
0.0523267
0.0503074
0.0480917
0.0456906
0.0431175
0.0403888
0.0375226
0.0345391
0.0314596
0.0283065
0.0251017
0.0218675
0.0186242
0.0153929
0.0121902
0.0090351
0.00593777
0.00291757
-2.86515e-05
-0.00287555
-0.00566936
-0.00838439
0.0583529
0.0580781
0.0575508
0.0567873
0.0557984
0.0545917
0.0531731
0.0515482
0.0497238
0.0477082
0.0455122
0.0431486
0.0406325
0.037981
0.0352129
0.0323482
0.0294074
0.0264118
0.0233816
0.0203375
0.0172976
0.0142807
0.0113011
0.00837553
0.00551212
0.00272767
1.81093e-05
-0.00259417
-0.0051533
-0.00763584
0.0559503
0.0556665
0.0551231
0.0543389
0.0533279
0.052101
0.0506673
0.0490355
0.0472152
0.0452172
0.0430542
0.0407408
0.0382931
0.0357289
0.0330669
0.0303266
0.0275278
0.0246904
0.0218331
0.0189746
0.0161313
0.0133194
0.0105516
0.00784223
0.00519783
0.00263286
0.000142602
-0.00225323
-0.00459643
-0.00686566
0.0535741
0.0532839
0.0527296
0.0519318
0.0509076
0.0496707
0.0482333
0.0466067
0.0448028
0.0428346
0.0407164
0.038464
0.0360943
0.0336252
0.0310752
0.0284633
0.0258081
0.0231281
0.0204405
0.0177622
0.0151076
0.0124913
0.00992377
0.00741753
0.00497776
0.0026168
0.000329505
-0.00186681
-0.00401148
-0.00608511
0.0512308
0.0509369
0.0503764
0.0495719
0.0485427
0.0473054
0.0458746
0.0442641
0.0424876
0.04056
0.0384967
0.0363144
0.0340303
0.0316623
0.0292286
0.0267472
0.0242356
0.021711
0.0191889
0.0166845
0.0142107
0.0117799
0.00940133
0.00708554
0.00483659
0.00266499
0.000565321
-0.00144724
-0.00340952
-0.00530387
0.048927
0.0486317
0.0480694
0.0472645
0.0462381
0.0450091
0.0435944
0.0420096
0.0402703
0.0383924
0.0363925
0.0342876
0.0320951
0.0298328
0.0275179
0.0251677
0.0227986
0.0204261
0.0180645
0.0157273
0.0134256
0.0111705
0.00896964
0.00683203
0.00476072
0.00276463
0.000838216
-0.00100527
-0.00280007
-0.00453021
0.0466685
0.0463741
0.0458143
0.0450146
0.043998
0.0427853
0.041395
0.0398445
0.0381507
0.0363304
0.0344008
0.0323791
0.0302828
0.0281289
0.0259341
0.0237146
0.0214856
0.0192613
0.0170545
0.0148771
0.012739
0.0106497
0.00861556
0.00664428
0.00473808
0.00290446
0.00113787
-0.000550148
-0.00219129
-0.0037711
0.044461
0.0441695
0.043616
0.0428268
0.0418264
0.0406368
0.0392784
0.0377696
0.0361283
0.034372
0.0325182
0.0305842
0.028587
0.0265432
0.0244685
0.0223781
0.020286
0.0182051
0.0161468
0.0141218
0.0121386
0.0102053
0.00832729
0.00651103
0.00475805
0.00307465
0.00145534
-8.98371e-05
-0.00159008
-0.00303234
0.0423098
0.042023
0.0414792
0.0407052
0.0397264
0.0385662
0.0372459
0.0357851
0.0342021
0.032515
0.0307412
0.0288979
0.0270017
0.0250683
0.0231127
0.0211489
0.0191898
0.017247
0.0153308
0.0134504
0.0116133
0.00982646
0.00809437
0.00642232
0.00481133
0.00326665
0.00178295
0.000368911
-0.00100222
-0.0023187
0.0402196
0.0399391
0.039408
0.0386533
0.037701
0.0365754
0.0352986
0.0338908
0.0323708
0.0307567
0.029066
0.0273153
0.0255206
0.0236971
0.0218586
0.0200182
0.0181875
0.0163772
0.0145962
0.0128527
0.0111532
0.00950358
0.00790751
0.00636941
0.00488983
0.00347311
0.00211415
0.000820424
-0.000432467
-0.00163399
0.0381947
0.037922
0.0374061
0.0366741
0.0357524
0.0346658
0.0334368
0.0320861
0.0306327
0.0290944
0.0274886
0.0258313
0.024138
0.0224228
0.0206987
0.0189778
0.0172707
0.0155867
0.0139341
0.0123198
0.0107495
0.00922804
0.00775857
0.00634468
0.00498655
0.00368776
0.00244343
0.00126001
0.000115328
-0.000981182
0.0362389
0.0359751
0.0354766
0.0347704
0.0338827
0.0328385
0.0316608
0.0303703
0.0289858
0.0275252
0.0260051
0.0244412
0.022848
0.0212388
0.0196259
0.0180202
0.0164312
0.0148675
0.0133362
0.0118435
0.0103941
0.00899226
0.00764043
0.00634155
0.00509553
0.00390528
0.00276622
0.00168385
0.000638139
-0.000362502
0.0343556
0.0341017
0.0336224
0.0329442
0.0320931
0.0310942
0.0299703
0.0287421
0.0274282
0.026046
0.0246116
0.0231401
0.0216451
0.0201391
0.0186335
0.0171382
0.0156619
0.0142121
0.0127952
0.0114165
0.0100802
0.00878963
0.0075469
0.00635435
0.00521169
0.00412127
0.00307878
0.00208892
0.00113367
0.000220501
0.0325476
0.0323044
0.0318456
0.0311972
0.0303848
0.0294331
0.0283647
0.0272001
0.0259574
0.0246537
0.0233042
0.0219234
0.0205241
0.0191179
0.0177153
0.0163254
0.014956
0.0136139
0.0123045
0.0110326
0.00980154
0.00861439
0.00747269
0.00637832
0.00533083
0.00433209
0.00337813
0.0024729
0.00160028
0.000766869
0.0308172
0.0305852
0.030148
0.0295307
0.0287583
0.0278551
0.0268432
0.0257427
0.0245712
0.0233451
0.0220791
0.0207867
0.01948
0.0181698
0.0168657
0.015576
0.0143077
0.0130668
0.0118582
0.0106859
0.0095529
0.00846161
0.00741328
0.00640942
0.00544946
0.00453486
0.00366196
0.0028341
0.00203689
0.00127616
0.0291663
0.0289459
0.028531
0.0279455
0.027214
0.0263598
0.0254048
0.0243681
0.0232671
0.0221173
0.0209326
0.0197258
0.0185082
0.0172899
0.0160795
0.0148846
0.0137115
0.0125657
0.0114512
0.0103717
0.00932965
0.00832707
0.00736491
0.00644436
0.00556478
0.0047273
0.00392857
0.00317137
0.00244294
0.0017484
0.0275963
0.0273878
0.0269953
0.0264422
0.0257517
0.0249467
0.0240481
0.0230746
0.0220426
0.020967
0.0198611
0.0187367
0.0176044
0.0164735
0.0153518
0.0142464
0.0131628
0.0121057
0.0110791
0.0100857
0.00912789
0.00820721
0.00732444
0.00648046
0.00567461
0.00490773
0.00417678
0.00348405
0.0028183
0.00218398
0.0261082
0.0259115
0.0255417
0.0250208
0.0243713
0.0236149
0.0227719
0.0218601
0.0208953
0.0198916
0.0188613
0.0178158
0.0167646
0.0157165
0.0146785
0.0136571
0.0126571
0.0116829
0.0107378
0.00982433
0.00894429
0.00809911
0.00728932
0.00651561
0.00577728
0.00507495
0.00440587
0.00377192
0.00316323
0.00258364
0.0247026
0.0245177
0.0241703
0.0236813
0.023072
0.0223633
0.0215745
0.0207226
0.0198227
0.0188879
0.0179301
0.0169595
0.0159852
0.0150151
0.0140558
0.0131129
0.0121909
0.0112937
0.0104242
0.00958445
0.00877613
0.00800037
0.00725756
0.00654821
0.00587161
0.00522821
0.00461553
0.0040351
0.00347829
0.00294841
0.0233798
0.0232065
0.022881
0.0224232
0.0218531
0.0211908
0.0204544
0.0196602
0.0188224
0.0179535
0.0170644
0.0161647
0.0152628
0.0143659
0.0134801
0.0126104
0.011761
0.0109351
0.0101353
0.00936353
0.00862115
0.00790909
0.00722761
0.00657709
0.00595684
0.00536715
0.00480581
0.00427403
0.00376434
0.00327953
0.0221398
0.0219778
0.0216736
0.0212459
0.0207138
0.020096
0.0194099
0.0186709
0.0178923
0.0170857
0.0162615
0.0154285
0.0145945
0.013766
0.0129486
0.0121468
0.0113644
0.0106043
0.00986878
0.0091595
0.00847758
0.0078238
0.00719835
0.00660149
0.00603256
0.00549173
0.00497703
0.00448942
0.00402243
0.00357844
0.0209823
0.0208311
0.0205474
0.0201486
0.0196528
0.0190777
0.0184395
0.0177527
0.01703
0.0162822
0.0155189
0.0147482
0.0139774
0.0132125
0.0124585
0.0117195
0.0109989
0.0102994
0.00962279
0.00897069
0.00834402
0.00774342
0.00716902
0.00662097
0.00609867
0.00560219
0.00512977
0.00468217
0.00425383
0.00384672
0.0199069
0.019766
0.0195017
0.0191305
0.0186692
0.0181344
0.0175414
0.0169039
0.0162336
0.0155408
0.0148342
0.0141216
0.0134094
0.0127032
0.0120077
0.0113264
0.0106626
0.0100184
0.00939572
0.0087958
0.00821945
0.00766721
0.00713917
0.00663541
0.00615536
0.00569901
0.00526483
0.00485337
0.00445991
0.00408605
0.0189129
0.0187818
0.0185359
0.0181907
0.0177618
0.0172648
0.0167142
0.0161227
0.0155012
0.0148594
0.0142055
0.0135464
0.0128883
0.0122361
0.0115941
0.0109658
0.0103537
0.00976006
0.0091864
0.00863387
0.00810317
0.00759474
0.00710864
0.0066449
0.00620299
0.00578285
0.00538314
0.00500423
0.00464215
0.00429819
0.0179998
0.0178778
0.0176491
0.0173281
0.0169295
0.0164678
0.0159565
0.0154075
0.0148312
0.0142365
0.0136309
0.013021
0.0124123
0.0118095
0.0112164
0.0106361
0.010071
0.0095232
0.00899392
0.00848423
0.00799474
0.00752582
0.0070775
0.00664977
0.00624215
0.00585454
0.00548577
0.00513607
0.00480212
0.00448491
0.0171669
0.0170533
0.0168405
0.0165419
0.0161712
0.015742
0.0152669
0.0147571
0.0142222
0.0136704
0.013109
0.0125438
0.0119801
0.011422
0.0108731
0.0103362
0.00981364
0.00930704
0.0088177
0.0083465
0.00789399
0.00746049
0.007046
0.0066505
0.00627355
0.00591501
0.00557386
0.00525024
0.00494137
0.00464801
0.0164135
0.0163077
0.0161095
0.0158313
0.0154862
0.0150866
0.0146444
0.0141702
0.0136728
0.01316
0.0126385
0.0121137
0.0115904
0.0110725
0.0105633
0.0100654
0.00958079
0.00911107
0.00865737
0.00822049
0.00780093
0.00739896
0.00701457
0.00664771
0.006298
0.00596526
0.00564862
0.00534812
0.00506148
0.00478923
0.0157395
0.0156406
0.0154555
0.0151959
0.0148737
0.0145008
0.0140883
0.013646
0.0131823
0.0127044
0.0122185
0.0117297
0.0112424
0.0107603
0.0102864
0.00982302
0.00937208
0.00893499
0.00851281
0.00810627
0.00771579
0.00734161
0.00698375
0.00664212
0.00631638
0.00600635
0.00571127
0.0054311
0.00516399
0.00491027
0.0151445
0.0150518
0.0148784
0.0146352
0.0143335
0.0139843
0.0135981
0.013184
0.01275
0.0123029
0.0118484
0.0113913
0.0109357
0.010485
0.010042
0.00960885
0.00918735
0.00877879
0.00838413
0.00800403
0.00763891
0.00728896
0.00695419
0.00663451
0.00632964
0.00603934
0.00576301
0.0055005
0.00525034
0.00501269
0.0146287
0.0145415
0.0143783
0.0141494
0.0138655
0.0135369
0.0131735
0.012784
0.0123758
0.0119553
0.0115279
0.0110982
0.01067
0.0102464
0.00982998
0.00942288
0.00902668
0.00864262
0.00827159
0.00791419
0.00757079
0.0072416
0.00692661
0.00662573
0.0063387
0.00606529
0.00580498
0.00555757
0.00532191
0.00509801
0.014193
0.0141104
0.0139558
0.0137391
0.0134702
0.0131591
0.0128151
0.0124463
0.0120599
0.0116619
0.0112574
0.0108507
0.0104455
0.0100447
0.00965064
0.00926539
0.00889042
0.0085269
0.00817565
0.00783726
0.00751205
0.00720022
0.00690177
0.0066166
0.00634448
0.00608519
0.00583825
0.00560346
0.00537987
0.00516739
0.0138384
0.0137595
0.013612
0.0134052
0.0131487
0.0128519
0.0125235
0.0121716
0.0118029
0.0114232
0.0110374
0.0106494
0.0102628
0.00988042
0.00950451
0.00913694
0.00877915
0.00843222
0.00809696
0.00777391
0.00746339
0.00716556
0.00688044
0.00660794
0.00634785
0.00609993
0.00586378
0.00563915
0.00542532
0.00522212
0.0135669
0.013491
0.0133489
0.0131497
0.0129027
0.0126167
0.0123005
0.0119615
0.0116064
0.0112406
0.010869
0.0104953
0.010123
0.00975462
0.00939252
0.00903841
0.00869369
0.00835941
0.00803631
0.00772493
0.00742557
0.0071384
0.00686342
0.00660055
0.00634958
0.0061103
0.00588234
0.00566541
0.00545893
0.00526265
0.0133815
0.0133076
0.0131692
0.0129752
0.0127346
0.0124562
0.0121482
0.0118181
0.0114722
0.011116
0.010754
0.0103901
0.0100274
0.00966866
0.00931595
0.00897101
0.00863518
0.00830949
0.00799466
0.00769121
0.00739944
0.0071195
0.00685141
0.00659508
0.00635032
0.00611692
0.00589454
0.00568289
0.0054815
0.00529009
0.0132862
0.0132132
0.0130767
0.0128855
0.0126482
0.0123737
0.0120699
0.0117443
0.0114032
0.0110519
0.0106949
0.0103359
0.00997827
0.00962443
0.00927655
0.00893631
0.00860505
0.00828376
0.00797318
0.00767379
0.00738591
0.00710968
0.00684511
0.00659213
0.00635054
0.00612012
0.00590056
0.00569155
0.00549266
0.00530355
0.119332
0.120014
0.121402
0.123375
0.12592
0.128993
0.132582
0.136674
0.141264
0.146352
0.151945
0.158048
0.164674
0.171834
0.179545
0.187824
0.19669
0.206157
0.216251
0.226986
0.238385
0.250453
0.263219
0.276671
0.29085
0.30572
0.321329
0.337543
0.354549
0.371927
0.119235
0.119915
0.1213
0.12327
0.12581
0.128877
0.13246
0.136544
0.141125
0.146204
0.151785
0.157874
0.164486
0.17163
0.179323
0.187582
0.196425
0.205866
0.215932
0.226634
0.237997
0.250024
0.262745
0.276146
0.290267
0.30507
0.320605
0.336735
0.353646
0.370912
0.11913
0.119809
0.121191
0.123157
0.125692
0.128753
0.132329
0.136404
0.140976
0.146043
0.151611
0.157686
0.164281
0.171406
0.179078
0.187311
0.196127
0.205536
0.215566
0.226225
0.237541
0.249513
0.262172
0.275502
0.289542
0.304247
0.319675
0.335679
0.352446
0.369544
0.119019
0.119696
0.121075
0.123036
0.125566
0.128621
0.132189
0.136254
0.140816
0.14587
0.151425
0.157483
0.164059
0.171162
0.178809
0.187014
0.195796
0.205166
0.215152
0.22576
0.237017
0.248919
0.2615
0.274738
0.288673
0.303253
0.318539
0.334375
0.350954
0.367823
0.118901
0.119575
0.120951
0.122908
0.125432
0.12848
0.132039
0.136095
0.140645
0.145686
0.151225
0.157265
0.16382
0.170898
0.178517
0.186688
0.195432
0.204758
0.214692
0.225238
0.236425
0.248244
0.260729
0.273855
0.287661
0.302086
0.317196
0.332823
0.349167
0.365749
0.118775
0.119447
0.12082
0.122772
0.12529
0.128331
0.131881
0.135927
0.140464
0.14549
0.151012
0.157032
0.163563
0.170614
0.178201
0.186335
0.195035
0.20431
0.214184
0.22466
0.235764
0.247488
0.25986
0.272854
0.286506
0.300748
0.315648
0.331026
0.347088
0.363325
0.118643
0.119312
0.120681
0.122629
0.12514
0.128173
0.131714
0.135748
0.140272
0.145283
0.150785
0.156784
0.16329
0.170311
0.177862
0.185954
0.194606
0.203823
0.21363
0.224026
0.235037
0.246649
0.258893
0.271734
0.285208
0.299239
0.313896
0.328983
0.344718
0.360552
0.118503
0.11917
0.120535
0.122478
0.124983
0.128007
0.131538
0.13556
0.14007
0.145064
0.150546
0.156521
0.162999
0.169987
0.1775
0.185547
0.194144
0.203298
0.213029
0.223336
0.234241
0.24573
0.257827
0.270496
0.283769
0.29756
0.31194
0.326697
0.342059
0.357433
0.118357
0.119021
0.120382
0.122319
0.124817
0.127833
0.131354
0.135363
0.139857
0.144833
0.150294
0.156244
0.162692
0.169644
0.177115
0.185112
0.19365
0.202733
0.212382
0.22259
0.233379
0.24473
0.256665
0.26914
0.282188
0.295712
0.309782
0.324169
0.339113
0.353971
0.118203
0.118865
0.120222
0.122153
0.124644
0.127651
0.13116
0.135156
0.139635
0.144591
0.15003
0.155952
0.162368
0.169282
0.176707
0.184649
0.193123
0.20213
0.211688
0.221788
0.23245
0.243648
0.255405
0.267668
0.280468
0.293695
0.307424
0.321401
0.335883
0.35017
0.118043
0.118702
0.120054
0.12198
0.124463
0.12746
0.130958
0.13494
0.139402
0.144338
0.149752
0.155646
0.162027
0.1689
0.176277
0.18416
0.192565
0.201489
0.210948
0.220931
0.231454
0.242487
0.254049
0.26608
0.278608
0.291511
0.304866
0.318394
0.332371
0.346033
0.117876
0.118531
0.11988
0.1218
0.124275
0.127262
0.130748
0.134715
0.139159
0.144074
0.149462
0.155325
0.16167
0.168499
0.175823
0.183644
0.191975
0.20081
0.210163
0.220019
0.230392
0.241246
0.252597
0.264376
0.27661
0.289161
0.30211
0.315152
0.328581
0.341565
0.117702
0.118354
0.119698
0.121613
0.124079
0.127056
0.130529
0.134481
0.138906
0.143798
0.14916
0.15499
0.161296
0.168079
0.175347
0.183102
0.191353
0.200092
0.209332
0.219053
0.229264
0.239926
0.251049
0.262557
0.274474
0.286647
0.299159
0.311677
0.324515
0.336769
0.117521
0.118171
0.11951
0.121417
0.123875
0.126841
0.130301
0.134237
0.138643
0.143512
0.148845
0.154641
0.160906
0.167639
0.174849
0.182533
0.190699
0.199337
0.208456
0.218032
0.228071
0.238526
0.249407
0.260625
0.272202
0.28397
0.296014
0.307971
0.320178
0.331652
0.117333
0.11798
0.119314
0.121215
0.123664
0.126619
0.130066
0.133985
0.13837
0.143214
0.148518
0.154278
0.1605
0.167182
0.174329
0.181938
0.190014
0.198545
0.207535
0.216956
0.226812
0.237049
0.24767
0.25858
0.269795
0.281132
0.292677
0.304037
0.315574
0.326219
0.117138
0.117782
0.119112
0.121006
0.123446
0.12639
0.129822
0.133724
0.138087
0.142906
0.148178
0.153901
0.160078
0.166705
0.173787
0.181317
0.189299
0.197716
0.20657
0.215828
0.225489
0.235494
0.245841
0.256422
0.267254
0.278133
0.289151
0.299879
0.310706
0.320475
0.116937
0.117578
0.118903
0.12079
0.12322
0.126153
0.12957
0.133454
0.137795
0.142587
0.147827
0.153511
0.15964
0.16621
0.173223
0.18067
0.188552
0.196849
0.20556
0.214646
0.224103
0.233861
0.243919
0.254154
0.264581
0.274977
0.285439
0.295499
0.30558
0.314426
0.116729
0.117368
0.118687
0.120567
0.122988
0.125908
0.12931
0.133175
0.137494
0.142258
0.147464
0.153107
0.159187
0.165697
0.172638
0.179998
0.187775
0.195946
0.204506
0.213411
0.222652
0.232152
0.241905
0.251775
0.261776
0.271664
0.281541
0.290901
0.300199
0.308079
0.116515
0.11715
0.118464
0.120337
0.122748
0.125656
0.129042
0.132888
0.137183
0.141918
0.147089
0.15269
0.158718
0.165166
0.172031
0.1793
0.186968
0.195007
0.203409
0.212124
0.221139
0.230368
0.2398
0.249288
0.258842
0.268197
0.277462
0.286089
0.29457
0.301441
0.116294
0.116927
0.118235
0.120101
0.122502
0.125396
0.128767
0.132592
0.136863
0.141569
0.146703
0.152259
0.158234
0.164617
0.171404
0.178578
0.186131
0.194033
0.202269
0.210784
0.219563
0.228508
0.237605
0.246693
0.25578
0.264578
0.273204
0.281066
0.288696
0.294519
0.116067
0.116696
0.117999
0.119856
0.122248
0.125129
0.128483
0.132289
0.136534
0.141209
0.146306
0.151816
0.157735
0.16405
0.170755
0.177831
0.185265
0.193022
0.201086
0.209394
0.217925
0.226574
0.235321
0.243991
0.252591
0.260809
0.26877
0.275837
0.282583
0.28732
0.115833
0.11646
0.117758
0.119604
0.121987
0.124856
0.128192
0.131977
0.136196
0.140839
0.145897
0.15136
0.157221
0.163466
0.170086
0.177059
0.184369
0.191977
0.19986
0.207952
0.216225
0.224566
0.232949
0.241183
0.249277
0.256892
0.264162
0.270404
0.276237
0.279852
0.115593
0.116217
0.11751
0.119352
0.12172
0.124575
0.127894
0.131657
0.13585
0.140459
0.145477
0.150891
0.156692
0.162865
0.169397
0.176263
0.183444
0.190896
0.198593
0.20646
0.214465
0.222485
0.230489
0.238272
0.24584
0.252829
0.259384
0.264773
0.269663
0.272122
0.115346
0.115968
0.117255
0.119087
0.121446
0.124287
0.127589
0.131329
0.135494
0.14007
0.145047
0.15041
0.156149
0.162247
0.168688
0.175443
0.182491
0.189781
0.197284
0.204918
0.212645
0.220331
0.227943
0.235258
0.242281
0.248622
0.254439
0.258948
0.262868
0.264139
0.115094
0.115713
0.116994
0.118817
0.121166
0.123993
0.127276
0.130994
0.135131
0.139672
0.144605
0.149916
0.155592
0.161612
0.167959
0.1746
0.181509
0.188633
0.195934
0.203327
0.210765
0.218107
0.225312
0.232142
0.238602
0.244274
0.24933
0.252932
0.255857
0.255912
0.114835
0.115452
0.116728
0.118542
0.12088
0.123692
0.126957
0.130651
0.134759
0.139264
0.144154
0.149411
0.155021
0.160961
0.167211
0.173734
0.180499
0.18745
0.194544
0.201686
0.208827
0.215812
0.222596
0.228925
0.234805
0.239787
0.244061
0.246731
0.248636
0.247447
0.11457
0.115185
0.116455
0.118262
0.120587
0.123385
0.12663
0.1303
0.134379
0.138847
0.143692
0.148894
0.154436
0.160294
0.166443
0.172844
0.179462
0.186235
0.193113
0.199998
0.20683
0.213447
0.219797
0.22561
0.230892
0.235163
0.238634
0.240348
0.241212
0.238754
0.114299
0.114913
0.116176
0.117975
0.120289
0.123071
0.126297
0.129943
0.133991
0.138422
0.14322
0.148365
0.153838
0.159611
0.165657
0.171932
0.178398
0.184986
0.191643
0.198261
0.204775
0.211013
0.216916
0.222198
0.226864
0.230406
0.233054
0.233787
0.233591
0.229842
0.114022
0.114634
0.115891
0.117682
0.119984
0.122751
0.125957
0.129578
0.133595
0.137987
0.142738
0.147825
0.153227
0.158913
0.164852
0.170998
0.177306
0.183705
0.190133
0.196477
0.202663
0.208511
0.213953
0.218689
0.222723
0.225516
0.227323
0.227054
0.225779
0.220717
0.11374
0.11435
0.115602
0.117384
0.119674
0.122425
0.125611
0.129206
0.133191
0.137545
0.142247
0.147274
0.152603
0.158199
0.164028
0.170041
0.176188
0.182392
0.188585
0.194647
0.200495
0.205941
0.210909
0.215085
0.218471
0.220498
0.221445
0.220153
0.217782
0.211388
0.113451
0.11406
0.115306
0.11708
0.119358
0.122093
0.125258
0.128828
0.13278
0.137094
0.141746
0.146712
0.151965
0.15747
0.163187
0.169063
0.175044
0.181047
0.186998
0.19277
0.198271
0.203305
0.207787
0.211388
0.214109
0.215352
0.215423
0.213086
0.209608
0.201863
0.113157
0.113765
0.115005
0.116771
0.119036
0.121755
0.124899
0.128443
0.132362
0.136634
0.141236
0.14614
0.151316
0.156726
0.162328
0.168064
0.173874
0.179671
0.185373
0.190847
0.195992
0.200603
0.204585
0.207599
0.20964
0.210083
0.209261
0.20586
0.201262
0.192147
0.112857
0.113465
0.114699
0.116456
0.118709
0.121411
0.124535
0.128051
0.131937
0.136167
0.140717
0.145557
0.150654
0.155967
0.161451
0.167043
0.172679
0.178264
0.183711
0.188879
0.193659
0.197837
0.201307
0.203719
0.205064
0.204692
0.202961
0.198477
0.192751
0.182246
0.112552
0.113159
0.114387
0.116136
0.118377
0.121062
0.124164
0.127653
0.131505
0.135693
0.14019
0.144964
0.149981
0.155195
0.160558
0.166003
0.171459
0.176827
0.182012
0.186867
0.191272
0.195006
0.197951
0.199751
0.200384
0.199183
0.196527
0.190941
0.184081
0.172163
0.112241
0.112848
0.11407
0.115811
0.118039
0.120708
0.123788
0.127249
0.131066
0.13521
0.139653
0.144361
0.149295
0.154408
0.159647
0.164941
0.170213
0.175359
0.180276
0.184809
0.18883
0.19211
0.19452
0.195693
0.1956
0.193556
0.18996
0.183255
0.175257
0.161896
0.111925
0.112531
0.113748
0.115481
0.117696
0.120348
0.123405
0.126838
0.13062
0.134719
0.139107
0.143746
0.148596
0.153605
0.158717
0.163856
0.168939
0.173858
0.178499
0.182704
0.186332
0.189148
0.191009
0.191545
0.190711
0.187813
0.183261
0.175423
0.166281
0.151443
0.111604
0.11221
0.113421
0.115146
0.117348
0.119982
0.123018
0.126422
0.130167
0.134221
0.138552
0.143121
0.147885
0.152789
0.157771
0.162751
0.167641
0.172326
0.176687
0.180555
0.183782
0.186125
0.187427
0.187317
0.185728
0.18197
0.176446
0.167467
0.157179
0.140811
0.111277
0.111884
0.113091
0.114808
0.116999
0.119617
0.122631
0.126009
0.129719
0.133729
0.138006
0.142507
0.147186
0.151984
0.156837
0.161658
0.166355
0.170804
0.174879
0.178406
0.181223
0.183084
0.183815
0.183044
0.180684
0.17605
0.169531
0.159399
0.147965
0.129994
0.110946
0.111555
0.112758
0.114469
0.116649
0.119254
0.122249
0.125602
0.12928
0.13325
0.137474
0.14191
0.146506
0.151202
0.155926
0.160587
0.165087
0.169296
0.173077
0.176248
0.178638
0.179993
0.180125
0.178658
0.175485
0.169932
0.162359
0.15102
0.138394
0.118693
0.110608
0.111215
0.112409
0.114107
0.116268
0.118848
0.121812
0.125126
0.128755
0.132665
0.136817
0.141162
0.145649
0.150211
0.154773
0.15924
0.163505
0.167433
0.170879
0.173656
0.17558
0.176394
0.175895
0.173714
0.169711
0.163249
0.154603
0.142111
0.128141
0.106728
0.117495
0.118189
0.119551
0.121494
0.123976
0.12695
0.130385
0.134244
0.138499
0.143115
0.148058
0.153284
0.158744
0.164378
0.170116
0.175867
0.181531
0.186981
0.192078
0.196644
0.2005
0.203403
0.205151
0.205402
0.204001
0.200379
0.194723
0.185607
0.175032
0.157793
0.117668
0.118363
0.119731
0.12168
0.124173
0.127163
0.130617
0.134502
0.13879
0.143447
0.148443
0.153736
0.159281
0.165021
0.170889
0.176802
0.182665
0.188356
0.193745
0.19866
0.202933
0.206325
0.208648
0.209556
0.20892
0.206142
0.201482
0.193429
0.184106
0.168353
0.117835
0.118527
0.119899
0.121847
0.124343
0.127336
0.130797
0.134692
0.138995
0.143674
0.1487
0.154034
0.159634
0.165446
0.17141
0.177446
0.183467
0.189356
0.194993
0.200213
0.20486
0.208701
0.211563
0.213103
0.213212
0.21128
0.207603
0.200659
0.19247
0.178271
0.117995
0.118687
0.120064
0.122011
0.124511
0.127511
0.130982
0.134891
0.139213
0.143917
0.148977
0.154357
0.160016
0.165906
0.171968
0.178129
0.184307
0.190393
0.196272
0.201787
0.206793
0.211064
0.21444
0.21658
0.217396
0.216268
0.213516
0.207634
0.200531
0.187786
0.11815
0.118841
0.120203
0.122172
0.124677
0.127685
0.131167
0.135091
0.139434
0.144166
0.149262
0.15469
0.160411
0.166379
0.172542
0.178829
0.185164
0.191443
0.197562
0.203368
0.208726
0.213418
0.217296
0.220022
0.221527
0.22119
0.219339
0.214506
0.208484
0.197135
0.118299
0.118989
0.120359
0.122326
0.124838
0.127852
0.131345
0.135285
0.139648
0.144407
0.149538
0.155012
0.160792
0.166837
0.173096
0.179505
0.185993
0.192462
0.198813
0.204903
0.210605
0.215707
0.220076
0.223379
0.225561
0.226005
0.225042
0.22125
0.216305
0.206315
0.118442
0.119132
0.120506
0.122472
0.124994
0.128013
0.131516
0.13547
0.139853
0.144637
0.149802
0.15532
0.161158
0.167276
0.17363
0.180157
0.186792
0.193445
0.200022
0.206387
0.212424
0.217927
0.222776
0.226643
0.229488
0.230703
0.230611
0.227849
0.223971
0.215315
0.118579
0.119269
0.120645
0.122614
0.125134
0.128172
0.131681
0.135648
0.140049
0.144858
0.150056
0.155618
0.161511
0.167701
0.174145
0.180787
0.187566
0.194396
0.201193
0.207826
0.214189
0.220083
0.2254
0.229819
0.233311
0.235283
0.236046
0.234299
0.231481
0.224137
0.118709
0.119399
0.120778
0.12275
0.125275
0.128328
0.131839
0.135819
0.140238
0.145071
0.150301
0.155904
0.161851
0.16811
0.174642
0.181395
0.188314
0.195316
0.202326
0.20922
0.215899
0.222174
0.227946
0.232905
0.237029
0.239745
0.241346
0.240597
0.23883
0.232779
0.118833
0.119524
0.120905
0.122879
0.12541
0.128446
0.131994
0.135982
0.140419
0.145275
0.150535
0.156179
0.162178
0.168504
0.175122
0.181982
0.189035
0.196205
0.203422
0.210568
0.217555
0.224199
0.230415
0.2359
0.24064
0.244084
0.246507
0.246738
0.246011
0.241238
0.118951
0.119642
0.121025
0.123002
0.125537
0.128586
0.132145
0.136139
0.140592
0.145469
0.150759
0.156442
0.162491
0.168882
0.175582
0.182546
0.18973
0.197062
0.204479
0.21187
0.219154
0.226159
0.232804
0.238802
0.244143
0.248299
0.251526
0.252719
0.253018
0.249505
0.119063
0.119754
0.12114
0.123119
0.125658
0.128715
0.132259
0.13629
0.140756
0.145655
0.150973
0.156693
0.162791
0.169244
0.176024
0.183088
0.190398
0.197887
0.205497
0.213124
0.220698
0.228051
0.235114
0.241611
0.247536
0.252387
0.256401
0.258534
0.259845
0.257574
0.119168
0.11986
0.121247
0.123229
0.125772
0.128835
0.132389
0.136436
0.140912
0.14583
0.151176
0.156932
0.163077
0.16959
0.176446
0.183607
0.191038
0.198678
0.206475
0.214332
0.222184
0.229875
0.237343
0.244324
0.250817
0.256345
0.261127
0.26418
0.266486
0.265437
0.119267
0.119959
0.121348
0.123333
0.12588
0.128947
0.132513
0.136562
0.14106
0.145997
0.151368
0.157159
0.163348
0.169919
0.176849
0.184103
0.191651
0.199436
0.207413
0.215491
0.223613
0.23163
0.239489
0.24694
0.253984
0.260171
0.265701
0.269653
0.272934
0.273086
0.119359
0.120051
0.121443
0.123429
0.12598
0.129052
0.132625
0.136669
0.141207
0.146154
0.151549
0.157373
0.163605
0.170231
0.177232
0.184576
0.192236
0.200161
0.208311
0.216602
0.224983
0.233316
0.241553
0.249459
0.257036
0.263861
0.270121
0.274947
0.279183
0.280512
0.119445
0.120137
0.121531
0.123519
0.126073
0.12915
0.132729
0.136789
0.141353
0.146302
0.151719
0.157575
0.163848
0.170527
0.177595
0.185024
0.192792
0.200852
0.209168
0.217664
0.226295
0.234931
0.243532
0.251878
0.259971
0.267415
0.274382
0.280058
0.285227
0.287708
0.119524
0.120217
0.121612
0.123602
0.126159
0.129241
0.132826
0.136895
0.141415
0.146441
0.151878
0.157764
0.164076
0.170805
0.177938
0.185449
0.19332
0.201508
0.209984
0.218676
0.227547
0.236475
0.245427
0.254195
0.262786
0.270828
0.278481
0.284982
0.291058
0.294663
0.119596
0.120289
0.121686
0.123678
0.126238
0.129324
0.132915
0.136991
0.141537
0.146581
0.152027
0.15794
0.164288
0.171066
0.178261
0.185849
0.193819
0.20213
0.210758
0.219638
0.228738
0.237947
0.247235
0.256411
0.265481
0.2741
0.282415
0.289714
0.296672
0.301372
0.119662
0.120355
0.121754
0.123747
0.12631
0.129399
0.132996
0.13708
0.141644
0.146721
0.152166
0.158104
0.164486
0.171309
0.178562
0.186225
0.194288
0.202716
0.21149
0.22055
0.229869
0.239346
0.248957
0.258523
0.268053
0.277227
0.28618
0.294251
0.302062
0.307824
0.11972
0.120414
0.121814
0.123809
0.126374
0.129467
0.133068
0.13716
0.14173
0.14674
0.152297
0.158254
0.164668
0.171534
0.178843
0.186575
0.194728
0.203267
0.21218
0.22141
0.230939
0.240672
0.25059
0.26053
0.270501
0.280207
0.289774
0.298587
0.307223
0.314012
0.119772
0.120467
0.121868
0.123863
0.126431
0.129527
0.133133
0.137231
0.141809
0.146863
0.15242
0.158391
0.164835
0.171741
0.179102
0.186901
0.195137
0.203783
0.212826
0.222219
0.231946
0.241923
0.252134
0.262431
0.272823
0.283038
0.293194
0.302719
0.312148
0.319928
0.119817
0.120512
0.121914
0.123911
0.12648
0.129579
0.133189
0.137293
0.14188
0.146955
0.152509
0.158518
0.164986
0.17193
0.17934
0.187201
0.195517
0.204262
0.213429
0.222975
0.232891
0.243099
0.253589
0.264224
0.275018
0.285718
0.296436
0.306642
0.316833
0.325564
0.119855
0.12055
0.121953
0.123951
0.126522
0.129623
0.133237
0.137346
0.141941
0.147023
0.152568
0.158641
0.165122
0.1721
0.179556
0.187476
0.195866
0.204704
0.213988
0.223679
0.233773
0.244199
0.254953
0.265909
0.277083
0.288244
0.299498
0.310353
0.321272
0.330914
0.119886
0.120582
0.121985
0.123983
0.126556
0.129659
0.133276
0.13739
0.141992
0.147081
0.152654
0.158759
0.165245
0.172252
0.179751
0.187724
0.196184
0.20511
0.214503
0.224331
0.234591
0.245223
0.256225
0.267484
0.279019
0.290616
0.302376
0.313849
0.325459
0.33597
0.119911
0.120606
0.12201
0.124009
0.126582
0.129686
0.133306
0.137424
0.142033
0.14713
0.152717
0.158748
0.165357
0.172386
0.179924
0.187947
0.196471
0.205479
0.214974
0.224928
0.235344
0.24617
0.257404
0.268949
0.280822
0.29283
0.305069
0.317124
0.329391
0.340726
0.119928
0.120623
0.122028
0.124027
0.1266
0.129706
0.133328
0.13745
0.142064
0.147168
0.152763
0.15883
0.165455
0.172503
0.180074
0.188143
0.196727
0.20581
0.2154
0.225472
0.236033
0.247039
0.258491
0.270302
0.282492
0.294885
0.307574
0.320177
0.333061
0.345174
0.119938
0.120633
0.122038
0.124037
0.126611
0.129717
0.133341
0.137466
0.142085
0.147195
0.152799
0.158892
0.165494
0.172607
0.180202
0.188313
0.196952
0.206104
0.215781
0.225962
0.236657
0.247829
0.259483
0.271542
0.284027
0.29678
0.309889
0.323004
0.336467
0.34931
0.119941
0.120636
0.122041
0.12404
0.126614
0.129721
0.133345
0.137472
0.142095
0.147211
0.152823
0.158927
0.165532
0.172695
0.18031
0.188456
0.197144
0.20636
0.216116
0.226397
0.237216
0.248541
0.260381
0.272669
0.285427
0.298512
0.312011
0.325602
0.339604
0.353128
0.119937
0.120632
0.122037
0.124035
0.126609
0.129715
0.133341
0.137469
0.142095
0.147215
0.152834
0.158948
0.165577
0.172716
0.180412
0.188574
0.197305
0.206578
0.216407
0.226777
0.237708
0.249173
0.261184
0.273681
0.28669
0.30008
0.313938
0.327969
0.342468
0.356621
0.119926
0.120621
0.122025
0.124022
0.126595
0.129702
0.133327
0.137456
0.142084
0.147208
0.152833
0.158955
0.165597
0.172741
0.18051
0.188674
0.197435
0.206758
0.216651
0.227101
0.238134
0.249725
0.26189
0.274578
0.287815
0.301483
0.315668
0.3301
0.345055
0.359786
0.119908
0.120602
0.122006
0.124002
0.126574
0.12968
0.133305
0.137434
0.142063
0.147189
0.152818
0.158947
0.165598
0.172762
0.180417
0.188751
0.197538
0.2069
0.216849
0.22737
0.238494
0.250197
0.262501
0.275359
0.288802
0.30272
0.3172
0.331995
0.347363
0.362618
0.119882
0.120576
0.121979
0.123974
0.126545
0.12965
0.133273
0.137402
0.142031
0.147158
0.15279
0.158925
0.165582
0.17276
0.180464
0.188753
0.197612
0.207009
0.217002
0.227582
0.238786
0.250588
0.263014
0.276024
0.289649
0.303788
0.318532
0.333651
0.349388
0.365112
0.11985
0.120543
0.121945
0.123939
0.126508
0.129611
0.133233
0.13736
0.141989
0.147116
0.152749
0.158888
0.16555
0.172738
0.18047
0.188751
0.197624
0.207083
0.217118
0.227739
0.239012
0.250896
0.263429
0.276571
0.290355
0.304688
0.319662
0.335066
0.351127
0.367266
0.11981
0.120502
0.121903
0.123895
0.126463
0.129563
0.133184
0.137309
0.141936
0.147062
0.152695
0.158836
0.165501
0.172696
0.180437
0.188739
0.197606
0.207081
0.217194
0.227854
0.239176
0.251123
0.263746
0.277
0.29092
0.305417
0.32059
0.336238
0.352579
0.369076
0.119763
0.120454
0.121854
0.123844
0.12641
0.129507
0.133125
0.137247
0.141872
0.146996
0.152628
0.158768
0.165435
0.172633
0.180379
0.188694
0.197581
0.207056
0.217147
0.227926
0.239281
0.251285
0.263972
0.277314
0.291344
0.305975
0.321313
0.337165
0.353739
0.370537
0.119709
0.120399
0.121797
0.123785
0.126348
0.129443
0.133057
0.137176
0.141797
0.146919
0.152547
0.158686
0.165351
0.172551
0.180299
0.188619
0.197519
0.207011
0.217118
0.227853
0.239287
0.251384
0.264108
0.277516
0.291649
0.306367
0.321834
0.337849
0.354609
0.37165
0.119648
0.120337
0.121733
0.123719
0.126279
0.12937
0.13298
0.137095
0.141712
0.146829
0.152454
0.158589
0.16525
0.172448
0.180196
0.188515
0.19742
0.206922
0.217047
0.227816
0.239236
0.251294
0.264105
0.277586
0.291841
0.306596
0.322152
0.33829
0.355195
0.372418
0.11958
0.120267
0.121662
0.123645
0.126201
0.129289
0.132895
0.137005
0.141616
0.146728
0.152347
0.158476
0.165132
0.172324
0.180069
0.188384
0.197287
0.206791
0.216922
0.227704
0.239131
0.251233
0.264037
0.277506
0.291643
0.306608
0.322246
0.338475
0.355495
0.372844
0.119504
0.12019
0.121583
0.123563
0.126115
0.129199
0.1328
0.136904
0.14151
0.146615
0.152226
0.158348
0.164997
0.172181
0.179918
0.188225
0.197121
0.206619
0.216746
0.227521
0.238954
0.251068
0.263868
0.277352
0.291554
0.306493
0.322143
0.338395
0.355427
0.372854
0.119421
0.120106
0.121496
0.123473
0.126022
0.1291
0.132696
0.136794
0.141392
0.146489
0.152092
0.158206
0.164844
0.172018
0.179744
0.188039
0.196922
0.206408
0.216522
0.227281
0.238705
0.250802
0.263594
0.277075
0.291287
0.306197
0.321842
0.338096
0.355145
0.372577
0.0330157
0.0329304
0.0327706
0.0325464
0.0322675
0.0319435
0.0315836
0.0311959
0.0307874
0.0303643
0.0299315
0.0294936
0.0290541
0.0286162
0.0281826
0.0277553
0.0273362
0.0269266
0.0265277
0.0261402
0.0257647
0.0254017
0.0250514
0.0247139
0.0243892
0.0240772
0.0237778
0.0234907
0.0232156
0.0229522
0.033127
0.0330408
0.0328795
0.0326531
0.0323714
0.0320442
0.0316808
0.0312893
0.0308768
0.0304495
0.0300126
0.0295703
0.0291265
0.0286844
0.0282465
0.0278151
0.027392
0.0269785
0.0265757
0.0261845
0.0258055
0.0254391
0.0250855
0.0247448
0.0244171
0.0241023
0.0238002
0.0235106
0.0232331
0.0229676
0.0333429
0.0332551
0.0330908
0.03286
0.032573
0.0322397
0.0318694
0.0314705
0.0310503
0.030615
0.0301698
0.0297192
0.0292671
0.0288167
0.0283706
0.0279312
0.0275001
0.0270789
0.0266687
0.0262703
0.0258844
0.0255113
0.0251513
0.0248046
0.024471
0.0241506
0.0238432
0.0235485
0.023266
0.0229957
0.0336579
0.0335678
0.033399
0.0331621
0.0328673
0.032525
0.0321447
0.0317351
0.0313036
0.0308565
0.0303993
0.0299366
0.0294722
0.0290096
0.0285516
0.0281003
0.0276577
0.0272253
0.0268042
0.0263952
0.0259991
0.0256162
0.0252468
0.0248911
0.024549
0.0242204
0.0239051
0.023603
0.0233135
0.0230365
0.0340677
0.0339746
0.0338
0.033555
0.0332502
0.0328962
0.032503
0.0320794
0.0316332
0.0311708
0.0306979
0.0302193
0.029739
0.0292606
0.0287868
0.0283201
0.0278624
0.0274152
0.0269798
0.0265571
0.0261476
0.0257519
0.0253702
0.0250027
0.0246493
0.02431
0.0239844
0.0236726
0.0233736
0.0230877
0.0345687
0.0344718
0.0342903
0.0340354
0.0337183
0.0333501
0.0329411
0.0325005
0.0320362
0.0315551
0.031063
0.030565
0.0300651
0.0295672
0.0290741
0.0285884
0.0281121
0.0276468
0.0271938
0.026754
0.0263281
0.0259165
0.0255197
0.0251376
0.0247703
0.0244177
0.0240794
0.0237556
0.023445
0.0231481
0.0351578
0.0350566
0.0348669
0.0346005
0.0342691
0.0338842
0.0334567
0.032996
0.0325105
0.0320074
0.0314927
0.0309717
0.0304487
0.0299277
0.0294118
0.0289036
0.0284053
0.0279185
0.0274445
0.0269845
0.026539
0.0261086
0.0256937
0.0252943
0.0249104
0.024542
0.0241886
0.0238504
0.0235259
0.0232158
0.0358328
0.0357266
0.0355276
0.0352481
0.0349004
0.0344965
0.0340478
0.0335642
0.0330545
0.0325261
0.0319854
0.031438
0.0308884
0.0303409
0.0297986
0.0292644
0.0287406
0.0282289
0.0277307
0.0272472
0.026779
0.0263269
0.0258909
0.0254714
0.0250682
0.0246814
0.0243104
0.0239555
0.0236149
0.0232895
0.0365917
0.03648
0.0362707
0.0359765
0.0356106
0.0351855
0.0347131
0.0342038
0.0336668
0.03311
0.0325401
0.0319628
0.0313833
0.0308057
0.0302336
0.0296699
0.0291171
0.0285771
0.0280514
0.0275412
0.0270472
0.0265701
0.0261101
0.0256676
0.0252424
0.0248346
0.0244435
0.0240695
0.0237103
0.0233674
0.0374328
0.0373151
0.0370944
0.0367843
0.0363983
0.0359499
0.0354514
0.0349138
0.0343467
0.0337584
0.033156
0.0325457
0.0319327
0.0313216
0.0307161
0.0301195
0.0295343
0.0289626
0.0284059
0.0278656
0.0273425
0.0268374
0.0263504
0.025882
0.025432
0.0250004
0.0245866
0.0241909
0.0238108
0.023448
0.0383549
0.0382307
0.0379977
0.0376702
0.0372626
0.0367889
0.036262
0.0356935
0.0350936
0.0344708
0.0338329
0.0331862
0.0325364
0.0318883
0.031246
0.0306129
0.0299918
0.0293848
0.0287937
0.02822
0.0276645
0.0271281
0.026611
0.0261137
0.0256358
0.0251777
0.0247384
0.0243185
0.023915
0.0235298
0.0393566
0.0392255
0.0389794
0.0386334
0.0382026
0.0377017
0.0371443
0.0365426
0.0359072
0.0352472
0.0345706
0.0338843
0.0331944
0.0325059
0.0318233
0.0311502
0.0304895
0.0298437
0.0292148
0.0286042
0.0280129
0.0274418
0.0268913
0.0263619
0.0258532
0.0253656
0.024898
0.0244512
0.0240215
0.0236115
0.0404368
0.0402984
0.0400385
0.039673
0.0392176
0.038688
0.0380982
0.037461
0.0367876
0.0360876
0.0353694
0.0346405
0.0339071
0.0331748
0.0324484
0.0317316
0.0310279
0.0303397
0.0296692
0.0290181
0.0283875
0.0277783
0.0271911
0.0266262
0.0260835
0.0255633
0.0250644
0.0245879
0.0241293
0.0236917
0.0415945
0.0414485
0.0411742
0.0407882
0.0403072
0.0397472
0.0391233
0.0384487
0.037735
0.0369924
0.0362299
0.0354552
0.0346752
0.0338957
0.0331219
0.032358
0.0316074
0.0308732
0.0301575
0.0294622
0.0287886
0.0281377
0.0275102
0.0269065
0.0263264
0.0257704
0.0252371
0.0247277
0.0242372
0.0237692
0.0428285
0.0426746
0.0423854
0.0419783
0.0414706
0.0408793
0.0402197
0.0395058
0.0387498
0.0379622
0.0371527
0.0363294
0.0354996
0.0346696
0.033845
0.0330303
0.0322292
0.0314451
0.0306803
0.029937
0.0292166
0.0285204
0.0278488
0.0272027
0.0265817
0.0259865
0.0254154
0.0248701
0.0243446
0.0238431
0.0441375
0.0439756
0.0436712
0.0432424
0.0427075
0.0420838
0.0413874
0.0406327
0.0398325
0.0389979
0.0381388
0.0372641
0.0363815
0.0354978
0.0346189
0.0337497
0.0328944
0.0320566
0.0312389
0.0304437
0.0296726
0.028927
0.0282076
0.0275152
0.0268496
0.0262115
0.0255992
0.0250145
0.0244506
0.0239124
0.0455201
0.0453502
0.0450304
0.0445798
0.0440171
0.0433605
0.0426264
0.0418297
0.0409838
0.0401002
0.0391894
0.0382608
0.0373225
0.0363819
0.0354453
0.0345181
0.0336048
0.0327093
0.0318346
0.0309834
0.0301575
0.0293585
0.0285872
0.0278446
0.0271305
0.0264458
0.0257884
0.0251608
0.0245549
0.0239765
0.0469748
0.0467968
0.0464619
0.0459894
0.045399
0.0447091
0.0439368
0.0430973
0.0422045
0.0412703
0.0403059
0.039321
0.0383244
0.0373239
0.0363262
0.0353373
0.0343622
0.0334051
0.0324694
0.031558
0.0306731
0.0298164
0.0289889
0.0281919
0.027425
0.0266896
0.0259833
0.0253088
0.0246571
0.0240349
0.0484996
0.0483139
0.047964
0.0474701
0.0468522
0.0461292
0.0453186
0.0444359
0.0434954
0.0425095
0.0414898
0.0404465
0.0393891
0.0383258
0.0372639
0.0362099
0.0351692
0.0341464
0.0331455
0.0321696
0.0312212
0.0303024
0.0294143
0.0285583
0.0277344
0.0269439
0.0261843
0.0254589
0.0247574
0.0240873
0.0500925
0.0498993
0.049535
0.0490204
0.0483757
0.0476203
0.0467718
0.045846
0.0448574
0.043819
0.0427428
0.0416395
0.0405191
0.0393903
0.0382612
0.0371385
0.0360284
0.034936
0.0338655
0.0328207
0.0318042
0.0308186
0.0298652
0.0289457
0.0280599
0.0272098
0.0263924
0.0256116
0.0248559
0.0241337
0.0517511
0.0515509
0.0511731
0.0506387
0.0499685
0.0491817
0.0482962
0.0473279
0.0462915
0.0452004
0.0440668
0.0429021
0.0417168
0.0405203
0.0393209
0.0381264
0.0369432
0.035777
0.0346327
0.0335143
0.032425
0.0313677
0.030344
0.029356
0.0284035
0.0274888
0.0266088
0.0257679
0.0249532
0.0241743
0.0534727
0.0532661
0.0528758
0.0523233
0.0516291
0.0508127
0.0498917
0.0488821
0.0477986
0.046655
0.0454638
0.0442369
0.0429852
0.0417188
0.0404467
0.0391771
0.0379171
0.0366732
0.0354506
0.034254
0.033087
0.031953
0.0308538
0.0297919
0.0287674
0.0277829
0.0268351
0.0259289
0.0250503
0.0242097
0.0552541
0.0550419
0.0546406
0.0540718
0.0533559
0.0525121
0.0515577
0.0505086
0.0493796
0.0481843
0.0469359
0.0456464
0.0443273
0.0429894
0.0416421
0.0402945
0.0389543
0.0376286
0.0363233
0.0350437
0.033794
0.0325779
0.0313978
0.0302565
0.0291544
0.0280945
0.0270733
0.0260964
0.0251483
0.0242407
0.057092
0.0568751
0.0564646
0.0558819
0.055147
0.0542787
0.0532937
0.0522077
0.0510352
0.04979
0.0484852
0.0471335
0.0457466
0.0443358
0.0429115
0.0414832
0.0400595
0.0386481
0.0372556
0.0358882
0.0345504
0.0332467
0.03198
0.0307535
0.0295678
0.0284265
0.0273258
0.0262724
0.0252489
0.0242684
0.0589825
0.0587621
0.0583444
0.0577506
0.0570001
0.0561108
0.0550989
0.0539794
0.0527663
0.0514735
0.0501141
0.048701
0.0472465
0.0457622
0.0442593
0.042748
0.0412376
0.0397367
0.0382528
0.0367925
0.0353614
0.0339644
0.0326049
0.031287
0.0300114
0.0287823
0.0275958
0.0264593
0.0253542
0.0242945
0.0609214
0.0606988
0.0602765
0.0596749
0.0589127
0.0580068
0.0569722
0.0558232
0.0545735
0.0532363
0.0518249
0.0503521
0.0488307
0.0472729
0.0456904
0.0440942
0.0424944
0.0409005
0.0393207
0.0377627
0.0362326
0.0347364
0.033278
0.031862
0.0304897
0.0291659
0.0278867
0.0266604
0.0254666
0.024321
0.0629042
0.0626809
0.0622567
0.0616512
0.0608819
0.0599642
0.0589121
0.0577388
0.0564571
0.0550797
0.0536197
0.05209
0.0505034
0.0488727
0.0472101
0.0455275
0.0438359
0.0421456
0.0404659
0.0388052
0.0371706
0.035569
0.034005
0.0324841
0.0310079
0.0295821
0.0282027
0.026879
0.0255893
0.0243504
0.0649259
0.0647037
0.0642807
0.0636756
0.0629044
0.0619807
0.0609171
0.0597254
0.0584173
0.057005
0.0555008
0.0539176
0.0522684
0.0505663
0.048824
0.0470543
0.045269
0.0434793
0.0416956
0.0399273
0.0381826
0.0364693
0.0347929
0.0331597
0.0315719
0.0300363
0.0285486
0.0271196
0.0257258
0.0243855
0.0669814
0.066762
0.0663438
0.0657439
0.0649765
0.0640534
0.0629851
0.0617819
0.0604541
0.059013
0.0574702
0.0558383
0.05413
0.0523589
0.0505381
0.0486812
0.0468007
0.0449091
0.0430177
0.0411372
0.0392767
0.0374452
0.0356491
0.033896
0.0321886
0.0305346
0.0289301
0.0273871
0.0258803
0.0244299
0.0690651
0.0688506
0.0684409
0.0678515
0.0670943
0.0661789
0.0651137
0.0639068
0.0625672
0.0611047
0.05953
0.057855
0.0560924
0.0542557
0.0523586
0.0504152
0.0484389
0.0464434
0.0444409
0.0424436
0.0404617
0.0385054
0.0365823
0.0347012
0.0328655
0.0310842
0.0293536
0.027687
0.0260579
0.0244878
0.0711711
0.0709638
0.0705666
0.0699934
0.0692534
0.0683537
0.0673
0.0660984
0.0647558
0.0632803
0.0616817
0.0599707
0.0581598
0.0562622
0.054292
0.0522637
0.0501919
0.048091
0.0459747
0.0438563
0.0417475
0.0396598
0.0376021
0.0355844
0.0336113
0.0316931
0.0298264
0.028026
0.0262642
0.0245639
0.0732935
0.0730955
0.0727153
0.0721643
0.071449
0.0705735
0.0695408
0.0683543
0.0670186
0.0655401
0.0639267
0.0621882
0.0603362
0.0583837
0.0563448
0.0542347
0.0520684
0.0498617
0.0476293
0.045386
0.0431449
0.0409192
0.038719
0.0365561
0.034436
0.0323705
0.0303569
0.0284116
0.0265058
0.024664
0.075426
0.0752398
0.0748811
0.0743586
0.0736761
0.072834
0.0718324
0.0706718
0.0693542
0.0678836
0.066266
0.0645098
0.0626255
0.0606256
0.058524
0.056336
0.0540777
0.0517655
0.0494156
0.0470442
0.0446659
0.0422956
0.0399451
0.0376277
0.0353504
0.0331268
0.0309547
0.0288525
0.0267903
0.0247946
0.0775622
0.0773902
0.0770577
0.0765706
0.075929
0.0751302
0.0741706
0.0730476
0.0717602
0.0703098
0.0687001
0.0669377
0.0650315
0.0629931
0.0608362
0.0585762
0.0562294
0.0538134
0.0513454
0.0488433
0.0463234
0.0438022
0.0412934
0.0388121
0.0363671
0.0339736
0.0316305
0.0293584
0.0271266
0.0249633
0.0796956
0.0795404
0.0792389
0.078794
0.0782022
0.0774569
0.0765508
0.075478
0.0742341
0.0728174
0.0712291
0.0694732
0.0675572
0.0654913
0.0632883
0.0609634
0.0585334
0.0560166
0.0534313
0.050797
0.0481315
0.0454535
0.0427784
0.0401238
0.0374998
0.0349241
0.0323968
0.0299405
0.0275245
0.0251786
0.0818197
0.0816838
0.0814182
0.0810225
0.0804894
0.0798083
0.0789679
0.0779585
0.0767723
0.0754042
0.073852
0.0721175
0.0702054
0.0681246
0.0658867
0.0635062
0.0610001
0.0583871
0.0556866
0.0529195
0.0501055
0.0472653
0.0444164
0.0415785
0.0387641
0.0359931
0.0332673
0.0306117
0.0279957
0.0254508
0.0839279
0.0838139
0.0835891
0.0832498
0.0827845
0.0821783
0.0814162
0.0804843
0.0793709
0.0780672
0.0765676
0.0748705
0.0729783
0.0708973
0.0686376
0.0662129
0.0636397
0.060937
0.0581252
0.0552264
0.0522619
0.0492549
0.0462248
0.0431941
0.0401775
0.0371975
0.034258
0.0313864
0.0285531
0.0257913
0.086014
0.0859243
0.0857452
0.0854692
0.0850807
0.0845606
0.0838896
0.0830498
0.0820251
0.0808029
0.0793735
0.0777319
0.075877
0.0738126
0.0715467
0.0690915
0.0664626
0.063679
0.0607616
0.0577337
0.0546185
0.0514409
0.0482231
0.0449901
0.0417592
0.0385561
0.0353866
0.0322814
0.0292121
0.0262136
0.0880714
0.0880085
0.0878798
0.087674
0.0873714
0.0869485
0.0863817
0.0856487
0.0847295
0.0836067
0.0822666
0.0806999
0.0789019
0.0768733
0.074619
0.0721495
0.0694788
0.0666256
0.0636108
0.0604588
0.057194
0.0538437
0.0504324
0.0469881
0.043531
0.0400898
0.0366735
0.0333155
0.0299897
0.0267331
0.0900942
0.0900604
0.0899866
0.0898577
0.0896497
0.0893349
0.0888853
0.0882745
0.0874778
0.0864732
0.0852425
0.0837719
0.0820524
0.0800807
0.0778587
0.0753937
0.0726982
0.0697895
0.0666883
0.0634193
0.0600085
0.0564851
0.0528759
0.049212
0.0455168
0.0418225
0.0381413
0.0345101
0.030906
0.0273676
0.0920765
0.0920739
0.0920592
0.0920136
0.0919087
0.0917126
0.0913933
0.0909198
0.090263
0.0893961
0.0882961
0.0869441
0.0853265
0.0834354
0.0812686
0.0788302
0.0761298
0.073183
0.0700093
0.0666338
0.0630832
0.0593883
0.0555785
0.0516879
0.0477433
0.0437806
0.039816
0.03589
0.0319836
0.0281377
0.0940126
0.0940433
0.0940917
0.0941353
0.0941415
0.0940744
0.0938979
0.0935769
0.0930775
0.0923682
0.0914208
0.0902113
0.0887208
0.0869362
0.0848505
0.0824637
0.0797818
0.0768177
0.0735894
0.0701211
0.0664399
0.0625781
0.0585673
0.0544444
0.0502401
0.045994
0.0417268
0.0374829
0.0332488
0.0290674
0.0958974
0.0959631
0.0960782
0.0962164
0.0963412
0.0964128
0.0963912
0.0962373
0.0959128
0.0953813
0.0946092
0.0935672
0.0922305
0.0905804
0.0886045
0.0862976
0.0836612
0.0807047
0.0774435
0.0739002
0.0701015
0.0660807
0.0618712
0.0575127
0.0530396
0.0484956
0.0439065
0.0393206
0.0347315
0.0301841
0.097726
0.0978282
0.0980132
0.0982509
0.0985011
0.0987203
0.0988651
0.0988925
0.0987599
0.0984262
0.0978525
0.0970037
0.0958491
0.0943637
0.0925288
0.0903333
0.0877734
0.0848536
0.0815856
0.0779897
0.0740913
0.0699234
0.0655212
0.0609266
0.0561778
0.0513224
0.0463922
0.0414394
0.0364663
0.0315199
0.0994939
0.099634
0.0998915
0.100233
0.100614
0.100989
0.101311
0.101533
0.101609
0.101493
0.101141
0.100512
0.0995684
0.0982796
0.0966197
0.0945704
0.0921218
0.0892723
0.0860289
0.0824078
0.0784324
0.0741345
0.0695499
0.0647224
0.0596938
0.0545154
0.0492255
0.0438804
0.0384929
0.033112
0.101197
0.101376
0.101708
0.102157
0.102675
0.103213
0.103721
0.104151
0.10445
0.104571
0.104463
0.10408
0.103378
0.10232
0.100871
0.099006
0.0967074
0.0939667
0.0907845
0.0871717
0.083148
0.0787429
0.0739918
0.0689391
0.0636304
0.0581198
0.0524531
0.0466902
0.0408567
0.0350035
0.102832
0.103051
0.103459
0.104018
0.104677
0.105384
0.106087
0.106735
0.107273
0.107648
0.107807
0.107696
0.107267
0.106473
0.105274
0.103634
0.101529
0.0989401
0.0958615
0.0922968
0.0882603
0.0837774
0.0788821
0.0736181
0.0680337
0.0621857
0.0561272
0.0499215
0.0436098
0.0372441
0.104396
0.104654
0.105141
0.105812
0.106615
0.107495
0.108401
0.109276
0.110066
0.110713
0.111159
0.111347
0.111221
0.110727
0.109817
0.108447
0.106581
0.104193
0.101266
0.097796
0.0937897
0.0892665
0.084257
0.0788027
0.0729536
0.0667675
0.0603059
0.0536342
0.0468118
0.0398917
0.105886
0.106184
0.106749
0.107533
0.108482
0.109541
0.110654
0.111766
0.112819
0.113753
0.114506
0.115017
0.115224
0.115066
0.114486
0.113431
0.111855
0.109721
0.107001
0.103679
0.0997546
0.0952373
0.0901528
0.0845378
0.0784428
0.0719248
0.0650536
0.0578951
0.0505309
0.0430129
0.107299
0.107638
0.108281
0.109179
0.110276
0.111514
0.112839
0.114194
0.11552
0.116754
0.117833
0.118691
0.11926
0.119473
0.119265
0.118573
0.11734
0.115516
0.113064
0.109952
0.10617
0.101715
0.0966049
0.0908692
0.084557
0.0777216
0.0704412
0.0627797
0.0548444
0.0466848
0.108635
0.109014
0.109734
0.110746
0.11199
0.11341
0.11495
0.116553
0.118159
0.119705
0.121125
0.12235
0.123309
0.123927
0.124132
0.123851
0.123017
0.121567
0.119448
0.116616
0.113046
0.10872
0.103647
0.0978426
0.0913538
0.0842264
0.0765462
0.0683721
0.0598406
0.050996
0.109893
0.11031
0.111108
0.112232
0.113623
0.115223
0.116979
0.118832
0.120724
0.122591
0.124367
0.125978
0.127351
0.128407
0.129065
0.129244
0.128866
0.127854
0.126141
0.123666
0.120387
0.11627
0.111308
0.105502
0.098892
0.0915111
0.0834524
0.0747648
0.0656189
0.0560488
0.11107
0.111526
0.112399
0.113633
0.115169
0.116949
0.11892
0.121025
0.123207
0.125401
0.127542
0.129556
0.131365
0.132888
0.134038
0.134725
0.134861
0.134354
0.133123
0.13109
0.128192
0.124375
0.119614
0.11389
0.10723
0.0996506
0.0912486
0.0820577
0.0722876
0.0619572
0.112168
0.112661
0.113607
0.11495
0.116627
0.118584
0.120768
0.123124
0.125596
0.128122
0.130635
0.133064
0.13533
0.137346
0.139024
0.140264
0.14097
0.141037
0.140368
0.138866
0.136448
0.133036
0.128583
0.123042
0.116425
0.108722
0.10003
0.0903588
0.0799626
0.0688417
0.113187
0.113715
0.114733
0.11618
0.117995
0.120125
0.122518
0.125122
0.127883
0.130741
0.133632
0.136485
0.139221
0.141754
0.143991
0.145827
0.147157
0.147866
0.147842
0.146966
0.145137
0.142246
0.138223
0.132987
0.12653
0.118804
0.109906
0.0997999
0.0887868
0.0768416
0.114126
0.114689
0.115775
0.117323
0.119272
0.121569
0.124166
0.127013
0.13006
0.133248
0.136518
0.1398
0.143018
0.146086
0.148908
0.151378
0.153385
0.154801
0.155503
0.155354
0.154228
0.151989
0.148539
0.143753
0.137599
0.129983
0.120995
0.110547
0.0989715
0.0861803
0.114988
0.115582
0.116735
0.118379
0.120456
0.122914
0.125709
0.128794
0.132119
0.135634
0.139281
0.142993
0.1467
0.150315
0.153745
0.156882
0.159611
0.161797
0.163306
0.163983
0.163683
0.162237
0.159518
0.155352
0.149676
0.142324
0.13339
0.122712
0.110702
0.0971378
0.115772
0.116397
0.117612
0.119348
0.121547
0.12416
0.127145
0.130459
0.134056
0.13789
0.141908
0.146048
0.150244
0.154414
0.158466
0.162295
0.165783
0.168793
0.171179
0.172774
0.173414
0.1729
0.171073
0.167707
0.162695
0.155776
0.14702
0.136129
0.123712
0.109483
0.116481
0.117134
0.118408
0.120229
0.122543
0.125303
0.128469
0.132001
0.135859
0.14
0.144378
0.148938
0.153616
0.158337
0.163015
0.167547
0.171816
0.175683
0.178999
0.181584
0.183257
0.183797
0.183007
0.180614
0.176456
0.170173
0.161752
0.150634
0.137486
0.121971
0.117117
0.117795
0.119124
0.121022
0.123441
0.126336
0.12967
0.133405
0.137508
0.14194
0.146662
0.151625
0.156772
0.162036
0.167338
0.172581
0.177653
0.182419
0.186729
0.190401
0.193245
0.19502
0.195507
0.194395
0.191476
0.186309
0.178834
0.168185
0.154886
0.136277
0.022778
0.0226875
0.0225969
0.0225063
0.0224156
0.0223248
0.022234
0.022143
0.022052
0.0227922
0.0227014
0.0226106
0.0225198
0.0224288
0.0223377
0.0222465
0.0221552
0.0220637
0.0228171
0.0227251
0.0226331
0.0225411
0.0224489
0.0223566
0.0222642
0.0221716
0.0220789
0.0228536
0.0227596
0.0226657
0.0225719
0.0224779
0.0223838
0.0222894
0.022195
0.0221004
0.0228987
0.0228019
0.0227053
0.022609
0.0225125
0.0224158
0.0223189
0.0222218
0.0221246
0.0229517
0.0228513
0.0227515
0.0226519
0.0225523
0.0224523
0.0223522
0.0222519
0.0221514
0.0230105
0.0229058
0.0228019
0.0226985
0.022595
0.0224912
0.0223872
0.022283
0.0221786
0.0230737
0.0229639
0.0228553
0.0227475
0.0226395
0.0225312
0.0224226
0.0223139
0.022205
0.0231395
0.0230238
0.0229099
0.022797
0.0226839
0.0225704
0.0224567
0.0223427
0.0222287
0.0232064
0.023084
0.0229641
0.0228455
0.0227267
0.0226074
0.0224878
0.022368
0.0222481
0.0232727
0.0231428
0.0230163
0.0228914
0.0227661
0.0226403
0.0225142
0.022388
0.0222616
0.0221351
0.0233371
0.0231988
0.023065
0.022933
0.0228007
0.0226677
0.0225344
0.022401
0.0222674
0.0221337
0.0233981
0.0232505
0.0231086
0.022969
0.0228289
0.022688
0.0225468
0.0224055
0.022264
0.0221224
0.0234544
0.0232965
0.0231459
0.022998
0.0228494
0.0226998
0.0225499
0.0223999
0.0222498
0.0220996
0.0235049
0.0233357
0.0231756
0.0230186
0.0228607
0.0227016
0.0225422
0.0223828
0.0222233
0.0220636
0.0235485
0.0233669
0.0231965
0.0230296
0.0228616
0.0226923
0.0225225
0.0223528
0.022183
0.0220131
0.0235845
0.0233892
0.0232076
0.0230301
0.0228511
0.0226706
0.0224896
0.0223087
0.0221277
0.0219466
0.0236121
0.023402
0.0232083
0.0230192
0.0228283
0.0226356
0.0224424
0.0222493
0.0220562
0.021863
0.0236309
0.0234046
0.0231977
0.0229962
0.0227923
0.0225863
0.0223799
0.0221736
0.0219673
0.021761
0.0236407
0.0233966
0.0231756
0.0229606
0.0227427
0.0225222
0.0223014
0.0220808
0.0218602
0.0216395
0.0236415
0.0233781
0.0231417
0.022912
0.0226788
0.0224428
0.0222063
0.0219701
0.021734
0.0214978
0.0236336
0.0233492
0.023096
0.0228504
0.0226007
0.0223476
0.0220941
0.0218411
0.0215881
0.0213351
0.0236176
0.0233102
0.0230389
0.0227761
0.0225083
0.0222367
0.0219648
0.0216933
0.0214221
0.0211508
0.0235945
0.023262
0.0229708
0.0226893
0.0224019
0.0221102
0.0218181
0.0215267
0.0212356
0.0209444
0.0235654
0.0232056
0.0228928
0.0225908
0.0222821
0.0219685
0.0216545
0.0213414
0.0210286
0.0207157
0.0235322
0.0231424
0.022806
0.0224817
0.0221497
0.0218121
0.0214743
0.0211375
0.0208011
0.0204646
0.0234967
0.0230743
0.022712
0.0223633
0.0220058
0.0216422
0.0212783
0.0209156
0.0205535
0.0201913
0.0234618
0.0230036
0.0226129
0.0222374
0.0218521
0.0214599
0.0210675
0.0206766
0.0202864
0.0198962
0.0234303
0.0229329
0.0225109
0.0221061
0.0216903
0.0212668
0.0208433
0.0204215
0.0200006
0.0195797
0.0234059
0.0228657
0.0224091
0.0219721
0.0215227
0.021065
0.0206073
0.0201518
0.0196972
0.0192427
0.0233931
0.0228058
0.0223109
0.0218383
0.0213522
0.0208568
0.0203616
0.019869
0.0193775
0.0188863
0.0233968
0.0227577
0.0222204
0.0217084
0.0211818
0.0206451
0.0201088
0.0195753
0.0190433
0.0185117
0.0234228
0.0227269
0.0221423
0.0215867
0.0210156
0.0204333
0.0198516
0.0192732
0.0186967
0.0181208
0.0234781
0.0227194
0.0220822
0.0214782
0.0208578
0.0202254
0.0195936
0.0189657
0.0183401
0.0177154
0.0235705
0.0227426
0.0220465
0.0213887
0.0207139
0.0200259
0.0193388
0.0186564
0.0179766
0.017298
0.0237092
0.0228047
0.0220426
0.0213248
0.0205897
0.0198404
0.0190921
0.0183492
0.0176096
0.0168716
0.0239047
0.0229155
0.0220793
0.0212945
0.0204925
0.0196751
0.018859
0.018049
0.0172431
0.0164394
0.0241695
0.0230863
0.0221665
0.0213067
0.0204303
0.0195374
0.0186459
0.0177616
0.0168821
0.0160055
0.0245177
0.0233301
0.022316
0.0213721
0.0204128
0.0194359
0.0184605
0.0174934
0.0165322
0.0155747
0.0249658
0.0236621
0.0225414
0.0215028
0.0204511
0.0193806
0.0183117
0.0172522
0.0162
0.0151525
0.0255333
0.0241001
0.0228584
0.0217131
0.0205582
0.0193832
0.0182097
0.0170472
0.0158934
0.0147455
0.0262424
0.0246648
0.0232855
0.0220198
0.0207492
0.0194573
0.0181668
0.0168889
0.0156215
0.0143616
0.0131082
0.0271193
0.0253802
0.0238442
0.0224422
0.0210419
0.0196191
0.0181973
0.0167899
0.0153953
0.01401
0.0126328
0.0281946
0.0262748
0.0245598
0.0230031
0.0214572
0.0198873
0.018318
0.016765
0.0152276
0.0137017
0.0121857
0.0295038
0.0273815
0.0254618
0.0237294
0.0220194
0.0202843
0.0185487
0.0168318
0.0151337
0.0134497
0.0117779
0.0310886
0.0287393
0.0265849
0.0246524
0.0227574
0.0208361
0.0189129
0.0170109
0.0151316
0.0132696
0.0114225
0.0329975
0.0303935
0.0279697
0.0258091
0.0237052
0.0215736
0.0194382
0.017327
0.015243
0.0131802
0.0111353
0.0352875
0.0323974
0.029664
0.0272428
0.0249026
0.0225334
0.0201576
0.0178093
0.0154936
0.0132035
0.0109351
0.0380247
0.0348136
0.031724
0.0290047
0.0263969
0.0237586
0.0211101
0.0184925
0.015914
0.0133664
0.0108448
0.0412861
0.0377148
0.0342154
0.031155
0.0282439
0.0253006
0.022342
0.0194183
0.0165411
0.0137011
0.0108921
0.0451609
0.0411858
0.037215
0.0337644
0.0305092
0.0272198
0.0239083
0.020636
0.0174189
0.0142463
0.0111102
0.049753
0.0453257
0.0408131
0.036916
0.0332703
0.0295878
0.0258744
0.0222048
0.0186003
0.0150487
0.01154
0.0551818
0.0502502
0.0451161
0.0407084
0.0366193
0.0324897
0.0283181
0.0241951
0.0201487
0.0161646
0.0122303
0.0615775
0.0560881
0.0502452
0.0452568
0.0406654
0.0360275
0.0313329
0.0266924
0.0221418
0.0176636
0.013243
0.069074
0.0629668
0.0563243
0.0506847
0.0455294
0.0403151
0.0350251
0.0297949
0.0246687
0.019625
0.0146462
0.0778468
0.0710334
0.0634895
0.0571271
0.0513418
0.0454774
0.0395164
0.0336231
0.0278475
0.0221622
0.0165481
0.0881849
0.0805621
0.0719896
0.0647953
0.0582689
0.0516426
0.0449104
0.0382631
0.0317467
0.025325
0.0189792
0.100219
0.0918754
0.0822721
0.0741582
0.0667357
0.0591901
0.0515654
0.0440632
0.0367066
0.0294499
0.0222792
0.112792
0.104109
0.0940083
0.0851785
0.0767496
0.0681142
0.0594458
0.050918
0.042523
0.0342306
0.0260455
0.123765
0.115193
0.106153
0.0974183
0.0883776
0.0790408
0.0696502
0.0602774
0.0509194
0.0415983
0.0323469
)
;

boundaryField
{
    inlet
    {
        type            zeroGradient;
    }
    outlet
    {
        type            fixedValue;
        value           nonuniform 0();
    }
    cylinder
    {
        type            zeroGradient;
    }
    top
    {
        type            symmetryPlane;
    }
    bottom
    {
        type            symmetryPlane;
    }
    defaultFaces
    {
        type            empty;
    }
    procBoundary0to1
    {
        type            processor;
        value           nonuniform List<scalar> 
261
(
-0.032454
-0.032454
-0.0313727
-0.0313727
-0.0298223
-0.0298223
-0.0273392
-0.0273392
-0.0248252
-0.0106886
-0.0106886
-0.00724437
-0.00724437
-0.00372789
0.0123309
0.0123309
0.0168193
0.0339145
0.0339145
0.0393803
0.0393803
0.0447912
0.0639578
0.0639578
0.0703343
0.0905377
0.0905377
0.0978873
0.119083
0.140128
0.140128
0.149549
0.171441
0.171441
0.181929
0.204544
0.226817
0.226817
0.239475
0.262206
0.284466
0.284466
0.299368
0.321735
0.343492
0.364601
0.364601
0.38219
0.402862
0.422748
0.44181
0.460015
0.460015
0.479137
0.496188
0.512254
0.527306
0.541318
0.554264
0.566121
0.57687
0.586491
0.586491
0.601841
0.609359
0.615675
0.620779
0.624665
0.627326
0.628762
0.628971
0.627956
0.625722
0.622277
0.61763
0.604752
0.604752
0.597941
0.590002
0.580955
0.57082
0.559619
0.547378
0.534124
0.519885
0.502088
0.502088
0.4866
0.470256
0.453088
0.435134
0.417907
0.417907
0.399402
0.380248
0.364477
0.364477
0.345208
0.325428
0.305175
0.291697
0.291697
0.271776
0.25151
0.239892
0.239892
0.220226
0.209571
0.209571
0.190631
0.180908
0.180908
0.162781
0.144561
0.136748
0.136748
0.128934
0.128934
0.112585
0.105741
0.105741
0.0903179
0.0844363
0.0844363
0.0699515
0.0650277
0.0650277
0.0602402
0.0602402
0.0556049
0.0556049
0.0436321
0.0398518
0.0398518
0.0369108
0.0369108
0.0345033
0.0345033
-0.0437909
-0.0474577
-0.0489037
-0.0499321
-0.0502438
-0.0501141
-0.0495776
-0.0487265
-0.0476189
-0.0463067
-0.0448305
-0.0432243
-0.0415166
-0.0397314
-0.0378894
-0.0360082
-0.0341037
-0.0321894
-0.0302776
-0.0283791
-0.0265033
-0.0246589
-0.022853
-0.0210923
-0.0193822
-0.0177274
-0.016132
-0.014599
-0.013131
-0.0117297
-0.0103964
-0.00913184
-0.00793612
-0.00680901
-0.00574982
-0.0044871
-0.0044871
-0.0035818
-0.00273843
-0.00195531
-0.00123055
-0.000562059
5.2399e-05
0.000615175
0.00112871
0.00159548
0.00201803
0.00239887
0.0027405
0.00304537
0.00331585
0.00355422
0.0037626
0.00394305
0.00409727
0.00422704
0.00433336
0.0044178
0.00448011
0.00452213
0.00454071
0.0219609
0.0219722
0.0219861
0.0220056
0.0220272
0.0220508
0.0220741
0.0220959
0.0221145
0.0221281
0.0221281
0.0220084
0.0219999
0.0219808
0.0219493
0.0219039
0.0218431
0.0217655
0.0216697
0.0215545
0.0214188
0.0212615
0.021082
0.0208793
0.020653
0.0204027
0.0201281
0.0198291
0.0195059
0.0191588
0.0187884
0.0183953
0.0179805
0.0175454
0.0170915
0.0166206
0.0161351
0.0156376
0.0151314
0.0146204
0.0141091
0.0136029
0.0136029
0.0118617
0.0112639
0.0106799
0.0101185
0.00959028
0.0091083
0.00868813
0.00834878
0.00811334
0.00800995
0.00807334
0.00834511
0.00887912
0.00973255
0.0110074
0.0127155
0.0152026
0.0179791
0.0231865
)
;
    }
}


// ************************************************************************* //
