/*--------------------------------*- C++ -*----------------------------------*\
  =========                 |
  \\      /  F ield         | OpenFOAM: The Open Source CFD Toolbox
   \\    /   O peration     | Website:  https://openfoam.org
    \\  /    A nd           | Version:  7
     \\/     M anipulation  |
\*---------------------------------------------------------------------------*/
FoamFile
{
    version     2.0;
    format      ascii;
    class       volScalarField;
    location    "5";
    object      p;
}
// * * * * * * * * * * * * * * * * * * * * * * * * * * * * * * * * * * * * * //

dimensions      [0 2 -2 0 0 0 0];

internalField   nonuniform List<scalar> 
8500
(
-0.325313
-0.329389
-0.331697
-0.333699
-0.335634
-0.337624
-0.339823
-0.342339
-0.34525
-0.348614
-0.352469
-0.356843
-0.361757
-0.367224
-0.373255
-0.379855
-0.387027
-0.394765
-0.403024
-0.411848
-0.3256
-0.329635
-0.331923
-0.333911
-0.335837
-0.33782
-0.340014
-0.342526
-0.345435
-0.348797
-0.352652
-0.357027
-0.361942
-0.367412
-0.373447
-0.380052
-0.387232
-0.394981
-0.403248
-0.412077
-0.32617
-0.330122
-0.332371
-0.334333
-0.336238
-0.338207
-0.34039
-0.342895
-0.3458
-0.349159
-0.353012
-0.357388
-0.362307
-0.367782
-0.373825
-0.38044
-0.387633
-0.395404
-0.403683
-0.412522
-0.327013
-0.330841
-0.333033
-0.334954
-0.33683
-0.338777
-0.340945
-0.343439
-0.346336
-0.34969
-0.353541
-0.357918
-0.36284
-0.368321
-0.374373
-0.381002
-0.388215
-0.396015
-0.404311
-0.413159
-0.328113
-0.331781
-0.333898
-0.335765
-0.337601
-0.33952
-0.341667
-0.344145
-0.34703
-0.350377
-0.354224
-0.3586
-0.363524
-0.369011
-0.375074
-0.381716
-0.388951
-0.396786
-0.405102
-0.413955
-0.329453
-0.332925
-0.334949
-0.336751
-0.338537
-0.34042
-0.34254
-0.344997
-0.347866
-0.351202
-0.355042
-0.359414
-0.364338
-0.369829
-0.3759
-0.382556
-0.389811
-0.397683
-0.406017
-0.414865
-0.331009
-0.334255
-0.33617
-0.337894
-0.339621
-0.34146
-0.343546
-0.345977
-0.348825
-0.352145
-0.355972
-0.360336
-0.365256
-0.370748
-0.376822
-0.383487
-0.390758
-0.398664
-0.407014
-0.415841
-0.332756
-0.335747
-0.337539
-0.339174
-0.340833
-0.34262
-0.344665
-0.347063
-0.349885
-0.353182
-0.356991
-0.361341
-0.36625
-0.371735
-0.377807
-0.384473
-0.391753
-0.399684
-0.408044
-0.416826
-0.334666
-0.337379
-0.339035
-0.34057
-0.342151
-0.343879
-0.345875
-0.348233
-0.35102
-0.354288
-0.358072
-0.362399
-0.36729
-0.372758
-0.378818
-0.385476
-0.392751
-0.400697
-0.409056
-0.417765
-0.33671
-0.339126
-0.340634
-0.34206
-0.343554
-0.345214
-0.347154
-0.349463
-0.352207
-0.355436
-0.359185
-0.363481
-0.368342
-0.373783
-0.379818
-0.386453
-0.39371
-0.401653
-0.410001
-0.418601
-0.338856
-0.340961
-0.342313
-0.34362
-0.345019
-0.346602
-0.348476
-0.350728
-0.35342
-0.3566
-0.360303
-0.364555
-0.369374
-0.374775
-0.38077
-0.387367
-0.394585
-0.402506
-0.410827
-0.41928
-0.341073
-0.342859
-0.344046
-0.345228
-0.346524
-0.348021
-0.349821
-0.352005
-0.354633
-0.357753
-0.361398
-0.365593
-0.370355
-0.375699
-0.381638
-0.388178
-0.395337
-0.403211
-0.411491
-0.419751
-0.343332
-0.344793
-0.345812
-0.346861
-0.348046
-0.349449
-0.351165
-0.35327
-0.355824
-0.358871
-0.362443
-0.366565
-0.371255
-0.376525
-0.382388
-0.38885
-0.395927
-0.403728
-0.41195
-0.41997
-0.345603
-0.346741
-0.347587
-0.348499
-0.349566
-0.350867
-0.352489
-0.354504
-0.356969
-0.359929
-0.363413
-0.367447
-0.372045
-0.377222
-0.382989
-0.389352
-0.396322
-0.40402
-0.412171
-0.419892
-0.347858
-0.348679
-0.349352
-0.350123
-0.351066
-0.352256
-0.353773
-0.355686
-0.35805
-0.360906
-0.364287
-0.368214
-0.372703
-0.377766
-0.383415
-0.389656
-0.396495
-0.404062
-0.412131
-0.419454
-0.350072
-0.350586
-0.351088
-0.351715
-0.352529
-0.3536
-0.355002
-0.356801
-0.359048
-0.361786
-0.365045
-0.368847
-0.373206
-0.378136
-0.383645
-0.38974
-0.396424
-0.403832
-0.411815
-0.418616
-0.352222
-0.352444
-0.352778
-0.353261
-0.353941
-0.354886
-0.356163
-0.357835
-0.359951
-0.362554
-0.365673
-0.36933
-0.37354
-0.378314
-0.383662
-0.389589
-0.396095
-0.40331
-0.411124
-0.417791
-0.354289
-0.354238
-0.35441
-0.354749
-0.355292
-0.356104
-0.357246
-0.358778
-0.360749
-0.3632
-0.366161
-0.369654
-0.373694
-0.378292
-0.383457
-0.389194
-0.395501
-0.402503
-0.410124
-0.416558
-0.356257
-0.355955
-0.355973
-0.35617
-0.356574
-0.357247
-0.358244
-0.359623
-0.361434
-0.363716
-0.366501
-0.369811
-0.373661
-0.378063
-0.383024
-0.388552
-0.394641
-0.401408
-0.408831
-0.414957
-0.358113
-0.357585
-0.357457
-0.357516
-0.357781
-0.358309
-0.359153
-0.360368
-0.362004
-0.364102
-0.366693
-0.369801
-0.373442
-0.377629
-0.382368
-0.387667
-0.39352
-0.400035
-0.407249
-0.41305
-0.359847
-0.359121
-0.358859
-0.358785
-0.35891
-0.359289
-0.359971
-0.361012
-0.36246
-0.364357
-0.366738
-0.369627
-0.373042
-0.376995
-0.381495
-0.386549
-0.392151
-0.398399
-0.405394
-0.410868
-0.361454
-0.360559
-0.360175
-0.359973
-0.35996
-0.360187
-0.360702
-0.361558
-0.362805
-0.364489
-0.366644
-0.369298
-0.372471
-0.376175
-0.380421
-0.385217
-0.390556
-0.396523
-0.403292
-0.408438
-0.362932
-0.361898
-0.361405
-0.361083
-0.360934
-0.361008
-0.361349
-0.362012
-0.363048
-0.364505
-0.366421
-0.368826
-0.371743
-0.375186
-0.379166
-0.383693
-0.38876
-0.394439
-0.400974
-0.405791
-0.364283
-0.363141
-0.362551
-0.362118
-0.361836
-0.361755
-0.361919
-0.362381
-0.363198
-0.364418
-0.366084
-0.368229
-0.370878
-0.374049
-0.377754
-0.382004
-0.386794
-0.392178
-0.398477
-0.402956
-0.36551
-0.36429
-0.363619
-0.363082
-0.362672
-0.362436
-0.36242
-0.362678
-0.363268
-0.364243
-0.36565
-0.367525
-0.369899
-0.372791
-0.376216
-0.380184
-0.384694
-0.38978
-0.395842
-0.399959
-0.366622
-0.365354
-0.364615
-0.363982
-0.363448
-0.36306
-0.362862
-0.362912
-0.363271
-0.363995
-0.365137
-0.366739
-0.368832
-0.371441
-0.374583
-0.378268
-0.382497
-0.387282
-0.393112
-0.396825
-0.367629
-0.36634
-0.365546
-0.364827
-0.364175
-0.363637
-0.363257
-0.363098
-0.363223
-0.363694
-0.364569
-0.365893
-0.367705
-0.370031
-0.37289
-0.376294
-0.380245
-0.384728
-0.390331
-0.393572
-0.368545
-0.367261
-0.366425
-0.365627
-0.364862
-0.364177
-0.363618
-0.36325
-0.363141
-0.363359
-0.363966
-0.365014
-0.366546
-0.368592
-0.371173
-0.374302
-0.377978
-0.382158
-0.387544
-0.39022
-0.369384
-0.368129
-0.367261
-0.366393
-0.365521
-0.364692
-0.363957
-0.363383
-0.363043
-0.36301
-0.363353
-0.364129
-0.365385
-0.367158
-0.369468
-0.372328
-0.375738
-0.379612
-0.384792
-0.386786
-0.370166
-0.368958
-0.368068
-0.367137
-0.366163
-0.365196
-0.364288
-0.363512
-0.362946
-0.362668
-0.362752
-0.363262
-0.364252
-0.36576
-0.367809
-0.370411
-0.373561
-0.377128
-0.382114
-0.383291
-0.370909
-0.369765
-0.368861
-0.367873
-0.366802
-0.365701
-0.364626
-0.363654
-0.362867
-0.362352
-0.362186
-0.362441
-0.363174
-0.364428
-0.366228
-0.368582
-0.371483
-0.374741
-0.379542
-0.379761
-0.371635
-0.370566
-0.369654
-0.368613
-0.367451
-0.366221
-0.364985
-0.363824
-0.362826
-0.362081
-0.361677
-0.361687
-0.362177
-0.36319
-0.364754
-0.366873
-0.369532
-0.372479
-0.377099
-0.376235
-0.372365
-0.371379
-0.370463
-0.369373
-0.368123
-0.366769
-0.365379
-0.364037
-0.362838
-0.361877
-0.361245
-0.361025
-0.361284
-0.362072
-0.363412
-0.365307
-0.367732
-0.370369
-0.374797
-0.372756
-0.373123
-0.372222
-0.371304
-0.370167
-0.368833
-0.367361
-0.365824
-0.36431
-0.36292
-0.361754
-0.36091
-0.360474
-0.360518
-0.361093
-0.362223
-0.363905
-0.3661
-0.368434
-0.372634
-0.369386
-0.373932
-0.373115
-0.372193
-0.37101
-0.369595
-0.36801
-0.366333
-0.364657
-0.363088
-0.361732
-0.360689
-0.360052
-0.359896
-0.360272
-0.361204
-0.362683
-0.364646
-0.366692
-0.370599
-0.366203
-0.374814
-0.374074
-0.373147
-0.371917
-0.370423
-0.36873
-0.36692
-0.365093
-0.363357
-0.361823
-0.360597
-0.359774
-0.359431
-0.359622
-0.360365
-0.361649
-0.363377
-0.365162
-0.368667
-0.363307
-0.375792
-0.375119
-0.374181
-0.372904
-0.37133
-0.369533
-0.367598
-0.365629
-0.363739
-0.362042
-0.360647
-0.359652
-0.359136
-0.359152
-0.359716
-0.360811
-0.362295
-0.363862
-0.366775
-0.360727
-0.376887
-0.376266
-0.375311
-0.373982
-0.372331
-0.370433
-0.368379
-0.366278
-0.364245
-0.362398
-0.360847
-0.359693
-0.359015
-0.358866
-0.359257
-0.360172
-0.361412
-0.362829
-0.364823
-0.358352
-0.378118
-0.377531
-0.376551
-0.375166
-0.373436
-0.37144
-0.369275
-0.36705
-0.364885
-0.362899
-0.361206
-0.359904
-0.359074
-0.358766
-0.358989
-0.359729
-0.360749
-0.362147
-0.362931
-0.356733
-0.379503
-0.378929
-0.377915
-0.376468
-0.374657
-0.372565
-0.370293
-0.367953
-0.365666
-0.363552
-0.361726
-0.360285
-0.359309
-0.358845
-0.358901
-0.359472
-0.360302
-0.361835
-0.361748
-0.35947
-0.381057
-0.380472
-0.379413
-0.377898
-0.376003
-0.373817
-0.371441
-0.368993
-0.366592
-0.36436
-0.362408
-0.360836
-0.359717
-0.359097
-0.358979
-0.359371
-0.360013
-0.361651
-0.361527
-0.370823
-0.382794
-0.382174
-0.381057
-0.379466
-0.377484
-0.375202
-0.372726
-0.370174
-0.367666
-0.365322
-0.363252
-0.361551
-0.36029
-0.359508
-0.359204
-0.359394
-0.359815
-0.361396
-0.361012
-0.371465
-0.384723
-0.384043
-0.382854
-0.38118
-0.379104
-0.376726
-0.374152
-0.371499
-0.368889
-0.366438
-0.364253
-0.362425
-0.361017
-0.360063
-0.359555
-0.359507
-0.359655
-0.360957
-0.360144
-0.369476
-0.386854
-0.386087
-0.384814
-0.383045
-0.380871
-0.378393
-0.375721
-0.37297
-0.37026
-0.367705
-0.365406
-0.363448
-0.361886
-0.360746
-0.360009
-0.359683
-0.359499
-0.360353
-0.359064
-0.366792
-0.389193
-0.388313
-0.38694
-0.385068
-0.382788
-0.380207
-0.377435
-0.374586
-0.371777
-0.369118
-0.366704
-0.36461
-0.362884
-0.36154
-0.360546
-0.359896
-0.359323
-0.359608
-0.357795
-0.363668
-0.391744
-0.390724
-0.389239
-0.387252
-0.384859
-0.38217
-0.379295
-0.376347
-0.373439
-0.370673
-0.368139
-0.365902
-0.363997
-0.362426
-0.361143
-0.360125
-0.359105
-0.358738
-0.356356
-0.360332
-0.393325
-0.391714
-0.389601
-0.387086
-0.384284
-0.381302
-0.378252
-0.375241
-0.372365
-0.369704
-0.367312
-0.365211
-0.363386
-0.361781
-0.36035
-0.358832
-0.357755
-0.354775
-0.356938
-0.394367
-0.392117
-0.389472
-0.386549
-0.383456
-0.380299
-0.377181
-0.374189
-0.371392
-0.36883
-0.36651
-0.364404
-0.362438
-0.360552
-0.358491
-0.356673
-0.353075
-0.353574
-0.394802
-0.392018
-0.388968
-0.385757
-0.382489
-0.379257
-0.37614
-0.373194
-0.370444
-0.367881
-0.365461
-0.363098
-0.360717
-0.358076
-0.355502
-0.351277
-0.35028
-0.397659
-0.394727
-0.391541
-0.388206
-0.384819
-0.381466
-0.378214
-0.375103
-0.372143
-0.369309
-0.366541
-0.363743
-0.36083
-0.35758
-0.354249
-0.349399
-0.347076
-0.397599
-0.394271
-0.390805
-0.387292
-0.383808
-0.380406
-0.377111
-0.373917
-0.37078
-0.367627
-0.364357
-0.36088
-0.356998
-0.352919
-0.347452
-0.343963
-0.39716
-0.393555
-0.389907
-0.386279
-0.382712
-0.379211
-0.375753
-0.372278
-0.368704
-0.364925
-0.360856
-0.356327
-0.351515
-0.345445
-0.340935
-0.396458
-0.392664
-0.388879
-0.385126
-0.381394
-0.377639
-0.37379
-0.369756
-0.365434
-0.360749
-0.355564
-0.350041
-0.343385
-0.337979
-0.395564
-0.391606
-0.387644
-0.38365
-0.379563
-0.3753
-0.370767
-0.365871
-0.360552
-0.354708
-0.348496
-0.341274
-0.335082
-0.394455
-0.390259
-0.385969
-0.38151
-0.376792
-0.371723
-0.366225
-0.360257
-0.353756
-0.34688
-0.339115
-0.332228
-0.392961
-0.388338
-0.383466
-0.378251
-0.372611
-0.366485
-0.359859
-0.352706
-0.345194
-0.336908
-0.329402
-0.390744
-0.385416
-0.379663
-0.373416
-0.366641
-0.359352
-0.351558
-0.343435
-0.33465
-0.326589
-0.387341
-0.381009
-0.374126
-0.366686
-0.358733
-0.35031
-0.341601
-0.332341
-0.323776
-0.374729
-0.366611
-0.357997
-0.34896
-0.33969
-0.329977
-0.32095
-0.36641
-0.35714
-0.347506
-0.3377
-0.327555
-0.318101
-0.35616
-0.345946
-0.335627
-0.325069
-0.315217
-0.333467
-0.322515
-0.312288
-0.319887
-0.309306
-0.319889
-0.309308
-0.333469
-0.322517
-0.31229
-0.356162
-0.345948
-0.335629
-0.325071
-0.315219
-0.366412
-0.357143
-0.347508
-0.337702
-0.327557
-0.318103
-0.382277
-0.374731
-0.366614
-0.357999
-0.348962
-0.339693
-0.32998
-0.320952
-0.387343
-0.381011
-0.374128
-0.366688
-0.358735
-0.350312
-0.341603
-0.332344
-0.323778
-0.390747
-0.385418
-0.379665
-0.373418
-0.366644
-0.359355
-0.351561
-0.343437
-0.334653
-0.326591
-0.392963
-0.388341
-0.383469
-0.378254
-0.372613
-0.366487
-0.359861
-0.352709
-0.345196
-0.33691
-0.329404
-0.394458
-0.390261
-0.385971
-0.381512
-0.376794
-0.371726
-0.366227
-0.360259
-0.353758
-0.346883
-0.339117
-0.33223
-0.395567
-0.391608
-0.387647
-0.383652
-0.379565
-0.375302
-0.370769
-0.365874
-0.360554
-0.35471
-0.348498
-0.341276
-0.335084
-0.396461
-0.392667
-0.388882
-0.385128
-0.381396
-0.377642
-0.373793
-0.369758
-0.365437
-0.360751
-0.355567
-0.350043
-0.343387
-0.337982
-0.397163
-0.393558
-0.389909
-0.386282
-0.382714
-0.379214
-0.375755
-0.372281
-0.368707
-0.364928
-0.360858
-0.356329
-0.351517
-0.345447
-0.340937
-0.397602
-0.394274
-0.390808
-0.387294
-0.38381
-0.380408
-0.377114
-0.373919
-0.370782
-0.36763
-0.364359
-0.360882
-0.357
-0.352921
-0.347454
-0.343965
-0.397662
-0.394729
-0.391544
-0.388209
-0.384822
-0.381469
-0.378216
-0.375105
-0.372146
-0.369311
-0.366543
-0.363745
-0.360832
-0.357582
-0.354251
-0.349401
-0.347078
-0.397203
-0.394805
-0.392021
-0.388971
-0.38576
-0.382491
-0.379259
-0.376143
-0.373196
-0.370446
-0.367883
-0.365463
-0.363101
-0.360719
-0.358078
-0.355504
-0.35128
-0.350282
-0.394369
-0.392119
-0.389475
-0.386552
-0.383458
-0.380302
-0.377183
-0.374191
-0.371394
-0.368832
-0.366512
-0.364406
-0.362441
-0.360554
-0.358494
-0.356676
-0.353077
-0.353576
-0.393328
-0.391716
-0.389603
-0.387089
-0.384286
-0.381305
-0.378254
-0.375243
-0.372368
-0.369707
-0.367315
-0.365213
-0.363389
-0.361783
-0.360352
-0.358834
-0.357758
-0.354777
-0.356941
-0.391747
-0.390727
-0.389242
-0.387254
-0.384862
-0.382173
-0.379298
-0.37635
-0.373441
-0.370675
-0.368141
-0.365904
-0.364
-0.362428
-0.361146
-0.360128
-0.359107
-0.35874
-0.356359
-0.360334
-0.389196
-0.388315
-0.386943
-0.38507
-0.382791
-0.38021
-0.377437
-0.374589
-0.37178
-0.36912
-0.366706
-0.364613
-0.362887
-0.361542
-0.360548
-0.359899
-0.359325
-0.359611
-0.357797
-0.36367
-0.386857
-0.38609
-0.384816
-0.383047
-0.380873
-0.378396
-0.375723
-0.372972
-0.370262
-0.367707
-0.365408
-0.36345
-0.361888
-0.360748
-0.360012
-0.359685
-0.359502
-0.360355
-0.359066
-0.366794
-0.384726
-0.384046
-0.382857
-0.381182
-0.379107
-0.376728
-0.374154
-0.371502
-0.368891
-0.36644
-0.364256
-0.362427
-0.361019
-0.360065
-0.359557
-0.359509
-0.359657
-0.360959
-0.360147
-0.369478
-0.382797
-0.382176
-0.381059
-0.379469
-0.377486
-0.375204
-0.372729
-0.370176
-0.367668
-0.365324
-0.363255
-0.361554
-0.360292
-0.35951
-0.359207
-0.359396
-0.359817
-0.361398
-0.361014
-0.371467
-0.38106
-0.380475
-0.379415
-0.377901
-0.376006
-0.373819
-0.371444
-0.368995
-0.366594
-0.364362
-0.362411
-0.360838
-0.359719
-0.359099
-0.358981
-0.359374
-0.360015
-0.361653
-0.36153
-0.370825
-0.379505
-0.378931
-0.377917
-0.376471
-0.374659
-0.372567
-0.370295
-0.367955
-0.365668
-0.363555
-0.361728
-0.360288
-0.359311
-0.358848
-0.358903
-0.359474
-0.360305
-0.361838
-0.361751
-0.359472
-0.37812
-0.377533
-0.376554
-0.375169
-0.373438
-0.371442
-0.369277
-0.367052
-0.364888
-0.362902
-0.361208
-0.359906
-0.359076
-0.358768
-0.358991
-0.359732
-0.360751
-0.36215
-0.362934
-0.356735
-0.376889
-0.376268
-0.375314
-0.373984
-0.372333
-0.370435
-0.368382
-0.366281
-0.364248
-0.3624
-0.36085
-0.359696
-0.359018
-0.358869
-0.35926
-0.360174
-0.361415
-0.362832
-0.364826
-0.358354
-0.375794
-0.375121
-0.374183
-0.372906
-0.371333
-0.369535
-0.3676
-0.365631
-0.363741
-0.362044
-0.360649
-0.359654
-0.359138
-0.359154
-0.359718
-0.360813
-0.362298
-0.363865
-0.366777
-0.360729
-0.374816
-0.374076
-0.373149
-0.37192
-0.370425
-0.368732
-0.366922
-0.365095
-0.363359
-0.361825
-0.3606
-0.359777
-0.359434
-0.359625
-0.360368
-0.361652
-0.36338
-0.365165
-0.36867
-0.363309
-0.373934
-0.373117
-0.372195
-0.371012
-0.369597
-0.368012
-0.366335
-0.36466
-0.363091
-0.361734
-0.360692
-0.360055
-0.359898
-0.360275
-0.361206
-0.362685
-0.364649
-0.366694
-0.370601
-0.366206
-0.373125
-0.372225
-0.371306
-0.370169
-0.368835
-0.367363
-0.365826
-0.364312
-0.362922
-0.361757
-0.360913
-0.360477
-0.360521
-0.361096
-0.362226
-0.363908
-0.366102
-0.368436
-0.372637
-0.369388
-0.372367
-0.371381
-0.370465
-0.369375
-0.368125
-0.366772
-0.365381
-0.364039
-0.36284
-0.361879
-0.361247
-0.361028
-0.361287
-0.362074
-0.363414
-0.36531
-0.367735
-0.370372
-0.3748
-0.372759
-0.371637
-0.370568
-0.369656
-0.368615
-0.367453
-0.366223
-0.364987
-0.363826
-0.362828
-0.362084
-0.361679
-0.36169
-0.362179
-0.363193
-0.364756
-0.366875
-0.369535
-0.372482
-0.377102
-0.376237
-0.370911
-0.369767
-0.368863
-0.367875
-0.366804
-0.365703
-0.364628
-0.363656
-0.36287
-0.362354
-0.362188
-0.362443
-0.363176
-0.36443
-0.36623
-0.368585
-0.371486
-0.374743
-0.379544
-0.379764
-0.370168
-0.368961
-0.368071
-0.36714
-0.366166
-0.365198
-0.36429
-0.363514
-0.362948
-0.36267
-0.362754
-0.363265
-0.364254
-0.365762
-0.367811
-0.370413
-0.373564
-0.377131
-0.382116
-0.383293
-0.369387
-0.368131
-0.367263
-0.366395
-0.365523
-0.364694
-0.363959
-0.363385
-0.363045
-0.363013
-0.363355
-0.364131
-0.365387
-0.36716
-0.36947
-0.372331
-0.37574
-0.379615
-0.384794
-0.386788
-0.368547
-0.367263
-0.366427
-0.36563
-0.364864
-0.364179
-0.36362
-0.363252
-0.363143
-0.363362
-0.363968
-0.365016
-0.366548
-0.368594
-0.371175
-0.374304
-0.377981
-0.38216
-0.387546
-0.390223
-0.367631
-0.366343
-0.365548
-0.36483
-0.364177
-0.363639
-0.363259
-0.3631
-0.363225
-0.363697
-0.364571
-0.365895
-0.367707
-0.370033
-0.372892
-0.376297
-0.380247
-0.384731
-0.390334
-0.393575
-0.366624
-0.365356
-0.364617
-0.363984
-0.36345
-0.363062
-0.362864
-0.362914
-0.363273
-0.363998
-0.36514
-0.366741
-0.368834
-0.371444
-0.374585
-0.378271
-0.382499
-0.387285
-0.393114
-0.396827
-0.365512
-0.364292
-0.363621
-0.363084
-0.362674
-0.362438
-0.362422
-0.36268
-0.36327
-0.364245
-0.365652
-0.367528
-0.369901
-0.372794
-0.376218
-0.380186
-0.384696
-0.389782
-0.395844
-0.399962
-0.364285
-0.363143
-0.362553
-0.36212
-0.361838
-0.361757
-0.36192
-0.362383
-0.3632
-0.36442
-0.366086
-0.368231
-0.37088
-0.374051
-0.377757
-0.382006
-0.386797
-0.392181
-0.398479
-0.402958
-0.362934
-0.3619
-0.361407
-0.361085
-0.360936
-0.36101
-0.361351
-0.362014
-0.36305
-0.364507
-0.366423
-0.368829
-0.371745
-0.375188
-0.379168
-0.383695
-0.388763
-0.394441
-0.400976
-0.405793
-0.361456
-0.360561
-0.360177
-0.359975
-0.359962
-0.360189
-0.360704
-0.36156
-0.362807
-0.364491
-0.366646
-0.3693
-0.372473
-0.376177
-0.380423
-0.385219
-0.390559
-0.396526
-0.403294
-0.40844
-0.359849
-0.359123
-0.358861
-0.358786
-0.358912
-0.359291
-0.359973
-0.361014
-0.362462
-0.364359
-0.36674
-0.369629
-0.373044
-0.376997
-0.381497
-0.386552
-0.392154
-0.398401
-0.405397
-0.41087
-0.358115
-0.357587
-0.357459
-0.357518
-0.357783
-0.358311
-0.359155
-0.36037
-0.362006
-0.364104
-0.366695
-0.369803
-0.373444
-0.377631
-0.38237
-0.387669
-0.393522
-0.400037
-0.407251
-0.413052
-0.356259
-0.355957
-0.355974
-0.356172
-0.356576
-0.357248
-0.358246
-0.359625
-0.361436
-0.363718
-0.366503
-0.369813
-0.373663
-0.378065
-0.383026
-0.388554
-0.394643
-0.40141
-0.408833
-0.414959
-0.354291
-0.35424
-0.354412
-0.354751
-0.355294
-0.356106
-0.357248
-0.358779
-0.360751
-0.363202
-0.366163
-0.369656
-0.373696
-0.378294
-0.383459
-0.389196
-0.395504
-0.402505
-0.410126
-0.41656
-0.352224
-0.352446
-0.35278
-0.353263
-0.353943
-0.354888
-0.356165
-0.357836
-0.359953
-0.362556
-0.365675
-0.369332
-0.373542
-0.378316
-0.383664
-0.389591
-0.396097
-0.403312
-0.411126
-0.417793
-0.350074
-0.350588
-0.35109
-0.351716
-0.35253
-0.353601
-0.355004
-0.356802
-0.35905
-0.361788
-0.365047
-0.368848
-0.373208
-0.378137
-0.383647
-0.389742
-0.396426
-0.403834
-0.411817
-0.418618
-0.34786
-0.34868
-0.349354
-0.350124
-0.351067
-0.352257
-0.353774
-0.355688
-0.358051
-0.360908
-0.364289
-0.368215
-0.372704
-0.377768
-0.383417
-0.389657
-0.396496
-0.404064
-0.412133
-0.419456
-0.345605
-0.346743
-0.347589
-0.348501
-0.349568
-0.350868
-0.35249
-0.354505
-0.356971
-0.35993
-0.363415
-0.367448
-0.372047
-0.377224
-0.382991
-0.389353
-0.396324
-0.404022
-0.412173
-0.419894
-0.343334
-0.344795
-0.345814
-0.346863
-0.348048
-0.349451
-0.351167
-0.353272
-0.355825
-0.358872
-0.362445
-0.366567
-0.371256
-0.376526
-0.38239
-0.388852
-0.395929
-0.403729
-0.411952
-0.419971
-0.341075
-0.34286
-0.344048
-0.345229
-0.346525
-0.348022
-0.349822
-0.352006
-0.354635
-0.357755
-0.3614
-0.365594
-0.370357
-0.375701
-0.38164
-0.388179
-0.395339
-0.403213
-0.411492
-0.419752
-0.338857
-0.340962
-0.342314
-0.343622
-0.345021
-0.346603
-0.348478
-0.350729
-0.353421
-0.356601
-0.360305
-0.364556
-0.369375
-0.374776
-0.380772
-0.387368
-0.394587
-0.402508
-0.410829
-0.419281
-0.336711
-0.339127
-0.340636
-0.342061
-0.343556
-0.345215
-0.347155
-0.349464
-0.352208
-0.355437
-0.359186
-0.363482
-0.368343
-0.373784
-0.37982
-0.386455
-0.393711
-0.401655
-0.410002
-0.418603
-0.334667
-0.337381
-0.339036
-0.340572
-0.342153
-0.34388
-0.345877
-0.348234
-0.351021
-0.354289
-0.358073
-0.3624
-0.367291
-0.372759
-0.378819
-0.385477
-0.392752
-0.400698
-0.409057
-0.417766
-0.332757
-0.335748
-0.33754
-0.339175
-0.340834
-0.342621
-0.344666
-0.347064
-0.349886
-0.353183
-0.356992
-0.361342
-0.366251
-0.371736
-0.377808
-0.384474
-0.391754
-0.399685
-0.408045
-0.416827
-0.33101
-0.334256
-0.336171
-0.337895
-0.339622
-0.341461
-0.343547
-0.345978
-0.348826
-0.352145
-0.355973
-0.360337
-0.365257
-0.370748
-0.376823
-0.383488
-0.390759
-0.398665
-0.407015
-0.415841
-0.329454
-0.332926
-0.33495
-0.336752
-0.338538
-0.340421
-0.342541
-0.344998
-0.347867
-0.351203
-0.355042
-0.359414
-0.364338
-0.36983
-0.375901
-0.382557
-0.389812
-0.397683
-0.406018
-0.414866
-0.328114
-0.331782
-0.333898
-0.335766
-0.337602
-0.339521
-0.341668
-0.344146
-0.347031
-0.350377
-0.354225
-0.3586
-0.363524
-0.369012
-0.375074
-0.381717
-0.388951
-0.396787
-0.405102
-0.413955
-0.327013
-0.330842
-0.333034
-0.334955
-0.33683
-0.338778
-0.340946
-0.34344
-0.346336
-0.34969
-0.353542
-0.357918
-0.36284
-0.368322
-0.374374
-0.381002
-0.388215
-0.396016
-0.404312
-0.41316
-0.326171
-0.330122
-0.332371
-0.334333
-0.336238
-0.338207
-0.340391
-0.342896
-0.3458
-0.349159
-0.353013
-0.357389
-0.362307
-0.367783
-0.373825
-0.38044
-0.387634
-0.395405
-0.403684
-0.412522
-0.325601
-0.329635
-0.331923
-0.333912
-0.335837
-0.33782
-0.340014
-0.342526
-0.345435
-0.348797
-0.352652
-0.357027
-0.361942
-0.367413
-0.373448
-0.380053
-0.387232
-0.394981
-0.403248
-0.412077
-0.325313
-0.329389
-0.331697
-0.333699
-0.335634
-0.337625
-0.339823
-0.342339
-0.34525
-0.348614
-0.352469
-0.356843
-0.361757
-0.367224
-0.373255
-0.379855
-0.387027
-0.394765
-0.403024
-0.411848
-0.421662
-0.431475
-0.441326
-0.450617
-0.459174
-0.466612
-0.472592
-0.476726
-0.478625
-0.477881
-0.474074
-0.466771
-0.455612
-0.44019
-0.422021
-0.431815
-0.44169
-0.450997
-0.459574
-0.467033
-0.473038
-0.477199
-0.479128
-0.478418
-0.474649
-0.46739
-0.456276
-0.440903
-0.422723
-0.432478
-0.4424
-0.451738
-0.460356
-0.467859
-0.473911
-0.478127
-0.480116
-0.479472
-0.475779
-0.468606
-0.457583
-0.442306
-0.423736
-0.433434
-0.443423
-0.45281
-0.461486
-0.469054
-0.475178
-0.479473
-0.48155
-0.481006
-0.477425
-0.470379
-0.459492
-0.44436
-0.425012
-0.434639
-0.444714
-0.454163
-0.462917
-0.470569
-0.476786
-0.481186
-0.483379
-0.482966
-0.479532
-0.472653
-0.461944
-0.447003
-0.426493
-0.436038
-0.446212
-0.45574
-0.464587
-0.472342
-0.478674
-0.483201
-0.485538
-0.485285
-0.48203
-0.475356
-0.464866
-0.450161
-0.428112
-0.437566
-0.44785
-0.457471
-0.466426
-0.474302
-0.480768
-0.485445
-0.487949
-0.487884
-0.484841
-0.478406
-0.468175
-0.453749
-0.429793
-0.439155
-0.449555
-0.459282
-0.468358
-0.476371
-0.48299
-0.487837
-0.490532
-0.490681
-0.487878
-0.481714
-0.471779
-0.457673
-0.431461
-0.440732
-0.451248
-0.461096
-0.470305
-0.478471
-0.485258
-0.490295
-0.493202
-0.493588
-0.491053
-0.48519
-0.475586
-0.461838
-0.433037
-0.442223
-0.452856
-0.462835
-0.472188
-0.480519
-0.487492
-0.492736
-0.495874
-0.496521
-0.494278
-0.488743
-0.479502
-0.466147
-0.434448
-0.443559
-0.454305
-0.464426
-0.473931
-0.482441
-0.489612
-0.495079
-0.498468
-0.499396
-0.497468
-0.492286
-0.483437
-0.470509
-0.453085
-0.435626
-0.444676
-0.455531
-0.4658
-0.475466
-0.484164
-0.491547
-0.497253
-0.50091
-0.502137
-0.500544
-0.495738
-0.487308
-0.474836
-0.457895
-0.43651
-0.445517
-0.456474
-0.466897
-0.47673
-0.485625
-0.493231
-0.499189
-0.50313
-0.504676
-0.503436
-0.499025
-0.491038
-0.479049
-0.462622
-0.437056
-0.446032
-0.457089
-0.467667
-0.47767
-0.48677
-0.494609
-0.500832
-0.50507
-0.506952
-0.506082
-0.502084
-0.494561
-0.483078
-0.467192
-0.437281
-0.446163
-0.457334
-0.468069
-0.478245
-0.487554
-0.495635
-0.502132
-0.506682
-0.508914
-0.508429
-0.504859
-0.49782
-0.486864
-0.471544
-0.437214
-0.445844
-0.45718
-0.468074
-0.478423
-0.487944
-0.496273
-0.503054
-0.507926
-0.51053
-0.51044
-0.507298
-0.500764
-0.490355
-0.475621
-0.436219
-0.445353
-0.456623
-0.467663
-0.478184
-0.487917
-0.496498
-0.50357
-0.508778
-0.511781
-0.512081
-0.509354
-0.503352
-0.493507
-0.479376
-0.434952
-0.444385
-0.45564
-0.46683
-0.477519
-0.487462
-0.496293
-0.503657
-0.509195
-0.51255
-0.513301
-0.511091
-0.505586
-0.496303
-0.482783
-0.43334
-0.442977
-0.454251
-0.465581
-0.47643
-0.486576
-0.495657
-0.503315
-0.50919
-0.512921
-0.514114
-0.512402
-0.507416
-0.498707
-0.485809
-0.431337
-0.441183
-0.452477
-0.463928
-0.474926
-0.485267
-0.494593
-0.502544
-0.508759
-0.512877
-0.51451
-0.513289
-0.508834
-0.500706
-0.488436
-0.428979
-0.439036
-0.450341
-0.461893
-0.473028
-0.483552
-0.493115
-0.501353
-0.507906
-0.512411
-0.514484
-0.513755
-0.509836
-0.502291
-0.49065
-0.426321
-0.436571
-0.447872
-0.459507
-0.470761
-0.481453
-0.49124
-0.499757
-0.506642
-0.511532
-0.514044
-0.513805
-0.510422
-0.50346
-0.492447
-0.476866
-0.423424
-0.433829
-0.445107
-0.456804
-0.468159
-0.479
-0.488995
-0.497778
-0.504987
-0.510254
-0.5132
-0.513445
-0.510596
-0.504212
-0.493824
-0.47891
-0.420359
-0.430862
-0.442089
-0.453824
-0.465255
-0.476226
-0.48641
-0.495443
-0.502962
-0.508597
-0.511966
-0.512689
-0.510366
-0.504554
-0.494782
-0.480528
-0.417198
-0.427722
-0.438861
-0.450609
-0.462091
-0.473165
-0.483518
-0.492781
-0.500593
-0.506581
-0.510361
-0.51155
-0.509743
-0.504493
-0.495327
-0.481722
-0.414016
-0.424467
-0.43547
-0.447201
-0.458704
-0.469855
-0.480351
-0.489822
-0.497908
-0.504231
-0.508404
-0.510045
-0.50874
-0.504039
-0.495465
-0.482496
-0.41088
-0.421149
-0.43196
-0.443644
-0.455135
-0.466333
-0.476945
-0.486598
-0.494933
-0.50157
-0.506116
-0.508192
-0.507372
-0.503202
-0.495204
-0.482855
-0.407848
-0.417819
-0.428377
-0.439976
-0.45142
-0.462633
-0.473331
-0.483138
-0.491697
-0.498623
-0.50353
-0.506013
-0.505652
-0.501993
-0.494552
-0.482805
-0.404965
-0.414522
-0.424762
-0.436237
-0.447594
-0.458788
-0.46954
-0.479471
-0.488223
-0.495413
-0.500672
-0.503525
-0.503596
-0.500423
-0.493517
-0.482353
-0.466394
-0.402253
-0.411292
-0.421149
-0.432457
-0.443686
-0.454826
-0.465599
-0.475622
-0.484535
-0.491957
-0.497513
-0.500736
-0.501213
-0.498502
-0.492109
-0.481506
-0.466164
-0.399716
-0.408153
-0.417571
-0.428664
-0.439723
-0.450772
-0.461531
-0.471612
-0.480653
-0.488275
-0.494068
-0.497653
-0.498512
-0.496239
-0.490333
-0.480272
-0.46553
-0.397332
-0.405114
-0.414049
-0.42488
-0.435724
-0.446644
-0.457355
-0.467458
-0.476594
-0.484381
-0.490405
-0.494284
-0.495504
-0.493642
-0.488199
-0.478658
-0.464501
-0.395059
-0.402166
-0.410599
-0.421118
-0.431704
-0.442457
-0.453083
-0.463174
-0.472369
-0.480282
-0.486502
-0.490644
-0.492196
-0.490717
-0.485713
-0.476672
-0.463087
-0.392833
-0.399284
-0.407224
-0.417388
-0.427669
-0.438218
-0.448724
-0.458768
-0.467984
-0.475985
-0.482372
-0.486743
-0.488592
-0.487468
-0.482881
-0.474324
-0.461299
-0.39058
-0.396417
-0.403914
-0.413686
-0.423621
-0.43393
-0.44428
-0.454241
-0.463444
-0.47152
-0.478029
-0.482586
-0.484698
-0.483904
-0.479712
-0.471623
-0.459152
-0.441873
-0.388209
-0.393493
-0.400652
-0.410015
-0.419568
-0.429604
-0.439767
-0.449611
-0.458765
-0.466911
-0.473492
-0.478195
-0.480537
-0.480044
-0.476224
-0.468587
-0.456658
-0.440028
-0.385601
-0.390435
-0.397421
-0.406379
-0.415523
-0.425255
-0.435199
-0.444895
-0.45396
-0.462037
-0.468761
-0.473579
-0.476121
-0.475902
-0.472435
-0.465235
-0.453842
-0.437859
-0.38268
-0.387143
-0.394119
-0.402671
-0.41137
-0.420757
-0.430446
-0.439958
-0.448928
-0.456973
-0.463684
-0.468599
-0.471336
-0.471396
-0.468298
-0.46157
-0.450762
-0.435492
-0.379404
-0.383262
-0.390456
-0.398655
-0.406889
-0.415881
-0.425268
-0.434559
-0.443407
-0.45136
-0.458068
-0.463098
-0.466043
-0.466417
-0.463745
-0.457564
-0.447436
-0.432986
-0.374735
-0.378393
-0.386901
-0.395135
-0.403041
-0.411682
-0.420786
-0.429838
-0.438455
-0.446295
-0.453041
-0.458088
-0.461087
-0.461592
-0.459133
-0.453251
-0.443517
-0.429567
-0.360864
-0.370247
-0.383287
-0.39237
-0.400106
-0.408427
-0.417267
-0.426094
-0.434508
-0.441925
-0.448234
-0.452937
-0.455604
-0.455785
-0.453018
-0.446861
-0.436911
-0.422836
-0.404427
-0.358633
-0.365889
-0.378168
-0.386657
-0.393377
-0.400546
-0.40826
-0.415898
-0.42301
-0.429477
-0.434707
-0.438348
-0.440022
-0.439319
-0.435826
-0.429153
-0.418959
-0.404978
-0.387064
-0.355644
-0.36113
-0.370878
-0.378414
-0.384458
-0.390705
-0.397376
-0.403954
-0.410012
-0.415288
-0.419387
-0.421972
-0.422697
-0.421192
-0.417093
-0.410065
-0.399822
-0.386153
-0.368959
-0.350089
-0.354515
-0.361693
-0.368033
-0.373509
-0.379018
-0.384742
-0.39032
-0.395347
-0.399562
-0.402665
-0.404343
-0.404277
-0.402138
-0.397609
-0.390402
-0.380279
-0.367074
-0.35072
-0.341697
-0.345919
-0.351091
-0.356151
-0.36098
-0.365812
-0.370659
-0.37529
-0.379363
-0.38264
-0.384863
-0.385759
-0.385039
-0.382412
-0.377603
-0.370368
-0.36051
-0.347897
-0.332487
-0.331113
-0.335518
-0.3393
-0.343206
-0.347347
-0.35155
-0.355624
-0.359375
-0.362615
-0.365077
-0.366546
-0.366784
-0.365536
-0.362551
-0.357593
-0.350455
-0.340974
-0.329043
-0.314636
-0.319072
-0.323694
-0.326586
-0.329581
-0.333073
-0.3367
-0.340116
-0.343134
-0.345621
-0.347382
-0.34822
-0.347922
-0.346266
-0.343038
-0.338037
-0.331088
-0.322054
-0.31085
-0.297457
-0.306157
-0.310915
-0.313262
-0.315595
-0.318523
-0.321634
-0.32449
-0.326894
-0.328752
-0.329928
-0.330249
-0.329528
-0.327571
-0.324196
-0.319233
-0.312534
-0.303985
-0.293517
-0.281115
-0.292825
-0.297608
-0.299623
-0.301492
-0.303958
-0.306617
-0.309
-0.310901
-0.312249
-0.31295
-0.312861
-0.311817
-0.309652
-0.306209
-0.301345
-0.294937
-0.286888
-0.277141
-0.265686
-0.279388
-0.2841
-0.285904
-0.287454
-0.289551
-0.291828
-0.293816
-0.295312
-0.296256
-0.296584
-0.296179
-0.2949
-0.292604
-0.289157
-0.284438
-0.278345
-0.270797
-0.261746
-0.251183
-0.266048
-0.27062
-0.272283
-0.273611
-0.275419
-0.277379
-0.279046
-0.280218
-0.280849
-0.280893
-0.280256
-0.278817
-0.276454
-0.273054
-0.268515
-0.262751
-0.255695
-0.247307
-0.23758
-0.252934
-0.257326
-0.258884
-0.260056
-0.261638
-0.263342
-0.264749
-0.265669
-0.266063
-0.265897
-0.265097
-0.263561
-0.261185
-0.257873
-0.253539
-0.248112
-0.241534
-0.233773
-0.224824
-0.240131
-0.24432
-0.245796
-0.246854
-0.24826
-0.249758
-0.250959
-0.251686
-0.251904
-0.251591
-0.250687
-0.249106
-0.24676
-0.243567
-0.239456
-0.234366
-0.228251
-0.221083
-0.212856
-0.227691
-0.231671
-0.233078
-0.234051
-0.235318
-0.236651
-0.237691
-0.238273
-0.238366
-0.237957
-0.236996
-0.235413
-0.23313
-0.230081
-0.226205
-0.221451
-0.21578
-0.209168
-0.201614
-0.215652
-0.219421
-0.220767
-0.221676
-0.222834
-0.224036
-0.224951
-0.225427
-0.225436
-0.224971
-0.223992
-0.222439
-0.220247
-0.217359
-0.213724
-0.2093
-0.204055
-0.197968
-0.191037
-0.204036
-0.207601
-0.208892
-0.209751
-0.210822
-0.21192
-0.21274
-0.21314
-0.213098
-0.212609
-0.211641
-0.210144
-0.208063
-0.205348
-0.201958
-0.197857
-0.193017
-0.187423
-0.181073
-0.19286
-0.196227
-0.197468
-0.198289
-0.199289
-0.200305
-0.201053
-0.201403
-0.201335
-0.200846
-0.199912
-0.19849
-0.196534
-0.194
-0.190854
-0.187066
-0.182613
-0.177482
-0.17167
-0.182136
-0.185312
-0.186508
-0.187297
-0.188242
-0.189191
-0.189885
-0.190204
-0.190129
-0.189659
-0.188776
-0.187443
-0.185621
-0.183272
-0.180367
-0.17688
-0.172794
-0.168096
-0.162785
-0.171869
-0.174863
-0.176015
-0.176781
-0.177679
-0.178575
-0.17923
-0.179531
-0.179461
-0.179026
-0.178206
-0.176972
-0.175288
-0.173124
-0.170454
-0.167257
-0.163518
-0.159226
-0.15438
-0.162061
-0.164879
-0.165992
-0.166738
-0.167597
-0.16845
-0.169076
-0.16937
-0.169318
-0.168924
-0.168176
-0.167046
-0.165503
-0.163521
-0.161079
-0.158159
-0.154746
-0.150834
-0.14642
-0.15271
-0.155361
-0.156436
-0.157165
-0.157992
-0.158808
-0.159412
-0.159707
-0.15968
-0.159335
-0.158663
-0.157638
-0.156236
-0.154432
-0.152209
-0.149551
-0.146446
-0.142887
-0.138875
-0.143811
-0.146302
-0.14734
-0.148054
-0.148853
-0.149639
-0.150228
-0.150529
-0.150531
-0.150239
-0.149644
-0.148725
-0.14746
-0.145828
-0.143813
-0.141402
-0.138586
-0.135357
-0.131716
-0.135355
-0.137694
-0.138697
-0.139397
-0.140171
-0.140931
-0.141508
-0.141819
-0.141853
-0.141615
-0.141097
-0.140282
-0.139149
-0.137681
-0.135864
-0.133686
-0.131139
-0.128217
-0.12492
-0.127333
-0.129526
-0.130495
-0.131182
-0.131934
-0.132671
-0.133238
-0.133561
-0.133627
-0.133443
-0.133001
-0.132286
-0.13128
-0.129968
-0.128337
-0.126378
-0.124082
-0.121444
-0.118464
-0.119731
-0.121787
-0.122722
-0.123396
-0.124127
-0.124844
-0.125404
-0.125738
-0.125837
-0.125703
-0.125334
-0.124715
-0.123831
-0.122666
-0.121209
-0.119453
-0.11739
-0.115016
-0.11233
-0.112537
-0.114463
-0.115364
-0.116026
-0.116737
-0.117434
-0.117988
-0.118334
-0.118463
-0.11838
-0.11808
-0.117552
-0.11678
-0.115753
-0.114459
-0.112892
-0.111046
-0.108915
-0.106499
-0.105735
-0.107538
-0.108407
-0.109056
-0.109748
-0.110426
-0.110974
-0.111331
-0.111489
-0.111453
-0.111219
-0.110775
-0.110109
-0.109209
-0.108067
-0.106675
-0.105028
-0.103122
-0.100955
-0.099311
-0.100999
-0.101836
-0.102471
-0.103145
-0.103805
-0.104346
-0.104713
-0.104899
-0.104906
-0.104732
-0.104367
-0.103799
-0.103018
-0.102015
-0.100785
-0.0993216
-0.0976216
-0.0956831
-0.0932491
-0.0948279
-0.0956339
-0.0962551
-0.0969107
-0.0975538
-0.0980879
-0.0984637
-0.0986734
-0.0987198
-0.0986006
-0.098309
-0.097832
-0.0971601
-0.0962862
-0.0952043
-0.0939099
-0.0923992
-0.0906705
-0.0875338
-0.0890103
-0.0897858
-0.0903929
-0.0910305
-0.0916565
-0.0921835
-0.0925664
-0.0927974
-0.0928784
-0.0928054
-0.0925851
-0.092192
-0.0916203
-0.0908642
-0.0899184
-0.0887786
-0.0874413
-0.0859046
-0.0821493
-0.0835298
-0.0842755
-0.0848682
-0.0854881
-0.0860972
-0.0866168
-0.087006
-0.0872581
-0.0873761
-0.0873594
-0.0871866
-0.0868649
-0.0863834
-0.0857345
-0.0849129
-0.0839143
-0.0827354
-0.0813741
-0.0770803
-0.0783706
-0.0790875
-0.0796655
-0.0802676
-0.0808599
-0.0813711
-0.0817641
-0.0820323
-0.0821775
-0.0821972
-0.0820837
-0.0818318
-0.0814335
-0.0808825
-0.080174
-0.0793041
-0.0782697
-0.0770685
-0.0723115
-0.0735176
-0.0742063
-0.0747694
-0.0753537
-0.0759291
-0.0764312
-0.0768262
-0.0771079
-0.0772779
-0.0773342
-0.0772708
-0.0770803
-0.076757
-0.076295
-0.0756894
-0.0749366
-0.0740335
-0.072978
-0.0678283
-0.0689555
-0.0696171
-0.070165
-0.0707318
-0.0712903
-0.0717826
-0.0721782
-0.0724713
-0.072663
-0.0727518
-0.0727318
-0.0725967
-0.0723412
-0.0719597
-0.0714473
-0.0708006
-0.0700168
-0.0690936
-0.0636167
-0.0646702
-0.0653054
-0.0658381
-0.0663874
-0.0669291
-0.0674113
-0.0678061
-0.0681083
-0.0683188
-0.0684361
-0.0684552
-0.0683698
-0.0681741
-0.0678643
-0.0674362
-0.0668858
-0.0662101
-0.0654069
-0.0596629
-0.0606476
-0.0612573
-0.0617749
-0.062307
-0.062832
-0.0633035
-0.0636963
-0.0640056
-0.064232
-0.0643741
-0.0644271
-0.0643854
-0.0642439
-0.0639991
-0.0636467
-0.0631829
-0.0626048
-0.0619101
-0.055954
-0.0568744
-0.0574597
-0.0579622
-0.0584773
-0.0589858
-0.0594463
-0.059836
-0.0601504
-0.06039
-0.0605534
-0.0606365
-0.060634
-0.0605413
-0.0603537
-0.0600686
-0.0596826
-0.0591925
-0.0585959
-0.0524775
-0.0533381
-0.0538999
-0.0543874
-0.0548857
-0.0553781
-0.0558271
-0.0562127
-0.0565306
-0.0567811
-0.0569627
-0.0570717
-0.0571034
-0.0570532
-0.0569174
-0.0566928
-0.0563765
-0.0559655
-0.0554572
-0.0492217
-0.0500266
-0.0505658
-0.0510385
-0.0515205
-0.0519968
-0.0524344
-0.052815
-0.0531347
-0.0533938
-0.0535908
-0.0537223
-0.0537838
-0.0537714
-0.0536814
-0.0535106
-0.0532567
-0.0529165
-0.0524876
-0.0461755
-0.0469286
-0.0474461
-0.0479043
-0.0483703
-0.0488309
-0.0492568
-0.0496317
-0.049952
-0.0502177
-0.0504275
-0.0505782
-0.0506658
-0.0506866
-0.0506372
-0.0505146
-0.0503157
-0.0500388
-0.0496811
-0.0433284
-0.0440333
-0.0445301
-0.0449741
-0.0454246
-0.0458698
-0.0462839
-0.0466526
-0.0469722
-0.0472428
-0.0474631
-0.0476301
-0.0477402
-0.0477899
-0.047776
-0.0476957
-0.0475464
-0.0473259
-0.0470319
-0.0406706
-0.0413307
-0.0418078
-0.042238
-0.0426733
-0.0431036
-0.043506
-0.0438678
-0.0441858
-0.0444598
-0.0446885
-0.0448692
-0.0449986
-0.0450734
-0.0450907
-0.045048
-0.0449425
-0.0447719
-0.0445345
-0.0381929
-0.0388116
-0.0392698
-0.0396865
-0.0401072
-0.040523
-0.0409138
-0.0412685
-0.041584
-0.04186
-0.0420952
-0.0422873
-0.0424331
-0.0425297
-0.0425743
-0.0425644
-0.0424976
-0.0423717
-0.0421846
-0.0358869
-0.0364671
-0.0369075
-0.0373112
-0.0377177
-0.0381194
-0.0384989
-0.0388461
-0.0391584
-0.0394352
-0.0396755
-0.0398769
-0.0400366
-0.0401518
-0.04022
-0.0402389
-0.0402062
-0.0401196
-0.039977
-0.0337447
-0.0342894
-0.0347127
-0.0351039
-0.0354968
-0.035885
-0.0362534
-0.036593
-0.0369014
-0.0371781
-0.037422
-0.0376309
-0.0378022
-0.0379334
-0.0380221
-0.0380661
-0.0380633
-0.0380115
-0.0379089
-0.031759
-0.0322709
-0.0326782
-0.0330573
-0.0334373
-0.0338125
-0.03417
-0.034502
-0.0348061
-0.0350819
-0.0353282
-0.035543
-0.0357239
-0.0358686
-0.0359749
-0.0360406
-0.0360638
-0.0360424
-0.0359745
-0.0299233
-0.030405
-0.0307973
-0.0311648
-0.0315324
-0.0318953
-0.0322423
-0.0325666
-0.0328662
-0.0331403
-0.033388
-0.0336073
-0.0337961
-0.0339522
-0.0340735
-0.034158
-0.0342039
-0.0342092
-0.034172
-0.0282318
-0.0286858
-0.0290638
-0.0294203
-0.0297762
-0.0301274
-0.0304643
-0.0307811
-0.0310759
-0.0313479
-0.0315961
-0.0318187
-0.0320138
-0.0321794
-0.0323135
-0.0324142
-0.0324797
-0.0325081
-0.0324975
-0.0266791
-0.0271077
-0.0274725
-0.0278186
-0.0281635
-0.0285036
-0.0288309
-0.0291403
-0.0294301
-0.0296996
-0.0299476
-0.0301726
-0.0303728
-0.0305462
-0.030691
-0.0308055
-0.030888
-0.0309367
-0.03095
-0.0252606
-0.0256662
-0.0260187
-0.026355
-0.0266895
-0.0270193
-0.0273374
-0.0276398
-0.0279247
-0.0281913
-0.0284386
-0.0286651
-0.0288691
-0.0290489
-0.0292028
-0.029329
-0.0294259
-0.029492
-0.0295254
-0.0239726
-0.0243572
-0.0246983
-0.0250256
-0.0253505
-0.0256705
-0.0259802
-0.0262758
-0.0265558
-0.0268194
-0.0270655
-0.0272929
-0.0274998
-0.0276848
-0.027846
-0.0279821
-0.0280913
-0.0281722
-0.0282231
-0.0228118
-0.0231776
-0.0235083
-0.0238272
-0.0241432
-0.0244544
-0.0247561
-0.0250453
-0.0253205
-0.0255811
-0.0258258
-0.0260535
-0.0262625
-0.0264515
-0.0266189
-0.0267632
-0.0268828
-0.0269763
-0.0270421
-0.0217758
-0.0221249
-0.0224461
-0.0227573
-0.0230653
-0.0233684
-0.0236628
-0.0239461
-0.0242169
-0.0244744
-0.0247175
-0.024945
-0.0251556
-0.0253477
-0.0255201
-0.0256711
-0.0257995
-0.0259036
-0.0259821
-0.0208632
-0.0211976
-0.0215104
-0.0218147
-0.0221154
-0.0224112
-0.0226991
-0.022977
-0.0232436
-0.0234981
-0.0237395
-0.0239667
-0.0241782
-0.0243728
-0.0245491
-0.0247057
-0.0248412
-0.0249543
-0.0250435
-0.0200733
-0.0203949
-0.0207003
-0.0209985
-0.0212929
-0.0215823
-0.0218644
-0.0221374
-0.0224003
-0.0226521
-0.0228918
-0.0231184
-0.0233305
-0.0235269
-0.0237063
-0.0238674
-0.0240088
-0.0241292
-0.0242272
-0.0194064
-0.0197172
-0.0200163
-0.0203093
-0.0205983
-0.0208822
-0.0211593
-0.0214282
-0.0216877
-0.0219371
-0.0221752
-0.0224011
-0.0226135
-0.0228112
-0.0229931
-0.0231577
-0.0233038
-0.0234301
-0.0235352
-0.0188642
-0.0191662
-0.0194601
-0.0197488
-0.0200333
-0.0203127
-0.0205857
-0.0208511
-0.0211079
-0.0213551
-0.0215919
-0.0218171
-0.0220296
-0.0222283
-0.0224119
-0.0225792
-0.022729
-0.0228599
-0.0229706
-0.0184489
-0.0187443
-0.0190342
-0.0193195
-0.0196006
-0.0198765
-0.0201464
-0.0204091
-0.0206637
-0.0209093
-0.021145
-0.0213696
-0.0215821
-0.0217815
-0.0219664
-0.0221357
-0.0222881
-0.0224225
-0.0225374
-0.018166
-0.0184567
-0.0187438
-0.0190269
-0.0193055
-0.0195791
-0.0198467
-0.0201075
-0.0203606
-0.020605
-0.0208398
-0.021064
-0.0212765
-0.0214762
-0.0216619
-0.0218326
-0.0219868
-0.0221234
-0.0222411
-0.018019
-0.0183077
-0.0185935
-0.0188754
-0.019153
-0.0194254
-0.019692
-0.0199519
-0.0202042
-0.0204481
-0.0206825
-0.0209065
-0.021119
-0.0213189
-0.0215051
-0.0216764
-0.0218316
-0.0219694
-0.0220885
-0.293518
-0.296772
-0.299963
-0.303096
-0.306174
-0.3092
-0.312179
-0.315114
-0.318011
-0.320876
-0.323717
-0.326544
-0.329371
-0.332215
-0.3351
-0.338054
-0.341116
-0.344337
-0.347792
-0.351593
-0.355924
-0.361101
-0.367534
-0.377666
-0.28048
-0.283935
-0.28735
-0.290734
-0.294091
-0.297431
-0.300759
-0.304087
-0.307426
-0.310786
-0.314185
-0.31764
-0.321172
-0.324806
-0.328573
-0.332506
-0.336646
-0.341036
-0.345719
-0.350736
-0.356087
-0.36182
-0.367281
-0.375595
-0.267828
-0.271423
-0.274998
-0.27856
-0.282115
-0.285671
-0.289238
-0.292825
-0.296441
-0.300098
-0.303808
-0.307583
-0.311437
-0.315383
-0.319435
-0.323605
-0.327906
-0.332346
-0.33693
-0.341675
-0.346566
-0.351818
-0.356796
-0.364996
-0.255543
-0.2592
-0.262846
-0.266488
-0.27013
-0.27378
-0.277443
-0.281126
-0.284837
-0.288583
-0.292373
-0.296214
-0.300117
-0.304091
-0.30815
-0.312307
-0.31658
-0.320994
-0.325576
-0.330379
-0.335403
-0.340877
-0.346095
-0.353771
-0.243618
-0.247279
-0.250937
-0.254595
-0.25826
-0.261935
-0.265628
-0.269344
-0.273089
-0.276871
-0.280698
-0.284578
-0.288521
-0.29254
-0.296648
-0.300859
-0.30519
-0.309659
-0.314281
-0.319081
-0.324028
-0.32929
-0.334303
-0.341058
-0.232092
-0.235718
-0.239345
-0.242979
-0.246623
-0.250282
-0.253962
-0.257668
-0.261406
-0.265182
-0.269003
-0.272876
-0.276809
-0.28081
-0.284888
-0.289052
-0.29331
-0.297674
-0.30215
-0.306761
-0.311491
-0.31648
-0.321358
-0.327394
-0.224535
-0.228099
-0.231672
-0.235259
-0.238863
-0.242488
-0.246139
-0.249822
-0.25354
-0.257298
-0.261103
-0.264961
-0.268877
-0.272858
-0.276911
-0.281046
-0.285273
-0.289601
-0.294049
-0.298608
-0.303364
-0.308094
-0.313501
-0.213736
-0.21721
-0.220696
-0.224197
-0.227715
-0.231255
-0.234821
-0.238415
-0.242043
-0.245708
-0.249416
-0.253172
-0.25698
-0.260848
-0.26478
-0.268785
-0.27287
-0.277039
-0.281307
-0.285666
-0.290165
-0.294696
-0.299589
-0.203327
-0.206693
-0.210073
-0.213467
-0.21688
-0.220314
-0.223772
-0.227259
-0.230776
-0.234329
-0.237921
-0.241556
-0.245239
-0.248974
-0.252765
-0.256618
-0.260538
-0.26453
-0.268602
-0.272756
-0.277016
-0.281342
-0.285834
-0.193311
-0.196555
-0.199814
-0.203087
-0.206379
-0.209692
-0.213028
-0.216391
-0.219783
-0.223207
-0.226667
-0.230165
-0.233707
-0.237294
-0.240931
-0.244622
-0.248372
-0.252186
-0.256068
-0.260022
-0.264058
-0.268173
-0.272341
-0.183686
-0.1868
-0.189927
-0.193069
-0.19623
-0.19941
-0.202613
-0.20584
-0.209095
-0.21238
-0.215698
-0.21905
-0.222442
-0.225875
-0.229352
-0.232878
-0.236456
-0.240089
-0.243781
-0.247537
-0.251358
-0.255261
-0.259158
-0.17445
-0.177426
-0.180415
-0.18342
-0.186442
-0.189483
-0.192545
-0.19563
-0.198741
-0.20188
-0.205048
-0.208249
-0.211485
-0.214759
-0.218072
-0.221429
-0.224832
-0.228284
-0.231788
-0.235349
-0.238964
-0.242659
-0.246319
-0.165598
-0.168432
-0.17128
-0.174142
-0.177021
-0.179919
-0.182836
-0.185775
-0.188737
-0.191725
-0.194741
-0.197786
-0.200863
-0.203975
-0.207122
-0.210309
-0.213536
-0.216808
-0.220126
-0.223495
-0.226911
-0.2304
-0.233844
-0.157121
-0.159813
-0.162518
-0.165237
-0.167971
-0.170723
-0.173493
-0.176283
-0.179095
-0.181931
-0.184792
-0.18768
-0.190597
-0.193545
-0.196526
-0.199543
-0.202596
-0.205689
-0.208823
-0.212003
-0.215224
-0.218512
-0.221753
-0.149013
-0.151563
-0.154125
-0.1567
-0.15929
-0.161896
-0.164519
-0.167161
-0.169823
-0.172506
-0.175212
-0.177944
-0.180701
-0.183487
-0.186302
-0.189149
-0.19203
-0.194946
-0.1979
-0.200894
-0.203925
-0.207016
-0.210061
-0.141264
-0.143673
-0.146094
-0.148528
-0.150975
-0.153436
-0.155914
-0.158408
-0.160921
-0.163454
-0.166007
-0.168583
-0.171183
-0.173809
-0.176461
-0.179141
-0.181852
-0.184595
-0.187371
-0.190184
-0.19303
-0.195929
-0.198785
-0.133863
-0.136135
-0.138418
-0.140712
-0.143019
-0.145339
-0.147674
-0.150024
-0.152391
-0.154776
-0.15718
-0.159604
-0.162049
-0.164517
-0.16701
-0.169528
-0.172073
-0.174646
-0.17725
-0.179886
-0.182552
-0.185265
-0.187936
-0.126799
-0.128938
-0.131087
-0.133246
-0.135416
-0.137599
-0.139794
-0.142004
-0.144229
-0.14647
-0.148728
-0.151004
-0.153299
-0.155615
-0.157952
-0.160312
-0.162696
-0.165106
-0.167542
-0.170007
-0.172499
-0.175032
-0.177526
-0.120063
-0.122073
-0.124092
-0.12612
-0.128158
-0.130208
-0.132269
-0.134343
-0.13643
-0.138531
-0.140648
-0.142781
-0.144931
-0.1471
-0.149287
-0.151495
-0.153724
-0.155975
-0.15825
-0.160551
-0.162875
-0.165237
-0.16756
-0.113642
-0.115528
-0.117422
-0.119324
-0.121236
-0.123157
-0.125089
-0.127032
-0.128987
-0.130954
-0.132935
-0.134931
-0.136942
-0.138968
-0.141012
-0.143073
-0.145153
-0.147254
-0.149375
-0.151518
-0.153682
-0.155879
-0.158039
-0.107526
-0.109293
-0.111067
-0.112849
-0.114639
-0.116437
-0.118245
-0.120063
-0.121891
-0.123731
-0.125582
-0.127446
-0.129323
-0.131215
-0.133121
-0.135043
-0.136981
-0.138937
-0.140911
-0.142904
-0.144916
-0.146956
-0.148961
-0.101702
-0.103356
-0.105017
-0.106683
-0.108357
-0.110039
-0.111729
-0.113427
-0.115134
-0.116852
-0.118579
-0.120318
-0.122068
-0.123831
-0.125606
-0.127395
-0.129199
-0.131017
-0.132852
-0.134703
-0.13657
-0.138462
-0.140322
-0.0961607
-0.0977072
-0.0992591
-0.100817
-0.102381
-0.103951
-0.105528
-0.107113
-0.108706
-0.110307
-0.111918
-0.113537
-0.115167
-0.116808
-0.118459
-0.120123
-0.121799
-0.123487
-0.12519
-0.126907
-0.128638
-0.13039
-0.132112
-0.0908902
-0.0923348
-0.093784
-0.0952381
-0.0966975
-0.0981626
-0.0996336
-0.101111
-0.102595
-0.104087
-0.105586
-0.107094
-0.10861
-0.110135
-0.111669
-0.113214
-0.11477
-0.116336
-0.117915
-0.119505
-0.121108
-0.122729
-0.124322
-0.08588
-0.0872283
-0.0885804
-0.0899367
-0.0912975
-0.092663
-0.0940337
-0.0954098
-0.0967917
-0.0981797
-0.0995742
-0.100976
-0.102384
-0.103801
-0.105226
-0.106659
-0.108101
-0.109553
-0.111014
-0.112487
-0.113969
-0.115467
-0.116938
-0.0811196
-0.0823771
-0.0836377
-0.0849018
-0.0861696
-0.0874414
-0.0887175
-0.0899981
-0.0912835
-0.0925741
-0.0938702
-0.095172
-0.0964799
-0.0977944
-0.0991156
-0.100444
-0.10178
-0.103124
-0.104477
-0.105838
-0.107208
-0.108591
-0.109949
-0.0765987
-0.0777707
-0.0789453
-0.0801227
-0.0813031
-0.0824868
-0.0836739
-0.0848648
-0.0860597
-0.0872588
-0.0884624
-0.0896708
-0.0908843
-0.0921031
-0.0933275
-0.094558
-0.0957947
-0.0970381
-0.0982884
-0.0995462
-0.100811
-0.102087
-0.10334
-0.0723076
-0.0733993
-0.0744931
-0.075589
-0.0766874
-0.0777884
-0.0788922
-0.079999
-0.081109
-0.0822224
-0.0833394
-0.0844603
-0.0855853
-0.0867147
-0.0878487
-0.0889876
-0.0901316
-0.0912811
-0.0924363
-0.0935976
-0.0947646
-0.0959411
-0.0970964
-0.0682364
-0.0692529
-0.0702709
-0.0712906
-0.0723122
-0.0733358
-0.0743615
-0.0753895
-0.0764201
-0.0774534
-0.0784895
-0.0795287
-0.0805711
-0.0816171
-0.0826667
-0.0837202
-0.0847779
-0.0858399
-0.0869065
-0.087978
-0.0890542
-0.0901382
-0.0912028
-0.0643761
-0.0653221
-0.0662693
-0.0672176
-0.0681673
-0.0691185
-0.0700712
-0.0710258
-0.0719822
-0.0729406
-0.0739012
-0.0748642
-0.0758297
-0.0767979
-0.0777689
-0.078743
-0.0797203
-0.080701
-0.0816854
-0.0826736
-0.0836655
-0.0846637
-0.0856442
-0.0607176
-0.0615978
-0.0624787
-0.0633604
-0.0642429
-0.0651265
-0.0660112
-0.0668971
-0.0677843
-0.068673
-0.0695633
-0.0704553
-0.0713492
-0.072245
-0.073143
-0.0740432
-0.0749459
-0.0758512
-0.0767593
-0.0776703
-0.0785842
-0.079503
-0.0804058
-0.0572523
-0.0580711
-0.0588901
-0.0597096
-0.0605296
-0.0613502
-0.0621714
-0.0629934
-0.0638162
-0.06464
-0.0654648
-0.0662908
-0.0671181
-0.0679467
-0.0687768
-0.0696086
-0.0704421
-0.0712775
-0.0721149
-0.0729544
-0.0737961
-0.0746416
-0.0754725
-0.053972
-0.0547334
-0.0554949
-0.0562564
-0.0570181
-0.05778
-0.0585421
-0.0593046
-0.0600676
-0.060831
-0.061595
-0.0623597
-0.0631251
-0.0638914
-0.0646586
-0.0654269
-0.0661963
-0.066967
-0.067739
-0.0685125
-0.0692875
-0.0700653
-0.0708299
-0.0508687
-0.0515768
-0.0522846
-0.0529922
-0.0536996
-0.0544069
-0.0551141
-0.0558213
-0.0565286
-0.057236
-0.0579436
-0.0586514
-0.0593595
-0.060068
-0.060777
-0.0614865
-0.0621966
-0.0629075
-0.0636191
-0.0643316
-0.065045
-0.0657604
-0.0664639
-0.0479349
-0.0485933
-0.0492512
-0.0499086
-0.0505656
-0.0512222
-0.0518784
-0.0525343
-0.05319
-0.0538454
-0.0545006
-0.0551557
-0.0558108
-0.0564658
-0.0571209
-0.057776
-0.0584314
-0.0590869
-0.0597428
-0.0603991
-0.0610557
-0.0617136
-0.0623608
-0.0451633
-0.0457755
-0.0463871
-0.0469979
-0.0476081
-0.0482176
-0.0488265
-0.0494348
-0.0500426
-0.0506498
-0.0512566
-0.0518629
-0.0524688
-0.0530744
-0.0536796
-0.0542846
-0.0548893
-0.0554939
-0.0560984
-0.0567028
-0.0573072
-0.0579122
-0.0585076
-0.042547
-0.0431164
-0.0436849
-0.0442525
-0.0448192
-0.0453851
-0.0459501
-0.0465143
-0.0470778
-0.0476404
-0.0482023
-0.0487635
-0.0493241
-0.0498839
-0.0504431
-0.0510018
-0.0515599
-0.0521175
-0.0526746
-0.0532313
-0.0537876
-0.054344
-0.0548917
-0.0400795
-0.0406091
-0.0411377
-0.0416652
-0.0421917
-0.0427171
-0.0432416
-0.043765
-0.0442874
-0.0448088
-0.0453292
-0.0458487
-0.0463673
-0.046885
-0.0474018
-0.0479177
-0.0484328
-0.0489471
-0.0494607
-0.0499735
-0.0504855
-0.0509973
-0.0515013
-0.0377545
-0.0382473
-0.0387389
-0.0392293
-0.0397185
-0.0402065
-0.0406934
-0.041179
-0.0416635
-0.0421468
-0.042629
-0.04311
-0.0435899
-0.0440687
-0.0445464
-0.0450229
-0.0454985
-0.045973
-0.0464464
-0.0469189
-0.0473904
-0.0478612
-0.048325
-0.0355663
-0.036025
-0.0364823
-0.0369383
-0.0373931
-0.0378465
-0.0382986
-0.0387494
-0.0391988
-0.039647
-0.0400938
-0.0405393
-0.0409836
-0.0414265
-0.0418682
-0.0423086
-0.0427477
-0.0431856
-0.0436222
-0.0440577
-0.0444919
-0.0449251
-0.0453521
-0.0335091
-0.0339362
-0.0343619
-0.0347862
-0.0352091
-0.0356306
-0.0360506
-0.0364692
-0.0368863
-0.037302
-0.0377163
-0.0381291
-0.0385405
-0.0389505
-0.039359
-0.0397661
-0.0401718
-0.0405761
-0.040979
-0.0413804
-0.0417805
-0.0421794
-0.0425725
-0.031578
-0.0319759
-0.0323724
-0.0327673
-0.0331608
-0.0335528
-0.0339432
-0.0343321
-0.0347195
-0.0351053
-0.0354896
-0.0358724
-0.0362536
-0.0366332
-0.0370113
-0.0373878
-0.0377628
-0.0381362
-0.0385081
-0.0388785
-0.0392473
-0.0396147
-0.0399769
-0.0297678
-0.0301388
-0.0305083
-0.0308762
-0.0312426
-0.0316074
-0.0319706
-0.0323322
-0.0326921
-0.0330505
-0.0334072
-0.0337623
-0.0341157
-0.0344675
-0.0348177
-0.0351662
-0.035513
-0.0358582
-0.0362017
-0.0365436
-0.0368838
-0.0372224
-0.0375564
-0.0280742
-0.0284204
-0.028765
-0.0291081
-0.0294495
-0.0297893
-0.0301274
-0.0304638
-0.0307986
-0.0311317
-0.0314631
-0.0317928
-0.0321208
-0.0324471
-0.0327716
-0.0330944
-0.0334155
-0.0337348
-0.0340524
-0.0343682
-0.0346823
-0.0349947
-0.0353028
-0.0264928
-0.0268163
-0.027138
-0.0274582
-0.0277767
-0.0280934
-0.0284086
-0.0287219
-0.0290336
-0.0293435
-0.0296517
-0.0299582
-0.0302628
-0.0305657
-0.0308668
-0.0311661
-0.0314636
-0.0317593
-0.0320532
-0.0323453
-0.0326356
-0.032924
-0.0332086
-0.02502
-0.0253224
-0.0256232
-0.0259224
-0.0262198
-0.0265155
-0.0268095
-0.0271018
-0.0273923
-0.027681
-0.0279679
-0.0282531
-0.0285364
-0.0288179
-0.0290976
-0.0293755
-0.0296515
-0.0299257
-0.030198
-0.0304684
-0.030737
-0.0310037
-0.0312668
-0.0239353
-0.0242169
-0.0244968
-0.024775
-0.0250514
-0.0253261
-0.025599
-0.0258702
-0.0261395
-0.0264071
-0.0266728
-0.0269367
-0.0271987
-0.0274589
-0.0277172
-0.0279737
-0.0282282
-0.0284809
-0.0287317
-0.0289805
-0.0292275
-0.0294711
-0.0226516
-0.0229157
-0.023178
-0.0234386
-0.0236974
-0.0239545
-0.0242099
-0.0244634
-0.0247151
-0.024965
-0.025213
-0.0254592
-0.0257035
-0.025946
-0.0261866
-0.0264252
-0.026662
-0.0268969
-0.0271298
-0.0273608
-0.0275899
-0.0278159
-0.0214685
-0.0217166
-0.0219629
-0.0222075
-0.0224504
-0.0226915
-0.0229308
-0.0231683
-0.023404
-0.0236379
-0.0238699
-0.0241001
-0.0243283
-0.0245547
-0.0247792
-0.0250018
-0.0252225
-0.0254413
-0.0256581
-0.025873
-0.026086
-0.0262961
-0.0203836
-0.0206172
-0.020849
-0.0210791
-0.0213075
-0.0215342
-0.021759
-0.021982
-0.0222032
-0.0224226
-0.0226402
-0.0228559
-0.0230697
-0.0232816
-0.0234916
-0.0236998
-0.023906
-0.0241103
-0.0243126
-0.024513
-0.0247115
-0.0249073
-0.0193947
-0.0196152
-0.019834
-0.0200511
-0.0202665
-0.0204801
-0.0206919
-0.0209019
-0.0211101
-0.0213165
-0.021521
-0.0217237
-0.0219245
-0.0221235
-0.0223206
-0.0225157
-0.022709
-0.0229003
-0.0230897
-0.0232772
-0.0234628
-0.0236458
-0.0185004
-0.0187092
-0.0189164
-0.0191218
-0.0193255
-0.0195274
-0.0197276
-0.019926
-0.0201226
-0.0203174
-0.0205103
-0.0207015
-0.0208907
-0.0210781
-0.0212637
-0.0214473
-0.021629
-0.0218089
-0.0219868
-0.0221628
-0.0223369
-0.0225086
-0.0176995
-0.0178979
-0.0180947
-0.0182898
-0.0184832
-0.0186748
-0.0188647
-0.0190528
-0.0192392
-0.0194237
-0.0196064
-0.0197873
-0.0199664
-0.0201436
-0.020319
-0.0204925
-0.0206641
-0.0208338
-0.0210017
-0.0211676
-0.0213317
-0.0214934
-0.0169917
-0.017181
-0.0173688
-0.0175548
-0.0177391
-0.0179217
-0.0181026
-0.0182817
-0.0184591
-0.0186347
-0.0188085
-0.0189805
-0.0191507
-0.0193191
-0.0194856
-0.0196503
-0.0198131
-0.0199741
-0.0201332
-0.0202904
-0.0204457
-0.0205989
-0.0163767
-0.0165582
-0.0167381
-0.0169164
-0.0170929
-0.0172678
-0.017441
-0.0176124
-0.0177821
-0.01795
-0.0181162
-0.0182806
-0.0184432
-0.018604
-0.018763
-0.0189202
-0.0190756
-0.0192291
-0.0193808
-0.0195306
-0.0196785
-0.0198244
-0.0158558
-0.0160307
-0.016204
-0.0163757
-0.0165457
-0.0167141
-0.0168807
-0.0170457
-0.017209
-0.0173705
-0.0175303
-0.0176884
-0.0178447
-0.0179992
-0.0181519
-0.0183029
-0.018452
-0.0185994
-0.0187449
-0.0188886
-0.0190304
-0.0191704
-0.0154301
-0.0155997
-0.0157677
-0.0159341
-0.0160988
-0.016262
-0.0164234
-0.0165832
-0.0167414
-0.0168978
-0.0170525
-0.0172055
-0.0173567
-0.0175063
-0.017654
-0.0178
-0.0179443
-0.0180867
-0.0182274
-0.0183662
-0.0185033
-0.0186385
-0.0151021
-0.0152676
-0.0154314
-0.0155937
-0.0157544
-0.0159135
-0.016071
-0.0162268
-0.016381
-0.0165336
-0.0166844
-0.0168336
-0.0169811
-0.0171269
-0.017271
-0.0174134
-0.017554
-0.0176929
-0.01783
-0.0179654
-0.018099
-0.0182308
-0.0148769
-0.0150396
-0.0152007
-0.0153603
-0.0155183
-0.0156748
-0.0158296
-0.0159829
-0.0161345
-0.0162845
-0.0164328
-0.0165795
-0.0167245
-0.0168679
-0.0170096
-0.0171495
-0.0172878
-0.0174244
-0.0175592
-0.0176923
-0.0178237
-0.0179533
-0.0147539
-0.0149149
-0.0150745
-0.0152326
-0.0153891
-0.0155441
-0.0156976
-0.0158496
-0.016
-0.0161488
-0.0162961
-0.0164417
-0.0165858
-0.0167282
-0.016869
-0.0170082
-0.0171457
-0.0172816
-0.0174158
-0.0175483
-0.0176792
-0.0178083
-0.0145917
-0.0147542
-0.0149152
-0.0150748
-0.0152328
-0.0153894
-0.0155444
-0.0156979
-0.0158498
-0.0160002
-0.0161491
-0.0162963
-0.016442
-0.016586
-0.0167284
-0.0168693
-0.0170084
-0.017146
-0.0172818
-0.017416
-0.0175486
-0.0176794
-0.0178086
-0.014713
-0.0148772
-0.0150399
-0.015201
-0.0153606
-0.0155186
-0.015675
-0.0158299
-0.0159831
-0.0161347
-0.0162847
-0.0164331
-0.0165798
-0.0167248
-0.0168681
-0.0170098
-0.0171498
-0.0172881
-0.0174246
-0.0175594
-0.0176925
-0.0178239
-0.0179535
-0.0149354
-0.0151024
-0.0152678
-0.0154317
-0.015594
-0.0157547
-0.0159138
-0.0160712
-0.0162271
-0.0163813
-0.0165338
-0.0166847
-0.0168339
-0.0169814
-0.0171272
-0.0172713
-0.0174136
-0.0175543
-0.0176931
-0.0178303
-0.0179657
-0.0180993
-0.0182311
-0.0152592
-0.0154304
-0.0156
-0.015768
-0.0159344
-0.0160991
-0.0162622
-0.0164237
-0.0165835
-0.0167416
-0.016898
-0.0170527
-0.0172057
-0.017357
-0.0175065
-0.0176543
-0.0178003
-0.0179445
-0.0180869
-0.0182276
-0.0183665
-0.0185035
-0.0186387
-0.0156795
-0.0158561
-0.016031
-0.0162043
-0.016376
-0.016546
-0.0167143
-0.016881
-0.017046
-0.0172092
-0.0173708
-0.0175306
-0.0176886
-0.0178449
-0.0179994
-0.0181522
-0.0183031
-0.0184523
-0.0185996
-0.0187451
-0.0188888
-0.0190307
-0.0191706
-0.0161938
-0.016377
-0.0165585
-0.0167384
-0.0169166
-0.0170932
-0.0172681
-0.0174412
-0.0176126
-0.0177823
-0.0179503
-0.0181165
-0.0182809
-0.0184435
-0.0186043
-0.0187633
-0.0189205
-0.0190758
-0.0192293
-0.019381
-0.0195308
-0.0196788
-0.0198247
-0.0168009
-0.0169919
-0.0171813
-0.017369
-0.017555
-0.0177394
-0.017922
-0.0181029
-0.018282
-0.0184594
-0.018635
-0.0188088
-0.0189808
-0.019151
-0.0193193
-0.0194859
-0.0196505
-0.0198134
-0.0199743
-0.0201334
-0.0202906
-0.020446
-0.0205992
-0.0174996
-0.0176998
-0.0178982
-0.018095
-0.0182901
-0.0184835
-0.0186751
-0.018865
-0.0190531
-0.0192394
-0.019424
-0.0196067
-0.0197876
-0.0199667
-0.0201439
-0.0203192
-0.0204927
-0.0206644
-0.0208341
-0.0210019
-0.0211679
-0.0213319
-0.0214937
-0.0182902
-0.0185007
-0.0187095
-0.0189167
-0.0191221
-0.0193258
-0.0195277
-0.0197279
-0.0199263
-0.0201229
-0.0203177
-0.0205106
-0.0207017
-0.020891
-0.0210784
-0.0212639
-0.0214476
-0.0216293
-0.0218091
-0.0219871
-0.0221631
-0.0223371
-0.0225089
-0.0191728
-0.019395
-0.0196155
-0.0198343
-0.0200514
-0.0202667
-0.0204803
-0.0206921
-0.0209022
-0.0211104
-0.0213167
-0.0215213
-0.021724
-0.0219248
-0.0221238
-0.0223208
-0.022516
-0.0227092
-0.0229006
-0.02309
-0.0232775
-0.023463
-0.0236461
-0.0201486
-0.0203839
-0.0206174
-0.0208493
-0.0210794
-0.0213078
-0.0215344
-0.0217593
-0.0219823
-0.0222035
-0.0224229
-0.0226404
-0.0228561
-0.0230699
-0.0232819
-0.0234919
-0.0237
-0.0239062
-0.0241105
-0.0243129
-0.0245133
-0.0247118
-0.0249076
-0.0212191
-0.0214688
-0.0217169
-0.0219632
-0.0222078
-0.0224507
-0.0226918
-0.0229311
-0.0231686
-0.0234043
-0.0236382
-0.0238702
-0.0241003
-0.0243286
-0.024555
-0.0247795
-0.0250021
-0.0252228
-0.0254416
-0.0256584
-0.0258733
-0.0260863
-0.0262964
-0.0223862
-0.0226519
-0.0229159
-0.0231783
-0.0234389
-0.0236977
-0.0239548
-0.0242101
-0.0244637
-0.0247154
-0.0249652
-0.0252133
-0.0254595
-0.0257038
-0.0259463
-0.0261868
-0.0264255
-0.0266623
-0.0268971
-0.0271301
-0.0273611
-0.0275902
-0.0278162
-0.0236523
-0.0239356
-0.0242172
-0.0244971
-0.0247752
-0.0250517
-0.0253264
-0.0255993
-0.0258705
-0.0261398
-0.0264074
-0.0266731
-0.026937
-0.027199
-0.0274592
-0.0277175
-0.0279739
-0.0282285
-0.0284812
-0.0287319
-0.0289808
-0.0292277
-0.0294714
-0.0250203
-0.0253227
-0.0256235
-0.0259226
-0.0262201
-0.0265158
-0.0268098
-0.0271021
-0.0273926
-0.0276813
-0.0279682
-0.0282534
-0.0285367
-0.0288182
-0.0290979
-0.0293758
-0.0296518
-0.0299259
-0.0301982
-0.0304687
-0.0307372
-0.0310039
-0.0312671
-0.0264931
-0.0268166
-0.0271383
-0.0274585
-0.0277769
-0.0280937
-0.0284088
-0.0287222
-0.0290339
-0.0293438
-0.029652
-0.0299585
-0.0302631
-0.030566
-0.0308671
-0.0311664
-0.0314639
-0.0317596
-0.0320535
-0.0323456
-0.0326358
-0.0329243
-0.0332089
-0.0280745
-0.0284207
-0.0287653
-0.0291084
-0.0294498
-0.0297895
-0.0301277
-0.0304641
-0.0307989
-0.031132
-0.0314634
-0.0317931
-0.0321211
-0.0324473
-0.0327719
-0.0330947
-0.0334157
-0.0337351
-0.0340526
-0.0343685
-0.0346826
-0.034995
-0.0353031
-0.0297681
-0.0301391
-0.0305086
-0.0308765
-0.0312429
-0.0316077
-0.0319709
-0.0323325
-0.0326924
-0.0330508
-0.0334075
-0.0337626
-0.034116
-0.0344678
-0.034818
-0.0351665
-0.0355133
-0.0358585
-0.036202
-0.0365439
-0.0368841
-0.0372227
-0.0375567
-0.0315783
-0.0319762
-0.0323727
-0.0327676
-0.0331611
-0.0335531
-0.0339435
-0.0343324
-0.0347198
-0.0351056
-0.0354899
-0.0358727
-0.0362539
-0.0366335
-0.0370116
-0.0373881
-0.0377631
-0.0381365
-0.0385084
-0.0388788
-0.0392476
-0.039615
-0.0399772
-0.0335095
-0.0339366
-0.0343623
-0.0347866
-0.0352094
-0.0356309
-0.0360509
-0.0364695
-0.0368866
-0.0373024
-0.0377166
-0.0381295
-0.0385409
-0.0389508
-0.0393593
-0.0397664
-0.0401721
-0.0405764
-0.0409793
-0.0413807
-0.0417808
-0.0421797
-0.0425728
-0.0355666
-0.0360253
-0.0364826
-0.0369387
-0.0373934
-0.0378468
-0.0382989
-0.0387497
-0.0391992
-0.0396473
-0.0400941
-0.0405397
-0.0409839
-0.0414268
-0.0418685
-0.0423089
-0.042748
-0.0431859
-0.0436225
-0.044058
-0.0444922
-0.0449255
-0.0453524
-0.0377549
-0.0382477
-0.0387393
-0.0392296
-0.0397188
-0.0402069
-0.0406937
-0.0411793
-0.0416638
-0.0421471
-0.0426293
-0.0431103
-0.0435902
-0.044069
-0.0445467
-0.0450233
-0.0454988
-0.0459733
-0.0464468
-0.0469192
-0.0473907
-0.0478615
-0.0483253
-0.0400799
-0.0406095
-0.0411381
-0.0416656
-0.042192
-0.0427175
-0.0432419
-0.0437653
-0.0442877
-0.0448091
-0.0453296
-0.0458491
-0.0463677
-0.0468853
-0.0474021
-0.0479181
-0.0484332
-0.0489475
-0.049461
-0.0499738
-0.0504859
-0.0509976
-0.0515016
-0.0425474
-0.0431168
-0.0436852
-0.0442528
-0.0448196
-0.0453854
-0.0459505
-0.0465147
-0.0470781
-0.0476408
-0.0482027
-0.0487639
-0.0493244
-0.0498843
-0.0504435
-0.0510021
-0.0515602
-0.0521178
-0.0526749
-0.0532316
-0.0537879
-0.0543443
-0.054892
-0.0451637
-0.0457759
-0.0463874
-0.0469983
-0.0476084
-0.048218
-0.0488269
-0.0494352
-0.0500429
-0.0506502
-0.0512569
-0.0518633
-0.0524692
-0.0530747
-0.05368
-0.0542849
-0.0548897
-0.0554943
-0.0560987
-0.0567032
-0.0573075
-0.0579125
-0.0585079
-0.0479353
-0.0485937
-0.0492516
-0.049909
-0.050566
-0.0512226
-0.0518788
-0.0525347
-0.0531904
-0.0538458
-0.054501
-0.0551561
-0.0558111
-0.0564662
-0.0571212
-0.0577764
-0.0584317
-0.0590873
-0.0597432
-0.0603994
-0.061056
-0.0617139
-0.0623611
-0.0508691
-0.0515772
-0.052285
-0.0529926
-0.0537
-0.0544073
-0.0551145
-0.0558217
-0.056529
-0.0572364
-0.057944
-0.0586518
-0.0593599
-0.0600684
-0.0607774
-0.0614869
-0.062197
-0.0629078
-0.0636195
-0.064332
-0.0650453
-0.0657607
-0.0664642
-0.0539724
-0.0547339
-0.0554953
-0.0562568
-0.0570185
-0.0577804
-0.0585425
-0.059305
-0.060068
-0.0608314
-0.0615954
-0.0623601
-0.0631255
-0.0638918
-0.064659
-0.0654273
-0.0661967
-0.0669674
-0.0677394
-0.0685129
-0.0692878
-0.0700656
-0.0708303
-0.0572528
-0.0580715
-0.0588906
-0.05971
-0.06053
-0.0613506
-0.0621718
-0.0629938
-0.0638166
-0.0646404
-0.0654652
-0.0662912
-0.0671185
-0.0679471
-0.0687772
-0.069609
-0.0704425
-0.0712779
-0.0721153
-0.0729548
-0.0737965
-0.0746419
-0.0754729
-0.0607181
-0.0615983
-0.0624791
-0.0633608
-0.0642434
-0.065127
-0.0660116
-0.0668975
-0.0677848
-0.0686735
-0.0695638
-0.0704557
-0.0713496
-0.0722454
-0.0731434
-0.0740436
-0.0749463
-0.0758516
-0.0767597
-0.0776707
-0.0785846
-0.0795034
-0.0804062
-0.0643766
-0.0653226
-0.0662697
-0.0672181
-0.0681678
-0.0691189
-0.0700717
-0.0710262
-0.0719826
-0.072941
-0.0739017
-0.0748646
-0.0758301
-0.0767983
-0.0777693
-0.0787434
-0.0797207
-0.0807014
-0.0816858
-0.082674
-0.0836659
-0.0846641
-0.0856447
-0.0682369
-0.0692534
-0.0702714
-0.0712911
-0.0723127
-0.0733362
-0.074362
-0.07539
-0.0764206
-0.0774538
-0.07849
-0.0795291
-0.0805716
-0.0816175
-0.0826671
-0.0837207
-0.0847783
-0.0858403
-0.0869069
-0.0879785
-0.0890547
-0.0901386
-0.0912032
-0.0723081
-0.0733998
-0.0744936
-0.0755895
-0.0766879
-0.0777889
-0.0788927
-0.0799995
-0.0811095
-0.0822229
-0.0833399
-0.0844608
-0.0855858
-0.0867152
-0.0878492
-0.0889881
-0.0901321
-0.0912816
-0.0924367
-0.093598
-0.0947651
-0.0959415
-0.0970969
-0.0765993
-0.0777712
-0.0789458
-0.0801232
-0.0813036
-0.0824873
-0.0836745
-0.0848653
-0.0860602
-0.0872593
-0.0884629
-0.0896713
-0.0908847
-0.0921036
-0.093328
-0.0945585
-0.0957952
-0.0970386
-0.0982889
-0.0995467
-0.100811
-0.102088
-0.103341
-0.0811201
-0.0823776
-0.0836383
-0.0849023
-0.0861702
-0.087442
-0.088718
-0.0899986
-0.0912841
-0.0925746
-0.0938707
-0.0951725
-0.0964805
-0.0977949
-0.0991161
-0.100445
-0.101781
-0.103125
-0.104477
-0.105838
-0.107208
-0.108592
-0.10995
-0.0858806
-0.0872289
-0.088581
-0.0899373
-0.091298
-0.0926636
-0.0940342
-0.0954103
-0.0967922
-0.0981802
-0.0995748
-0.100976
-0.102385
-0.103801
-0.105226
-0.106659
-0.108101
-0.109553
-0.111015
-0.112487
-0.113969
-0.115468
-0.116939
-0.0908908
-0.0923354
-0.0937846
-0.0952387
-0.0966981
-0.0981631
-0.0996342
-0.101112
-0.102596
-0.104088
-0.105587
-0.107094
-0.10861
-0.110135
-0.11167
-0.113215
-0.11477
-0.116337
-0.117915
-0.119506
-0.121109
-0.12273
-0.124322
-0.0961613
-0.0977078
-0.0992597
-0.100817
-0.102381
-0.103951
-0.105529
-0.107114
-0.108707
-0.110308
-0.111918
-0.113538
-0.115168
-0.116808
-0.11846
-0.120123
-0.121799
-0.123488
-0.125191
-0.126908
-0.128639
-0.130391
-0.132113
-0.101703
-0.103357
-0.105017
-0.106684
-0.108358
-0.11004
-0.111729
-0.113428
-0.115135
-0.116852
-0.11858
-0.120319
-0.122069
-0.123832
-0.125607
-0.127396
-0.129199
-0.131018
-0.132852
-0.134704
-0.136571
-0.138463
-0.140322
-0.107526
-0.109294
-0.111068
-0.11285
-0.11464
-0.116438
-0.118246
-0.120064
-0.121892
-0.123731
-0.125583
-0.127447
-0.129324
-0.131215
-0.133121
-0.135043
-0.136982
-0.138937
-0.140911
-0.142905
-0.144916
-0.146956
-0.148962
-0.113643
-0.115529
-0.117423
-0.119325
-0.121236
-0.123158
-0.125089
-0.127032
-0.128987
-0.130955
-0.132936
-0.134932
-0.136942
-0.138969
-0.141012
-0.143074
-0.145154
-0.147254
-0.149375
-0.151518
-0.153683
-0.155879
-0.158039
-0.120064
-0.122074
-0.124092
-0.126121
-0.128159
-0.130208
-0.13227
-0.134343
-0.136431
-0.138532
-0.140649
-0.142782
-0.144932
-0.1471
-0.149288
-0.151495
-0.153724
-0.155976
-0.158251
-0.160552
-0.162876
-0.165237
-0.16756
-0.12467
-0.1268
-0.128939
-0.131088
-0.133247
-0.135417
-0.1376
-0.139795
-0.142005
-0.14423
-0.146471
-0.148728
-0.151004
-0.1533
-0.155615
-0.157953
-0.160313
-0.162697
-0.165106
-0.167543
-0.170008
-0.172499
-0.175033
-0.177527
-0.131601
-0.133863
-0.136136
-0.138419
-0.140713
-0.14302
-0.14534
-0.147675
-0.150025
-0.152392
-0.154777
-0.15718
-0.159604
-0.16205
-0.164518
-0.16701
-0.169528
-0.172074
-0.174647
-0.177251
-0.179887
-0.182553
-0.185266
-0.187937
-0.138865
-0.141264
-0.143674
-0.146095
-0.148528
-0.150975
-0.153437
-0.155914
-0.158409
-0.160922
-0.163455
-0.166008
-0.168584
-0.171184
-0.173809
-0.176462
-0.179142
-0.181853
-0.184596
-0.187372
-0.190185
-0.193031
-0.19593
-0.198785
-0.146475
-0.149014
-0.151564
-0.154126
-0.156701
-0.159291
-0.161897
-0.16452
-0.167162
-0.169823
-0.172507
-0.175213
-0.177944
-0.180702
-0.183488
-0.186303
-0.18915
-0.192031
-0.194947
-0.197901
-0.200895
-0.203926
-0.207017
-0.210062
-0.154442
-0.157122
-0.159814
-0.162519
-0.165238
-0.167972
-0.170724
-0.173494
-0.176284
-0.179096
-0.181932
-0.184793
-0.187681
-0.190598
-0.193546
-0.196527
-0.199543
-0.202597
-0.20569
-0.208824
-0.212004
-0.215225
-0.218513
-0.221754
-0.162776
-0.165598
-0.168433
-0.171281
-0.174143
-0.177022
-0.17992
-0.182837
-0.185776
-0.188738
-0.191726
-0.194742
-0.197787
-0.200864
-0.203976
-0.207123
-0.21031
-0.213537
-0.216809
-0.220127
-0.223496
-0.226912
-0.230401
-0.233845
-0.171487
-0.174451
-0.177427
-0.180416
-0.183421
-0.186442
-0.189483
-0.192546
-0.195631
-0.198742
-0.201881
-0.205049
-0.20825
-0.211486
-0.21476
-0.218073
-0.22143
-0.224833
-0.228285
-0.231789
-0.23535
-0.238965
-0.24266
-0.24632
-0.180585
-0.183687
-0.1868
-0.189927
-0.19307
-0.19623
-0.199411
-0.202614
-0.205841
-0.209096
-0.212381
-0.215699
-0.219051
-0.222443
-0.225876
-0.229353
-0.232879
-0.236457
-0.24009
-0.243782
-0.247538
-0.251359
-0.255263
-0.25916
-0.190078
-0.193312
-0.196556
-0.199815
-0.203088
-0.20638
-0.209693
-0.213029
-0.216392
-0.219784
-0.223208
-0.226668
-0.230166
-0.233708
-0.237295
-0.240932
-0.244623
-0.248374
-0.252187
-0.256069
-0.260023
-0.264059
-0.268174
-0.272343
-0.199971
-0.203328
-0.206694
-0.210074
-0.213468
-0.216881
-0.220315
-0.223773
-0.22726
-0.230777
-0.23433
-0.237922
-0.241557
-0.24524
-0.248975
-0.252766
-0.256619
-0.260539
-0.264531
-0.268603
-0.272757
-0.277017
-0.281343
-0.285836
-0.21027
-0.213737
-0.217212
-0.220698
-0.224198
-0.227716
-0.231256
-0.234822
-0.238416
-0.242044
-0.245709
-0.249417
-0.253173
-0.256981
-0.260849
-0.264782
-0.268786
-0.272871
-0.277041
-0.281308
-0.285667
-0.290167
-0.294697
-0.29959
-0.220977
-0.224536
-0.2281
-0.231673
-0.23526
-0.238864
-0.242489
-0.246141
-0.249823
-0.253541
-0.257299
-0.261105
-0.264962
-0.268878
-0.272859
-0.276913
-0.281048
-0.285274
-0.289602
-0.29405
-0.29861
-0.303366
-0.308096
-0.313503
-0.232093
-0.235719
-0.239346
-0.24298
-0.246624
-0.250283
-0.253963
-0.257669
-0.261407
-0.265183
-0.269004
-0.272877
-0.27681
-0.280811
-0.284889
-0.289053
-0.293312
-0.297675
-0.302151
-0.306763
-0.311493
-0.316481
-0.321359
-0.327396
-0.243619
-0.24728
-0.250938
-0.254596
-0.258261
-0.261937
-0.265629
-0.269345
-0.273091
-0.276872
-0.280699
-0.284579
-0.288523
-0.292542
-0.296649
-0.30086
-0.305191
-0.30966
-0.314282
-0.319083
-0.324029
-0.329292
-0.334305
-0.34106
-0.255544
-0.259201
-0.262848
-0.266489
-0.270132
-0.273781
-0.277444
-0.281128
-0.284839
-0.288585
-0.292374
-0.296215
-0.300118
-0.304093
-0.308151
-0.312308
-0.316581
-0.320995
-0.325578
-0.330381
-0.335405
-0.340879
-0.346097
-0.353773
-0.26783
-0.271425
-0.275
-0.278561
-0.282116
-0.285673
-0.28924
-0.292827
-0.296443
-0.3001
-0.30381
-0.307585
-0.311438
-0.315384
-0.319436
-0.323607
-0.327908
-0.332348
-0.336932
-0.341677
-0.346568
-0.35182
-0.356798
-0.364998
-0.280482
-0.283936
-0.287352
-0.290736
-0.294093
-0.297432
-0.300761
-0.304089
-0.307427
-0.310788
-0.314187
-0.317642
-0.321174
-0.324808
-0.328575
-0.332508
-0.336648
-0.341038
-0.345721
-0.350738
-0.356089
-0.361822
-0.367283
-0.375597
-0.29352
-0.296774
-0.299965
-0.303098
-0.306176
-0.309202
-0.312181
-0.315116
-0.318013
-0.320878
-0.323719
-0.326546
-0.329372
-0.332217
-0.335102
-0.338056
-0.341118
-0.344339
-0.347794
-0.351595
-0.355926
-0.361103
-0.367536
-0.377669
-0.0180193
-0.0183079
-0.0185937
-0.0188757
-0.0191532
-0.0194256
-0.0196922
-0.0199521
-0.0202044
-0.0204483
-0.0206828
-0.0209067
-0.0211192
-0.0213191
-0.0215053
-0.0216766
-0.0218318
-0.0219695
-0.0181663
-0.018457
-0.018744
-0.0190271
-0.0193057
-0.0195793
-0.0198469
-0.0201077
-0.0203608
-0.0206052
-0.02084
-0.0210642
-0.0212767
-0.0214764
-0.0216621
-0.0218327
-0.021987
-0.0221236
-0.0184491
-0.0187445
-0.0190344
-0.0193198
-0.0196008
-0.0198768
-0.0201466
-0.0204093
-0.0206639
-0.0209095
-0.0211452
-0.0213698
-0.0215824
-0.0217817
-0.0219666
-0.0221359
-0.0222883
-0.0224227
-0.0188644
-0.0191665
-0.0194603
-0.019749
-0.0200335
-0.0203129
-0.0205859
-0.0208513
-0.0211081
-0.0213554
-0.0215921
-0.0218173
-0.0220298
-0.0222285
-0.0224121
-0.0225794
-0.0227292
-0.0228601
-0.0194066
-0.0197175
-0.0200165
-0.0203095
-0.0205985
-0.0208824
-0.0211595
-0.0214284
-0.0216879
-0.0219373
-0.0221754
-0.0224013
-0.0226137
-0.0228115
-0.0229933
-0.0231579
-0.023304
-0.0234303
-0.0200735
-0.0203951
-0.0207005
-0.0209987
-0.0212931
-0.0215825
-0.0218646
-0.0221377
-0.0224005
-0.0226523
-0.022892
-0.0231186
-0.0233307
-0.0235271
-0.0237065
-0.0238676
-0.024009
-0.0241294
-0.0208635
-0.0211978
-0.0215106
-0.0218149
-0.0221156
-0.0224114
-0.0226993
-0.0229772
-0.0232438
-0.0234983
-0.0237398
-0.0239669
-0.0241784
-0.024373
-0.0245493
-0.0247059
-0.0248414
-0.0249545
-0.0217761
-0.0221251
-0.0224464
-0.0227576
-0.0230655
-0.0233686
-0.0236631
-0.0239463
-0.0242171
-0.0244746
-0.0247177
-0.0249452
-0.0251558
-0.0253479
-0.0255203
-0.0256713
-0.0257997
-0.0259038
-0.022812
-0.0231778
-0.0235085
-0.0238274
-0.0241434
-0.0244546
-0.0247563
-0.0250455
-0.0253208
-0.0255813
-0.025826
-0.0260537
-0.0262627
-0.0264517
-0.0266191
-0.0267633
-0.026883
-0.0269765
-0.0239728
-0.0243575
-0.0246986
-0.0250258
-0.0253507
-0.0256708
-0.0259804
-0.026276
-0.026556
-0.0268196
-0.0270658
-0.0272931
-0.0275001
-0.027685
-0.0278462
-0.0279823
-0.0280915
-0.0281724
-0.0252609
-0.0256664
-0.0260189
-0.0263553
-0.0266898
-0.0270195
-0.0273377
-0.02764
-0.0279249
-0.0281915
-0.0284388
-0.0286653
-0.0288694
-0.0290491
-0.029203
-0.0293292
-0.0294261
-0.0294921
-0.0266793
-0.027108
-0.0274728
-0.0278189
-0.0281637
-0.0285038
-0.0288311
-0.0291405
-0.0294304
-0.0296998
-0.0299478
-0.0301729
-0.030373
-0.0305464
-0.0306912
-0.0308057
-0.0308882
-0.0309369
-0.028232
-0.028686
-0.0290641
-0.0294206
-0.0297765
-0.0301277
-0.0304646
-0.0307813
-0.0310761
-0.0313481
-0.0315963
-0.0318189
-0.0320141
-0.0321796
-0.0323137
-0.0324144
-0.0324798
-0.0325082
-0.0299236
-0.0304053
-0.0307976
-0.031165
-0.0315326
-0.0318956
-0.0322425
-0.0325669
-0.0328664
-0.0331406
-0.0333882
-0.0336075
-0.0337963
-0.0339524
-0.0340737
-0.0341582
-0.0342041
-0.0342094
-0.0317592
-0.0322712
-0.0326785
-0.0330575
-0.0334375
-0.0338128
-0.0341703
-0.0345022
-0.0348064
-0.0350821
-0.0353284
-0.0355432
-0.0357241
-0.0358688
-0.0359751
-0.0360408
-0.036064
-0.0360426
-0.0337449
-0.0342896
-0.034713
-0.0351041
-0.0354971
-0.0358853
-0.0362536
-0.0365932
-0.0369017
-0.0371784
-0.0374222
-0.0376311
-0.0378024
-0.0379336
-0.0380223
-0.0380663
-0.0380635
-0.0380117
-0.0358872
-0.0364674
-0.0369077
-0.0373114
-0.0377179
-0.0381197
-0.0384992
-0.0388464
-0.0391586
-0.0394354
-0.0396757
-0.0398771
-0.0400368
-0.040152
-0.0402202
-0.0402391
-0.0402064
-0.0401198
-0.0381932
-0.0388119
-0.0392701
-0.0396868
-0.0401074
-0.0405232
-0.0409141
-0.0412687
-0.0415842
-0.0418602
-0.0420955
-0.0422875
-0.0424333
-0.0425299
-0.0425745
-0.0425646
-0.0424978
-0.0423718
-0.0406709
-0.041331
-0.0418081
-0.0422383
-0.0426735
-0.0431038
-0.0435063
-0.0438681
-0.0441861
-0.04446
-0.0446887
-0.0448694
-0.0449988
-0.0450736
-0.0450909
-0.0450482
-0.0449427
-0.0447721
-0.0433287
-0.0440336
-0.0445304
-0.0449744
-0.0454248
-0.0458701
-0.0462842
-0.0466528
-0.0469725
-0.0472431
-0.0474634
-0.0476304
-0.0477404
-0.0477901
-0.0477762
-0.0476959
-0.0475466
-0.0473261
-0.0461758
-0.0469289
-0.0474463
-0.0479046
-0.0483706
-0.0488312
-0.049257
-0.049632
-0.0499523
-0.050218
-0.0504278
-0.0505785
-0.050666
-0.0506868
-0.0506374
-0.0505148
-0.0503159
-0.050039
-0.049222
-0.0500269
-0.0505661
-0.0510388
-0.0515208
-0.0519971
-0.0524346
-0.0528153
-0.053135
-0.0533941
-0.0535911
-0.0537225
-0.0537841
-0.0537716
-0.0536816
-0.0535108
-0.0532569
-0.0529167
-0.0524778
-0.0533384
-0.0539002
-0.0543877
-0.054886
-0.0553783
-0.0558274
-0.056213
-0.0565308
-0.0567813
-0.0569629
-0.057072
-0.0571036
-0.0570535
-0.0569176
-0.056693
-0.0563767
-0.0559657
-0.0559543
-0.0568747
-0.05746
-0.0579625
-0.0584776
-0.0589861
-0.0594465
-0.0598362
-0.0601506
-0.0603903
-0.0605537
-0.0606367
-0.0606342
-0.0605415
-0.0603539
-0.0600688
-0.0596828
-0.0591926
-0.0596632
-0.0606479
-0.0612576
-0.0617752
-0.0623073
-0.0628323
-0.0633038
-0.0636966
-0.0640058
-0.0642323
-0.0643743
-0.0644273
-0.0643857
-0.0642441
-0.0639993
-0.0636469
-0.0631831
-0.0626049
-0.063617
-0.0646705
-0.0653057
-0.0658384
-0.0663877
-0.0669294
-0.0674116
-0.0678064
-0.0681085
-0.068319
-0.0684363
-0.0684554
-0.06837
-0.0681743
-0.0678645
-0.0674364
-0.066886
-0.0662103
-0.0678287
-0.0689559
-0.0696174
-0.0701653
-0.0707321
-0.0712906
-0.0717829
-0.0721785
-0.0724715
-0.0726633
-0.072752
-0.072732
-0.0725969
-0.0723414
-0.0719599
-0.0714475
-0.0708008
-0.0700169
-0.0723118
-0.0735179
-0.0742067
-0.0747697
-0.0753541
-0.0759294
-0.0764315
-0.0768265
-0.0771082
-0.0772781
-0.0773345
-0.077271
-0.0770805
-0.0767572
-0.0762951
-0.0756896
-0.0749367
-0.0740337
-0.0770806
-0.078371
-0.0790879
-0.0796659
-0.0802679
-0.0808602
-0.0813714
-0.0817644
-0.0820326
-0.0821777
-0.0821974
-0.082084
-0.081832
-0.0814336
-0.0808826
-0.0801742
-0.0793043
-0.0782698
-0.0821497
-0.0835301
-0.0842759
-0.0848686
-0.0854884
-0.0860976
-0.0866171
-0.0870063
-0.0872584
-0.0873764
-0.0873596
-0.0871868
-0.0868651
-0.0863836
-0.0857347
-0.084913
-0.0839144
-0.0827355
-0.0875342
-0.0890107
-0.0897862
-0.0903932
-0.0910309
-0.0916568
-0.0921838
-0.0925667
-0.0927977
-0.0928787
-0.0928056
-0.0925853
-0.0921922
-0.0916205
-0.0908643
-0.0899185
-0.0887787
-0.0874414
-0.0932496
-0.0948283
-0.0956343
-0.0962555
-0.0969111
-0.0975541
-0.0980882
-0.098464
-0.0986737
-0.09872
-0.0986008
-0.0983092
-0.0978322
-0.0971603
-0.0962863
-0.0952045
-0.09391
-0.0923993
-0.0993114
-0.100999
-0.101836
-0.102471
-0.103145
-0.103805
-0.104346
-0.104714
-0.104899
-0.104906
-0.104732
-0.104367
-0.103799
-0.103018
-0.102015
-0.100785
-0.0993217
-0.0976216
-0.105735
-0.107539
-0.108408
-0.109056
-0.109749
-0.110427
-0.110974
-0.111331
-0.11149
-0.111453
-0.111219
-0.110775
-0.110109
-0.10921
-0.108067
-0.106676
-0.105028
-0.103122
-0.112537
-0.114463
-0.115365
-0.116026
-0.116738
-0.117434
-0.117988
-0.118334
-0.118463
-0.11838
-0.11808
-0.117552
-0.11678
-0.115753
-0.114459
-0.112892
-0.111046
-0.108915
-0.106499
-0.119731
-0.121788
-0.122722
-0.123397
-0.124128
-0.124844
-0.125404
-0.125739
-0.125837
-0.125704
-0.125334
-0.124716
-0.123831
-0.122666
-0.121209
-0.119453
-0.11739
-0.115016
-0.11233
-0.127333
-0.129527
-0.130495
-0.131182
-0.131934
-0.132671
-0.133239
-0.133561
-0.133627
-0.133443
-0.133001
-0.132286
-0.13128
-0.129968
-0.128337
-0.126378
-0.124082
-0.121444
-0.118464
-0.135356
-0.137694
-0.138697
-0.139397
-0.140172
-0.140932
-0.141508
-0.141819
-0.141853
-0.141615
-0.141097
-0.140282
-0.139149
-0.137681
-0.135864
-0.133686
-0.131139
-0.128217
-0.12492
-0.143812
-0.146302
-0.147341
-0.148054
-0.148854
-0.14964
-0.150228
-0.150529
-0.150532
-0.150239
-0.149644
-0.148725
-0.14746
-0.145828
-0.143813
-0.141402
-0.138586
-0.135357
-0.131716
-0.152711
-0.155361
-0.156437
-0.157165
-0.157992
-0.158809
-0.159413
-0.159708
-0.15968
-0.159336
-0.158663
-0.157639
-0.156236
-0.154432
-0.152209
-0.14955
-0.146446
-0.142887
-0.138874
-0.162062
-0.16488
-0.165993
-0.166738
-0.167598
-0.16845
-0.169076
-0.16937
-0.169318
-0.168924
-0.168176
-0.167046
-0.165503
-0.163521
-0.161079
-0.158159
-0.154746
-0.150834
-0.14642
-0.17187
-0.174863
-0.176016
-0.176781
-0.177679
-0.178575
-0.17923
-0.179531
-0.179462
-0.179026
-0.178206
-0.176972
-0.175288
-0.173124
-0.170454
-0.167257
-0.163518
-0.159226
-0.15438
-0.182137
-0.185313
-0.186508
-0.187298
-0.188242
-0.189191
-0.189886
-0.190204
-0.190129
-0.18966
-0.188777
-0.187444
-0.185621
-0.183272
-0.180367
-0.17688
-0.172794
-0.168096
-0.162785
-0.192861
-0.196228
-0.197469
-0.198289
-0.19929
-0.200305
-0.201053
-0.201403
-0.201335
-0.200846
-0.199912
-0.19849
-0.196534
-0.194
-0.190854
-0.187066
-0.182613
-0.177481
-0.171669
-0.204037
-0.207602
-0.208892
-0.209751
-0.210822
-0.21192
-0.21274
-0.21314
-0.213098
-0.212609
-0.211641
-0.210144
-0.208063
-0.205348
-0.201958
-0.197856
-0.193017
-0.187423
-0.181072
-0.215653
-0.219422
-0.220768
-0.221677
-0.222835
-0.224037
-0.224952
-0.225427
-0.225437
-0.224971
-0.223992
-0.222439
-0.220247
-0.217359
-0.213724
-0.2093
-0.204054
-0.197968
-0.191037
-0.227692
-0.231672
-0.233078
-0.234051
-0.235319
-0.236652
-0.237692
-0.238273
-0.238367
-0.237957
-0.236996
-0.235413
-0.23313
-0.230081
-0.226204
-0.22145
-0.215779
-0.209168
-0.201613
-0.240132
-0.244321
-0.245797
-0.246855
-0.248261
-0.249759
-0.25096
-0.251686
-0.251904
-0.251591
-0.250687
-0.249106
-0.24676
-0.243567
-0.239456
-0.234366
-0.228251
-0.221082
-0.212855
-0.252935
-0.257327
-0.258885
-0.260057
-0.261639
-0.263343
-0.26475
-0.26567
-0.266063
-0.265897
-0.265097
-0.263561
-0.261185
-0.257873
-0.253539
-0.248111
-0.241534
-0.233773
-0.224823
-0.266049
-0.270621
-0.272284
-0.273612
-0.27542
-0.27738
-0.279046
-0.280219
-0.28085
-0.280893
-0.280256
-0.278817
-0.276453
-0.273053
-0.268515
-0.262751
-0.255694
-0.247306
-0.237579
-0.27939
-0.284101
-0.285906
-0.287455
-0.289552
-0.291829
-0.293817
-0.295312
-0.296256
-0.296584
-0.29618
-0.2949
-0.292604
-0.289156
-0.284438
-0.278344
-0.270796
-0.261745
-0.251182
-0.292827
-0.29761
-0.299624
-0.301493
-0.303959
-0.306618
-0.309001
-0.310902
-0.31225
-0.312951
-0.312861
-0.311817
-0.309651
-0.306208
-0.301344
-0.294936
-0.286887
-0.277139
-0.265684
-0.306158
-0.310917
-0.313264
-0.315596
-0.318525
-0.321635
-0.324491
-0.326895
-0.328753
-0.329928
-0.33025
-0.329528
-0.327571
-0.324196
-0.319233
-0.312533
-0.303984
-0.293515
-0.281113
-0.319073
-0.323696
-0.326587
-0.329583
-0.333074
-0.336701
-0.340117
-0.343134
-0.345622
-0.347383
-0.34822
-0.347922
-0.346266
-0.343038
-0.338036
-0.331087
-0.322052
-0.310848
-0.297455
-0.331115
-0.33552
-0.339302
-0.343208
-0.347349
-0.351551
-0.355625
-0.359376
-0.362616
-0.365077
-0.366546
-0.366784
-0.365536
-0.36255
-0.357592
-0.350454
-0.340972
-0.329041
-0.314634
-0.341699
-0.345921
-0.351093
-0.356152
-0.360981
-0.365814
-0.37066
-0.375291
-0.379363
-0.382641
-0.384863
-0.385759
-0.385039
-0.382411
-0.377602
-0.370367
-0.360508
-0.347895
-0.332485
-0.350091
-0.354517
-0.361695
-0.368035
-0.373511
-0.37902
-0.384743
-0.390321
-0.395348
-0.399562
-0.402665
-0.404343
-0.404277
-0.402138
-0.397608
-0.390401
-0.380277
-0.367071
-0.350717
-0.355646
-0.361133
-0.37088
-0.378416
-0.38446
-0.390707
-0.397377
-0.403956
-0.410013
-0.415288
-0.419388
-0.421972
-0.422696
-0.421191
-0.417092
-0.410064
-0.39982
-0.386151
-0.368956
-0.358635
-0.365891
-0.37817
-0.386659
-0.393379
-0.400548
-0.408262
-0.4159
-0.423012
-0.429478
-0.434708
-0.438348
-0.440022
-0.439319
-0.435825
-0.429151
-0.418956
-0.404975
-0.387061
-0.360866
-0.370249
-0.383289
-0.392372
-0.400108
-0.408429
-0.417269
-0.426095
-0.434509
-0.441925
-0.448234
-0.452937
-0.455604
-0.455785
-0.453017
-0.446859
-0.436908
-0.422833
-0.404423
-0.374737
-0.378396
-0.386903
-0.395137
-0.403043
-0.411684
-0.420788
-0.42984
-0.438456
-0.446296
-0.453042
-0.458088
-0.461086
-0.461592
-0.459132
-0.453249
-0.443515
-0.429564
-0.379407
-0.383264
-0.390459
-0.398657
-0.406891
-0.415883
-0.42527
-0.43456
-0.443409
-0.451361
-0.458069
-0.463098
-0.466042
-0.466416
-0.463744
-0.457562
-0.447434
-0.432983
-0.382682
-0.387146
-0.394121
-0.402674
-0.411372
-0.420759
-0.430448
-0.439959
-0.448929
-0.456974
-0.463684
-0.468599
-0.471335
-0.471395
-0.468296
-0.461567
-0.45076
-0.435488
-0.385604
-0.390437
-0.397423
-0.406381
-0.415525
-0.425257
-0.435201
-0.444896
-0.453961
-0.462037
-0.468762
-0.473579
-0.47612
-0.475901
-0.472433
-0.465233
-0.453839
-0.437855
-0.388211
-0.393496
-0.400654
-0.410017
-0.41957
-0.429606
-0.439768
-0.449613
-0.458766
-0.466912
-0.473492
-0.478195
-0.480536
-0.480042
-0.476222
-0.468584
-0.456655
-0.440024
-0.390583
-0.39642
-0.403916
-0.413688
-0.423623
-0.433932
-0.444282
-0.454243
-0.463445
-0.47152
-0.478029
-0.482585
-0.484698
-0.483902
-0.479709
-0.47162
-0.459149
-0.441869
-0.392836
-0.399286
-0.407226
-0.41739
-0.42767
-0.43822
-0.448725
-0.458769
-0.467985
-0.475986
-0.482372
-0.486742
-0.488591
-0.487467
-0.482879
-0.474321
-0.461296
-0.395061
-0.402169
-0.410601
-0.421121
-0.431705
-0.442459
-0.453084
-0.463175
-0.472369
-0.480282
-0.486502
-0.490644
-0.492195
-0.490715
-0.485711
-0.476669
-0.463083
-0.397335
-0.405116
-0.414051
-0.424882
-0.435726
-0.446646
-0.457356
-0.467459
-0.476594
-0.484381
-0.490405
-0.494283
-0.495503
-0.49364
-0.488197
-0.478655
-0.464497
-0.399719
-0.408155
-0.417573
-0.428666
-0.439725
-0.450773
-0.461533
-0.471613
-0.480654
-0.488275
-0.494068
-0.497652
-0.498511
-0.496237
-0.490331
-0.480269
-0.465526
-0.402256
-0.411294
-0.421151
-0.432459
-0.443688
-0.454828
-0.4656
-0.475623
-0.484536
-0.491957
-0.497512
-0.500735
-0.501211
-0.4985
-0.492106
-0.481503
-0.46616
-0.404967
-0.414524
-0.424764
-0.436238
-0.447595
-0.458789
-0.469541
-0.479472
-0.488223
-0.495413
-0.500672
-0.503524
-0.503594
-0.500421
-0.493514
-0.482349
-0.46639
-0.407851
-0.417821
-0.428379
-0.439978
-0.451421
-0.462634
-0.473332
-0.483139
-0.491697
-0.498622
-0.503529
-0.506012
-0.50565
-0.50199
-0.494548
-0.482801
-0.410882
-0.421151
-0.431962
-0.443645
-0.455136
-0.466334
-0.476945
-0.486598
-0.494933
-0.501569
-0.506115
-0.508191
-0.50737
-0.503199
-0.4952
-0.482851
-0.414018
-0.424469
-0.435472
-0.447203
-0.458706
-0.469856
-0.480352
-0.489823
-0.497908
-0.50423
-0.508402
-0.510043
-0.508738
-0.504036
-0.495462
-0.482492
-0.4172
-0.427724
-0.438863
-0.45061
-0.462092
-0.473166
-0.483518
-0.492781
-0.500593
-0.50658
-0.51036
-0.511548
-0.509741
-0.50449
-0.495324
-0.481718
-0.420361
-0.430864
-0.442091
-0.453825
-0.465257
-0.476226
-0.486411
-0.495443
-0.502962
-0.508596
-0.511965
-0.512687
-0.510363
-0.504551
-0.494778
-0.480523
-0.423427
-0.433831
-0.445109
-0.456805
-0.46816
-0.479001
-0.488996
-0.497778
-0.504986
-0.510253
-0.513198
-0.513443
-0.510593
-0.504209
-0.49382
-0.478905
-0.426323
-0.436572
-0.447873
-0.459508
-0.470762
-0.481454
-0.49124
-0.499756
-0.506641
-0.51153
-0.514042
-0.513802
-0.510419
-0.503456
-0.492443
-0.476861
-0.428981
-0.439038
-0.450342
-0.461895
-0.473029
-0.483553
-0.493115
-0.501352
-0.507905
-0.512409
-0.514482
-0.513753
-0.509833
-0.502288
-0.490646
-0.431339
-0.441185
-0.452478
-0.463929
-0.474927
-0.485267
-0.494593
-0.502543
-0.508758
-0.512875
-0.514508
-0.513286
-0.508831
-0.500703
-0.488431
-0.433342
-0.442979
-0.454252
-0.465582
-0.476431
-0.486576
-0.495657
-0.503314
-0.509188
-0.512919
-0.514112
-0.5124
-0.507413
-0.498704
-0.485805
-0.434953
-0.444387
-0.455641
-0.466831
-0.47752
-0.487462
-0.496293
-0.503656
-0.509193
-0.512548
-0.513299
-0.511089
-0.505583
-0.496299
-0.482779
-0.436221
-0.445354
-0.456624
-0.467664
-0.478185
-0.487917
-0.496497
-0.503569
-0.508776
-0.511778
-0.512079
-0.509353
-0.503349
-0.493504
-0.479372
-0.437216
-0.445846
-0.457181
-0.468075
-0.478423
-0.487944
-0.496272
-0.503053
-0.507925
-0.510527
-0.510437
-0.507296
-0.500761
-0.490352
-0.475617
-0.437283
-0.446164
-0.457335
-0.46807
-0.478245
-0.487554
-0.495635
-0.502131
-0.50668
-0.508912
-0.508427
-0.504856
-0.497817
-0.486861
-0.471539
-0.437057
-0.446033
-0.45709
-0.467668
-0.47767
-0.486769
-0.494609
-0.500831
-0.505069
-0.506949
-0.506079
-0.502081
-0.494558
-0.483074
-0.467188
-0.436511
-0.445518
-0.456475
-0.466898
-0.47673
-0.485624
-0.493231
-0.499188
-0.503128
-0.504674
-0.503434
-0.499023
-0.491035
-0.479045
-0.462617
-0.435627
-0.444677
-0.455531
-0.4658
-0.475466
-0.484163
-0.491546
-0.497251
-0.500908
-0.502135
-0.500542
-0.495735
-0.487305
-0.474832
-0.457891
-0.434449
-0.44356
-0.454306
-0.464426
-0.473931
-0.48244
-0.489611
-0.495078
-0.498467
-0.499394
-0.497465
-0.492283
-0.483434
-0.470505
-0.453081
-0.433038
-0.442224
-0.452857
-0.462835
-0.472188
-0.480519
-0.487491
-0.492734
-0.495873
-0.496519
-0.494276
-0.488741
-0.479499
-0.466144
-0.431462
-0.440732
-0.451249
-0.461096
-0.470305
-0.47847
-0.485258
-0.490294
-0.4932
-0.493586
-0.491051
-0.485188
-0.475583
-0.461835
-0.429794
-0.439156
-0.449555
-0.459282
-0.468358
-0.476371
-0.48299
-0.487836
-0.490531
-0.490679
-0.487877
-0.481712
-0.471777
-0.45767
-0.428113
-0.437567
-0.447851
-0.457471
-0.466426
-0.474301
-0.480768
-0.485444
-0.487948
-0.487883
-0.48484
-0.478404
-0.468172
-0.453746
-0.426494
-0.436038
-0.446213
-0.45574
-0.464587
-0.472341
-0.478673
-0.4832
-0.485537
-0.485283
-0.482029
-0.475354
-0.464864
-0.450159
-0.425013
-0.434639
-0.444714
-0.454164
-0.462917
-0.470568
-0.476786
-0.481185
-0.483379
-0.482965
-0.479531
-0.472652
-0.461942
-0.447001
-0.423736
-0.433434
-0.443424
-0.45281
-0.461486
-0.469053
-0.475177
-0.479472
-0.48155
-0.481006
-0.477424
-0.470378
-0.45949
-0.444358
-0.422724
-0.432478
-0.4424
-0.451738
-0.460356
-0.467859
-0.473911
-0.478126
-0.480115
-0.479472
-0.475778
-0.468605
-0.457582
-0.442305
-0.422021
-0.431815
-0.44169
-0.450997
-0.459574
-0.467033
-0.473037
-0.477199
-0.479128
-0.478417
-0.474649
-0.467389
-0.456275
-0.440902
-0.421662
-0.431476
-0.441326
-0.450617
-0.459174
-0.466612
-0.472592
-0.476726
-0.478625
-0.477881
-0.474074
-0.466771
-0.455612
-0.440189
)
;

boundaryField
{
    inlet
    {
        type            zeroGradient;
    }
    outlet
    {
        type            fixedValue;
        value           nonuniform 0();
    }
    cylinder
    {
        type            zeroGradient;
    }
    top
    {
        type            symmetryPlane;
    }
    bottom
    {
        type            symmetryPlane;
    }
    defaultFaces
    {
        type            empty;
    }
    procBoundary2to1
    {
        type            processor;
        value           nonuniform List<scalar> 
199
(
-0.394509
-0.394509
-0.396119
-0.396119
-0.3972
-0.3972
-0.400215
-0.400689
-0.400689
-0.400639
-0.400639
-0.40021
-0.40021
-0.399516
-0.399516
-0.398606
-0.398606
-0.397422
-0.397422
-0.39574
-0.39574
-0.393171
-0.393171
-0.389225
-0.382275
-0.382275
-0.375213
-0.375213
-0.366075
-0.366075
-0.355051
-0.344276
-0.344276
-0.331216
-0.331216
-0.317181
-0.306263
-0.306263
-0.317183
-0.306264
-0.306264
-0.331218
-0.331218
-0.355053
-0.344279
-0.344279
-0.366077
-0.366077
-0.383448
-0.375215
-0.375215
-0.389227
-0.389227
-0.393174
-0.393174
-0.395743
-0.395743
-0.397425
-0.397425
-0.398609
-0.398609
-0.399518
-0.399518
-0.400213
-0.400213
-0.400641
-0.400641
-0.400692
-0.400692
-0.400218
-0.400218
-0.399108
-0.396121
-0.396121
-0.394512
-0.394512
-0.290198
-0.276981
-0.264207
-0.251869
-0.239948
-0.228464
-0.220976
-0.220976
-0.210269
-0.19997
-0.190077
-0.180584
-0.171486
-0.162775
-0.154441
-0.146474
-0.138864
-0.1316
-0.124669
-0.118061
-0.111763
-0.105765
-0.100054
-0.094619
-0.0894498
-0.0845353
-0.0798651
-0.0754291
-0.0712177
-0.0672214
-0.0634311
-0.059838
-0.0564338
-0.0532105
-0.0501604
-0.047276
-0.0445503
-0.0419767
-0.0395488
-0.0372606
-0.0351063
-0.0330807
-0.0311786
-0.0293952
-0.0277264
-0.0261678
-0.0247159
-0.023652
-0.023652
-0.0223859
-0.0212188
-0.0201483
-0.0191725
-0.0182899
-0.0174994
-0.0168007
-0.0161935
-0.0156793
-0.0152589
-0.0149352
-0.0147127
-0.0145914
-0.0144278
-0.0145473
-0.014767
-0.0150865
-0.0155014
-0.016009
-0.0166083
-0.0172979
-0.018078
-0.0189489
-0.0199117
-0.0209676
-0.0221188
-0.0233674
-0.0247162
-0.0261681
-0.0277267
-0.0293955
-0.0311789
-0.033081
-0.0351067
-0.0372609
-0.0395492
-0.0419771
-0.0445507
-0.0472764
-0.0501608
-0.053211
-0.0564343
-0.0598385
-0.0634315
-0.0672219
-0.0712182
-0.0754297
-0.0798656
-0.0845358
-0.0894504
-0.0946196
-0.100054
-0.105765
-0.111764
-0.118062
-0.118062
-0.122548
-0.129347
-0.136475
-0.143946
-0.151771
-0.159963
-0.168533
-0.177493
-0.186852
-0.196621
-0.206809
-0.217421
-0.228465
-0.23995
-0.251871
-0.264208
-0.276982
-0.2902
)
;
    }
    procBoundary2to3
    {
        type            processor;
        value           nonuniform List<scalar> 
211
(
-0.420188
-0.42095
-0.422452
-0.424651
-0.427488
-0.430887
-0.434761
-0.439016
-0.443553
-0.448275
-0.448275
-0.430793
-0.43609
-0.44134
-0.446464
-0.451397
-0.456086
-0.460471
-0.464528
-0.468216
-0.471511
-0.474398
-0.474398
-0.456214
-0.458954
-0.461265
-0.463145
-0.464594
-0.465615
-0.466214
-0.466214
-0.445142
-0.445589
-0.445624
-0.445256
-0.444499
-0.443366
-0.443366
-0.419502
-0.418421
-0.417021
-0.415498
-0.413954
-0.411148
-0.411148
-0.381659
-0.36524
-0.348284
-0.331278
-0.314346
-0.297819
-0.281936
-0.266833
-0.252569
-0.239149
-0.226547
-0.214713
-0.203595
-0.193135
-0.183279
-0.173979
-0.165189
-0.156871
-0.148989
-0.141512
-0.134412
-0.127666
-0.121249
-0.115144
-0.109333
-0.103799
-0.0985276
-0.0935066
-0.0887237
-0.0841681
-0.0798297
-0.0756994
-0.0717687
-0.0680295
-0.0644747
-0.0610974
-0.0578911
-0.0548499
-0.0519681
-0.0492405
-0.046662
-0.0442281
-0.0419345
-0.0397773
-0.0377533
-0.0358584
-0.0340904
-0.0324462
-0.0309263
-0.0295247
-0.0282423
-0.0270787
-0.0260334
-0.0251073
-0.0243013
-0.0236178
-0.0230598
-0.0226315
-0.0223387
-0.0221877
-0.0220887
-0.0222413
-0.0225376
-0.0229708
-0.0235354
-0.0242274
-0.0250437
-0.0259823
-0.0270423
-0.0282232
-0.0295256
-0.0309502
-0.0324977
-0.0341721
-0.0359747
-0.0379091
-0.0399772
-0.0421847
-0.0445347
-0.0470321
-0.0496812
-0.0524877
-0.0554574
-0.058596
-0.0619103
-0.0654071
-0.0690937
-0.0729781
-0.0770686
-0.0813742
-0.0859047
-0.0906706
-0.0956831
-0.100955
-0.100955
-0.103799
-0.109333
-0.115144
-0.121249
-0.127665
-0.134412
-0.141512
-0.148989
-0.156871
-0.165189
-0.173978
-0.183278
-0.193134
-0.203594
-0.214712
-0.226545
-0.239148
-0.252567
-0.266831
-0.281934
-0.297816
-0.314344
-0.331275
-0.348281
-0.365236
-0.381655
-0.411144
-0.411144
-0.41395
-0.415494
-0.417016
-0.418416
-0.419497
-0.443361
-0.443361
-0.444494
-0.445252
-0.445619
-0.445584
-0.445137
-0.466209
-0.466209
-0.465611
-0.464589
-0.46314
-0.46126
-0.458949
-0.456209
-0.474393
-0.474393
-0.471507
-0.468211
-0.464523
-0.460466
-0.456081
-0.451392
-0.446459
-0.441335
-0.436086
-0.430788
-0.448271
-0.448271
-0.44355
-0.439013
-0.434758
-0.430885
-0.427486
-0.42465
-0.42245
-0.420949
-0.420187
)
;
    }
}


// ************************************************************************* //
