/*--------------------------------*- C++ -*----------------------------------*\
  =========                 |
  \\      /  F ield         | OpenFOAM: The Open Source CFD Toolbox
   \\    /   O peration     | Website:  https://openfoam.org
    \\  /    A nd           | Version:  7
     \\/     M anipulation  |
\*---------------------------------------------------------------------------*/
FoamFile
{
    version     2.0;
    format      ascii;
    class       volScalarField;
    location    "30";
    object      p;
}
// * * * * * * * * * * * * * * * * * * * * * * * * * * * * * * * * * * * * * //

dimensions      [0 2 -2 0 0 0 0];

internalField   nonuniform List<scalar> 
8500
(
-0.197534
-0.198642
-0.199313
-0.199885
-0.200384
-0.200813
-0.201191
-0.201531
-0.201841
-0.20213
-0.2024
-0.202656
-0.202898
-0.203127
-0.203345
-0.203553
-0.203753
-0.203949
-0.204143
-0.204338
-0.197584
-0.198689
-0.199357
-0.199928
-0.200425
-0.200853
-0.201229
-0.201567
-0.201876
-0.202163
-0.202432
-0.202686
-0.202926
-0.203153
-0.203369
-0.203575
-0.203774
-0.203969
-0.204161
-0.204352
-0.197683
-0.198781
-0.199446
-0.200013
-0.200507
-0.200931
-0.201304
-0.201639
-0.201944
-0.202228
-0.202494
-0.202744
-0.202981
-0.203205
-0.203417
-0.203619
-0.203814
-0.204005
-0.204194
-0.204378
-0.197831
-0.198919
-0.199578
-0.20014
-0.200628
-0.201048
-0.201416
-0.201746
-0.202046
-0.202325
-0.202586
-0.202831
-0.203063
-0.203281
-0.203488
-0.203684
-0.203873
-0.204059
-0.204242
-0.204415
-0.198028
-0.199103
-0.199753
-0.200308
-0.200789
-0.201202
-0.201564
-0.201887
-0.202181
-0.202453
-0.202707
-0.202946
-0.20317
-0.203381
-0.20358
-0.203768
-0.203949
-0.204129
-0.204303
-0.204463
-0.198271
-0.19933
-0.199971
-0.200516
-0.200989
-0.201394
-0.201747
-0.202062
-0.202349
-0.202612
-0.202858
-0.203087
-0.203302
-0.203504
-0.203693
-0.203871
-0.204042
-0.204214
-0.204378
-0.204519
-0.198561
-0.199601
-0.20023
-0.200765
-0.201228
-0.201622
-0.201966
-0.202271
-0.202547
-0.202801
-0.203036
-0.203255
-0.203458
-0.203648
-0.203825
-0.203992
-0.20415
-0.204311
-0.204463
-0.204582
-0.198896
-0.199915
-0.20053
-0.201052
-0.201503
-0.201886
-0.202218
-0.202512
-0.202776
-0.203018
-0.20324
-0.203447
-0.203637
-0.203813
-0.203976
-0.204127
-0.204271
-0.204419
-0.204557
-0.204649
-0.199275
-0.200269
-0.20087
-0.201378
-0.201815
-0.202185
-0.202503
-0.202784
-0.203034
-0.203262
-0.203471
-0.203662
-0.203837
-0.203997
-0.204143
-0.204277
-0.204403
-0.204536
-0.204657
-0.204719
-0.199696
-0.200664
-0.201248
-0.20174
-0.202162
-0.202517
-0.202821
-0.203086
-0.203321
-0.203533
-0.203725
-0.203899
-0.204056
-0.204197
-0.204324
-0.204437
-0.204544
-0.204659
-0.20476
-0.204788
-0.200159
-0.201098
-0.201664
-0.202139
-0.202544
-0.202882
-0.203168
-0.203416
-0.203634
-0.203828
-0.204001
-0.204156
-0.204293
-0.204413
-0.204517
-0.204608
-0.204691
-0.204785
-0.204865
-0.204852
-0.200661
-0.20157
-0.202116
-0.202572
-0.202959
-0.203278
-0.203546
-0.203775
-0.203973
-0.204147
-0.204299
-0.204432
-0.204546
-0.204642
-0.204721
-0.204785
-0.204841
-0.204913
-0.204967
-0.204908
-0.201201
-0.202078
-0.202603
-0.203039
-0.203405
-0.203704
-0.203952
-0.20416
-0.204336
-0.204488
-0.204617
-0.204725
-0.204814
-0.204882
-0.204932
-0.204967
-0.204993
-0.205037
-0.205064
-0.204953
-0.201777
-0.20262
-0.203123
-0.203538
-0.203882
-0.204159
-0.204384
-0.204569
-0.204722
-0.204849
-0.204953
-0.205034
-0.205094
-0.205132
-0.20515
-0.205151
-0.205142
-0.205156
-0.205153
-0.204981
-0.202388
-0.203197
-0.203676
-0.204068
-0.204389
-0.204642
-0.204843
-0.205003
-0.20513
-0.205229
-0.205305
-0.205357
-0.205386
-0.20539
-0.205372
-0.205336
-0.205288
-0.205267
-0.205229
-0.204987
-0.203032
-0.203806
-0.204261
-0.204628
-0.204924
-0.205152
-0.205326
-0.205459
-0.205557
-0.205628
-0.205673
-0.205692
-0.205686
-0.205654
-0.205597
-0.205518
-0.205426
-0.205365
-0.20529
-0.204967
-0.203709
-0.204446
-0.204876
-0.205217
-0.205487
-0.205687
-0.205833
-0.205936
-0.206004
-0.206043
-0.206054
-0.206039
-0.205995
-0.205923
-0.205822
-0.205696
-0.205555
-0.205449
-0.205333
-0.204914
-0.204416
-0.205117
-0.20552
-0.205835
-0.206076
-0.206247
-0.206362
-0.206434
-0.206469
-0.206473
-0.206449
-0.206395
-0.206311
-0.206195
-0.206047
-0.205869
-0.205673
-0.205515
-0.205355
-0.204816
-0.205153
-0.205817
-0.206193
-0.206479
-0.206691
-0.20683
-0.206913
-0.20695
-0.20695
-0.206918
-0.206855
-0.206761
-0.206633
-0.20647
-0.206269
-0.206035
-0.205777
-0.20556
-0.205354
-0.204656
-0.205919
-0.206546
-0.206893
-0.20715
-0.20733
-0.207436
-0.207484
-0.207485
-0.207447
-0.207375
-0.207272
-0.207134
-0.20696
-0.206746
-0.20649
-0.206194
-0.205867
-0.205584
-0.205335
-0.204436
-0.206714
-0.207303
-0.207622
-0.207847
-0.207994
-0.208065
-0.208075
-0.208037
-0.207959
-0.207846
-0.207698
-0.207515
-0.207292
-0.207024
-0.206707
-0.206344
-0.205942
-0.205579
-0.205263
-0.20424
-0.207537
-0.208088
-0.208377
-0.20857
-0.208681
-0.208715
-0.208686
-0.208606
-0.208485
-0.208328
-0.208135
-0.207903
-0.207628
-0.207302
-0.206922
-0.206487
-0.206002
-0.205559
-0.205145
-0.203971
-0.208387
-0.208901
-0.209159
-0.209318
-0.209392
-0.209386
-0.209315
-0.209192
-0.209025
-0.208821
-0.208579
-0.208297
-0.207968
-0.207583
-0.207135
-0.206622
-0.206048
-0.205512
-0.205002
-0.203617
-0.209265
-0.209742
-0.209968
-0.210092
-0.210126
-0.210078
-0.209962
-0.209793
-0.209579
-0.209325
-0.209033
-0.208698
-0.208312
-0.207864
-0.207346
-0.206751
-0.20608
-0.20544
-0.204829
-0.203182
-0.210172
-0.210612
-0.210805
-0.210891
-0.210884
-0.210791
-0.210628
-0.210409
-0.210144
-0.209839
-0.209494
-0.209104
-0.20866
-0.208148
-0.207557
-0.206877
-0.206101
-0.205345
-0.204627
-0.20266
-0.211109
-0.211511
-0.21167
-0.211717
-0.211666
-0.211526
-0.211313
-0.211041
-0.210723
-0.210364
-0.209963
-0.209516
-0.209012
-0.208435
-0.20777
-0.207
-0.206115
-0.205231
-0.204397
-0.202045
-0.212076
-0.21244
-0.212564
-0.21257
-0.212473
-0.212282
-0.212015
-0.211689
-0.211314
-0.210898
-0.21044
-0.209935
-0.209369
-0.208726
-0.207984
-0.207124
-0.206124
-0.2051
-0.204144
-0.201333
-0.213076
-0.213402
-0.213489
-0.213452
-0.213305
-0.213061
-0.212738
-0.212353
-0.211918
-0.211442
-0.210924
-0.210359
-0.209731
-0.20902
-0.208202
-0.20725
-0.206131
-0.204958
-0.203876
-0.200521
-0.21411
-0.214397
-0.214446
-0.214363
-0.214164
-0.213863
-0.21348
-0.213033
-0.212536
-0.211997
-0.211416
-0.210788
-0.210097
-0.209319
-0.208424
-0.207381
-0.206142
-0.204807
-0.203599
-0.199609
-0.215181
-0.215429
-0.215437
-0.215306
-0.215051
-0.21469
-0.214243
-0.21373
-0.213167
-0.212562
-0.211916
-0.211224
-0.210468
-0.209622
-0.208652
-0.207518
-0.206158
-0.204654
-0.203322
-0.198599
-0.216291
-0.216499
-0.216465
-0.216282
-0.215969
-0.215543
-0.215028
-0.214445
-0.213812
-0.213138
-0.212425
-0.211666
-0.210844
-0.20993
-0.208884
-0.207661
-0.206183
-0.204503
-0.203053
-0.197501
-0.217445
-0.217611
-0.217532
-0.217294
-0.216918
-0.216424
-0.215837
-0.215181
-0.214473
-0.213726
-0.212942
-0.212114
-0.211224
-0.210242
-0.209122
-0.207812
-0.206218
-0.204357
-0.202797
-0.196329
-0.218646
-0.218768
-0.218641
-0.218345
-0.217902
-0.217335
-0.216672
-0.215937
-0.215152
-0.214328
-0.213469
-0.21257
-0.21161
-0.210558
-0.209365
-0.207971
-0.206265
-0.204222
-0.202557
-0.195105
-0.219898
-0.219974
-0.219796
-0.219438
-0.218924
-0.21828
-0.217535
-0.216718
-0.21585
-0.214945
-0.214008
-0.213034
-0.212002
-0.210879
-0.209613
-0.208137
-0.206325
-0.204105
-0.202329
-0.193859
-0.221206
-0.221233
-0.221
-0.220576
-0.219987
-0.21926
-0.21843
-0.217525
-0.21657
-0.21558
-0.214561
-0.213508
-0.212402
-0.211207
-0.209868
-0.208314
-0.206399
-0.204014
-0.202106
-0.192645
-0.222575
-0.222549
-0.222259
-0.221764
-0.221094
-0.22028
-0.219359
-0.218362
-0.217315
-0.216235
-0.21513
-0.213996
-0.212813
-0.211544
-0.210132
-0.208503
-0.206491
-0.203967
-0.201882
-0.191547
-0.224012
-0.223929
-0.223576
-0.223005
-0.222249
-0.221344
-0.220326
-0.219232
-0.218088
-0.216915
-0.21572
-0.2145
-0.213237
-0.211893
-0.21041
-0.20871
-0.206607
-0.203985
-0.201614
-0.190598
-0.225521
-0.225376
-0.224956
-0.224305
-0.223458
-0.222455
-0.221336
-0.22014
-0.218895
-0.217623
-0.216334
-0.215026
-0.213679
-0.21226
-0.210708
-0.208947
-0.206767
-0.204115
-0.201204
-0.189654
-0.227111
-0.226898
-0.226406
-0.225668
-0.224724
-0.223618
-0.222393
-0.22109
-0.219739
-0.218365
-0.216978
-0.215578
-0.214146
-0.212649
-0.211032
-0.209225
-0.207013
-0.204473
-0.200764
-0.189133
-0.228787
-0.2285
-0.227929
-0.227099
-0.226053
-0.224839
-0.223502
-0.222087
-0.220627
-0.219146
-0.217658
-0.216162
-0.214642
-0.213067
-0.211387
-0.209552
-0.207368
-0.205162
-0.20109
-0.193016
-0.230557
-0.230187
-0.229533
-0.228605
-0.227451
-0.226122
-0.224669
-0.223137
-0.221563
-0.219973
-0.21838
-0.216785
-0.215174
-0.213518
-0.211776
-0.209921
-0.207789
-0.205995
-0.202591
-0.207746
-0.232428
-0.231968
-0.231223
-0.23019
-0.228922
-0.227474
-0.2259
-0.224247
-0.222555
-0.220851
-0.219149
-0.217452
-0.215747
-0.214007
-0.212198
-0.210314
-0.208216
-0.206749
-0.203534
-0.211158
-0.234407
-0.233848
-0.233006
-0.231862
-0.230473
-0.2289
-0.2272
-0.225422
-0.223609
-0.221787
-0.219975
-0.218172
-0.216367
-0.214536
-0.21265
-0.21072
-0.20861
-0.20728
-0.203979
-0.211512
-0.236504
-0.235835
-0.234888
-0.233626
-0.23211
-0.230407
-0.228576
-0.22667
-0.224731
-0.22279
-0.220862
-0.218949
-0.217039
-0.21511
-0.213132
-0.211129
-0.20896
-0.207606
-0.204173
-0.210972
-0.238724
-0.237935
-0.236875
-0.235489
-0.23384
-0.232001
-0.230034
-0.227996
-0.225929
-0.223864
-0.221818
-0.21979
-0.217768
-0.215729
-0.213642
-0.211534
-0.209257
-0.207752
-0.20414
-0.209768
-0.241077
-0.240155
-0.238975
-0.237456
-0.235668
-0.233688
-0.231582
-0.229408
-0.22721
-0.225019
-0.222849
-0.220701
-0.218558
-0.216394
-0.214177
-0.21193
-0.209496
-0.207736
-0.203897
-0.20813
-0.242501
-0.241193
-0.239535
-0.237601
-0.235476
-0.233226
-0.230912
-0.22858
-0.226258
-0.223961
-0.221685
-0.219409
-0.217105
-0.214735
-0.212311
-0.209672
-0.207577
-0.203477
-0.206259
-0.243536
-0.241732
-0.239646
-0.23737
-0.234973
-0.232516
-0.230046
-0.22759
-0.225159
-0.222746
-0.220325
-0.217861
-0.215309
-0.212672
-0.209784
-0.207295
-0.202909
-0.204281
-0.244052
-0.241809
-0.239377
-0.236829
-0.234226
-0.231614
-0.229019
-0.226447
-0.223886
-0.221303
-0.218658
-0.215896
-0.213008
-0.209831
-0.206907
-0.202217
-0.202271
-0.246503
-0.244097
-0.241505
-0.238801
-0.236049
-0.233291
-0.23055
-0.227828
-0.225106
-0.222343
-0.219491
-0.216489
-0.213315
-0.209812
-0.206427
-0.20142
-0.200276
-0.246514
-0.243758
-0.240896
-0.23799
-0.235081
-0.232187
-0.229305
-0.226405
-0.223441
-0.220355
-0.217081
-0.213587
-0.209725
-0.205865
-0.200531
-0.198316
-0.246143
-0.243118
-0.240054
-0.236988
-0.233933
-0.230876
-0.227781
-0.224592
-0.221243
-0.217664
-0.213817
-0.20957
-0.205227
-0.199561
-0.1964
-0.245475
-0.242248
-0.239018
-0.23579
-0.232543
-0.22923
-0.225788
-0.222146
-0.218229
-0.213999
-0.209343
-0.204517
-0.198514
-0.194525
-0.244574
-0.241171
-0.237757
-0.234301
-0.230747
-0.227023
-0.223054
-0.218767
-0.214126
-0.209042
-0.203737
-0.197394
-0.19268
-0.243448
-0.239833
-0.236146
-0.232323
-0.228286
-0.223956
-0.219267
-0.214191
-0.208664
-0.202885
-0.196202
-0.190853
-0.242015
-0.238073
-0.23395
-0.229564
-0.22484
-0.219719
-0.214186
-0.208204
-0.20196
-0.194936
-0.189029
-0.240071
-0.235616
-0.230847
-0.225694
-0.220113
-0.214104
-0.207658
-0.200957
-0.193595
-0.187193
-0.237308
-0.232118
-0.226503
-0.220436
-0.213936
-0.207021
-0.199873
-0.192176
-0.18533
-0.227256
-0.220679
-0.213675
-0.206289
-0.198703
-0.190675
-0.183426
-0.22083
-0.213313
-0.205457
-0.197443
-0.189087
-0.181468
-0.212843
-0.204518
-0.196086
-0.187409
-0.179446
-0.194629
-0.185635
-0.177349
-0.183761
-0.175167
-0.183738
-0.175144
-0.194606
-0.185611
-0.177325
-0.21282
-0.204495
-0.196063
-0.187385
-0.179422
-0.220807
-0.21329
-0.205433
-0.197419
-0.189063
-0.181444
-0.233341
-0.227233
-0.220656
-0.213651
-0.206265
-0.198679
-0.19065
-0.183401
-0.237285
-0.232096
-0.226481
-0.220413
-0.213912
-0.206997
-0.199848
-0.192151
-0.185304
-0.240049
-0.235594
-0.230824
-0.225671
-0.220089
-0.21408
-0.207634
-0.200932
-0.19357
-0.187167
-0.241993
-0.238051
-0.233928
-0.229542
-0.224817
-0.219696
-0.214163
-0.20818
-0.201934
-0.194911
-0.189003
-0.243427
-0.239811
-0.236125
-0.232301
-0.228263
-0.223933
-0.219244
-0.214167
-0.208639
-0.20286
-0.196176
-0.190826
-0.244552
-0.241149
-0.237736
-0.234279
-0.230725
-0.227001
-0.223031
-0.218744
-0.214102
-0.209018
-0.203711
-0.197368
-0.192653
-0.245453
-0.242226
-0.238996
-0.235769
-0.232521
-0.229209
-0.225767
-0.222124
-0.218206
-0.213975
-0.209318
-0.204491
-0.198487
-0.194497
-0.246122
-0.243097
-0.240033
-0.236968
-0.233913
-0.230855
-0.22776
-0.22457
-0.221221
-0.217641
-0.213793
-0.209545
-0.205201
-0.199534
-0.196372
-0.246493
-0.243737
-0.240875
-0.237969
-0.23506
-0.232167
-0.229284
-0.226384
-0.223419
-0.220333
-0.217058
-0.213563
-0.2097
-0.205838
-0.200504
-0.198287
-0.246481
-0.244075
-0.241484
-0.238781
-0.236028
-0.23327
-0.23053
-0.227808
-0.225085
-0.222322
-0.219469
-0.216466
-0.213291
-0.209786
-0.2064
-0.201392
-0.200246
-0.245989
-0.244031
-0.241788
-0.239357
-0.236809
-0.234206
-0.231594
-0.228999
-0.226427
-0.223865
-0.221282
-0.218636
-0.215873
-0.212984
-0.209806
-0.20688
-0.202188
-0.202241
-0.243515
-0.24171
-0.239625
-0.237349
-0.234952
-0.232496
-0.230026
-0.22757
-0.225139
-0.222725
-0.220304
-0.217839
-0.215287
-0.212648
-0.209759
-0.207268
-0.20288
-0.20425
-0.24248
-0.241172
-0.239514
-0.23758
-0.235455
-0.233206
-0.230892
-0.22856
-0.226238
-0.223941
-0.221664
-0.219388
-0.217084
-0.214712
-0.212287
-0.209647
-0.207549
-0.203448
-0.206228
-0.241055
-0.240133
-0.238954
-0.237435
-0.235647
-0.233668
-0.231562
-0.229388
-0.22719
-0.224999
-0.222829
-0.220681
-0.218537
-0.216372
-0.214155
-0.211906
-0.20947
-0.207708
-0.203868
-0.208099
-0.238703
-0.237913
-0.236854
-0.235467
-0.233819
-0.23198
-0.230014
-0.227976
-0.225909
-0.223845
-0.221798
-0.21977
-0.217747
-0.215707
-0.213619
-0.21151
-0.209231
-0.207724
-0.20411
-0.209735
-0.236482
-0.235813
-0.234867
-0.233605
-0.232089
-0.230386
-0.228555
-0.22665
-0.224711
-0.22277
-0.220842
-0.218929
-0.217018
-0.215088
-0.213109
-0.211104
-0.208934
-0.207578
-0.204142
-0.210939
-0.234386
-0.233827
-0.232985
-0.231841
-0.230452
-0.22888
-0.227179
-0.225402
-0.223589
-0.221768
-0.219955
-0.218152
-0.216346
-0.214515
-0.212627
-0.210695
-0.208584
-0.207252
-0.203948
-0.211478
-0.232406
-0.231946
-0.231202
-0.230169
-0.228901
-0.227453
-0.225879
-0.224227
-0.222535
-0.220831
-0.21913
-0.217432
-0.215726
-0.213985
-0.212175
-0.21029
-0.208189
-0.20672
-0.203502
-0.211124
-0.230535
-0.230166
-0.229512
-0.228584
-0.22743
-0.226101
-0.224649
-0.223117
-0.221543
-0.219953
-0.21836
-0.216764
-0.215153
-0.213496
-0.211753
-0.209896
-0.207762
-0.205966
-0.202558
-0.207711
-0.228765
-0.228478
-0.227908
-0.227078
-0.226032
-0.224818
-0.223482
-0.222067
-0.220607
-0.219126
-0.217638
-0.216141
-0.214621
-0.213045
-0.211364
-0.209527
-0.207341
-0.205132
-0.201057
-0.19298
-0.227088
-0.226876
-0.226384
-0.225646
-0.224703
-0.223597
-0.222373
-0.221069
-0.219719
-0.218345
-0.216958
-0.215557
-0.214125
-0.212627
-0.211008
-0.2092
-0.206986
-0.204443
-0.200731
-0.189097
-0.225499
-0.225354
-0.224935
-0.224283
-0.223437
-0.222434
-0.221316
-0.220119
-0.218875
-0.217603
-0.216314
-0.215005
-0.213658
-0.212237
-0.210684
-0.208921
-0.20674
-0.204084
-0.201171
-0.189616
-0.223989
-0.223907
-0.223554
-0.222983
-0.222228
-0.221323
-0.220306
-0.219212
-0.218068
-0.216895
-0.2157
-0.214479
-0.213215
-0.21187
-0.210386
-0.208684
-0.206579
-0.203954
-0.20158
-0.190561
-0.222552
-0.222527
-0.222237
-0.221742
-0.221072
-0.220259
-0.219338
-0.218341
-0.217294
-0.216215
-0.21511
-0.213975
-0.212791
-0.211521
-0.210108
-0.208477
-0.206462
-0.203936
-0.201848
-0.191509
-0.221183
-0.22121
-0.220978
-0.220554
-0.219965
-0.219239
-0.218409
-0.217505
-0.216549
-0.215559
-0.21454
-0.213487
-0.21238
-0.211184
-0.209843
-0.208287
-0.20637
-0.203983
-0.202072
-0.192607
-0.219874
-0.219951
-0.219774
-0.219416
-0.218902
-0.218258
-0.217514
-0.216697
-0.215829
-0.214924
-0.213987
-0.213012
-0.21198
-0.210856
-0.209588
-0.208111
-0.206295
-0.204073
-0.202293
-0.19382
-0.218622
-0.218745
-0.218619
-0.218323
-0.217881
-0.217314
-0.216651
-0.215917
-0.215131
-0.214307
-0.213448
-0.212548
-0.211588
-0.210534
-0.209339
-0.207944
-0.206235
-0.20419
-0.202521
-0.195066
-0.217422
-0.217588
-0.217509
-0.217272
-0.216896
-0.216402
-0.215816
-0.21516
-0.214452
-0.213705
-0.212921
-0.212092
-0.211202
-0.210218
-0.209096
-0.207785
-0.206188
-0.204324
-0.202761
-0.19629
-0.216268
-0.216476
-0.216442
-0.21626
-0.215947
-0.215521
-0.215007
-0.214424
-0.213791
-0.213117
-0.212403
-0.211644
-0.210821
-0.209905
-0.208858
-0.207633
-0.206152
-0.20447
-0.203016
-0.197461
-0.215157
-0.215406
-0.215415
-0.215284
-0.21503
-0.214668
-0.214221
-0.213709
-0.213145
-0.21254
-0.211895
-0.211202
-0.210445
-0.209598
-0.208625
-0.20749
-0.206127
-0.204621
-0.203285
-0.198559
-0.214086
-0.214375
-0.214424
-0.214341
-0.214143
-0.213841
-0.213458
-0.213011
-0.212514
-0.211975
-0.211395
-0.210766
-0.210074
-0.209294
-0.208398
-0.207353
-0.206111
-0.204774
-0.203562
-0.199568
-0.213052
-0.213379
-0.213467
-0.21343
-0.213284
-0.213039
-0.212716
-0.212332
-0.211897
-0.211421
-0.210902
-0.210336
-0.209707
-0.208995
-0.208175
-0.207222
-0.2061
-0.204924
-0.203838
-0.20048
-0.212053
-0.212418
-0.212542
-0.212549
-0.212452
-0.212261
-0.211994
-0.211668
-0.211293
-0.210876
-0.210418
-0.209912
-0.209345
-0.208701
-0.207957
-0.207095
-0.206092
-0.205066
-0.204107
-0.201292
-0.211086
-0.211488
-0.211648
-0.211696
-0.211645
-0.211505
-0.211292
-0.21102
-0.210702
-0.210342
-0.209941
-0.209494
-0.208988
-0.20841
-0.207743
-0.206972
-0.206084
-0.205197
-0.204359
-0.202004
-0.210149
-0.210589
-0.210783
-0.21087
-0.210863
-0.21077
-0.210607
-0.210389
-0.210123
-0.209818
-0.209472
-0.209081
-0.208636
-0.208123
-0.207531
-0.206848
-0.20607
-0.205311
-0.204589
-0.202619
-0.209242
-0.20972
-0.209947
-0.210071
-0.210105
-0.210057
-0.209942
-0.209772
-0.209558
-0.209304
-0.209011
-0.208675
-0.208288
-0.207839
-0.20732
-0.206723
-0.206049
-0.205406
-0.204792
-0.203141
-0.208364
-0.208879
-0.209138
-0.209297
-0.209371
-0.209365
-0.209295
-0.209171
-0.209005
-0.2088
-0.208558
-0.208275
-0.207944
-0.207558
-0.207108
-0.206593
-0.206017
-0.205478
-0.204965
-0.203577
-0.207514
-0.208067
-0.208356
-0.20855
-0.208661
-0.208695
-0.208666
-0.208586
-0.208465
-0.208307
-0.208113
-0.207881
-0.207605
-0.207278
-0.206896
-0.206458
-0.205972
-0.205526
-0.205108
-0.20393
-0.206692
-0.207282
-0.207601
-0.207827
-0.207974
-0.208045
-0.208056
-0.208018
-0.207939
-0.207825
-0.207677
-0.207493
-0.207269
-0.206999
-0.206681
-0.206316
-0.205912
-0.205547
-0.205226
-0.2042
-0.205898
-0.206526
-0.206874
-0.207131
-0.207311
-0.207417
-0.207465
-0.207466
-0.207428
-0.207355
-0.207251
-0.207113
-0.206938
-0.206722
-0.206464
-0.206166
-0.205838
-0.205552
-0.205299
-0.204397
-0.205133
-0.205797
-0.206173
-0.20646
-0.206672
-0.206812
-0.206894
-0.206931
-0.206931
-0.206898
-0.206835
-0.20674
-0.206611
-0.206446
-0.206244
-0.206009
-0.205748
-0.205529
-0.20532
-0.204618
-0.204396
-0.205098
-0.205501
-0.205816
-0.206058
-0.206229
-0.206344
-0.206415
-0.20645
-0.206454
-0.206429
-0.206375
-0.20629
-0.206172
-0.206022
-0.205843
-0.205645
-0.205484
-0.205321
-0.204779
-0.203689
-0.204428
-0.204858
-0.2052
-0.205469
-0.20567
-0.205816
-0.205919
-0.205986
-0.206024
-0.206035
-0.206019
-0.205975
-0.205901
-0.205799
-0.205671
-0.205528
-0.205419
-0.2053
-0.204878
-0.203014
-0.203788
-0.204243
-0.204611
-0.204907
-0.205135
-0.20531
-0.205442
-0.20554
-0.20561
-0.205654
-0.205673
-0.205666
-0.205633
-0.205574
-0.205494
-0.2054
-0.205337
-0.205258
-0.204932
-0.20237
-0.20318
-0.20366
-0.204052
-0.204373
-0.204626
-0.204827
-0.204987
-0.205113
-0.205213
-0.205288
-0.205339
-0.205366
-0.20537
-0.205351
-0.205312
-0.205263
-0.205239
-0.205199
-0.204954
-0.20176
-0.202604
-0.203107
-0.203522
-0.203867
-0.204144
-0.204369
-0.204554
-0.204707
-0.204833
-0.204936
-0.205017
-0.205076
-0.205113
-0.20513
-0.205129
-0.205118
-0.20513
-0.205124
-0.204949
-0.201185
-0.202063
-0.202588
-0.203024
-0.203391
-0.20369
-0.203937
-0.204145
-0.204322
-0.204473
-0.204601
-0.204709
-0.204797
-0.204864
-0.204913
-0.204946
-0.20497
-0.205012
-0.205037
-0.204923
-0.200646
-0.201556
-0.202102
-0.202558
-0.202945
-0.203264
-0.203533
-0.203761
-0.203959
-0.204133
-0.204285
-0.204417
-0.20453
-0.204625
-0.204702
-0.204765
-0.20482
-0.204889
-0.204942
-0.20488
-0.200145
-0.201085
-0.201651
-0.202126
-0.202532
-0.202869
-0.203156
-0.203404
-0.203622
-0.203815
-0.203988
-0.204142
-0.204278
-0.204397
-0.2045
-0.204589
-0.204671
-0.204764
-0.204841
-0.204826
-0.199684
-0.200652
-0.201236
-0.201729
-0.202151
-0.202505
-0.202809
-0.203074
-0.203309
-0.203521
-0.203712
-0.203886
-0.204042
-0.204183
-0.204308
-0.204421
-0.204525
-0.204639
-0.204738
-0.204763
-0.199264
-0.200258
-0.200859
-0.201367
-0.201805
-0.202174
-0.202493
-0.202773
-0.203024
-0.203251
-0.203459
-0.20365
-0.203824
-0.203983
-0.204128
-0.204261
-0.204387
-0.204518
-0.204637
-0.204697
-0.198886
-0.199905
-0.200521
-0.201043
-0.201494
-0.201877
-0.202209
-0.202502
-0.202767
-0.203008
-0.20323
-0.203436
-0.203626
-0.203801
-0.203963
-0.204114
-0.204256
-0.204403
-0.204539
-0.20463
-0.198552
-0.199593
-0.200222
-0.200757
-0.20122
-0.201614
-0.201958
-0.202263
-0.202539
-0.202792
-0.203027
-0.203245
-0.203449
-0.203638
-0.203814
-0.20398
-0.204137
-0.204297
-0.204447
-0.204565
-0.198264
-0.199323
-0.199964
-0.200509
-0.200983
-0.201387
-0.20174
-0.202055
-0.202341
-0.202605
-0.20285
-0.203079
-0.203294
-0.203495
-0.203683
-0.203861
-0.204031
-0.204201
-0.204364
-0.204504
-0.198021
-0.199097
-0.199748
-0.200302
-0.200784
-0.201196
-0.201558
-0.201881
-0.202176
-0.202447
-0.202701
-0.202939
-0.203163
-0.203374
-0.203572
-0.20376
-0.20394
-0.204119
-0.204292
-0.20445
-0.197826
-0.198915
-0.199574
-0.200135
-0.200624
-0.201043
-0.201411
-0.201741
-0.202042
-0.20232
-0.202581
-0.202826
-0.203057
-0.203275
-0.203481
-0.203677
-0.203866
-0.204052
-0.204233
-0.204405
-0.19768
-0.198778
-0.199443
-0.20001
-0.200504
-0.200928
-0.201301
-0.201636
-0.201941
-0.202225
-0.20249
-0.202741
-0.202977
-0.203201
-0.203413
-0.203615
-0.203809
-0.204
-0.204187
-0.204371
-0.197582
-0.198687
-0.199355
-0.199926
-0.200424
-0.200851
-0.201227
-0.201565
-0.201874
-0.202161
-0.20243
-0.202683
-0.202924
-0.203151
-0.203367
-0.203573
-0.203771
-0.203965
-0.204157
-0.204348
-0.197533
-0.198641
-0.199312
-0.199884
-0.200384
-0.200813
-0.201191
-0.20153
-0.201841
-0.202129
-0.2024
-0.202655
-0.202897
-0.203126
-0.203344
-0.203552
-0.203752
-0.203948
-0.204142
-0.204336
-0.20458
-0.204766
-0.204961
-0.20514
-0.20531
-0.205469
-0.205615
-0.205746
-0.205862
-0.205958
-0.206032
-0.206082
-0.206102
-0.20609
-0.204606
-0.204786
-0.204981
-0.205159
-0.205328
-0.205486
-0.205632
-0.205763
-0.205879
-0.205975
-0.206049
-0.206099
-0.206119
-0.206107
-0.204658
-0.204826
-0.205019
-0.205195
-0.205363
-0.205519
-0.205664
-0.205795
-0.20591
-0.206005
-0.20608
-0.206129
-0.206149
-0.206137
-0.204733
-0.204883
-0.205074
-0.205247
-0.205412
-0.205567
-0.20571
-0.20584
-0.205954
-0.206049
-0.206123
-0.206172
-0.206192
-0.206179
-0.204832
-0.204957
-0.205145
-0.205315
-0.205476
-0.205629
-0.20577
-0.205899
-0.206011
-0.206106
-0.206179
-0.206227
-0.206247
-0.206234
-0.204952
-0.205047
-0.205232
-0.205396
-0.205554
-0.205704
-0.205843
-0.205969
-0.206081
-0.206174
-0.206246
-0.206293
-0.206313
-0.2063
-0.205092
-0.205152
-0.205333
-0.205491
-0.205645
-0.205791
-0.205927
-0.206052
-0.206161
-0.206253
-0.206324
-0.206371
-0.20639
-0.206376
-0.205251
-0.205269
-0.205446
-0.205598
-0.205747
-0.205889
-0.206022
-0.206144
-0.206252
-0.206342
-0.206412
-0.206458
-0.206476
-0.206462
-0.205426
-0.205398
-0.20557
-0.205715
-0.205858
-0.205996
-0.206126
-0.206245
-0.206351
-0.206439
-0.206508
-0.206553
-0.20657
-0.206556
-0.205615
-0.205536
-0.205703
-0.20584
-0.205977
-0.206111
-0.206237
-0.206353
-0.206457
-0.206544
-0.206611
-0.206655
-0.206672
-0.206657
-0.205817
-0.205681
-0.205842
-0.205972
-0.206102
-0.206231
-0.206354
-0.206468
-0.206569
-0.206654
-0.20672
-0.206763
-0.206779
-0.206764
-0.206713
-0.206028
-0.20583
-0.205987
-0.206109
-0.206232
-0.206356
-0.206475
-0.206586
-0.206685
-0.206768
-0.206833
-0.206875
-0.206891
-0.206875
-0.206824
-0.206248
-0.205983
-0.206134
-0.206248
-0.206364
-0.206484
-0.206599
-0.206706
-0.206803
-0.206885
-0.206949
-0.20699
-0.207005
-0.206989
-0.206938
-0.206475
-0.206135
-0.206282
-0.206388
-0.206497
-0.206612
-0.206723
-0.206828
-0.206922
-0.207003
-0.207065
-0.207106
-0.20712
-0.207104
-0.207053
-0.206707
-0.206286
-0.206429
-0.206527
-0.206629
-0.206738
-0.206846
-0.206948
-0.20704
-0.207119
-0.207181
-0.207221
-0.207235
-0.207218
-0.207168
-0.206945
-0.206432
-0.206574
-0.206663
-0.206757
-0.206862
-0.206965
-0.207065
-0.207156
-0.207233
-0.207294
-0.207333
-0.207347
-0.207331
-0.207281
-0.207188
-0.206573
-0.206713
-0.206795
-0.20688
-0.206981
-0.20708
-0.207177
-0.207266
-0.207343
-0.207403
-0.207441
-0.207455
-0.20744
-0.20739
-0.207441
-0.206705
-0.206846
-0.20692
-0.206997
-0.207093
-0.207189
-0.207283
-0.207371
-0.207446
-0.207505
-0.207544
-0.207558
-0.207543
-0.207494
-0.207721
-0.206822
-0.206972
-0.207039
-0.207106
-0.207197
-0.20729
-0.207381
-0.207467
-0.207541
-0.2076
-0.207639
-0.207654
-0.20764
-0.207592
-0.208018
-0.206918
-0.20709
-0.207148
-0.207206
-0.207291
-0.20738
-0.20747
-0.207554
-0.207627
-0.207686
-0.207725
-0.207741
-0.207727
-0.207681
-0.208216
-0.20707
-0.207189
-0.207248
-0.207295
-0.207375
-0.20746
-0.207547
-0.20763
-0.207702
-0.207761
-0.207801
-0.207817
-0.207805
-0.207761
-0.208451
-0.207199
-0.207278
-0.207338
-0.207373
-0.207447
-0.207528
-0.207612
-0.207693
-0.207765
-0.207824
-0.207864
-0.207881
-0.207871
-0.207829
-0.20775
-0.208714
-0.207311
-0.207356
-0.207418
-0.207438
-0.207505
-0.207581
-0.207662
-0.207742
-0.207813
-0.207872
-0.207913
-0.207932
-0.207924
-0.207884
-0.207807
-0.208997
-0.207418
-0.207424
-0.207486
-0.20749
-0.207549
-0.20762
-0.207697
-0.207775
-0.207845
-0.207904
-0.207947
-0.207967
-0.207961
-0.207924
-0.207851
-0.209301
-0.207523
-0.207481
-0.207543
-0.207529
-0.207578
-0.207643
-0.207716
-0.207791
-0.20786
-0.20792
-0.207963
-0.207986
-0.207982
-0.207948
-0.207879
-0.20963
-0.20763
-0.207526
-0.207588
-0.207553
-0.207591
-0.207648
-0.207716
-0.207788
-0.207857
-0.207916
-0.207961
-0.207985
-0.207985
-0.207955
-0.20789
-0.209987
-0.207743
-0.207561
-0.207622
-0.207563
-0.207587
-0.207635
-0.207696
-0.207765
-0.207832
-0.207892
-0.207938
-0.207965
-0.207968
-0.207942
-0.207882
-0.210373
-0.207866
-0.207587
-0.207645
-0.207558
-0.207565
-0.207602
-0.207656
-0.20772
-0.207785
-0.207845
-0.207893
-0.207923
-0.20793
-0.207909
-0.207853
-0.210786
-0.208003
-0.207604
-0.207655
-0.207536
-0.207523
-0.207547
-0.207592
-0.207651
-0.207715
-0.207774
-0.207824
-0.207858
-0.207869
-0.207853
-0.207803
-0.207715
-0.211221
-0.208157
-0.207616
-0.207653
-0.207497
-0.20746
-0.207469
-0.207503
-0.207557
-0.207617
-0.207677
-0.207729
-0.207767
-0.207783
-0.207772
-0.207729
-0.207647
-0.211667
-0.208329
-0.207622
-0.207636
-0.207439
-0.207374
-0.207365
-0.207387
-0.207434
-0.207492
-0.207552
-0.207607
-0.207648
-0.20767
-0.207665
-0.207629
-0.207555
-0.212104
-0.208513
-0.207625
-0.207603
-0.207358
-0.207262
-0.207232
-0.207241
-0.20728
-0.207335
-0.207396
-0.207454
-0.2075
-0.207527
-0.20753
-0.207502
-0.207437
-0.212501
-0.208699
-0.207622
-0.207547
-0.20725
-0.20712
-0.207067
-0.207061
-0.207093
-0.207146
-0.207207
-0.207268
-0.20732
-0.207354
-0.207365
-0.207345
-0.207289
-0.212816
-0.208867
-0.207612
-0.207465
-0.207108
-0.206943
-0.206867
-0.206845
-0.206869
-0.206919
-0.206982
-0.207048
-0.207105
-0.207148
-0.207167
-0.207157
-0.207111
-0.21299
-0.208979
-0.207584
-0.207343
-0.206923
-0.206723
-0.206624
-0.206587
-0.206604
-0.206653
-0.206718
-0.206788
-0.206854
-0.206905
-0.206934
-0.206935
-0.2069
-0.206822
-0.212929
-0.208967
-0.207518
-0.207168
-0.206682
-0.206452
-0.206332
-0.206283
-0.206294
-0.206342
-0.206411
-0.206488
-0.206562
-0.206623
-0.206664
-0.206676
-0.206653
-0.206588
-0.212494
-0.208761
-0.207403
-0.206935
-0.206384
-0.206132
-0.205996
-0.205936
-0.205942
-0.205992
-0.206066
-0.20615
-0.206234
-0.206306
-0.206358
-0.206383
-0.206374
-0.206322
-0.211643
-0.208345
-0.207248
-0.206659
-0.206042
-0.205772
-0.205624
-0.205554
-0.205555
-0.205605
-0.205683
-0.205774
-0.205867
-0.20595
-0.206014
-0.206052
-0.206055
-0.206017
-0.210286
-0.207388
-0.20687
-0.206212
-0.205548
-0.205278
-0.205131
-0.205059
-0.205061
-0.205115
-0.205201
-0.205303
-0.205409
-0.205506
-0.205587
-0.205641
-0.205662
-0.205642
-0.206106
-0.204696
-0.205818
-0.205255
-0.204635
-0.204435
-0.204342
-0.204307
-0.204342
-0.204428
-0.204545
-0.204679
-0.204815
-0.204944
-0.205054
-0.205138
-0.205188
-0.205195
-0.193101
-0.200099
-0.204569
-0.204303
-0.203774
-0.203674
-0.203658
-0.203673
-0.203746
-0.203867
-0.204016
-0.204179
-0.204343
-0.204497
-0.204632
-0.20474
-0.204811
-0.204839
-0.204817
-0.189416
-0.19698
-0.202879
-0.202825
-0.20232
-0.202348
-0.202452
-0.202542
-0.202668
-0.202834
-0.203024
-0.203223
-0.20342
-0.203606
-0.203771
-0.203906
-0.204004
-0.204057
-0.204057
-0.188604
-0.194847
-0.200921
-0.201096
-0.200626
-0.200759
-0.200985
-0.201159
-0.201348
-0.201568
-0.201806
-0.202048
-0.202285
-0.202508
-0.202707
-0.202874
-0.203002
-0.203082
-0.203108
-0.188411
-0.192858
-0.198581
-0.199071
-0.198699
-0.198912
-0.199251
-0.19952
-0.199782
-0.200068
-0.200365
-0.200661
-0.200948
-0.201216
-0.201458
-0.201665
-0.201829
-0.201944
-0.202003
-0.18811
-0.190916
-0.195939
-0.196707
-0.196484
-0.196766
-0.19721
-0.197584
-0.197933
-0.198295
-0.198663
-0.199024
-0.199371
-0.199695
-0.199989
-0.200244
-0.200454
-0.200612
-0.20071
-0.187293
-0.18891
-0.19303
-0.193973
-0.193935
-0.194294
-0.194837
-0.195322
-0.195769
-0.196219
-0.196669
-0.197107
-0.197524
-0.197914
-0.19827
-0.198583
-0.198848
-0.199056
-0.199201
-0.185774
-0.186655
-0.18984
-0.190861
-0.191033
-0.191486
-0.192124
-0.192723
-0.193278
-0.193826
-0.194368
-0.194891
-0.195389
-0.195855
-0.196282
-0.196663
-0.19699
-0.197257
-0.197458
-0.183452
-0.184001
-0.186356
-0.187389
-0.187779
-0.188349
-0.18908
-0.189793
-0.190461
-0.191115
-0.191755
-0.192373
-0.19296
-0.19351
-0.194016
-0.194472
-0.19487
-0.195204
-0.195469
-0.180338
-0.180876
-0.182577
-0.18359
-0.184193
-0.184899
-0.185728
-0.186551
-0.187335
-0.188098
-0.188842
-0.189559
-0.190241
-0.19088
-0.191472
-0.192009
-0.192484
-0.192892
-0.193226
-0.176528
-0.177266
-0.178514
-0.179503
-0.180304
-0.181161
-0.182094
-0.183026
-0.183925
-0.184799
-0.185649
-0.186467
-0.187246
-0.187978
-0.188659
-0.189282
-0.189839
-0.190325
-0.190734
-0.172151
-0.173205
-0.174188
-0.175172
-0.176154
-0.177168
-0.178214
-0.179253
-0.180264
-0.181249
-0.182204
-0.183123
-0.184
-0.184827
-0.185598
-0.186308
-0.18695
-0.187517
-0.188003
-0.167342
-0.168758
-0.16963
-0.170639
-0.171786
-0.172958
-0.174122
-0.175269
-0.17639
-0.177482
-0.178541
-0.179561
-0.180533
-0.181453
-0.182315
-0.183112
-0.183838
-0.184487
-0.185052
-0.162227
-0.163999
-0.164878
-0.165944
-0.167242
-0.168569
-0.169856
-0.17111
-0.172338
-0.173536
-0.174696
-0.175812
-0.176879
-0.17789
-0.17884
-0.179722
-0.180532
-0.181261
-0.181905
-0.156909
-0.159008
-0.159971
-0.161123
-0.162563
-0.164038
-0.165448
-0.166811
-0.168144
-0.169443
-0.170702
-0.171912
-0.17307
-0.174169
-0.175204
-0.17617
-0.17706
-0.177868
-0.178589
-0.151468
-0.153851
-0.154949
-0.15621
-0.157784
-0.159398
-0.160932
-0.162403
-0.163837
-0.165236
-0.166589
-0.167891
-0.169136
-0.17032
-0.171438
-0.172484
-0.173452
-0.174337
-0.175132
-0.145967
-0.148589
-0.149848
-0.151233
-0.152933
-0.154678
-0.156332
-0.157911
-0.159445
-0.16094
-0.162385
-0.163775
-0.165105
-0.166371
-0.167568
-0.168691
-0.169735
-0.170694
-0.171561
-0.140449
-0.143269
-0.1447
-0.146215
-0.148036
-0.149903
-0.151674
-0.153358
-0.15499
-0.156578
-0.158112
-0.159588
-0.160999
-0.162345
-0.163619
-0.164817
-0.165933
-0.166962
-0.167899
-0.134947
-0.137928
-0.13953
-0.141178
-0.143113
-0.145095
-0.146977
-0.148764
-0.150491
-0.152168
-0.153789
-0.155347
-0.156839
-0.158261
-0.159609
-0.160879
-0.162066
-0.163164
-0.164167
-0.129484
-0.132595
-0.134361
-0.136139
-0.138182
-0.14027
-0.142257
-0.144143
-0.145962
-0.147726
-0.149431
-0.15107
-0.152638
-0.154135
-0.155555
-0.156895
-0.15815
-0.159314
-0.160383
-0.12408
-0.127293
-0.129212
-0.131113
-0.133257
-0.135443
-0.137529
-0.139509
-0.141417
-0.143265
-0.145051
-0.146767
-0.14841
-0.149979
-0.151469
-0.152877
-0.154198
-0.155428
-0.15656
-0.118746
-0.12204
-0.124098
-0.126115
-0.128351
-0.130627
-0.132805
-0.134874
-0.136866
-0.138795
-0.140658
-0.142449
-0.144165
-0.145804
-0.147362
-0.148836
-0.150222
-0.151514
-0.152708
-0.113493
-0.116849
-0.119031
-0.121153
-0.123475
-0.125833
-0.128095
-0.130248
-0.13232
-0.134326
-0.136263
-0.138126
-0.139912
-0.141618
-0.143242
-0.144781
-0.146229
-0.147583
-0.148838
-0.108328
-0.11173
-0.114022
-0.11624
-0.118638
-0.12107
-0.123409
-0.12564
-0.127787
-0.129865
-0.131872
-0.133804
-0.135657
-0.137429
-0.139117
-0.140718
-0.142228
-0.143642
-0.144955
-0.103258
-0.106692
-0.10908
-0.111383
-0.11385
-0.116347
-0.118757
-0.121058
-0.123275
-0.12542
-0.127494
-0.129491
-0.131408
-0.133243
-0.134992
-0.136653
-0.138223
-0.139695
-0.141066
-0.0982882
-0.101744
-0.104214
-0.106592
-0.109118
-0.111674
-0.114145
-0.116511
-0.118792
-0.121
-0.123135
-0.125194
-0.127172
-0.129066
-0.130874
-0.132594
-0.13422
-0.13575
-0.137177
-0.0934247
-0.0968897
-0.0994296
-0.101873
-0.104451
-0.107057
-0.109583
-0.112006
-0.114345
-0.11661
-0.118803
-0.120919
-0.122954
-0.124904
-0.126769
-0.128544
-0.130226
-0.131811
-0.133293
-0.0886721
-0.0921369
-0.0947351
-0.0972342
-0.0998555
-0.102504
-0.105077
-0.107551
-0.109941
-0.112259
-0.114504
-0.116673
-0.118761
-0.120765
-0.122682
-0.124511
-0.126246
-0.127883
-0.129417
-0.0840351
-0.0874906
-0.0901362
-0.0926818
-0.0953388
-0.098022
-0.100635
-0.103153
-0.105589
-0.107953
-0.110246
-0.112462
-0.114599
-0.116653
-0.11862
-0.120499
-0.122284
-0.123971
-0.125557
-0.0795178
-0.0829556
-0.0856386
-0.0882222
-0.0909074
-0.093618
-0.0962634
-0.0988185
-0.101294
-0.103699
-0.106034
-0.108294
-0.110475
-0.112575
-0.114589
-0.116514
-0.118347
-0.120082
-0.121716
-0.0751237
-0.0785365
-0.0812474
-0.0838607
-0.086567
-0.0892981
-0.0919691
-0.0945547
-0.0970631
-0.0995032
-0.101875
-0.104174
-0.106396
-0.108537
-0.110593
-0.112562
-0.114439
-0.11622
-0.1179
-0.0708562
-0.0742371
-0.0769672
-0.0796026
-0.0823231
-0.0850681
-0.0877581
-0.0903676
-0.0929033
-0.095373
-0.0977766
-0.100109
-0.102367
-0.104545
-0.106641
-0.10865
-0.110568
-0.112392
-0.114115
-0.0667177
-0.0700607
-0.072802
-0.0754524
-0.0781807
-0.0809333
-0.0836359
-0.0862632
-0.0888203
-0.0913141
-0.0937442
-0.0961061
-0.0983947
-0.100606
-0.102737
-0.104783
-0.106739
-0.108602
-0.110367
-0.0627105
-0.0660102
-0.0687554
-0.071414
-0.0741443
-0.0768986
-0.0796078
-0.0822471
-0.08482
-0.0873326
-0.0897842
-0.0921702
-0.0944855
-0.096726
-0.0988877
-0.100967
-0.102958
-0.104858
-0.10666
-0.058836
-0.062088
-0.0648304
-0.0674911
-0.0702179
-0.0729685
-0.0756787
-0.0783244
-0.0809078
-0.083434
-0.0859022
-0.0883077
-0.0906453
-0.0929106
-0.0950994
-0.0972076
-0.0992306
-0.101163
-0.103001
-0.0550957
-0.058296
-0.0610295
-0.0636868
-0.066405
-0.0691469
-0.0718531
-0.0745
-0.0770888
-0.0796238
-0.0821038
-0.0845243
-0.0868798
-0.0891658
-0.0913779
-0.0935118
-0.0955627
-0.0975255
-0.099395
-0.0514901
-0.0546356
-0.057355
-0.0600038
-0.0627089
-0.0654375
-0.0681349
-0.0707783
-0.0733678
-0.0759069
-0.0783944
-0.0808254
-0.0831947
-0.0854973
-0.0877289
-0.0898848
-0.0919602
-0.09395
-0.0958486
-0.0480199
-0.051108
-0.0538086
-0.0564443
-0.0591323
-0.0618436
-0.0645279
-0.0671633
-0.0697492
-0.0722882
-0.0747788
-0.0772163
-0.0795953
-0.0819108
-0.0841581
-0.0863326
-0.0884291
-0.0904425
-0.0923672
-0.0446853
-0.047714
-0.0503917
-0.0530104
-0.0556776
-0.058368
-0.0610354
-0.063659
-0.0662372
-0.0687721
-0.071262
-0.0737021
-0.076087
-0.0784116
-0.080671
-0.0828606
-0.084975
-0.0870089
-0.0889567
-0.0414862
-0.0444541
-0.0471055
-0.0497036
-0.052347
-0.0550134
-0.0576605
-0.0602686
-0.0628356
-0.0653628
-0.0678483
-0.0702874
-0.0726747
-0.0750049
-0.0772731
-0.0794744
-0.0816034
-0.0836548
-0.0856228
-0.0384225
-0.0413286
-0.0439508
-0.0465255
-0.0491424
-0.0517821
-0.054406
-0.0569955
-0.059548
-0.0620642
-0.0645421
-0.0669769
-0.0693633
-0.0716958
-0.0739696
-0.0761794
-0.0783201
-0.0803859
-0.0823712
-0.0354937
-0.0383378
-0.0409284
-0.0434772
-0.0460654
-0.0486761
-0.0512743
-0.0538425
-0.0563777
-0.0588801
-0.0613474
-0.063775
-0.0661573
-0.0684892
-0.0707655
-0.072981
-0.0751304
-0.0772079
-0.0792076
-0.0326996
-0.0354817
-0.0380389
-0.0405597
-0.0431175
-0.0456975
-0.048268
-0.0508126
-0.053328
-0.055814
-0.0582681
-0.0606858
-0.0630614
-0.0653899
-0.0676659
-0.0698844
-0.0720397
-0.0741261
-0.0761378
-0.0300397
-0.0327603
-0.0352827
-0.0377741
-0.0403001
-0.0428479
-0.045389
-0.0479082
-0.0504019
-0.0528693
-0.055308
-0.0577133
-0.0600799
-0.0624025
-0.0646758
-0.0668946
-0.0690533
-0.0711462
-0.0731672
-0.0275136
-0.0301736
-0.0326603
-0.0351211
-0.0376144
-0.0401291
-0.0426396
-0.0451319
-0.0476022
-0.0500493
-0.0524707
-0.0548617
-0.0572171
-0.0595316
-0.0617999
-0.0640168
-0.0661766
-0.0682736
-0.0703017
-0.025121
-0.0277216
-0.0301722
-0.0326017
-0.0350617
-0.0375427
-0.0400219
-0.0424862
-0.0449318
-0.0473572
-0.0497597
-0.0521348
-0.0544772
-0.0567817
-0.059043
-0.0612559
-0.0634148
-0.0655138
-0.0675468
-0.0228618
-0.0254046
-0.0278189
-0.0302168
-0.0326434
-0.0350905
-0.0375378
-0.0399734
-0.0423935
-0.0447962
-0.0471786
-0.0495363
-0.0518643
-0.0541572
-0.05641
-0.0586172
-0.0607732
-0.0628722
-0.0649082
-0.0207358
-0.0232227
-0.0256012
-0.0279675
-0.0303608
-0.0327741
-0.0351895
-0.0375961
-0.0399901
-0.0423694
-0.0447309
-0.0470704
-0.0493827
-0.0516629
-0.0539056
-0.0561055
-0.0582571
-0.0603546
-0.0623918
-0.0187434
-0.0211766
-0.0235198
-0.0258549
-0.0282155
-0.0305955
-0.0329792
-0.035357
-0.0377247
-0.0400802
-0.0424203
-0.0447408
-0.0470368
-0.0493031
-0.0515347
-0.0537262
-0.0558721
-0.0579665
-0.0600034
-0.016885
-0.0192669
-0.0215758
-0.0238805
-0.0262092
-0.0285567
-0.0309095
-0.0332586
-0.0356003
-0.037932
-0.0402506
-0.0425518
-0.0448308
-0.0470827
-0.0493024
-0.0514845
-0.0536236
-0.0557138
-0.057749
-0.0151615
-0.0174948
-0.0197708
-0.022046
-0.0243439
-0.0266601
-0.0289828
-0.0313042
-0.0336203
-0.0359286
-0.0382257
-0.0405076
-0.0427696
-0.0450067
-0.047214
-0.0493861
-0.0515175
-0.0536025
-0.0556351
-0.013574
-0.0158619
-0.0181065
-0.0203536
-0.0226222
-0.0249084
-0.0272024
-0.029497
-0.0317884
-0.0340738
-0.0363501
-0.038613
-0.040858
-0.0430803
-0.0452749
-0.0474366
-0.0495598
-0.051639
-0.053668
-0.0121244
-0.01437
-0.0165852
-0.0188058
-0.0210467
-0.0233048
-0.0255716
-0.0278407
-0.0301085
-0.0323722
-0.0346283
-0.0368729
-0.0391014
-0.0413091
-0.0434911
-0.0456422
-0.0477571
-0.0498299
-0.0518548
-0.0108149
-0.0130218
-0.0152097
-0.0174056
-0.019621
-0.0218529
-0.0240943
-0.0263397
-0.0285854
-0.0308285
-0.0330656
-0.0352927
-0.0375054
-0.0396992
-0.041869
-0.0440098
-0.0461162
-0.0481825
-0.0502029
-0.00964843
-0.0118203
-0.0139834
-0.0161569
-0.0183489
-0.0205569
-0.0227752
-0.0249987
-0.0272242
-0.0294483
-0.0316678
-0.0338786
-0.0360766
-0.0382571
-0.0404154
-0.0425463
-0.0446445
-0.0467044
-0.0487201
-0.00862884
-0.0107698
-0.0129106
-0.0150641
-0.0172353
-0.019422
-0.0216196
-0.0238236
-0.0260307
-0.0282378
-0.0304413
-0.0326375
-0.034822
-0.0369904
-0.039138
-0.0412597
-0.0433503
-0.045404
-0.0474152
-0.00776
-0.00987446
-0.0119962
-0.0141323
-0.0162855
-0.0184539
-0.0206335
-0.0228205
-0.0250117
-0.0272039
-0.0293935
-0.0315767
-0.0337494
-0.0359072
-0.0380453
-0.0401588
-0.0422424
-0.0442905
-0.0462974
-0.00704912
-0.00914134
-0.0112471
-0.0133687
-0.015507
-0.01766
-0.0198247
-0.0219975
-0.0241754
-0.026355
-0.0285329
-0.0307053
-0.032868
-0.0350168
-0.0371468
-0.0392533
-0.0413309
-0.0433742
-0.0453773
-0.00649923
-0.00857505
-0.0106686
-0.0127792
-0.014906
-0.0170473
-0.0192004
-0.0213623
-0.0235299
-0.0256999
-0.0278687
-0.0300326
-0.0321875
-0.0343292
-0.0364529
-0.0385538
-0.0406267
-0.0426661
-0.0446662
-0.00612596
-0.00818902
-0.0102739
-0.0123767
-0.0144953
-0.0166283
-0.0187732
-0.0209273
-0.0230876
-0.0252507
-0.0274131
-0.029571
-0.0317204
-0.033857
-0.0359763
-0.0380732
-0.0401427
-0.0421793
-0.0441772
-0.0059247
-0.00798418
-0.0100657
-0.0121652
-0.0142804
-0.0164096
-0.0185508
-0.0207013
-0.0228581
-0.0250179
-0.0271771
-0.0293321
-0.0314788
-0.0336129
-0.0357299
-0.0378248
-0.0398926
-0.0419278
-0.0439245
-0.164547
-0.166904
-0.169147
-0.171277
-0.173298
-0.17521
-0.177019
-0.178727
-0.180343
-0.181874
-0.183333
-0.184733
-0.186094
-0.187435
-0.188782
-0.190159
-0.191596
-0.193124
-0.194785
-0.196641
-0.198803
-0.201495
-0.205551
-0.213855
-0.15811
-0.160607
-0.163003
-0.1653
-0.167501
-0.169613
-0.171639
-0.173587
-0.175467
-0.177291
-0.179075
-0.180837
-0.1826
-0.184392
-0.186246
-0.188199
-0.190296
-0.192589
-0.195143
-0.19804
-0.201381
-0.205248
-0.209588
-0.217707
-0.151869
-0.15452
-0.157086
-0.159572
-0.161983
-0.164325
-0.166604
-0.16883
-0.171011
-0.17316
-0.175288
-0.177413
-0.179552
-0.181725
-0.183954
-0.186264
-0.188681
-0.191231
-0.193939
-0.196826
-0.199897
-0.203205
-0.206378
-0.213898
-0.145721
-0.148492
-0.15119
-0.153817
-0.15638
-0.158882
-0.161331
-0.163732
-0.166094
-0.168424
-0.170733
-0.17303
-0.17533
-0.177644
-0.179989
-0.182381
-0.184838
-0.18738
-0.19003
-0.19282
-0.195785
-0.199109
-0.202218
-0.209714
-0.139628
-0.142488
-0.145282
-0.148013
-0.150685
-0.153303
-0.155871
-0.158395
-0.160881
-0.163336
-0.165769
-0.168189
-0.170607
-0.173035
-0.17549
-0.177989
-0.180553
-0.183208
-0.185985
-0.188925
-0.192039
-0.195524
-0.198566
-0.205541
-0.133614
-0.136542
-0.139411
-0.142223
-0.144984
-0.147696
-0.150363
-0.152992
-0.155588
-0.158157
-0.160707
-0.163248
-0.165788
-0.168341
-0.170921
-0.173543
-0.176226
-0.17899
-0.181854
-0.184847
-0.187944
-0.19136
-0.194244
-0.200632
-0.127699
-0.130677
-0.133603
-0.136479
-0.139308
-0.142094
-0.144842
-0.147555
-0.150239
-0.1529
-0.155544
-0.158179
-0.160813
-0.163454
-0.166116
-0.168807
-0.171543
-0.174336
-0.177201
-0.180166
-0.183206
-0.186554
-0.189404
-0.19524
-0.121891
-0.124903
-0.127867
-0.130786
-0.133664
-0.136504
-0.139309
-0.142083
-0.14483
-0.147554
-0.150262
-0.152959
-0.155651
-0.158347
-0.161053
-0.16378
-0.166539
-0.169344
-0.172206
-0.175157
-0.178167
-0.181452
-0.184289
-0.189534
-0.119225
-0.122211
-0.125158
-0.128067
-0.130941
-0.133783
-0.136597
-0.139385
-0.142152
-0.144903
-0.147641
-0.150372
-0.153103
-0.15584
-0.158592
-0.161367
-0.164178
-0.167033
-0.169958
-0.172919
-0.176103
-0.178913
-0.183585
-0.113652
-0.116647
-0.119606
-0.122531
-0.125424
-0.128288
-0.131125
-0.133939
-0.136732
-0.139509
-0.142273
-0.145028
-0.14778
-0.150534
-0.153296
-0.156074
-0.158875
-0.161705
-0.164585
-0.167487
-0.170564
-0.173352
-0.177512
-0.108191
-0.111183
-0.114142
-0.11707
-0.119969
-0.122841
-0.125689
-0.128514
-0.131319
-0.134108
-0.136883
-0.139648
-0.142407
-0.145163
-0.147922
-0.150688
-0.153469
-0.156267
-0.159102
-0.161949
-0.164925
-0.167691
-0.171412
-0.102848
-0.105826
-0.108775
-0.111695
-0.114588
-0.117457
-0.120302
-0.123126
-0.125932
-0.12872
-0.131495
-0.134258
-0.137012
-0.13976
-0.142507
-0.145256
-0.148012
-0.150778
-0.153566
-0.156362
-0.159244
-0.16198
-0.165345
-0.0976251
-0.100581
-0.10351
-0.106413
-0.109291
-0.112146
-0.11498
-0.117794
-0.120589
-0.123367
-0.126131
-0.128883
-0.131624
-0.134358
-0.137086
-0.139812
-0.142539
-0.14527
-0.148013
-0.150757
-0.153557
-0.156261
-0.159347
-0.0925275
-0.0954536
-0.0983549
-0.101232
-0.104087
-0.106921
-0.109734
-0.112529
-0.115305
-0.118066
-0.120812
-0.123545
-0.126266
-0.128978
-0.131682
-0.134381
-0.137077
-0.139771
-0.14247
-0.145167
-0.147895
-0.150563
-0.153439
-0.0875577
-0.0904473
-0.0933144
-0.0961597
-0.0989843
-0.101789
-0.104575
-0.107343
-0.110094
-0.11283
-0.115551
-0.118259
-0.120955
-0.12364
-0.126315
-0.128983
-0.131646
-0.134303
-0.13696
-0.139612
-0.142277
-0.144909
-0.147627
-0.0827183
-0.0855658
-0.0883929
-0.0912001
-0.0939883
-0.0967581
-0.0995105
-0.102246
-0.104966
-0.107671
-0.110361
-0.113039
-0.115704
-0.118358
-0.121001
-0.123636
-0.126263
-0.128882
-0.131497
-0.134106
-0.136718
-0.13931
-0.141911
-0.078011
-0.0808118
-0.0835939
-0.086358
-0.0891046
-0.0918344
-0.0945479
-0.0972459
-0.099929
-0.102598
-0.105253
-0.107895
-0.110526
-0.113145
-0.115753
-0.118351
-0.120941
-0.123522
-0.126096
-0.128662
-0.131224
-0.133777
-0.13629
-0.0734373
-0.0761874
-0.0789205
-0.0816371
-0.0843378
-0.0870231
-0.0896933
-0.0923491
-0.094991
-0.0976195
-0.100235
-0.102838
-0.10543
-0.10801
-0.11058
-0.11314
-0.11569
-0.118231
-0.120763
-0.123288
-0.125804
-0.128316
-0.130761
-0.0689978
-0.0716939
-0.0743746
-0.0770403
-0.0796914
-0.0823283
-0.0849515
-0.0875613
-0.0901582
-0.0927426
-0.0953149
-0.0978755
-0.100425
-0.102963
-0.105491
-0.10801
-0.110518
-0.113018
-0.115508
-0.11799
-0.120462
-0.122932
-0.125322
-0.0646928
-0.0673323
-0.0699577
-0.0725696
-0.0751681
-0.0777536
-0.0803265
-0.082887
-0.0854356
-0.0879726
-0.0904982
-0.0930129
-0.095517
-0.0980108
-0.100495
-0.102969
-0.105434
-0.107889
-0.110336
-0.112775
-0.115203
-0.117629
-0.119971
-0.0605221
-0.0631028
-0.0656708
-0.0682264
-0.0707698
-0.0733013
-0.0758212
-0.0783298
-0.0808273
-0.0833141
-0.0857903
-0.0882563
-0.0907123
-0.0931586
-0.0955955
-0.0980232
-0.100442
-0.102852
-0.105254
-0.107647
-0.11003
-0.112411
-0.114708
-0.0564851
-0.0590054
-0.0615142
-0.0640117
-0.066498
-0.0689735
-0.0714382
-0.0738926
-0.0763367
-0.0787708
-0.0811952
-0.0836101
-0.0860156
-0.0884121
-0.0907996
-0.0931786
-0.095549
-0.0979113
-0.100265
-0.102612
-0.104948
-0.107283
-0.109535
-0.0525806
-0.0550394
-0.0574877
-0.0599257
-0.0623534
-0.0647712
-0.0671791
-0.0695774
-0.0719662
-0.0743458
-0.0767164
-0.079078
-0.081431
-0.0837754
-0.0861116
-0.0884396
-0.0907597
-0.0930719
-0.0953764
-0.0976738
-0.0999612
-0.102248
-0.104455
-0.0488075
-0.051204
-0.0535909
-0.0559683
-0.0583363
-0.0606951
-0.0630449
-0.0653858
-0.0677179
-0.0700414
-0.0723564
-0.0746632
-0.0769619
-0.0792526
-0.0815354
-0.0838107
-0.0860784
-0.0883388
-0.0905919
-0.0928382
-0.0950752
-0.0973109
-0.0994712
-0.0451641
-0.0474978
-0.0498228
-0.052139
-0.0544466
-0.0567456
-0.0590363
-0.0613187
-0.0635929
-0.0658591
-0.0681175
-0.0703681
-0.072611
-0.0748465
-0.0770746
-0.0792955
-0.0815093
-0.0837162
-0.0859161
-0.0881096
-0.0902944
-0.0924776
-0.0945891
-0.0416486
-0.0439195
-0.0461822
-0.0484369
-0.0506836
-0.0529224
-0.0551534
-0.0573766
-0.0595923
-0.0618004
-0.0640011
-0.0661945
-0.0683807
-0.0705599
-0.072732
-0.0748974
-0.0770559
-0.0792079
-0.0813533
-0.0834925
-0.0856234
-0.0877526
-0.0898135
-0.038259
-0.0404672
-0.0426678
-0.0448609
-0.0470466
-0.0492249
-0.0513959
-0.0535597
-0.0557163
-0.0578658
-0.0600083
-0.0621439
-0.0642727
-0.0663947
-0.0685101
-0.070619
-0.0727213
-0.0748174
-0.0769071
-0.0789909
-0.0810668
-0.0831407
-0.0851495
-0.0349931
-0.037139
-0.0392778
-0.0414097
-0.0435345
-0.0456524
-0.0477634
-0.0498676
-0.0519651
-0.0540558
-0.0561398
-0.0582173
-0.0602882
-0.0623526
-0.0644107
-0.0664625
-0.0685081
-0.0705475
-0.0725808
-0.0746083
-0.0766283
-0.078646
-0.0806017
-0.0318488
-0.0339329
-0.0360105
-0.0380815
-0.0401459
-0.0422037
-0.0442551
-0.0462999
-0.0483383
-0.0503702
-0.0523958
-0.054415
-0.056428
-0.0584347
-0.0604353
-0.0624298
-0.0644182
-0.0664006
-0.068377
-0.0703478
-0.0723113
-0.0742723
-0.0761742
-0.0288236
-0.0308468
-0.0328639
-0.0348747
-0.0368792
-0.0388776
-0.0408697
-0.0428556
-0.0448353
-0.0468088
-0.0487762
-0.0507375
-0.0526926
-0.0546418
-0.0565849
-0.058522
-0.0604532
-0.0623786
-0.064298
-0.0662119
-0.0681186
-0.0700227
-0.0718705
-0.0259151
-0.0278784
-0.0298358
-0.0317873
-0.0337328
-0.0356724
-0.037606
-0.0395336
-0.0414553
-0.0433709
-0.0452806
-0.0471843
-0.0490821
-0.050974
-0.05286
-0.0547401
-0.0566144
-0.0584828
-0.0603455
-0.0622025
-0.0640526
-0.0658998
-0.0676935
-0.0231208
-0.0250253
-0.0269242
-0.0288174
-0.0307049
-0.0325866
-0.0344626
-0.0363328
-0.0381971
-0.0400557
-0.0419084
-0.0437552
-0.0455963
-0.0474315
-0.0492609
-0.0510845
-0.0529023
-0.0547143
-0.0565206
-0.0583212
-0.060115
-0.0619056
-0.0636457
-0.0204384
-0.0222853
-0.0241269
-0.0259629
-0.0277935
-0.0296185
-0.0314378
-0.0332516
-0.0350596
-0.036862
-0.0386586
-0.0404495
-0.0422346
-0.0440139
-0.0457875
-0.0475554
-0.0493174
-0.0510737
-0.0528242
-0.054569
-0.0563071
-0.0580418
-0.0597287
-0.0178652
-0.019656
-0.0214415
-0.0232218
-0.0249966
-0.0267661
-0.02853
-0.0302885
-0.0320413
-0.0337886
-0.0355302
-0.0372661
-0.0389963
-0.0407208
-0.0424395
-0.0441525
-0.0458597
-0.0475611
-0.0492567
-0.0509466
-0.0526299
-0.0543094
-0.0559438
-0.0153989
-0.017135
-0.018866
-0.0205918
-0.0223123
-0.0240276
-0.0257374
-0.0274418
-0.0291408
-0.0308341
-0.0325219
-0.0342041
-0.0358805
-0.0375513
-0.0392163
-0.0408755
-0.0425289
-0.0441766
-0.0458183
-0.0474543
-0.0490837
-0.0507091
-0.0522921
-0.0130372
-0.01472
-0.016398
-0.0180708
-0.0197385
-0.021401
-0.0230582
-0.02471
-0.0263563
-0.0279972
-0.0296325
-0.0312622
-0.0328862
-0.0345045
-0.036117
-0.0377237
-0.0393247
-0.0409197
-0.0425089
-0.0440922
-0.0456689
-0.0472413
-0.048774
-0.0107775
-0.0124088
-0.0140353
-0.0156568
-0.0172732
-0.0188844
-0.0204904
-0.0220911
-0.0236864
-0.0252762
-0.0268605
-0.0284391
-0.0300121
-0.0315793
-0.0331408
-0.0346964
-0.0362462
-0.03779
-0.0393279
-0.0408599
-0.0423852
-0.0439061
-0.0453898
-0.00861776
-0.0101992
-0.0117758
-0.0133476
-0.0149143
-0.016476
-0.0180324
-0.0195835
-0.0211293
-0.0226696
-0.0242043
-0.0257335
-0.0272569
-0.0287747
-0.0302866
-0.0317926
-0.0332927
-0.0347868
-0.036275
-0.0377571
-0.0392325
-0.0407033
-0.0421394
-0.00655572
-0.008089
-0.00961755
-0.0111413
-0.01266
-0.0141737
-0.0156822
-0.0171855
-0.0186833
-0.0201758
-0.0216626
-0.0231439
-0.0246195
-0.0260893
-0.0275532
-0.0290112
-0.0304633
-0.0319093
-0.0333493
-0.0347831
-0.0362103
-0.0376325
-0.0390227
-0.00458933
-0.00607622
-0.00755844
-0.00903586
-0.0105084
-0.0119758
-0.0134381
-0.0148952
-0.0163469
-0.0177932
-0.0192339
-0.020669
-0.0220983
-0.0235219
-0.0249395
-0.0263513
-0.027757
-0.0291566
-0.03055
-0.0319373
-0.033318
-0.0346934
-0.0360391
-0.00271665
-0.00415896
-0.00559665
-0.00702957
-0.00845761
-0.00988064
-0.0112985
-0.0127112
-0.0141185
-0.0155203
-0.0169166
-0.0183073
-0.0196922
-0.0210713
-0.0224444
-0.0238116
-0.0251727
-0.0265277
-0.0278764
-0.0292189
-0.0305548
-0.0318852
-0.0331881
-0.000935872
-0.00233545
-0.00373044
-0.00512069
-0.00650609
-0.00788649
-0.00926178
-0.0106318
-0.0119966
-0.0133558
-0.0147095
-0.0160576
-0.0173998
-0.0187362
-0.0200667
-0.0213912
-0.0227095
-0.0240217
-0.0253276
-0.0266272
-0.0279201
-0.0292074
-0.0304694
0.000754641
-0.000604069
-0.00195821
-0.00330766
-0.00465227
-0.0059919
-0.00732644
-0.00865576
-0.00997974
-0.0112983
-0.0126112
-0.0139185
-0.01522
-0.0165157
-0.0178053
-0.019089
-0.0203664
-0.0216377
-0.0229027
-0.0241613
-0.0254132
-0.0266593
-0.0278822
0.00235638
0.00103665
-0.00027854
-0.00158906
-0.00289476
-0.00419552
-0.00549119
-0.00678165
-0.00806679
-0.00934647
-0.0106206
-0.011889
-0.0131517
-0.0144085
-0.0156593
-0.016904
-0.0181426
-0.0193749
-0.0206009
-0.0218205
-0.0230334
-0.0242404
-0.025426
0.00387065
0.002588
0.00130985
3.63541e-05
-0.00123236
-0.00249615
-0.00375487
-0.00500841
-0.00625662
-0.0074994
-0.00873663
-0.00996818
-0.011194
-0.0124138
-0.0136277
-0.0148356
-0.0160372
-0.0172326
-0.0184216
-0.0196042
-0.0207802
-0.0219501
-0.0231004
0.00529856
0.00405106
0.00280803
0.00156961
0.000335955
-0.000892804
-0.00211653
-0.00333508
-0.00454834
-0.00575618
-0.00695848
-0.00815512
-0.00934599
-0.010531
-0.01171
-0.0128829
-0.0140497
-0.0152102
-0.0163643
-0.017512
-0.0186531
-0.019788
-0.020905
0.00664101
0.00542671
0.00421684
0.00301156
0.001811
0.0006153
-0.000575393
-0.00176095
-0.00294124
-0.00411613
-0.00528551
-0.00644925
-0.00760725
-0.0087594
-0.00990558
-0.0110457
-0.0121796
-0.0133073
-0.0144287
-0.0155436
-0.0166519
-0.017754
-0.0188398
0.00789864
0.00671558
0.00553691
0.00436278
0.00319333
0.0020287
0.000869037
-0.000285526
-0.00143486
-0.00257884
-0.00371734
-0.00485024
-0.00597742
-0.00709878
-0.00821421
-0.00932361
-0.0104269
-0.0115239
-0.0126146
-0.0136989
-0.0147766
-0.0158481
-0.0169047
0.00791807
0.0067686
0.00562361
0.00448326
0.00334769
0.00221703
0.00109142
-2.90116e-05
-0.00114413
-0.00225382
-0.00335796
-0.00445643
-0.00554912
-0.00663593
-0.00771674
-0.00879146
-0.00985999
-0.0109222
-0.0119781
-0.0130275
-0.0140706
-0.0151002
0.00903424
0.00791194
0.00679407
0.00568078
0.00457221
0.00346849
0.00236977
0.00127616
0.000187805
-0.000895182
-0.00197268
-0.00304457
-0.00411074
-0.00517108
-0.0062255
-0.00727387
-0.00831612
-0.00935215
-0.0103819
-0.0114051
-0.0124221
-0.0134269
0.0100639
0.00896674
0.00787393
0.00678563
0.00570198
0.00462311
0.00354916
0.00248026
0.00141653
0.000358096
-0.000694922
-0.00174241
-0.00278426
-0.00382035
-0.00485059
-0.00587488
-0.00689311
-0.00790519
-0.00891104
-0.00991051
-0.0109038
-0.0118859
0.0110064
0.00993227
0.00886243
0.00779701
0.00673616
0.00568
0.00462869
0.00358233
0.00254105
0.00150499
0.000474243
-0.000551063
-0.00157082
-0.00258492
-0.00359326
-0.00459574
-0.00559226
-0.00658273
-0.00756706
-0.00854512
-0.00951704
-0.0104789
0.011861
0.0108078
0.00975872
0.00871402
0.00767379
0.00663816
0.00560727
0.00458123
0.00356017
0.00254421
0.00153347
0.000528056
-0.000471922
-0.00146635
-0.00245514
-0.00343818
-0.00441537
-0.00538663
-0.00635187
-0.00731095
-0.00826398
-0.00920787
0.0126258
0.0115913
0.0105609
0.00953478
0.00851298
0.00749567
0.00648297
0.00547501
0.00447191
0.00347379
0.00248075
0.00149291
0.000510371
-0.000466754
-0.00143837
-0.00240437
-0.00336467
-0.00431918
-0.0052678
-0.00621042
-0.0071471
-0.0080755
0.0132996
0.0122816
0.0112675
0.0102576
0.00925186
0.0082505
0.00725363
0.00626135
0.00527379
0.00429106
0.00331327
0.00234054
0.00137296
0.000410638
-0.000546322
-0.00149782
-0.00244377
-0.00338408
-0.00431866
-0.0052474
-0.00617031
-0.00708571
0.0138793
0.0128755
0.0118756
0.0108796
0.00988778
0.00890012
0.00791679
0.00693789
0.00596355
0.00499387
0.00402895
0.00306891
0.00211384
0.00116384
0.000219003
-0.000720568
-0.00165479
-0.00258356
-0.00350682
-0.00442445
-0.00533645
-0.00624165
0.0143616
0.0133694
0.012381
0.0113963
0.0104156
0.00943894
0.00846643
0.00749819
0.00653432
0.00557494
0.00462014
0.00367004
0.00272473
0.00178431
0.000848876
-8.14792e-05
-0.00100666
-0.00192658
-0.00284116
-0.00375029
-0.00465393
-0.00555135
0.0147458
0.0137633
0.0127843
0.011809
0.0108373
0.0098695
0.00890562
0.00794578
0.00699007
0.0060386
0.00509146
0.00414875
0.00321056
0.00227697
0.00134809
0.000423988
-0.000495244
-0.00140952
-0.00231877
-0.00322291
-0.00412189
-0.00501528
0.0150147
0.0140384
0.0130653
0.0120958
0.0111298
0.0101674
0.00920887
0.00825417
0.00730343
0.00635676
0.00541424
0.00447598
0.00354206
0.00261258
0.00168762
0.000767265
-0.00014839
-0.00105927
-0.00196528
-0.00286635
-0.00376241
-0.00465327
0.0151992
0.0142277
0.0132592
0.0122939
0.0113318
0.010373
0.00941754
0.00846558
0.00751716
0.00657239
0.00563134
0.00469409
0.00376073
0.00283133
0.00190598
0.000984746
6.77119e-05
-0.000845048
-0.00175346
-0.00265745
-0.00355694
-0.00445185
0.0151839
0.0142122
0.0132435
0.0122779
0.0113156
0.0103565
0.00940086
0.00844865
0.0075
0.00655498
0.00561368
0.00467618
0.00374256
0.00281291
0.0018873
0.000965801
4.85033e-05
-0.000864523
-0.0017732
-0.00267746
-0.00357723
-0.00447241
0.0149995
0.0140229
0.0130496
0.0120799
0.0111136
0.010151
0.00919223
0.00823729
0.00728631
0.00633939
0.00539663
0.00445811
0.00352394
0.0025942
0.00166898
0.000748373
-0.000167545
-0.00107868
-0.00198497
-0.0028863
-0.00378264
-0.00467376
0.0147307
0.013748
0.0127688
0.0117932
0.0108213
0.00985322
0.0088891
0.00792902
0.00697307
0.00602135
0.00507396
0.004131
0.00319256
0.00225872
0.00132958
0.000405219
-0.000514273
-0.00142882
-0.00233833
-0.00324274
-0.00414199
-0.00503565
0.0153426
0.0143466
0.0133542
0.0123656
0.0113807
0.0103997
0.00942283
0.00845008
0.0074816
0.00651749
0.00555786
0.00460282
0.00365247
0.00270691
0.00176624
0.000830545
-0.000100067
-0.00102551
-0.00194569
-0.00286053
-0.00376992
-0.00467384
-0.00557153
0.0148722
0.0138645
0.0128606
0.0118604
0.0108642
0.00987213
0.00888424
0.00790067
0.00692153
0.00594695
0.00497702
0.00401186
0.00305157
0.00209625
0.001146
0.000200911
-0.000738916
-0.00167339
-0.00260243
-0.00352594
-0.00444384
-0.00535611
-0.00626158
0.0143073
0.0132852
0.0122669
0.0112526
0.0102424
0.00923648
0.00823489
0.00723778
0.00624527
0.00525747
0.0042745
0.00329647
0.00232349
0.00135566
0.000393092
-0.00056412
-0.00151588
-0.00246208
-0.00340265
-0.00433748
-0.00526648
-0.00618966
-0.00710533
0.0136503
0.0126117
0.011577
0.0105463
0.00951996
0.00849793
0.00748039
0.00646746
0.00545927
0.00445593
0.00345756
0.00246428
0.0014762
0.000493419
-0.000483953
-0.00145582
-0.00242207
-0.00338263
-0.00433739
-0.00528626
-0.00622915
-0.00716609
-0.00809475
0.0129047
0.0118472
0.0107937
0.00974449
0.00869956
0.00765911
0.00662326
0.00559213
0.00456586
0.00354457
0.00252838
0.0015174
0.000511743
-0.000488476
-0.00148315
-0.00247219
-0.00345547
-0.00443292
-0.00540443
-0.00636992
-0.00732926
-0.00828254
-0.00922669
0.0120715
0.010993
0.00991868
0.00884861
0.00778297
0.0067219
0.00566553
0.00461398
0.00356739
0.00252589
0.00148959
0.000458613
-0.000566929
-0.00158692
-0.00260127
-0.00360985
-0.00461257
-0.00560934
-0.00660006
-0.00758464
-0.00856295
-0.00953512
-0.0104972
0.0111526
0.010051
0.0089536
0.00786058
0.00677206
0.00568819
0.0046091
0.00353493
0.00246581
0.00140185
0.000343189
-0.000710059
-0.00175778
-0.00279986
-0.00383619
-0.00486667
-0.00589119
-0.00690967
-0.007922
-0.00892809
-0.00992781
-0.0109213
-0.0119037
0.0101486
0.0090218
0.0078993
0.00678122
0.00566772
0.00455894
0.003455
0.00235606
0.00126224
0.000173659
-0.000909551
-0.00198727
-0.00305939
-0.00412579
-0.00518636
-0.00624101
-0.00728962
-0.00833211
-0.00936837
-0.0103983
-0.0114218
-0.0124391
-0.0134441
0.00906019
0.00790617
0.0067565
0.00561131
0.00447075
0.00333497
0.0022041
0.00107828
-4.23625e-05
-0.0011577
-0.0022676
-0.00337196
-0.00447065
-0.00556357
-0.0066506
-0.00773164
-0.00880659
-0.00987535
-0.0109378
-0.0119939
-0.0130435
-0.0140869
-0.0151167
0.00788751
0.00670426
0.00552539
0.00435106
0.00318141
0.00201658
0.000856716
-0.000298052
-0.00144759
-0.00259178
-0.00373049
-0.0048636
-0.005991
-0.00711258
-0.00822822
-0.00933784
-0.0104413
-0.0115386
-0.0126295
-0.013714
-0.014792
-0.0158637
-0.0169205
0.00663048
0.005416
0.00420595
0.00300047
0.00179972
0.000603825
-0.000587063
-0.00177282
-0.0029533
-0.0041284
-0.00529798
-0.00646193
-0.00762013
-0.00877248
-0.00991887
-0.0110592
-0.0121934
-0.0133213
-0.0144428
-0.015558
-0.0166665
-0.0177688
-0.0188548
0.00528868
0.004041
0.00279779
0.00155919
0.000325347
-0.000903597
-0.00212751
-0.00334625
-0.0045597
-0.00576773
-0.00697022
-0.00816706
-0.00935813
-0.0105433
-0.0117225
-0.0128957
-0.0140626
-0.0152233
-0.0163777
-0.0175256
-0.0186668
-0.019802
-0.0209192
0.00386144
0.00257863
0.00130031
2.66337e-05
-0.00124225
-0.00250622
-0.00376512
-0.00501883
-0.00626723
-0.00751019
-0.0087476
-0.00997934
-0.0112053
-0.0124254
-0.0136395
-0.0148475
-0.0160493
-0.0172449
-0.0184341
-0.0196169
-0.020793
-0.0219631
-0.0231137
0.00234788
0.001028
-0.000287358
-0.00159804
-0.00290391
-0.00420483
-0.00550067
-0.0067913
-0.00807661
-0.00935646
-0.0106308
-0.0118994
-0.0131622
-0.0144192
-0.0156702
-0.0169151
-0.0181538
-0.0193863
-0.0206125
-0.0218322
-0.0230453
-0.0242525
-0.0254383
0.000746886
-0.000611973
-0.00196627
-0.00331587
-0.00466063
-0.00600042
-0.00733511
-0.00866459
-0.00998872
-0.0113074
-0.0126205
-0.013928
-0.0152296
-0.0165254
-0.0178153
-0.0190991
-0.0203767
-0.0216481
-0.0229133
-0.024172
-0.0254241
-0.0266704
-0.0278934
-0.000942857
-0.00234258
-0.0037377
-0.0051281
-0.00651363
-0.00789418
-0.00926961
-0.0106398
-0.0120047
-0.0133641
-0.0147179
-0.0160661
-0.0174085
-0.0187451
-0.0200757
-0.0214003
-0.0227188
-0.0240311
-0.0253371
-0.0266369
-0.0279299
-0.0292174
-0.0304795
-0.00272283
-0.00416528
-0.00560309
-0.00703614
-0.0084643
-0.00988745
-0.0113055
-0.0127183
-0.0141257
-0.0155277
-0.0169241
-0.0183149
-0.0196999
-0.0210791
-0.0224524
-0.0238197
-0.0251809
-0.026536
-0.0278849
-0.0292275
-0.0305635
-0.0318941
-0.0331971
-0.00459469
-0.0060817
-0.00756402
-0.00904156
-0.0105142
-0.0119817
-0.0134442
-0.0149014
-0.0163532
-0.0177996
-0.0192404
-0.0206756
-0.022105
-0.0235287
-0.0249465
-0.0263583
-0.0277641
-0.0291638
-0.0305574
-0.0319448
-0.0333255
-0.034701
-0.0360468
-0.00656023
-0.00809361
-0.00962225
-0.0111461
-0.0126649
-0.0141787
-0.0156873
-0.0171906
-0.0186886
-0.0201811
-0.0216681
-0.0231495
-0.0246251
-0.026095
-0.027559
-0.0290171
-0.0304693
-0.0319154
-0.0333554
-0.0347893
-0.0362166
-0.0376389
-0.0390291
-0.00862141
-0.0102029
-0.0117796
-0.0133515
-0.0149183
-0.01648
-0.0180365
-0.0195877
-0.0211335
-0.0226739
-0.0242087
-0.025738
-0.0272615
-0.0287793
-0.0302912
-0.0317973
-0.0332975
-0.0347917
-0.0362799
-0.037762
-0.0392375
-0.0407083
-0.0421445
-0.0107803
-0.0124117
-0.0140382
-0.0156597
-0.0172762
-0.0188875
-0.0204935
-0.0220943
-0.0236896
-0.0252795
-0.0268638
-0.0284425
-0.0300155
-0.0315828
-0.0331443
-0.0346999
-0.0362497
-0.0377936
-0.0393315
-0.0408635
-0.0423889
-0.0439097
-0.0453935
-0.013039
-0.0147219
-0.0163999
-0.0180728
-0.0197405
-0.021403
-0.0230603
-0.0247121
-0.0263585
-0.0279994
-0.0296347
-0.0312644
-0.0328884
-0.0345067
-0.0361193
-0.037726
-0.0393269
-0.040922
-0.0425111
-0.0440944
-0.0456711
-0.0472435
-0.0487762
-0.0153999
-0.017136
-0.0188669
-0.0205928
-0.0223133
-0.0240286
-0.0257385
-0.0274429
-0.0291418
-0.0308352
-0.032523
-0.0342051
-0.0358816
-0.0375523
-0.0392173
-0.0408765
-0.0425299
-0.0441775
-0.0458192
-0.0474552
-0.0490845
-0.0507098
-0.0522928
-0.0178652
-0.019656
-0.0214415
-0.0232218
-0.0249966
-0.0267661
-0.02853
-0.0302884
-0.0320413
-0.0337885
-0.03553
-0.0372659
-0.0389961
-0.0407205
-0.0424392
-0.0441521
-0.0458593
-0.0475606
-0.0492562
-0.050946
-0.0526291
-0.0543085
-0.0559429
-0.0204374
-0.0222843
-0.0241259
-0.0259619
-0.0277924
-0.0296174
-0.0314367
-0.0332504
-0.0350584
-0.0368607
-0.0386572
-0.0404481
-0.0422331
-0.0440124
-0.0457859
-0.0475536
-0.0493156
-0.0510718
-0.0528221
-0.0545669
-0.0563049
-0.0580394
-0.0597261
-0.0231189
-0.0250234
-0.0269222
-0.0288154
-0.0307028
-0.0325845
-0.0344604
-0.0363305
-0.0381947
-0.0400532
-0.0419058
-0.0437526
-0.0455935
-0.0474286
-0.0492579
-0.0510814
-0.0528991
-0.0547109
-0.056517
-0.0583175
-0.0601111
-0.0619016
-0.0636414
-0.0259122
-0.0278755
-0.0298328
-0.0317842
-0.0337297
-0.0356692
-0.0376027
-0.0395302
-0.0414517
-0.0433673
-0.0452768
-0.0471804
-0.0490781
-0.0509698
-0.0528556
-0.0547356
-0.0566097
-0.0584779
-0.0603404
-0.0621972
-0.0640471
-0.065894
-0.0676875
-0.0288197
-0.0308429
-0.0328598
-0.0348705
-0.036875
-0.0388732
-0.0408652
-0.042851
-0.0448305
-0.0468039
-0.0487712
-0.0507323
-0.0526873
-0.0546362
-0.0565791
-0.0585161
-0.060447
-0.0623721
-0.0642914
-0.066205
-0.0681114
-0.0700152
-0.0718627
-0.031844
-0.033928
-0.0360055
-0.0380763
-0.0401406
-0.0421983
-0.0442495
-0.0462941
-0.0483323
-0.0503641
-0.0523895
-0.0544086
-0.0564213
-0.0584278
-0.0604282
-0.0624224
-0.0644105
-0.0663926
-0.0683688
-0.0703393
-0.0723024
-0.0742631
-0.0761646
-0.0349874
-0.0371331
-0.0392718
-0.0414034
-0.0435281
-0.0456459
-0.0477567
-0.0498607
-0.0519579
-0.0540484
-0.0561322
-0.0582095
-0.0602801
-0.0623443
-0.0644021
-0.0664536
-0.0684989
-0.070538
-0.0725709
-0.0745981
-0.0766177
-0.078635
-0.0805903
-0.0382522
-0.0404603
-0.0426607
-0.0448537
-0.0470392
-0.0492173
-0.0513881
-0.0535516
-0.055708
-0.0578572
-0.0599995
-0.0621348
-0.0642633
-0.066385
-0.0685001
-0.0706086
-0.0727106
-0.0748063
-0.0768956
-0.078979
-0.0810545
-0.0831279
-0.0851362
-0.0416409
-0.0439116
-0.0461742
-0.0484286
-0.0506751
-0.0529137
-0.0551444
-0.0573674
-0.0595827
-0.0617906
-0.063991
-0.0661841
-0.06837
-0.0705488
-0.0727206
-0.0748855
-0.0770437
-0.0791952
-0.0813402
-0.083479
-0.0856094
-0.0877381
-0.0897984
-0.0451554
-0.047489
-0.0498137
-0.0521297
-0.054437
-0.0567358
-0.0590262
-0.0613083
-0.0635822
-0.0658481
-0.0681061
-0.0703563
-0.0725989
-0.074834
-0.0770617
-0.0792822
-0.0814955
-0.0837019
-0.0859014
-0.0880944
-0.0902786
-0.0924612
-0.0945721
-0.0487979
-0.0511942
-0.0535809
-0.055958
-0.0583257
-0.0606842
-0.0630337
-0.0653742
-0.067706
-0.0700291
-0.0723438
-0.0746502
-0.0769484
-0.0792387
-0.0815211
-0.0837959
-0.0860631
-0.088323
-0.0905755
-0.0928213
-0.0950577
-0.0972927
-0.0994524
-0.0525702
-0.0550287
-0.0574767
-0.0599144
-0.0623418
-0.0647592
-0.0671668
-0.0695647
-0.0719532
-0.0743324
-0.0767025
-0.0790637
-0.0814162
-0.0837602
-0.0860959
-0.0884234
-0.0907429
-0.0930545
-0.0953585
-0.0976552
-0.099942
-0.102228
-0.104434
-0.0564737
-0.0589938
-0.0615023
-0.0639994
-0.0664854
-0.0689605
-0.0714249
-0.0738788
-0.0763225
-0.0787562
-0.0811801
-0.0835945
-0.0859995
-0.0883955
-0.0907825
-0.0931609
-0.0955307
-0.0978923
-0.100246
-0.102592
-0.104927
-0.107261
-0.109513
-0.0605099
-0.0630903
-0.0656579
-0.0682132
-0.0707562
-0.0732873
-0.0758068
-0.078315
-0.080812
-0.0832983
-0.085774
-0.0882395
-0.090695
-0.0931407
-0.095577
-0.0980041
-0.100422
-0.102832
-0.105232
-0.107625
-0.110007
-0.112388
-0.114684
-0.0646798
-0.0673188
-0.0699439
-0.0725554
-0.0751535
-0.0777386
-0.080311
-0.0828711
-0.0854192
-0.0879556
-0.0904808
-0.0929949
-0.0954984
-0.0979916
-0.100475
-0.102948
-0.105412
-0.107867
-0.110314
-0.112752
-0.115178
-0.117604
-0.119945
-0.0689839
-0.0716796
-0.0743599
-0.0770252
-0.0796759
-0.0823123
-0.084935
-0.0875444
-0.0901407
-0.0927245
-0.0952962
-0.0978563
-0.100405
-0.102943
-0.10547
-0.107988
-0.110496
-0.112994
-0.115484
-0.117965
-0.120436
-0.122905
-0.125294
-0.0734226
-0.0761722
-0.0789049
-0.0816211
-0.0843214
-0.0870061
-0.0896759
-0.0923312
-0.0949725
-0.0976004
-0.100215
-0.102818
-0.105409
-0.107989
-0.110558
-0.113116
-0.115666
-0.118206
-0.120738
-0.123261
-0.125777
-0.128288
-0.130732
-0.075176
-0.0779955
-0.0807959
-0.0835776
-0.0863412
-0.0890873
-0.0918165
-0.0945296
-0.097227
-0.0999094
-0.102578
-0.105232
-0.107874
-0.110504
-0.113122
-0.115729
-0.118327
-0.120915
-0.123495
-0.126068
-0.128634
-0.131195
-0.133747
-0.136259
-0.0798337
-0.082702
-0.0855491
-0.0883757
-0.0911824
-0.0939701
-0.0967394
-0.0994912
-0.102226
-0.104945
-0.107649
-0.110339
-0.113016
-0.11568
-0.118334
-0.120977
-0.12361
-0.126236
-0.128855
-0.131469
-0.134077
-0.136687
-0.139279
-0.141879
-0.0846282
-0.0875408
-0.0904299
-0.0932964
-0.0961413
-0.0989653
-0.10177
-0.104555
-0.107322
-0.110073
-0.112808
-0.115528
-0.118235
-0.12093
-0.123614
-0.126289
-0.128957
-0.131618
-0.134274
-0.13693
-0.139581
-0.142246
-0.144876
-0.147593
-0.0895584
-0.0925098
-0.0954354
-0.0983362
-0.101213
-0.104068
-0.106901
-0.109713
-0.112507
-0.115283
-0.118043
-0.120788
-0.12352
-0.126241
-0.128952
-0.131655
-0.134353
-0.137048
-0.139741
-0.142439
-0.145135
-0.147862
-0.150529
-0.153404
-0.0946228
-0.0976068
-0.100562
-0.103491
-0.106393
-0.109271
-0.112125
-0.114958
-0.117771
-0.120566
-0.123344
-0.126107
-0.128858
-0.131598
-0.134331
-0.137058
-0.139783
-0.14251
-0.145239
-0.147981
-0.150724
-0.153523
-0.156225
-0.159311
-0.0998195
-0.102829
-0.105807
-0.108755
-0.111674
-0.114567
-0.117435
-0.12028
-0.123103
-0.125908
-0.128696
-0.131469
-0.134231
-0.136985
-0.139732
-0.142478
-0.145226
-0.147981
-0.150746
-0.153533
-0.156327
-0.159208
-0.161943
-0.165307
-0.105146
-0.108172
-0.111163
-0.114122
-0.117049
-0.119947
-0.122819
-0.125665
-0.12849
-0.131295
-0.134083
-0.136857
-0.139621
-0.142379
-0.145134
-0.147892
-0.150657
-0.153437
-0.156235
-0.159068
-0.161915
-0.164889
-0.167653
-0.171374
-0.110599
-0.113632
-0.116627
-0.119585
-0.122509
-0.125402
-0.128265
-0.131101
-0.133915
-0.136707
-0.139483
-0.142246
-0.145001
-0.147752
-0.150505
-0.153266
-0.156042
-0.158842
-0.161671
-0.16455
-0.167451
-0.170527
-0.173314
-0.177473
-0.116176
-0.119204
-0.12219
-0.125136
-0.128044
-0.130918
-0.133759
-0.136572
-0.13936
-0.142127
-0.144876
-0.147613
-0.150344
-0.153073
-0.15581
-0.15856
-0.161335
-0.164145
-0.166999
-0.169922
-0.172882
-0.176065
-0.178874
-0.183545
-0.121871
-0.124882
-0.127845
-0.130764
-0.133641
-0.136481
-0.139285
-0.142058
-0.144804
-0.147528
-0.150235
-0.152931
-0.155622
-0.158317
-0.161022
-0.163749
-0.166507
-0.16931
-0.172172
-0.175121
-0.17813
-0.181414
-0.184249
-0.189494
-0.127678
-0.130656
-0.133581
-0.136456
-0.139284
-0.14207
-0.144817
-0.14753
-0.150213
-0.152874
-0.155517
-0.158151
-0.160783
-0.163424
-0.166084
-0.168775
-0.17151
-0.174302
-0.177166
-0.18013
-0.183168
-0.186516
-0.189365
-0.1952
-0.133592
-0.13652
-0.139388
-0.1422
-0.14496
-0.147671
-0.150338
-0.152967
-0.155562
-0.15813
-0.160679
-0.163219
-0.165759
-0.168311
-0.170889
-0.173511
-0.176193
-0.178956
-0.181819
-0.18481
-0.187906
-0.191322
-0.194205
-0.200591
-0.139606
-0.142466
-0.145259
-0.147989
-0.150661
-0.153278
-0.155845
-0.158369
-0.160854
-0.163309
-0.165741
-0.16816
-0.170577
-0.173005
-0.175458
-0.177956
-0.18052
-0.183174
-0.18595
-0.188889
-0.192002
-0.195486
-0.198527
-0.205501
-0.145699
-0.14847
-0.151167
-0.153793
-0.156355
-0.158857
-0.161305
-0.163706
-0.166067
-0.168396
-0.170704
-0.173001
-0.175299
-0.177613
-0.179957
-0.182348
-0.184804
-0.187346
-0.189994
-0.192784
-0.195748
-0.199071
-0.202179
-0.209674
-0.151846
-0.154497
-0.157063
-0.159548
-0.161958
-0.1643
-0.166579
-0.168804
-0.170984
-0.173132
-0.17526
-0.177384
-0.179522
-0.181694
-0.183922
-0.186231
-0.188647
-0.191197
-0.193904
-0.19679
-0.199861
-0.203168
-0.20634
-0.213858
-0.158088
-0.160584
-0.162979
-0.165275
-0.167477
-0.169587
-0.171613
-0.17356
-0.17544
-0.177263
-0.179046
-0.180807
-0.18257
-0.184361
-0.186215
-0.188167
-0.190263
-0.192555
-0.195108
-0.198005
-0.201344
-0.20521
-0.209551
-0.217668
-0.164524
-0.166881
-0.169123
-0.171253
-0.173273
-0.175185
-0.176993
-0.178701
-0.180316
-0.181846
-0.183304
-0.184704
-0.186064
-0.187405
-0.18875
-0.190127
-0.191563
-0.193091
-0.194751
-0.196606
-0.198767
-0.201459
-0.205514
-0.213817
-0.00594573
-0.00800587
-0.0100881
-0.0121883
-0.0143042
-0.0164342
-0.0185762
-0.0207276
-0.0228853
-0.025046
-0.0272062
-0.0293621
-0.0315098
-0.033645
-0.035763
-0.0378591
-0.039928
-0.0419643
-0.00614692
-0.00821064
-0.0102962
-0.0123997
-0.0145191
-0.0166528
-0.0187986
-0.0209536
-0.0231148
-0.0252788
-0.0274421
-0.029601
-0.0317514
-0.0338891
-0.0360094
-0.0381075
-0.0401781
-0.0422158
-0.00652005
-0.00859655
-0.0106908
-0.0128021
-0.0149297
-0.0170718
-0.0192257
-0.0213885
-0.023557
-0.0257279
-0.0278976
-0.0300625
-0.0322185
-0.0343612
-0.0364861
-0.0385881
-0.0406621
-0.0427027
-0.00706976
-0.00916264
-0.0112691
-0.0133915
-0.0155305
-0.0176843
-0.0198498
-0.0220235
-0.0242023
-0.0263829
-0.0285618
-0.0307352
-0.032899
-0.0350488
-0.03718
-0.0392876
-0.0413664
-0.0434108
-0.00778038
-0.00989552
-0.012018
-0.0141548
-0.0163088
-0.018478
-0.0206584
-0.0228463
-0.0250385
-0.0272316
-0.0294222
-0.0316065
-0.0337803
-0.0359391
-0.0380784
-0.0401931
-0.0422779
-0.0443273
-0.00864892
-0.0107905
-0.0129321
-0.0150863
-0.0172583
-0.0194459
-0.0216442
-0.0238492
-0.0260572
-0.0282653
-0.0304698
-0.0326671
-0.0348527
-0.0370223
-0.0391711
-0.041294
-0.0433858
-0.0454409
-0.00966814
-0.0118407
-0.0140045
-0.0161787
-0.0183715
-0.0205804
-0.0227996
-0.0250241
-0.0272504
-0.0294756
-0.0316961
-0.0339081
-0.0361072
-0.0382889
-0.0404484
-0.0425805
-0.0446801
-0.0467414
-0.0108342
-0.0130417
-0.0152304
-0.0174271
-0.0196433
-0.021876
-0.0241183
-0.0263646
-0.0286114
-0.0308555
-0.0330937
-0.0353219
-0.0375358
-0.0397308
-0.0419019
-0.044044
-0.0461518
-0.0482196
-0.0121432
-0.0143895
-0.0166054
-0.0188268
-0.0210686
-0.0233275
-0.0255952
-0.0278653
-0.0301341
-0.0323988
-0.0346561
-0.0369018
-0.0391315
-0.0413405
-0.0435239
-0.0456764
-0.0477927
-0.0498671
-0.0135923
-0.0158808
-0.0181262
-0.0203741
-0.0226435
-0.0249306
-0.0272255
-0.0295211
-0.0318135
-0.0341001
-0.0363775
-0.0386416
-0.0408879
-0.0431116
-0.0453075
-0.0474707
-0.0495955
-0.0516762
-0.0151791
-0.0175131
-0.0197899
-0.0220659
-0.0243647
-0.0266818
-0.0290054
-0.0313278
-0.033645
-0.0359544
-0.0382527
-0.0405359
-0.0427992
-0.0450377
-0.0472464
-0.04942
-0.0515531
-0.0536398
-0.016902
-0.0192845
-0.0215943
-0.0238997
-0.0262293
-0.0285777
-0.0309315
-0.0332817
-0.0356244
-0.0379573
-0.0402771
-0.0425796
-0.04486
-0.0471134
-0.0493346
-0.0515184
-0.0536591
-0.0557511
-0.0187596
-0.0211935
-0.0235374
-0.0258734
-0.0282349
-0.0306158
-0.0330006
-0.0353793
-0.0377482
-0.0401049
-0.0424463
-0.0447681
-0.0470655
-0.0493334
-0.0515666
-0.0537598
-0.0559075
-0.0580038
-0.0207513
-0.0232388
-0.025618
-0.0279852
-0.0303794
-0.0327936
-0.0352101
-0.0376178
-0.0400129
-0.0423934
-0.0447563
-0.0470971
-0.049411
-0.0516927
-0.0539371
-0.0561389
-0.0582924
-0.0603918
-0.0228763
-0.0254198
-0.0278349
-0.0302337
-0.0326612
-0.0351092
-0.0375575
-0.0399943
-0.0424155
-0.0448195
-0.0472033
-0.0495625
-0.051892
-0.0541866
-0.0564411
-0.0586501
-0.0608082
-0.0629094
-0.0251346
-0.0277359
-0.0301873
-0.0326176
-0.0350786
-0.0375605
-0.0400407
-0.0425061
-0.0449529
-0.0473797
-0.0497836
-0.0521601
-0.0545041
-0.0568104
-0.0590736
-0.0612885
-0.0634495
-0.0655507
-0.0275262
-0.0301869
-0.0326743
-0.035136
-0.0376302
-0.0401459
-0.0426575
-0.0451509
-0.0476224
-0.0500709
-0.0524937
-0.0548862
-0.0572433
-0.0595596
-0.0618298
-0.0640488
-0.0662108
-0.0683102
-0.0300512
-0.0327725
-0.0352956
-0.0377879
-0.0403148
-0.0428636
-0.0454058
-0.0479261
-0.050421
-0.0528898
-0.05533
-0.0577369
-0.0601052
-0.0624297
-0.064705
-0.066926
-0.069087
-0.0711825
-0.03271
-0.0354927
-0.0380506
-0.0405723
-0.043131
-0.045712
-0.0482835
-0.0508293
-0.053346
-0.0558334
-0.058289
-0.0607083
-0.0630857
-0.0654161
-0.0676943
-0.069915
-0.0720728
-0.0741619
-0.0355029
-0.0383476
-0.0409389
-0.0434885
-0.0460777
-0.0486893
-0.0512886
-0.053858
-0.0563944
-0.0588982
-0.0613671
-0.0637963
-0.0661805
-0.0685144
-0.0707929
-0.0730108
-0.0751627
-0.0772431
-0.0384304
-0.0413371
-0.04396
-0.0465355
-0.0491533
-0.0517939
-0.0544189
-0.0570095
-0.0595633
-0.0620809
-0.0645604
-0.0669969
-0.0693852
-0.0717198
-0.0739958
-0.0762082
-0.0783516
-0.0804204
-0.0414928
-0.0444611
-0.0471132
-0.0497122
-0.0523565
-0.0550238
-0.0576719
-0.0602811
-0.0628494
-0.065378
-0.0678651
-0.070306
-0.0726952
-0.0750275
-0.0772981
-0.079502
-0.0816339
-0.0836884
-0.0446905
-0.0477196
-0.050398
-0.0530175
-0.0556855
-0.0583768
-0.0610452
-0.0636699
-0.0662494
-0.0687857
-0.0712772
-0.0737191
-0.0761059
-0.0784327
-0.0806946
-0.0828868
-0.0850042
-0.0870414
-0.0480236
-0.051112
-0.0538133
-0.0564498
-0.0591385
-0.0618507
-0.064536
-0.0671725
-0.0697597
-0.0723001
-0.0747923
-0.0772316
-0.0796125
-0.0819302
-0.0841801
-0.0863573
-0.088457
-0.0904738
-0.0514922
-0.054638
-0.0573581
-0.0600076
-0.0627134
-0.0654429
-0.0681412
-0.0707856
-0.0733764
-0.0759169
-0.0784059
-0.0808387
-0.08321
-0.0855149
-0.0877491
-0.0899079
-0.0919865
-0.0939799
-0.0550962
-0.0582968
-0.0610309
-0.0636888
-0.0664077
-0.0691504
-0.0718574
-0.0745054
-0.0770954
-0.0796317
-0.0821133
-0.0845355
-0.0868931
-0.0891813
-0.0913961
-0.0935329
-0.0955872
-0.0975537
-0.0588349
-0.0620871
-0.0648299
-0.0674913
-0.0702187
-0.0729699
-0.075681
-0.0783277
-0.0809122
-0.0834397
-0.0859094
-0.0883167
-0.0906563
-0.0929239
-0.0951154
-0.0972267
-0.099253
-0.10119
-0.0627076
-0.0660075
-0.0687531
-0.0714122
-0.0741431
-0.076898
-0.079608
-0.0822481
-0.0848221
-0.087336
-0.089789
-0.0921768
-0.0944941
-0.0967369
-0.0989013
-0.100983
-0.102978
-0.104882
-0.0667131
-0.0700561
-0.0727977
-0.0754486
-0.0781774
-0.0809305
-0.0836337
-0.0862619
-0.08882
-0.091315
-0.0937465
-0.09611
-0.0984007
-0.100614
-0.102748
-0.104797
-0.106757
-0.108624
-0.0708497
-0.0742305
-0.0769609
-0.0795967
-0.0823176
-0.085063
-0.0877536
-0.0903638
-0.0929004
-0.0953712
-0.0977761
-0.100111
-0.10237
-0.10455
-0.106649
-0.108661
-0.110583
-0.112411
-0.0751154
-0.078528
-0.0812391
-0.0838527
-0.0865592
-0.0892907
-0.0919621
-0.0945483
-0.0970575
-0.0994986
-0.101872
-0.104172
-0.106396
-0.108539
-0.110598
-0.11257
-0.114451
-0.116237
-0.0795076
-0.0829451
-0.0856281
-0.0882119
-0.0908972
-0.0936081
-0.0962538
-0.0988094
-0.101285
-0.103691
-0.106027
-0.108289
-0.110472
-0.112573
-0.11459
-0.116519
-0.118355
-0.120095
-0.084023
-0.087478
-0.0901236
-0.0926693
-0.0953263
-0.0980095
-0.100623
-0.103141
-0.105577
-0.107942
-0.110236
-0.112454
-0.114592
-0.116648
-0.118618
-0.1205
-0.122289
-0.123981
-0.0886581
-0.0921223
-0.0947203
-0.0972193
-0.0998405
-0.102489
-0.105062
-0.107536
-0.109927
-0.112245
-0.114491
-0.116661
-0.11875
-0.120756
-0.122676
-0.124508
-0.126246
-0.127888
-0.0934087
-0.0968729
-0.0994126
-0.101856
-0.104433
-0.107039
-0.109565
-0.111988
-0.114327
-0.116593
-0.118786
-0.120903
-0.122939
-0.124892
-0.126759
-0.128537
-0.130223
-0.131812
-0.133299
-0.0982702
-0.101725
-0.104194
-0.106572
-0.109098
-0.111653
-0.114124
-0.11649
-0.11877
-0.120979
-0.123115
-0.125174
-0.127153
-0.129049
-0.13086
-0.132582
-0.134212
-0.135746
-0.137179
-0.103238
-0.106672
-0.109059
-0.111361
-0.113827
-0.116324
-0.118733
-0.121034
-0.12325
-0.125396
-0.12747
-0.129467
-0.131385
-0.133221
-0.134973
-0.136637
-0.138209
-0.139686
-0.141063
-0.108306
-0.111707
-0.113998
-0.116215
-0.118613
-0.121044
-0.123382
-0.125612
-0.127759
-0.129836
-0.131844
-0.133776
-0.135629
-0.137402
-0.139092
-0.140696
-0.142209
-0.143627
-0.144946
-0.113469
-0.116824
-0.119005
-0.121126
-0.123447
-0.125804
-0.128065
-0.130217
-0.132288
-0.134293
-0.13623
-0.138093
-0.139879
-0.141586
-0.143212
-0.144753
-0.146205
-0.147563
-0.148823
-0.11872
-0.122013
-0.12407
-0.126085
-0.128321
-0.130595
-0.132771
-0.13484
-0.136831
-0.138759
-0.140621
-0.142412
-0.144128
-0.145767
-0.147326
-0.148802
-0.150191
-0.151488
-0.152687
-0.124052
-0.127264
-0.129182
-0.131081
-0.133224
-0.135408
-0.137492
-0.139471
-0.141377
-0.143224
-0.145009
-0.146724
-0.148367
-0.149936
-0.151427
-0.152837
-0.154161
-0.155394
-0.156532
-0.129455
-0.132564
-0.134329
-0.136104
-0.138146
-0.140232
-0.142217
-0.144101
-0.145918
-0.147681
-0.149385
-0.151022
-0.15259
-0.154086
-0.155507
-0.156848
-0.158105
-0.159274
-0.160348
-0.134915
-0.137894
-0.139495
-0.141141
-0.143074
-0.145054
-0.146934
-0.148718
-0.150443
-0.152118
-0.153738
-0.155294
-0.156785
-0.158206
-0.159554
-0.160825
-0.162014
-0.163115
-0.164124
-0.140416
-0.143234
-0.144663
-0.146176
-0.147994
-0.149859
-0.151628
-0.153309
-0.154939
-0.156523
-0.158056
-0.159529
-0.160939
-0.162283
-0.163557
-0.164755
-0.165873
-0.166906
-0.167847
-0.145932
-0.148552
-0.149809
-0.151191
-0.152889
-0.154631
-0.156283
-0.157858
-0.15939
-0.160881
-0.162324
-0.163711
-0.165039
-0.166303
-0.167499
-0.168622
-0.169667
-0.170628
-0.1715
-0.151432
-0.153812
-0.154908
-0.156167
-0.157737
-0.159348
-0.160879
-0.162346
-0.163778
-0.165173
-0.166523
-0.167821
-0.169063
-0.170245
-0.171361
-0.172407
-0.173376
-0.174263
-0.175062
-0.156871
-0.158967
-0.159928
-0.161077
-0.162514
-0.163985
-0.165392
-0.166751
-0.16808
-0.169376
-0.17063
-0.171837
-0.172991
-0.174087
-0.17512
-0.176084
-0.176975
-0.177785
-0.178509
-0.162188
-0.163958
-0.164833
-0.165896
-0.167191
-0.168514
-0.169796
-0.171047
-0.172271
-0.173464
-0.174619
-0.175731
-0.176794
-0.177801
-0.178748
-0.179629
-0.180437
-0.181168
-0.181814
-0.167302
-0.168714
-0.169584
-0.170589
-0.171732
-0.172901
-0.17406
-0.175202
-0.176318
-0.177406
-0.17846
-0.179474
-0.180442
-0.181357
-0.182215
-0.18301
-0.183735
-0.184384
-0.184951
-0.172109
-0.173161
-0.17414
-0.175121
-0.176099
-0.177108
-0.178149
-0.179183
-0.180189
-0.181168
-0.182117
-0.183031
-0.183902
-0.184724
-0.185491
-0.186197
-0.186837
-0.187404
-0.187892
-0.176486
-0.17722
-0.178465
-0.179451
-0.180247
-0.181099
-0.182027
-0.182953
-0.183846
-0.184714
-0.185558
-0.18637
-0.187142
-0.187869
-0.188545
-0.189163
-0.189718
-0.190203
-0.190612
-0.180295
-0.18083
-0.182527
-0.183536
-0.184134
-0.184835
-0.185658
-0.186475
-0.187253
-0.188009
-0.188747
-0.189457
-0.190132
-0.190765
-0.19135
-0.191882
-0.192354
-0.19276
-0.193095
-0.183409
-0.183955
-0.186305
-0.187335
-0.18772
-0.188284
-0.189009
-0.189715
-0.190377
-0.191023
-0.191656
-0.192267
-0.192846
-0.193389
-0.193888
-0.194338
-0.194732
-0.195063
-0.195327
-0.18573
-0.186608
-0.189789
-0.190806
-0.190972
-0.19142
-0.192051
-0.192643
-0.193191
-0.193732
-0.194265
-0.194781
-0.195271
-0.195729
-0.196148
-0.196522
-0.196844
-0.197108
-0.197308
-0.18725
-0.188863
-0.19298
-0.193917
-0.193874
-0.194227
-0.194763
-0.195241
-0.195681
-0.196123
-0.196564
-0.196993
-0.197401
-0.197783
-0.19813
-0.198436
-0.198695
-0.198899
-0.199042
-0.188068
-0.19087
-0.195889
-0.196651
-0.196422
-0.196699
-0.197136
-0.197503
-0.197843
-0.198197
-0.198556
-0.198908
-0.199245
-0.19956
-0.199845
-0.200092
-0.200296
-0.200448
-0.200543
-0.188369
-0.192812
-0.19853
-0.199016
-0.198638
-0.198845
-0.199177
-0.199438
-0.199692
-0.199969
-0.200257
-0.200543
-0.20082
-0.201078
-0.20131
-0.201508
-0.201666
-0.201775
-0.20183
-0.188563
-0.194802
-0.200871
-0.201042
-0.200566
-0.200692
-0.200911
-0.201078
-0.201257
-0.201469
-0.201697
-0.201929
-0.202156
-0.202368
-0.202557
-0.202714
-0.202834
-0.202908
-0.202929
-0.189377
-0.196937
-0.202831
-0.202772
-0.202261
-0.202282
-0.20238
-0.202461
-0.202578
-0.202735
-0.202914
-0.203103
-0.20329
-0.203464
-0.203619
-0.203744
-0.203832
-0.203878
-0.203873
-0.193063
-0.200057
-0.204522
-0.20425
-0.203716
-0.203609
-0.203585
-0.203593
-0.203657
-0.203768
-0.203907
-0.204058
-0.204211
-0.204354
-0.204478
-0.204575
-0.204637
-0.204657
-0.204629
-0.206068
-0.204654
-0.205771
-0.205202
-0.204577
-0.20437
-0.204269
-0.204227
-0.204252
-0.204329
-0.204436
-0.204559
-0.204684
-0.204801
-0.204901
-0.204974
-0.205014
-0.205014
-0.210248
-0.207346
-0.206822
-0.206159
-0.20549
-0.205213
-0.205058
-0.204978
-0.204971
-0.205015
-0.205091
-0.205182
-0.205276
-0.205362
-0.205432
-0.205476
-0.205487
-0.205459
-0.211604
-0.208302
-0.207199
-0.206605
-0.205982
-0.205705
-0.205549
-0.205471
-0.205463
-0.205503
-0.205571
-0.205651
-0.205732
-0.205803
-0.205856
-0.205884
-0.205878
-0.205832
-0.212454
-0.208716
-0.207354
-0.20688
-0.206323
-0.206064
-0.20592
-0.205851
-0.205849
-0.205888
-0.205952
-0.206025
-0.206097
-0.206158
-0.206199
-0.206213
-0.206194
-0.206135
-0.212888
-0.208921
-0.207468
-0.207112
-0.20662
-0.206383
-0.206255
-0.206197
-0.206198
-0.206237
-0.206295
-0.206361
-0.206424
-0.206474
-0.206503
-0.206505
-0.206473
-0.2064
-0.212949
-0.208933
-0.207533
-0.207287
-0.20686
-0.206653
-0.206546
-0.2065
-0.206508
-0.206546
-0.206601
-0.20666
-0.206714
-0.206754
-0.206772
-0.206762
-0.206718
-0.206634
-0.212775
-0.208821
-0.20756
-0.207407
-0.207044
-0.206872
-0.206787
-0.206757
-0.206772
-0.206812
-0.206864
-0.206918
-0.206965
-0.206996
-0.207004
-0.206984
-0.206929
-0.212459
-0.208652
-0.20757
-0.207489
-0.207185
-0.207048
-0.206987
-0.206973
-0.206995
-0.207037
-0.207088
-0.207138
-0.207178
-0.207202
-0.207202
-0.207172
-0.207107
-0.212061
-0.208465
-0.207572
-0.207544
-0.207293
-0.207189
-0.207151
-0.207151
-0.207181
-0.207226
-0.207277
-0.207323
-0.207358
-0.207375
-0.207367
-0.207329
-0.207255
-0.211624
-0.20828
-0.207569
-0.207577
-0.207373
-0.207301
-0.207283
-0.207297
-0.207334
-0.207382
-0.207432
-0.207476
-0.207506
-0.207517
-0.207502
-0.207457
-0.207375
-0.211178
-0.208108
-0.207562
-0.207593
-0.207431
-0.207386
-0.207387
-0.207413
-0.207457
-0.207508
-0.207557
-0.207599
-0.207625
-0.207631
-0.20761
-0.207557
-0.207468
-0.210742
-0.207954
-0.20755
-0.207595
-0.207469
-0.207449
-0.207465
-0.207501
-0.207551
-0.207605
-0.207655
-0.207694
-0.207717
-0.207718
-0.207691
-0.207633
-0.207537
-0.210328
-0.207816
-0.207532
-0.207584
-0.20749
-0.20749
-0.20752
-0.207565
-0.20762
-0.207676
-0.207726
-0.207764
-0.207783
-0.20778
-0.207749
-0.207685
-0.209942
-0.207693
-0.207506
-0.207561
-0.207496
-0.207513
-0.207553
-0.207606
-0.207666
-0.207723
-0.207773
-0.207809
-0.207827
-0.20782
-0.207785
-0.207716
-0.209585
-0.20758
-0.207471
-0.207527
-0.207486
-0.207517
-0.207567
-0.207626
-0.207689
-0.207749
-0.207799
-0.207834
-0.207848
-0.207839
-0.2078
-0.207726
-0.209256
-0.207473
-0.207426
-0.207482
-0.207462
-0.207505
-0.207562
-0.207627
-0.207693
-0.207754
-0.207804
-0.207838
-0.207851
-0.207838
-0.207796
-0.207719
-0.208952
-0.207368
-0.20737
-0.207426
-0.207424
-0.207476
-0.20754
-0.207609
-0.207678
-0.20774
-0.20779
-0.207823
-0.207834
-0.20782
-0.207774
-0.207694
-0.20867
-0.207262
-0.207302
-0.207358
-0.207372
-0.207433
-0.207502
-0.207575
-0.207647
-0.20771
-0.20776
-0.207792
-0.207802
-0.207785
-0.207737
-0.207654
-0.208407
-0.20715
-0.207224
-0.207279
-0.207308
-0.207376
-0.20745
-0.207526
-0.2076
-0.207663
-0.207714
-0.207746
-0.207754
-0.207736
-0.207686
-0.2076
-0.208173
-0.207021
-0.207137
-0.20719
-0.207231
-0.207306
-0.207384
-0.207464
-0.20754
-0.207603
-0.207654
-0.207686
-0.207694
-0.207674
-0.207622
-0.207977
-0.206868
-0.20704
-0.207091
-0.207144
-0.207223
-0.207306
-0.207388
-0.207466
-0.207531
-0.207582
-0.207614
-0.207621
-0.2076
-0.207547
-0.207679
-0.206774
-0.206922
-0.206983
-0.207046
-0.207131
-0.207217
-0.207302
-0.207381
-0.207448
-0.2075
-0.207531
-0.207538
-0.207517
-0.207463
-0.2074
-0.20666
-0.206797
-0.206867
-0.206938
-0.207029
-0.207119
-0.207207
-0.207288
-0.207356
-0.207408
-0.20744
-0.207447
-0.207425
-0.20737
-0.207148
-0.206529
-0.206666
-0.206743
-0.206824
-0.206919
-0.207013
-0.207104
-0.207186
-0.207256
-0.207309
-0.207342
-0.207349
-0.207327
-0.207272
-0.206906
-0.20639
-0.206528
-0.206613
-0.206702
-0.206802
-0.206901
-0.206994
-0.207079
-0.207151
-0.207205
-0.207238
-0.207245
-0.207224
-0.207168
-0.20667
-0.206246
-0.206386
-0.206479
-0.206576
-0.206682
-0.206784
-0.206881
-0.206968
-0.207041
-0.207096
-0.20713
-0.207138
-0.207117
-0.207061
-0.206439
-0.206097
-0.206241
-0.206343
-0.206448
-0.206558
-0.206664
-0.206764
-0.206854
-0.206929
-0.206985
-0.20702
-0.207029
-0.207008
-0.206952
-0.206214
-0.205947
-0.206095
-0.206205
-0.206318
-0.206433
-0.206544
-0.206647
-0.206739
-0.206816
-0.206874
-0.20691
-0.20692
-0.206899
-0.206844
-0.205997
-0.205797
-0.20595
-0.206069
-0.206189
-0.206309
-0.206424
-0.20653
-0.206625
-0.206704
-0.206764
-0.206801
-0.206812
-0.206792
-0.206737
-0.205787
-0.205649
-0.205808
-0.205935
-0.206062
-0.206188
-0.206306
-0.206416
-0.206513
-0.206594
-0.206656
-0.206695
-0.206706
-0.206687
-0.206633
-0.205588
-0.205507
-0.205671
-0.205806
-0.20594
-0.206071
-0.206193
-0.206306
-0.206406
-0.206489
-0.206553
-0.206593
-0.206605
-0.206587
-0.205402
-0.205372
-0.205541
-0.205684
-0.205824
-0.20596
-0.206086
-0.206202
-0.206305
-0.20639
-0.206455
-0.206496
-0.20651
-0.206493
-0.205229
-0.205246
-0.205421
-0.205571
-0.205717
-0.205856
-0.205987
-0.206106
-0.206211
-0.206298
-0.206365
-0.206407
-0.206423
-0.206406
-0.205073
-0.205131
-0.205311
-0.205467
-0.205619
-0.205763
-0.205897
-0.206018
-0.206125
-0.206215
-0.206283
-0.206327
-0.206343
-0.206327
-0.204936
-0.20503
-0.205213
-0.205376
-0.205532
-0.20568
-0.205817
-0.205941
-0.20605
-0.206141
-0.206211
-0.206256
-0.206273
-0.206258
-0.204818
-0.204942
-0.20513
-0.205298
-0.205458
-0.205609
-0.205749
-0.205875
-0.205986
-0.206079
-0.20615
-0.206196
-0.206214
-0.2062
-0.204723
-0.204871
-0.205062
-0.205234
-0.205398
-0.205552
-0.205694
-0.205822
-0.205934
-0.206028
-0.2061
-0.206148
-0.206166
-0.206153
-0.20465
-0.204817
-0.20501
-0.205186
-0.205352
-0.205508
-0.205652
-0.205782
-0.205896
-0.20599
-0.206063
-0.206111
-0.206131
-0.206118
-0.204602
-0.204782
-0.204976
-0.205154
-0.205322
-0.20548
-0.205625
-0.205756
-0.20587
-0.205966
-0.20604
-0.206088
-0.206108
-0.206095
-0.204578
-0.204764
-0.204959
-0.205138
-0.205308
-0.205466
-0.205612
-0.205744
-0.205859
-0.205955
-0.206029
-0.206078
-0.206098
-0.206086
)
;

boundaryField
{
    inlet
    {
        type            zeroGradient;
    }
    outlet
    {
        type            fixedValue;
        value           nonuniform 0();
    }
    cylinder
    {
        type            zeroGradient;
    }
    top
    {
        type            symmetryPlane;
    }
    bottom
    {
        type            symmetryPlane;
    }
    defaultFaces
    {
        type            empty;
    }
    procBoundary2to1
    {
        type            processor;
        value           nonuniform List<scalar> 
200
(
-0.243568
-0.243568
-0.244981
-0.244981
-0.246011
-0.246011
-0.248623
-0.24909
-0.24909
-0.249068
-0.249068
-0.248666
-0.248666
-0.247969
-0.247969
-0.247035
-0.247035
-0.245851
-0.245851
-0.244297
-0.244297
-0.242132
-0.242132
-0.23901
-0.233364
-0.233364
-0.227936
-0.227936
-0.220879
-0.220879
-0.212258
-0.203469
-0.203469
-0.193065
-0.193065
-0.181781
-0.172892
-0.172892
-0.181758
-0.172869
-0.172869
-0.193042
-0.193042
-0.212236
-0.203446
-0.203446
-0.220856
-0.220856
-0.234546
-0.227913
-0.227913
-0.238988
-0.238988
-0.242109
-0.242109
-0.244275
-0.244275
-0.245829
-0.245829
-0.247014
-0.247014
-0.247948
-0.247948
-0.248644
-0.248644
-0.249047
-0.249047
-0.249068
-0.249068
-0.248601
-0.248601
-0.24758
-0.24496
-0.24496
-0.243547
-0.243547
-0.162074
-0.155508
-0.149129
-0.142872
-0.136697
-0.130623
-0.124665
-0.11883
-0.116196
-0.116196
-0.110619
-0.105165
-0.0998379
-0.0946406
-0.0895756
-0.0846447
-0.0798495
-0.075191
-0.0706698
-0.066286
-0.0620391
-0.0579285
-0.0539529
-0.0501111
-0.0464012
-0.0428213
-0.0393694
-0.0360431
-0.0328402
-0.029758
-0.0267941
-0.0239459
-0.0212107
-0.018586
-0.0160693
-0.0136579
-0.0113494
-0.00914144
-0.00703165
-0.00501784
-0.00309789
-0.00126983
0.000468166
0.00211777
0.00368048
0.00515765
0.00655037
0.00785958
0.00908594
0.00907189
0.00907189
0.0101608
0.0111653
0.0120847
0.0129183
0.0136643
0.0143215
0.0148868
0.0153573
0.0157317
0.0159944
0.0161736
0.0161585
0.0159794
0.0157168
0.0157168
0.0163419
0.0158835
0.0153331
0.0146928
0.0139661
0.013154
0.0122583
0.0112795
0.0102184
0.009075
0.00784924
0.00654067
0.00514861
0.00367215
0.00211016
0.000461319
-0.00127589
-0.00310314
-0.00502225
-0.00703522
-0.00914413
-0.0113512
-0.0136588
-0.0160692
-0.0185851
-0.0212088
-0.023943
-0.0267903
-0.0297533
-0.0328345
-0.0360366
-0.0393619
-0.0428129
-0.0463919
-0.0501009
-0.0539419
-0.0579166
-0.0620264
-0.0662724
-0.0706555
-0.0706555
-0.0723366
-0.0769435
-0.0816914
-0.0865802
-0.0916092
-0.0967774
-0.102084
-0.107526
-0.113103
-0.11881
-0.124644
-0.130602
-0.136676
-0.14285
-0.149107
-0.155486
-0.162052
)
;
    }
    procBoundary2to3
    {
        type            processor;
        value           nonuniform List<scalar> 
211
(
-0.206041
-0.206058
-0.206088
-0.20613
-0.206185
-0.20625
-0.206326
-0.206412
-0.206506
-0.206607
-0.206607
-0.206622
-0.206733
-0.206847
-0.206962
-0.207078
-0.207191
-0.207302
-0.207407
-0.207506
-0.207598
-0.207679
-0.207679
-0.207628
-0.207689
-0.207737
-0.207769
-0.207784
-0.207782
-0.207759
-0.207759
-0.207582
-0.207522
-0.207438
-0.207328
-0.20719
-0.207022
-0.207022
-0.206695
-0.206474
-0.206221
-0.205931
-0.205573
-0.205153
-0.205153
-0.204736
-0.203998
-0.203073
-0.201997
-0.200741
-0.199277
-0.197586
-0.195655
-0.193479
-0.191058
-0.188401
-0.185526
-0.182455
-0.179214
-0.17583
-0.17233
-0.168736
-0.16507
-0.16135
-0.157589
-0.153798
-0.149987
-0.146163
-0.142331
-0.138498
-0.134667
-0.130845
-0.127035
-0.123243
-0.119474
-0.115734
-0.112027
-0.10836
-0.104737
-0.101166
-0.0976504
-0.0941974
-0.0908125
-0.0875013
-0.0842698
-0.0811235
-0.0780684
-0.0751102
-0.0722546
-0.0695075
-0.0668748
-0.0643624
-0.0619764
-0.059723
-0.0576088
-0.0556406
-0.0538255
-0.052171
-0.0506854
-0.0493775
-0.0482569
-0.0473341
-0.0466209
-0.0461303
-0.0458768
-0.0439622
-0.0442149
-0.044704
-0.0454152
-0.0463354
-0.0474533
-0.0487585
-0.0502414
-0.0518935
-0.0537069
-0.0556741
-0.0577882
-0.0600427
-0.0624311
-0.0649476
-0.0675861
-0.0703409
-0.0732062
-0.0761764
-0.0792459
-0.0824089
-0.0856598
-0.0889928
-0.0924023
-0.0958825
-0.0994274
-0.103031
-0.106689
-0.110393
-0.11414
-0.117922
-0.121734
-0.125571
-0.129428
-0.129428
-0.13468
-0.138506
-0.142335
-0.146161
-0.14998
-0.153784
-0.157568
-0.161322
-0.165034
-0.168691
-0.172275
-0.175766
-0.17914
-0.182371
-0.185431
-0.188295
-0.19094
-0.193351
-0.195517
-0.197437
-0.199119
-0.200575
-0.201824
-0.202893
-0.203812
-0.204546
-0.204966
-0.204966
-0.205384
-0.20574
-0.206029
-0.206282
-0.206502
-0.206833
-0.206833
-0.207001
-0.20714
-0.207251
-0.207336
-0.207398
-0.207583
-0.207583
-0.207608
-0.207614
-0.207602
-0.207574
-0.207531
-0.207474
-0.207534
-0.207534
-0.207458
-0.207372
-0.207278
-0.207178
-0.207074
-0.206967
-0.206858
-0.20675
-0.206643
-0.206539
-0.206533
-0.206533
-0.20644
-0.206353
-0.206275
-0.206207
-0.206149
-0.206103
-0.206068
-0.206046
-0.206037
)
;
    }
}


// ************************************************************************* //
