/*--------------------------------*- C++ -*----------------------------------*\
  =========                 |
  \\      /  F ield         | OpenFOAM: The Open Source CFD Toolbox
   \\    /   O peration     | Website:  https://openfoam.org
    \\  /    A nd           | Version:  7
     \\/     M anipulation  |
\*---------------------------------------------------------------------------*/
FoamFile
{
    version     2.0;
    format      ascii;
    class       volScalarField;
    location    "60";
    object      p;
}
// * * * * * * * * * * * * * * * * * * * * * * * * * * * * * * * * * * * * * //

dimensions      [0 2 -2 0 0 0 0];

internalField   nonuniform List<scalar> 
8500
(
-0.264124
-0.262719
-0.260587
-0.257634
-0.253867
-0.24943
-0.244621
-0.2399
-0.23582
-0.232933
-0.231629
-0.231977
-0.233574
-0.235469
-0.236267
-0.234413
-0.228606
-0.21834
-0.203787
-0.186168
-0.167138
-0.14907
-0.134258
-0.125441
-0.123532
-0.12861
-0.13609
-0.142946
-0.142717
-0.136319
-0.121753
-0.104058
-0.0845679
-0.0668853
-0.0528436
-0.0448394
-0.0433759
-0.0545214
-0.0575223
-0.0680286
-0.0592651
-0.0465894
-0.0337896
-0.00411384
-0.267391
-0.266175
-0.26411
-0.261065
-0.257015
-0.252079
-0.246548
-0.240888
-0.235675
-0.231507
-0.228843
-0.227838
-0.2282
-0.229096
-0.229241
-0.227155
-0.221565
-0.211918
-0.198327
-0.181917
-0.164271
-0.147711
-0.134515
-0.127372
-0.127018
-0.133318
-0.14143
-0.1483
-0.147522
-0.140218
-0.124555
-0.105726
-0.0851835
-0.066547
-0.0516967
-0.0427542
-0.0405874
-0.0509985
-0.0540254
-0.0650283
-0.0568924
-0.0452897
-0.0330833
-0.0040497
-0.270656
-0.269631
-0.267637
-0.264502
-0.260169
-0.254735
-0.248479
-0.241874
-0.235523
-0.230068
-0.226033
-0.223662
-0.222768
-0.222641
-0.222106
-0.219757
-0.214356
-0.205309
-0.192668
-0.177471
-0.161224
-0.146203
-0.134659
-0.129222
-0.130435
-0.137947
-0.14667
-0.153537
-0.152203
-0.143993
-0.127245
-0.107295
-0.0857176
-0.066143
-0.0505039
-0.0406495
-0.037792
-0.0474565
-0.0505046
-0.0619763
-0.0544731
-0.0439514
-0.0323426
-0.00397711
-0.273909
-0.273079
-0.271158
-0.267936
-0.263322
-0.257391
-0.25041
-0.24286
-0.235368
-0.228622
-0.22321
-0.219462
-0.217297
-0.216124
-0.21488
-0.212239
-0.206997
-0.198526
-0.186821
-0.172836
-0.158005
-0.144548
-0.134693
-0.130989
-0.133778
-0.14249
-0.151805
-0.158652
-0.156757
-0.147646
-0.129823
-0.10877
-0.0861751
-0.0656788
-0.0492701
-0.0385298
-0.0349937
-0.0438989
-0.0469632
-0.0588739
-0.0520082
-0.0425733
-0.0315658
-0.00389532
-0.27714
-0.276508
-0.274665
-0.271359
-0.266468
-0.260042
-0.252338
-0.243844
-0.235213
-0.227176
-0.220385
-0.215253
-0.211805
-0.209565
-0.207585
-0.204618
-0.199503
-0.191584
-0.180799
-0.168022
-0.154621
-0.142752
-0.134617
-0.132671
-0.137041
-0.14694
-0.156827
-0.163639
-0.161182
-0.151173
-0.13229
-0.110152
-0.0865604
-0.0651599
-0.0480004
-0.0363994
-0.0321963
-0.0403294
-0.0434047
-0.0557228
-0.0494985
-0.0411539
-0.0307514
-0.0038036
-0.280338
-0.279908
-0.278145
-0.274761
-0.269597
-0.262681
-0.254258
-0.244826
-0.235062
-0.225737
-0.217568
-0.21105
-0.206309
-0.202984
-0.200241
-0.196917
-0.191895
-0.184498
-0.174614
-0.163041
-0.151078
-0.140821
-0.134434
-0.134267
-0.140219
-0.151288
-0.161729
-0.168495
-0.165476
-0.154577
-0.134648
-0.111444
-0.086878
-0.0645918
-0.0466998
-0.0342629
-0.0294041
-0.0367519
-0.0398327
-0.0525242
-0.0469448
-0.0396916
-0.0298977
-0.00370126
-0.283494
-0.283267
-0.28159
-0.278132
-0.272701
-0.265302
-0.256169
-0.245806
-0.234915
-0.224312
-0.214772
-0.206868
-0.200826
-0.196402
-0.192871
-0.189158
-0.184194
-0.177288
-0.168284
-0.157906
-0.147389
-0.138762
-0.134148
-0.135773
-0.143307
-0.15553
-0.166507
-0.173217
-0.169636
-0.157855
-0.136897
-0.11265
-0.0871322
-0.0639799
-0.0453734
-0.0321249
-0.0266214
-0.0331704
-0.0362507
-0.0492797
-0.0443476
-0.0381846
-0.0290031
-0.00358762
-0.286597
-0.286577
-0.284989
-0.281464
-0.275773
-0.267899
-0.258064
-0.246782
-0.234778
-0.222907
-0.212005
-0.20272
-0.195376
-0.189838
-0.185497
-0.181362
-0.176421
-0.169973
-0.161824
-0.152632
-0.143565
-0.136585
-0.133763
-0.137191
-0.1463
-0.159659
-0.171155
-0.1778
-0.173661
-0.161008
-0.13904
-0.113773
-0.0873273
-0.0633293
-0.0440264
-0.0299898
-0.0238525
-0.0295893
-0.0326625
-0.0459908
-0.0417077
-0.0366308
-0.0280658
-0.00346204
-0.289635
-0.289826
-0.288332
-0.284745
-0.278803
-0.270464
-0.25994
-0.247752
-0.23465
-0.221527
-0.209278
-0.19862
-0.189975
-0.183315
-0.178142
-0.173555
-0.1686
-0.162577
-0.155256
-0.147235
-0.139617
-0.134299
-0.133283
-0.138519
-0.149193
-0.163668
-0.175668
-0.18224
-0.177549
-0.164035
-0.141077
-0.114814
-0.0874672
-0.0626454
-0.0426638
-0.0278621
-0.0211019
-0.0260131
-0.0290719
-0.0426591
-0.0390254
-0.0350283
-0.0270841
-0.00332393
-0.2926
-0.293003
-0.291607
-0.287967
-0.281782
-0.27299
-0.261791
-0.248716
-0.234534
-0.220179
-0.2066
-0.194583
-0.18464
-0.176852
-0.170829
-0.165759
-0.160755
-0.15512
-0.148599
-0.141733
-0.135561
-0.131915
-0.132713
-0.139756
-0.151982
-0.167552
-0.18004
-0.186535
-0.181297
-0.166937
-0.143009
-0.115777
-0.0875557
-0.0619329
-0.0412906
-0.0257464
-0.0183741
-0.0224463
-0.0254828
-0.0392862
-0.0363013
-0.0333748
-0.0260563
-0.00317275
-0.295479
-0.296098
-0.294805
-0.291119
-0.284702
-0.275471
-0.263614
-0.24967
-0.234431
-0.218868
-0.203981
-0.19062
-0.17939
-0.170469
-0.163581
-0.158002
-0.152912
-0.147628
-0.141876
-0.136146
-0.131411
-0.129443
-0.132057
-0.140902
-0.154663
-0.171307
-0.184267
-0.190681
-0.184904
-0.169712
-0.144838
-0.116664
-0.0875965
-0.0611967
-0.0399118
-0.023647
-0.0156737
-0.0188939
-0.0218992
-0.0358738
-0.033536
-0.0316681
-0.0249807
-0.00300803
-0.298266
-0.299101
-0.297915
-0.294191
-0.287555
-0.277899
-0.265402
-0.250613
-0.234343
-0.217597
-0.201429
-0.186745
-0.174239
-0.164188
-0.156421
-0.150305
-0.145096
-0.140125
-0.13511
-0.130492
-0.127186
-0.126894
-0.131321
-0.141957
-0.157233
-0.174926
-0.188346
-0.194675
-0.188369
-0.172361
-0.146566
-0.117478
-0.0875932
-0.0604415
-0.0385321
-0.0215682
-0.0130052
-0.0153609
-0.0183251
-0.032424
-0.0307299
-0.0299058
-0.0238557
-0.00282937
-0.300948
-0.302002
-0.300927
-0.297173
-0.29033
-0.280266
-0.267152
-0.251542
-0.23427
-0.216372
-0.198953
-0.18297
-0.169204
-0.158026
-0.149372
-0.142696
-0.137331
-0.132637
-0.128323
-0.124794
-0.1229
-0.124278
-0.13051
-0.14292
-0.159687
-0.178405
-0.192271
-0.198515
-0.191689
-0.174884
-0.148193
-0.11822
-0.0875491
-0.0596715
-0.0371563
-0.0195142
-0.010373
-0.0118527
-0.0147647
-0.0289386
-0.027884
-0.0280859
-0.0226798
-0.00263644
-0.303479
-0.304791
-0.303831
-0.300057
-0.29302
-0.282566
-0.268857
-0.252454
-0.234212
-0.215195
-0.196559
-0.179305
-0.1643
-0.152003
-0.142454
-0.135196
-0.129667
-0.125189
-0.121541
-0.119072
-0.118572
-0.121606
-0.129629
-0.143791
-0.162022
-0.181741
-0.19604
-0.202197
-0.194863
-0.177282
-0.149722
-0.118895
-0.0874675
-0.0588908
-0.0357887
-0.0174891
-0.0077814
-0.00837458
-0.0112222
-0.02542
-0.0249988
-0.0262062
-0.0214516
-0.00242902
-0.305918
-0.30746
-0.306619
-0.302833
-0.295617
-0.284791
-0.270513
-0.253348
-0.23417
-0.214072
-0.194255
-0.175761
-0.159539
-0.146135
-0.13569
-0.127831
-0.122105
-0.117806
-0.114786
-0.113346
-0.114218
-0.118888
-0.128682
-0.14457
-0.164235
-0.184929
-0.199649
-0.205719
-0.197891
-0.179554
-0.151154
-0.119504
-0.0873514
-0.0581034
-0.0344338
-0.0154967
-0.00523474
-0.00493208
-0.0077019
-0.0218707
-0.0220756
-0.0242647
-0.02017
-0.00220697
-0.308249
-0.310002
-0.309281
-0.305492
-0.298114
-0.286936
-0.272114
-0.25422
-0.234143
-0.213003
-0.192048
-0.172348
-0.154937
-0.140439
-0.129097
-0.120621
-0.11464
-0.110514
-0.108082
-0.107635
-0.109857
-0.116135
-0.127675
-0.145256
-0.166323
-0.187965
-0.203094
-0.20908
-0.200771
-0.1817
-0.15249
-0.120049
-0.0872038
-0.0573129
-0.0330955
-0.0135407
-0.00273708
-0.00153083
-0.00420826
-0.0182934
-0.0191156
-0.0222597
-0.0188339
-0.00197025
-0.310443
-0.312406
-0.31181
-0.308025
-0.300503
-0.288993
-0.273657
-0.255068
-0.234133
-0.211993
-0.189942
-0.169074
-0.150504
-0.134931
-0.122696
-0.113589
-0.107321
-0.103335
-0.101452
-0.101962
-0.1055
-0.113358
-0.126611
-0.14585
-0.168283
-0.190847
-0.206374
-0.212275
-0.203501
-0.183722
-0.153732
-0.120534
-0.0870275
-0.0565226
-0.0317777
-0.0116248
-0.000292344
0.0018235
-0.000745758
-0.0146912
-0.0161204
-0.0201898
-0.0174427
-0.00171895
-0.312481
-0.314665
-0.314197
-0.310424
-0.302777
-0.290956
-0.275137
-0.255889
-0.234138
-0.211043
-0.187944
-0.165948
-0.146252
-0.129625
-0.116504
-0.106755
-0.100178
-0.0962941
-0.0949187
-0.096371
-0.101142
-0.110567
-0.125495
-0.146351
-0.170113
-0.193572
-0.209485
-0.215305
-0.206082
-0.185619
-0.154882
-0.12096
-0.0868252
-0.0557356
-0.030484
-0.00975226
0.00209572
0.00512525
0.00268103
-0.0110675
-0.013092
-0.0180538
-0.0159959
-0.00145324
-0.316773
-0.316437
-0.312687
-0.304927
-0.29282
-0.276551
-0.256682
-0.234158
-0.210155
-0.186058
-0.162977
-0.142192
-0.124534
-0.110536
-0.100139
-0.0932315
-0.0894125
-0.0885004
-0.0908527
-0.0968271
-0.107769
-0.124332
-0.14676
-0.171812
-0.196137
-0.212425
-0.218167
-0.208512
-0.187393
-0.155943
-0.12133
-0.0865996
-0.0549549
-0.0292179
-0.00792629
0.00442361
0.00836879
0.00606746
-0.00742612
-0.0100326
-0.0158511
-0.0144934
-0.00117345
-0.318733
-0.318528
-0.314813
-0.306941
-0.294579
-0.277893
-0.257445
-0.234194
-0.20933
-0.184289
-0.160166
-0.138331
-0.119669
-0.104807
-0.0937575
-0.0865003
-0.0827108
-0.0822125
-0.0854297
-0.092567
-0.104976
-0.123124
-0.147076
-0.173377
-0.198539
-0.215192
-0.22086
-0.210792
-0.189045
-0.156915
-0.121647
-0.0863532
-0.054183
-0.0279823
-0.00614982
0.00668804
0.0115486
0.00940881
-0.0037711
-0.00694508
-0.0135814
-0.0129353
-0.000879994
-0.32053
-0.320459
-0.316782
-0.308829
-0.296234
-0.279162
-0.258175
-0.234245
-0.208572
-0.182641
-0.157522
-0.134678
-0.115041
-0.0993312
-0.0876261
-0.0800019
-0.076207
-0.0760772
-0.0801187
-0.0883705
-0.102194
-0.121876
-0.1473
-0.174806
-0.200777
-0.217784
-0.223383
-0.21292
-0.190575
-0.1578
-0.121913
-0.0860882
-0.0534224
-0.0267802
-0.00442557
0.00888598
0.0146592
0.0127003
-0.000106962
-0.00383253
-0.0112449
-0.0113223
-0.000573436
-0.322163
-0.322229
-0.318601
-0.310575
-0.297777
-0.280354
-0.258873
-0.234312
-0.207875
-0.18112
-0.15505
-0.13124
-0.110659
-0.0941187
-0.0817589
-0.0737521
-0.0699144
-0.070167
-0.0748871
-0.0842482
-0.0994303
-0.12059
-0.147433
-0.176099
-0.20285
-0.220201
-0.225736
-0.214898
-0.191984
-0.158601
-0.12213
-0.0858071
-0.0526752
-0.0256139
-0.00275603
0.0110146
0.0176956
0.0159373
0.0035614
-0.000698614
-0.00884245
-0.00965537
-0.000254456
-0.323628
-0.323833
-0.320264
-0.312178
-0.299207
-0.281468
-0.259538
-0.234396
-0.207235
-0.179729
-0.152757
-0.128024
-0.106532
-0.0891797
-0.0761688
-0.067763
-0.0638457
-0.0644417
-0.069807
-0.0802113
-0.0966929
-0.11927
-0.147474
-0.177255
-0.204756
-0.22244
-0.227916
-0.216725
-0.193274
-0.15932
-0.122301
-0.0855119
-0.0519433
-0.0244858
-0.00114347
0.0130716
0.0206526
0.0191148
0.0072287
0.00245255
-0.00637546
-0.00793591
7.61403e-05
-0.324924
-0.325268
-0.321765
-0.31364
-0.300521
-0.282504
-0.260168
-0.234497
-0.206711
-0.178416
-0.150644
-0.125035
-0.102668
-0.0845234
-0.0708655
-0.0620413
-0.0580318
-0.0589061
-0.0648879
-0.0762689
-0.0939876
-0.117919
-0.147423
-0.178273
-0.206495
-0.224501
-0.229924
-0.218401
-0.194446
-0.159959
-0.122427
-0.0852047
-0.0512286
-0.0233978
0.000410123
0.0150545
0.0235256
0.0222283
0.0108893
0.00561639
-0.00384593
-0.00616579
0.000417424
-0.326049
-0.326531
-0.323101
-0.314958
-0.301718
-0.283459
-0.260763
-0.234614
-0.20625
-0.177242
-0.148707
-0.122272
-0.099059
-0.0801631
-0.065853
-0.0566015
-0.0525025
-0.0535656
-0.0601334
-0.0724298
-0.09132
-0.116539
-0.147283
-0.179153
-0.208065
-0.226384
-0.23176
-0.219929
-0.195501
-0.160519
-0.122512
-0.0848876
-0.0505325
-0.0223516
0.00190296
0.0169615
0.0263102
0.0252729
0.0145372
0.00878788
-0.00125654
-0.00434731
0.000768346
-0.327001
-0.327622
-0.324273
-0.31613
-0.302796
-0.284335
-0.261324
-0.234749
-0.205859
-0.176198
-0.146964
-0.119743
-0.0956897
-0.0761078
-0.0611365
-0.0514857
-0.0472154
-0.0484585
-0.0555517
-0.0687015
-0.0886949
-0.115133
-0.147054
-0.179896
-0.209468
-0.228088
-0.233425
-0.221307
-0.196442
-0.161003
-0.122557
-0.0845625
-0.0498565
-0.0213485
0.00333353
0.0187909
0.0290025
0.0282442
0.018166
0.0119616
0.00138938
-0.00248324
0.00112774
-0.327782
-0.328539
-0.325278
-0.317156
-0.303756
-0.285131
-0.261852
-0.234903
-0.205539
-0.175285
-0.145403
-0.117455
-0.0926619
-0.0722996
-0.056743
-0.0466416
-0.0421986
-0.0435897
-0.0511509
-0.0650905
-0.0861169
-0.113703
-0.146737
-0.180501
-0.210702
-0.229614
-0.234918
-0.222538
-0.19727
-0.161413
-0.122565
-0.084231
-0.0492017
-0.0203897
0.00470056
0.0205413
0.0315987
0.0311375
0.0217692
0.0151316
0.00408782
-0.000576788
0.00149434
-0.328391
-0.329284
-0.326119
-0.318034
-0.304598
-0.285847
-0.262347
-0.235076
-0.205293
-0.174504
-0.144024
-0.1154
-0.0898993
-0.0688123
-0.0526556
-0.0421053
-0.0374709
-0.0389619
-0.0469379
-0.0616023
-0.0835898
-0.112252
-0.146333
-0.18097
-0.211769
-0.230961
-0.23624
-0.223622
-0.197986
-0.161751
-0.122537
-0.0838949
-0.0485692
-0.0194761
0.00600302
0.0222117
0.0340957
0.0339487
0.0253397
0.0182917
0.00683414
0.00136839
0.00186676
-0.328832
-0.329857
-0.326795
-0.318767
-0.305322
-0.286485
-0.26281
-0.235268
-0.205121
-0.173855
-0.142828
-0.113577
-0.087404
-0.0656336
-0.0488823
-0.0378861
-0.0330317
-0.0345803
-0.0429181
-0.0582414
-0.0811169
-0.110782
-0.145844
-0.181304
-0.212669
-0.232131
-0.237393
-0.224562
-0.198594
-0.162019
-0.122476
-0.0835557
-0.0479599
-0.0186083
0.00724015
0.0238012
0.0364907
0.0366737
0.0288706
0.0214354
0.00962302
0.00334822
0.00224355
-0.329104
-0.33026
-0.327308
-0.319354
-0.30593
-0.287046
-0.263242
-0.235482
-0.205023
-0.173338
-0.141815
-0.111985
-0.085181
-0.0627579
-0.0454268
-0.0339809
-0.0288822
-0.0304496
-0.0390958
-0.0550117
-0.0787013
-0.109294
-0.145272
-0.181503
-0.213404
-0.233125
-0.238377
-0.22536
-0.199094
-0.162219
-0.122384
-0.0832149
-0.0473745
-0.0177866
0.00841143
0.0253092
0.0387814
0.0393085
0.0323546
0.0245559
0.0124486
0.00535821
0.00262314
-0.329213
-0.330495
-0.327659
-0.319798
-0.306424
-0.287531
-0.263645
-0.235717
-0.204999
-0.172951
-0.140982
-0.110621
-0.0832285
-0.060184
-0.0422884
-0.0303892
-0.0250251
-0.0265731
-0.035474
-0.0519161
-0.0763454
-0.107792
-0.144618
-0.18157
-0.213974
-0.233943
-0.239194
-0.226016
-0.19949
-0.162354
-0.122262
-0.0828739
-0.0468136
-0.0170111
0.00951658
0.0267354
0.0409657
0.0418496
0.0357843
0.0276462
0.0153043
0.00739349
0.00300393
-0.329159
-0.330565
-0.327852
-0.320101
-0.306805
-0.287941
-0.264019
-0.235974
-0.205049
-0.172691
-0.140327
-0.109484
-0.081543
-0.0579095
-0.0394651
-0.0271112
-0.021462
-0.0229526
-0.0320552
-0.048957
-0.0740515
-0.106277
-0.143884
-0.181507
-0.214381
-0.234586
-0.239845
-0.226533
-0.199784
-0.162426
-0.122112
-0.0825339
-0.0462779
-0.016282
0.0105555
0.0280798
0.0430423
0.0442937
0.0391524
0.0306994
0.0181832
0.00944886
0.00338423
-0.330472
-0.327889
-0.320265
-0.307076
-0.28828
-0.264367
-0.236254
-0.205173
-0.172558
-0.139848
-0.108568
-0.0801206
-0.0559306
-0.0369545
-0.0241463
-0.0181933
-0.0195895
-0.028841
-0.0461363
-0.0718216
-0.104751
-0.143074
-0.181315
-0.214626
-0.235057
-0.240333
-0.226913
-0.199977
-0.162436
-0.121936
-0.0821966
-0.045768
-0.0155992
0.0115282
0.0293423
0.0450101
0.0466378
0.0424515
0.0337082
0.0210777
0.0115188
0.00376233
-0.33022
-0.327772
-0.320293
-0.307239
-0.288549
-0.264689
-0.236557
-0.205371
-0.172549
-0.139541
-0.107871
-0.0789561
-0.0542421
-0.0347527
-0.0214921
-0.0152184
-0.0164842
-0.0258325
-0.0434554
-0.0696575
-0.103216
-0.142187
-0.180996
-0.214712
-0.235356
-0.240658
-0.22716
-0.200074
-0.162388
-0.121736
-0.0818625
-0.0452838
-0.0149619
0.0124353
0.0305235
0.0468686
0.0488792
0.0456743
0.0366655
0.02398
0.0135975
0.00413648
-0.329814
-0.327508
-0.32019
-0.307298
-0.288749
-0.264984
-0.236879
-0.205635
-0.172655
-0.139395
-0.107378
-0.0780369
-0.0528324
-0.03285
-0.0191419
-0.0125339
-0.0136355
-0.0230301
-0.0409159
-0.0675613
-0.101675
-0.141229
-0.180553
-0.21464
-0.235486
-0.240826
-0.227276
-0.200076
-0.162282
-0.121511
-0.08153
-0.0448232
-0.0143679
0.013279
0.0316249
0.0486183
0.0510162
0.0488142
0.0395641
0.0268819
0.015679
0.00450491
-0.329265
-0.327104
-0.31996
-0.307253
-0.288877
-0.265245
-0.237209
-0.20595
-0.172859
-0.139392
-0.107071
-0.0773437
-0.0516836
-0.0312315
-0.0170846
-0.0101323
-0.0110399
-0.0204331
-0.0385191
-0.0655362
-0.100133
-0.140203
-0.179992
-0.214417
-0.235454
-0.24084
-0.227265
-0.199985
-0.162118
-0.121261
-0.0811981
-0.0443848
-0.0138149
0.014061
0.0326481
0.0502598
0.053047
0.0518646
0.0423972
0.0297751
0.0177573
0.00486585
-0.328573
-0.326563
-0.31961
-0.307115
-0.288947
-0.265489
-0.237567
-0.206342
-0.173186
-0.139557
-0.106975
-0.0768983
-0.0508133
-0.0299106
-0.0153291
-0.00801906
-0.00870212
-0.0180438
-0.0362654
-0.0635811
-0.0985869
-0.139107
-0.179306
-0.214034
-0.235252
-0.240693
-0.227124
-0.199805
-0.161906
-0.120998
-0.0808821
-0.0439819
-0.013314
0.0147737
0.0335878
0.0517899
0.0549677
0.0548167
0.045157
0.0326504
0.0198257
0.00521758
-0.327694
-0.325857
-0.319132
-0.306903
-0.289007
-0.265795
-0.238058
-0.206932
-0.173771
-0.140026
-0.107221
-0.07682
-0.0503247
-0.0289728
-0.0139434
-0.00624469
-0.00665617
-0.0158788
-0.0341545
-0.06168
-0.097006
-0.137895
-0.178439
-0.213426
-0.234819
-0.240341
-0.226835
-0.199544
-0.161676
-0.120762
-0.0806215
-0.0436494
-0.0128954
0.0153938
0.0344276
0.0531996
0.0567713
0.0576584
0.0478318
0.035495
0.0218765
0.00555854
-0.326609
-0.324963
-0.318504
-0.306589
-0.289026
-0.266123
-0.238633
-0.207663
-0.174545
-0.140727
-0.107729
-0.0770297
-0.0501429
-0.0283536
-0.0128804
-0.00479311
-0.00489024
-0.0139442
-0.0322018
-0.0598491
-0.095401
-0.136571
-0.177391
-0.212601
-0.234167
-0.239814
-0.226425
-0.199216
-0.161418
-0.120528
-0.0803824
-0.0433527
-0.0125262
0.0159472
0.0351868
0.0545033
0.0584675
0.0603926
0.0504199
0.0383011
0.0239032
0.00588717
-0.325697
-0.324124
-0.317778
-0.306006
-0.288595
-0.265832
-0.238448
-0.207532
-0.174404
-0.140506
-0.107358
-0.0764423
-0.0492798
-0.0271915
-0.0114281
-0.00312237
-0.00305056
-0.0120835
-0.0304522
-0.0583245
-0.0941817
-0.135687
-0.176813
-0.212235
-0.233905
-0.239549
-0.226102
-0.198792
-0.160925
-0.119991
-0.0798288
-0.0427799
-0.011923
0.0166634
0.0360377
0.0558058
0.0601222
0.0630791
0.0529708
0.0411003
0.0259194
0.00620035
-0.325455
-0.323754
-0.317237
-0.30526
-0.287628
-0.264642
-0.237042
-0.205923
-0.172606
-0.13853
-0.105203
-0.0741033
-0.0467338
-0.0244328
-0.00847466
-1.45414e-05
-2.28882e-05
-0.00930532
-0.0281679
-0.0567423
-0.0934349
-0.135762
-0.177537
-0.21326
-0.23489
-0.240102
-0.22611
-0.198239
-0.159981
-0.118835
-0.0786064
-0.0415759
-0.0107248
0.0179044
0.037327
0.0574814
0.0621539
0.0663905
0.0561395
0.0445991
0.0284123
0.00655906
-0.323288
-0.321243
-0.314436
-0.302254
-0.284517
-0.261527
-0.234012
-0.203044
-0.169917
-0.136048
-0.102917
-0.0719889
-0.0447484
-0.0225505
-0.00668798
0.00162816
0.00147421
-0.00806784
-0.0272874
-0.0562631
-0.0933216
-0.135858
-0.177592
-0.212981
-0.234077
-0.238713
-0.224274
-0.196132
-0.157899
-0.116945
-0.0769901
-0.0402216
-0.00953398
0.0190437
0.0385474
0.0591624
0.064235
0.0698863
0.0594218
0.0484523
0.0311249
0.0069319
-0.320513
-0.318053
-0.310916
-0.298522
-0.280711
-0.25778
-0.23044
-0.199734
-0.166924
-0.133397
-0.100604
-0.0699949
-0.043035
-0.0210923
-0.00547151
0.00259314
0.00214514
-0.00772774
-0.0272967
-0.0565689
-0.0937786
-0.136216
-0.177561
-0.212313
-0.232676
-0.236684
-0.221842
-0.193546
-0.155475
-0.114842
-0.0752593
-0.0388299
-0.00836302
0.0201088
0.0396551
0.0606751
0.0661151
0.0731424
0.0624786
0.0521727
0.0337303
0.00726052
-0.317446
-0.314586
-0.307141
-0.294567
-0.27672
-0.253896
-0.226787
-0.196405
-0.163979
-0.130862
-0.098475
-0.0682462
-0.0416226
-0.0199791
-0.00463055
0.00317075
0.00243165
-0.00774834
-0.027619
-0.0571138
-0.0943756
-0.136598
-0.177441
-0.211466
-0.23108
-0.234387
-0.21915
-0.190738
-0.152888
-0.112639
-0.0734819
-0.0374354
-0.00721978
0.0211107
0.0406625
0.0620281
0.0678135
0.0761836
0.0653662
0.0557862
0.0362608
0.0075459
-0.314018
-0.310782
-0.303063
-0.290353
-0.272527
-0.249875
-0.22307
-0.193092
-0.161132
-0.128507
-0.0966032
-0.0668256
-0.0405989
-0.0192999
-0.00425054
0.00328316
0.00228339
-0.00814501
-0.0282283
-0.0578325
-0.0950185
-0.136898
-0.17713
-0.210343
-0.229142
-0.231742
-0.216137
-0.187672
-0.150121
-0.110335
-0.0716659
-0.0360517
-0.0061209
0.0220316
0.0415542
0.0632084
0.0693143
0.0789749
0.0680498
0.0592515
0.0386896
0.00778264
-0.310183
-0.306594
-0.298638
-0.285844
-0.268101
-0.245696
-0.219275
-0.189787
-0.15838
-0.126334
-0.0949967
-0.0657463
-0.0399835
-0.0190823
-0.00436689
0.00288747
0.00164752
-0.00897398
-0.0291761
-0.058762
-0.0957207
-0.1371
-0.176582
-0.208879
-0.226803
-0.228693
-0.212767
-0.18433
-0.147171
-0.107931
-0.0698144
-0.0346829
-0.00507148
0.0228662
0.0423251
0.0642097
0.0706048
0.0814842
0.0704923
0.0625215
0.0409806
0.00796459
-0.305939
-0.302027
-0.293878
-0.281054
-0.263461
-0.241375
-0.21542
-0.186505
-0.155737
-0.124352
-0.0936608
-0.0650101
-0.039775
-0.0193219
-0.00497284
0.00199211
0.000531674
-0.0102288
-0.0304572
-0.0598971
-0.0964739
-0.137191
-0.175778
-0.207052
-0.224051
-0.225234
-0.20904
-0.180721
-0.144047
-0.105435
-0.0679335
-0.0333332
-0.00407479
0.0236128
0.0429737
0.0650294
0.0716774
0.0836878
0.0726674
0.0655559
0.0431036
0.0080871
-0.301304
-0.297105
-0.288808
-0.276012
-0.258634
-0.23694
-0.211528
-0.183266
-0.153217
-0.122572
-0.0926009
-0.0646173
-0.0399684
-0.0200085
-0.00605273
0.00061876
-0.00103706
-0.0118783
-0.0320387
-0.0612052
-0.0972481
-0.137144
-0.174699
-0.20485
-0.220879
-0.221365
-0.204966
-0.176857
-0.140761
-0.102857
-0.0660299
-0.0320071
-0.0031344
0.0242692
0.0434992
0.0656659
0.0725275
0.085566
0.0745539
0.0683168
0.0450319
0.00814707
-0.296301
-0.291854
-0.283461
-0.270751
-0.253652
-0.23242
-0.207624
-0.18009
-0.150833
-0.121001
-0.0918171
-0.0645626
-0.040553
-0.0211264
-0.00758607
-0.00120702
-0.00302791
-0.0138874
-0.0338826
-0.0626482
-0.0980083
-0.136931
-0.173323
-0.202259
-0.217282
-0.217091
-0.200556
-0.172753
-0.137326
-0.100207
-0.0641108
-0.0307093
-0.00225379
0.0248335
0.0439011
0.0661182
0.0731523
0.0871029
0.0761332
0.0707685
0.0467398
0.00814298
-0.290964
-0.286311
-0.277872
-0.265305
-0.248548
-0.227843
-0.203729
-0.17699
-0.148593
-0.119638
-0.0913034
-0.0648336
-0.0415111
-0.0226527
-0.00954541
-0.00345366
-0.00540528
-0.0162172
-0.0359487
-0.0641869
-0.098719
-0.136523
-0.17163
-0.19927
-0.213261
-0.212424
-0.195828
-0.168428
-0.13376
-0.0974963
-0.0621835
-0.029444
-0.00143607
0.0253039
0.0441799
0.0663867
0.0735512
0.0882867
0.0773908
0.0728779
0.0482039
0.00807522
-0.285334
-0.280521
-0.272086
-0.259717
-0.243357
-0.223239
-0.199866
-0.173981
-0.146501
-0.118479
-0.0910476
-0.0654113
-0.0428176
-0.0245574
-0.0118963
-0.00608261
-0.00812751
-0.0188239
-0.0381932
-0.0657795
-0.0993441
-0.135891
-0.169603
-0.195876
-0.208821
-0.20738
-0.190806
-0.163904
-0.130079
-0.0947373
-0.0602557
-0.0282153
-0.000683941
0.0256789
0.0443371
0.0664727
0.0737262
0.0891104
0.0783169
0.0746164
0.0494038
0.00794659
-0.279464
-0.274534
-0.266151
-0.254028
-0.238117
-0.218635
-0.196053
-0.171071
-0.144558
-0.117515
-0.0910321
-0.0662707
-0.0444408
-0.0268031
-0.0145972
-0.00904926
-0.0111476
-0.0216596
-0.040569
-0.0673829
-0.099848
-0.135012
-0.167229
-0.192079
-0.203979
-0.201985
-0.185517
-0.159208
-0.126303
-0.0919424
-0.0583348
-0.0270271
3.94312e-07
0.0259576
0.0443745
0.0663788
0.0736816
0.0895719
0.0789074
0.0759607
0.0503235
0.00776255
-0.273409
-0.268402
-0.260114
-0.248283
-0.232863
-0.214057
-0.192307
-0.168266
-0.142757
-0.116733
-0.0912341
-0.0673812
-0.0463437
-0.0293468
-0.0176015
-0.0123043
-0.014415
-0.0246737
-0.0430282
-0.0689547
-0.100198
-0.133865
-0.164503
-0.187891
-0.198758
-0.196273
-0.179996
-0.154368
-0.122454
-0.0891248
-0.0564286
-0.0258828
0.00061524
0.0261393
0.0442949
0.0661085
0.0734239
0.0896751
0.0791642
0.0768944
0.0509529
0.00753161
-0.267227
-0.262181
-0.254026
-0.242522
-0.227628
-0.20953
-0.18864
-0.16557
-0.141093
-0.116114
-0.0916272
-0.0687082
-0.0484847
-0.0321424
-0.0208585
-0.0157951
-0.0178769
-0.0278154
-0.0455242
-0.0704559
-0.100366
-0.132437
-0.16143
-0.183332
-0.193192
-0.190284
-0.174282
-0.149415
-0.118552
-0.0862978
-0.0545445
-0.0247857
0.00115944
0.0262239
0.0441013
0.0656664
0.0729617
0.089428
0.0790957
0.0774081
0.0512881
0.00726547
-0.260972
-0.255922
-0.247933
-0.236785
-0.222441
-0.205074
-0.185064
-0.162982
-0.139555
-0.115639
-0.0921819
-0.0702142
-0.0508194
-0.035141
-0.0243159
-0.0194678
-0.0214807
-0.0310356
-0.0480143
-0.0718533
-0.100334
-0.130726
-0.158026
-0.178435
-0.187325
-0.184065
-0.168419
-0.144382
-0.114621
-0.0834746
-0.0526897
-0.0237388
0.00163237
0.0262117
0.0437971
0.065058
0.0723053
0.0888435
0.0787162
0.0775008
0.0513328
0.00697908
-0.254695
-0.249671
-0.241875
-0.231106
-0.21733
-0.200706
-0.181585
-0.160499
-0.13813
-0.115286
-0.0928675
-0.0718606
-0.0533021
-0.0382932
-0.0279203
-0.0232683
-0.0251749
-0.0342883
-0.0504614
-0.0731219
-0.10009
-0.12874
-0.154316
-0.173242
-0.181209
-0.177671
-0.162452
-0.139305
-0.110683
-0.0806683
-0.0508711
-0.0227445
0.00203394
0.0261037
0.0433857
0.0642895
0.0714668
0.0879385
0.078046
0.0771799
0.0510986
0.0066904
-0.248441
-0.243469
-0.235887
-0.225512
-0.212314
-0.196438
-0.178207
-0.158116
-0.136804
-0.115032
-0.0936533
-0.0736089
-0.0558881
-0.0415467
-0.0316192
-0.0271444
-0.0289112
-0.0375325
-0.0528353
-0.0742457
-0.0996385
-0.126502
-0.150342
-0.167808
-0.174907
-0.171159
-0.15643
-0.134216
-0.106759
-0.0778913
-0.0490952
-0.0218051
0.0023645
0.0259015
0.0428709
0.063368
0.0704592
0.0867329
0.0771101
0.0764611
0.0506051
0.00641984
-0.242246
-0.237348
-0.229998
-0.220028
-0.207411
-0.192279
-0.174932
-0.155828
-0.135563
-0.114854
-0.0945096
-0.0754227
-0.0585351
-0.0448549
-0.0353625
-0.0310472
-0.0326455
-0.0407328
-0.0551135
-0.0752184
-0.0989904
-0.124042
-0.146152
-0.162195
-0.168483
-0.164591
-0.150399
-0.129149
-0.102871
-0.0751556
-0.0473678
-0.0209224
0.00262485
0.025607
0.0422563
0.0623008
0.0692959
0.0852494
0.0759374
0.0753684
0.0498794
0.00618927
-0.236138
-0.231335
-0.224229
-0.214669
-0.202631
-0.188236
-0.171759
-0.153626
-0.134393
-0.114733
-0.0954089
-0.0772681
-0.0612035
-0.0481742
-0.039105
-0.0349324
-0.0363385
-0.0438597
-0.0572806
-0.0760425
-0.0981684
-0.121404
-0.141806
-0.156473
-0.162006
-0.158026
-0.144408
-0.124137
-0.0990391
-0.072472
-0.0456941
-0.0200982
0.00281613
0.025223
0.041546
0.0610955
0.0679927
0.0835119
0.0745589
0.0739329
0.0489552
0.00602057
-0.230139
-0.225447
-0.218595
-0.209447
-0.197982
-0.18431
-0.168687
-0.151504
-0.133281
-0.11465
-0.0963268
-0.079115
-0.0638585
-0.051466
-0.0428062
-0.038761
-0.0399569
-0.0468899
-0.0593281
-0.0767277
-0.097202
-0.118637
-0.137366
-0.150711
-0.155545
-0.151521
-0.138497
-0.119207
-0.0952805
-0.0698505
-0.0440788
-0.0193334
0.00293975
0.0247526
0.040744
0.0597601
0.0665634
0.0815456
0.0730061
0.0721921
0.04787
0.00593363
-0.224264
-0.219697
-0.213107
-0.20437
-0.193468
-0.180504
-0.165711
-0.149455
-0.132216
-0.114587
-0.0972418
-0.0809376
-0.0664699
-0.054697
-0.0464316
-0.0424997
-0.0434727
-0.0498053
-0.0612524
-0.0772883
-0.0961252
-0.115791
-0.132896
-0.144977
-0.149163
-0.14513
-0.132708
-0.114387
-0.0916115
-0.0672998
-0.0425259
-0.0186291
0.00299736
0.0241996
0.0398545
0.0583026
0.065022
0.0793761
0.0713091
0.0701877
0.046663
0.00594412
-0.218521
-0.214093
-0.207769
-0.19944
-0.189091
-0.176815
-0.16283
-0.147471
-0.131187
-0.114532
-0.0981363
-0.082714
-0.0690126
-0.0578397
-0.0499525
-0.0461214
-0.0468638
-0.052593
-0.0630541
-0.0777417
-0.0949726
-0.112918
-0.128456
-0.139335
-0.142918
-0.138899
-0.127074
-0.109699
-0.0880456
-0.0648277
-0.0410385
-0.0179856
0.00299077
0.0235679
0.038882
0.0567315
0.0633814
0.0770291
0.069495
0.0679641
0.0453718
0.00606119
-0.212916
-0.208638
-0.202584
-0.194659
-0.184849
-0.173241
-0.160037
-0.145546
-0.130186
-0.114472
-0.0989956
-0.0844269
-0.0714664
-0.0608718
-0.0533462
-0.0496048
-0.0501131
-0.0552441
-0.0647359
-0.0781054
-0.0937769
-0.110063
-0.124102
-0.133839
-0.136859
-0.132867
-0.121622
-0.10516
-0.0845945
-0.0624405
-0.0396194
-0.0174031
0.00292194
0.0228618
0.0378314
0.0550555
0.0616531
0.0745301
0.0675864
0.0655666
0.0440288
0.00628543
-0.207451
-0.203333
-0.197552
-0.190025
-0.180739
-0.169779
-0.157328
-0.143675
-0.129204
-0.114398
-0.0998083
-0.0860626
-0.0738156
-0.0637762
-0.0565952
-0.0529335
-0.0532083
-0.0577528
-0.0663021
-0.0783958
-0.0925669
-0.107264
-0.119876
-0.128534
-0.131026
-0.127064
-0.116375
-0.100787
-0.0812673
-0.0601435
-0.0382706
-0.0168815
0.00279295
0.0220861
0.0367075
0.0532839
0.0598471
0.0719044
0.065601
0.0630396
0.0426587
0.00660777
-0.202127
-0.198177
-0.192671
-0.185534
-0.17676
-0.166426
-0.154701
-0.141852
-0.128237
-0.114303
-0.100566
-0.0876106
-0.0760485
-0.0665404
-0.0596866
-0.0560961
-0.0561408
-0.0601162
-0.0677574
-0.0786271
-0.0913659
-0.104554
-0.115815
-0.123453
-0.125446
-0.121513
-0.111349
-0.0965893
-0.0780709
-0.0579408
-0.0369934
-0.0164202
0.00260597
0.0212456
0.0355155
0.0514263
0.0579715
0.0691769
0.0635512
0.0604247
0.0412767
0.00700954
-0.196943
-0.193168
-0.187937
-0.181185
-0.172907
-0.163175
-0.152149
-0.140072
-0.127278
-0.114181
-0.101261
-0.0890632
-0.0781566
-0.0691553
-0.0626117
-0.059085
-0.0589055
-0.0623332
-0.0691064
-0.0788106
-0.0901916
-0.101954
-0.111941
-0.118618
-0.120139
-0.116228
-0.106555
-0.0925754
-0.0750106
-0.0558356
-0.0357889
-0.0160185
0.00236333
0.0203454
0.0342607
0.0494932
0.0560331
0.0663719
0.061445
0.0577599
0.0398883
0.00746389
-0.191897
-0.188303
-0.183347
-0.176971
-0.169175
-0.160025
-0.149668
-0.138332
-0.126324
-0.114028
-0.101889
-0.0904154
-0.0801342
-0.071615
-0.065365
-0.0618957
-0.0614997
-0.0644042
-0.0703531
-0.0789548
-0.0890564
-0.0994781
-0.10827
-0.114045
-0.115117
-0.111218
-0.101998
-0.0887497
-0.0720895
-0.05383
-0.0346575
-0.0156752
0.00206748
0.0193907
0.0329482
0.0474956
0.0540379
0.0635128
0.0592865
0.0550784
0.0384905
0.00793861
-0.186988
-0.18358
-0.178898
-0.17289
-0.16556
-0.15697
-0.147256
-0.136629
-0.125371
-0.11384
-0.102447
-0.0916635
-0.0819778
-0.0739162
-0.0679437
-0.0645264
-0.0639231
-0.0663307
-0.0715012
-0.0790657
-0.0879676
-0.0971355
-0.104809
-0.109737
-0.110383
-0.106486
-0.0976817
-0.0851144
-0.0693094
-0.0519254
-0.0335992
-0.0153891
0.00172101
0.0183867
0.0315834
0.0454446
0.051991
0.0606214
0.0570781
0.052408
0.0370748
0.0083997
-0.182214
-0.178996
-0.174585
-0.168937
-0.162058
-0.154006
-0.144908
-0.134958
-0.124416
-0.113614
-0.102932
-0.0928054
-0.0836857
-0.0760577
-0.0703471
-0.0669771
-0.0661766
-0.068115
-0.0725539
-0.079147
-0.0869289
-0.0949279
-0.101559
-0.105693
-0.105934
-0.102028
-0.0936036
-0.0816694
-0.066671
-0.0501223
-0.0326138
-0.0151586
0.00132668
0.017339
0.0301716
0.0433518
0.0498975
0.0577181
0.0548216
0.0497708
0.0356304
0.00881514
-0.177572
-0.174546
-0.170404
-0.165108
-0.158664
-0.15113
-0.142621
-0.133317
-0.123458
-0.11335
-0.103342
-0.09384
-0.0852572
-0.0780399
-0.0725759
-0.0692496
-0.0682626
-0.0697599
-0.0735142
-0.079201
-0.0859411
-0.0928539
-0.0985153
-0.101909
-0.101766
-0.0978404
-0.0897607
-0.0784131
-0.0641736
-0.0484208
-0.0317005
-0.0149818
0.000887421
0.016253
0.0287182
0.0412284
0.047763
0.0548211
0.0525195
0.0471835
0.0341479
0.00915808
-0.17306
-0.170229
-0.166353
-0.161399
-0.155376
-0.148338
-0.140391
-0.131703
-0.122494
-0.113044
-0.103679
-0.0947677
-0.0866932
-0.0798636
-0.0746322
-0.0713466
-0.0701845
-0.0712688
-0.0743846
-0.079229
-0.0850031
-0.0909152
-0.0956722
-0.0983755
-0.097868
-0.0939149
-0.0861474
-0.0753427
-0.0618158
-0.0468201
-0.0308583
-0.0148568
0.000406321
0.0151341
0.0272287
0.0390857
0.0455936
0.0519462
0.050176
0.0446576
0.0326219
0.00940894
-0.168679
-0.166042
-0.162428
-0.157807
-0.152189
-0.145626
-0.138217
-0.130114
-0.121522
-0.112698
-0.10394
-0.0955893
-0.0879951
-0.0815312
-0.076519
-0.0732719
-0.0719461
-0.0726454
-0.0751678
-0.0792315
-0.0841119
-0.0890945
-0.09302
-0.0950812
-0.09423
-0.0902424
-0.0827573
-0.0724541
-0.0595957
-0.0453192
-0.0300859
-0.0147813
-0.000113382
0.013988
0.0257088
0.0369342
0.0433958
0.0491068
0.0477977
0.0421998
0.0310523
0.00955622
-0.164424
-0.161983
-0.158625
-0.154328
-0.1491
-0.142992
-0.136095
-0.128549
-0.120542
-0.112311
-0.104128
-0.096306
-0.0891651
-0.0830461
-0.0782405
-0.0750301
-0.0735522
-0.073894
-0.0758666
-0.0792087
-0.0832647
-0.0873908
-0.0905489
-0.0920144
-0.0908401
-0.0868128
-0.0795827
-0.0697429
-0.0575105
-0.0439166
-0.0293818
-0.014753
-0.000668303
0.0128202
0.0241642
0.0347837
0.041177
0.046314
0.0453933
0.0398136
0.0294453
0.00959616
-0.160296
-0.158049
-0.154943
-0.150958
-0.146106
-0.140433
-0.134023
-0.127006
-0.119554
-0.111883
-0.104243
-0.0969201
-0.0902065
-0.0844122
-0.0798013
-0.0766262
-0.0750079
-0.075019
-0.0764839
-0.079161
-0.0824583
-0.0857971
-0.0882483
-0.089163
-0.0876857
-0.0836154
-0.0766157
-0.0672038
-0.0555573
-0.0426103
-0.0287443
-0.0147692
-0.00125493
0.011636
0.0226011
0.0326434
0.0389453
0.0435769
0.0429733
0.0374995
0.0278113
0.00953154
-0.156294
-0.154239
-0.151378
-0.147696
-0.143205
-0.137946
-0.132
-0.125484
-0.118556
-0.111414
-0.104287
-0.0974341
-0.0911228
-0.0856342
-0.0812065
-0.0780661
-0.0763189
-0.0760254
-0.0770226
-0.0790886
-0.0816896
-0.0843062
-0.0861079
-0.0865145
-0.0847545
-0.0806393
-0.0738481
-0.0648314
-0.0537325
-0.0413981
-0.0281711
-0.0148274
-0.00186966
0.0104409
0.0210255
0.0305216
0.0367089
0.0409023
0.0405499
0.035257
0.0261645
0.00937014
-0.152417
-0.150552
-0.14793
-0.14454
-0.140393
-0.13553
-0.130023
-0.123982
-0.117549
-0.110906
-0.104261
-0.0978516
-0.0919184
-0.086717
-0.0824621
-0.0793559
-0.0774913
-0.0769181
-0.0774863
-0.0789921
-0.0809557
-0.0829114
-0.0841178
-0.0840571
-0.0820343
-0.0778738
-0.0712714
-0.0626199
-0.0520325
-0.0402775
-0.0276602
-0.0149245
-0.00250876
0.00924015
0.0194437
0.0284257
0.0344768
0.0382957
0.0381357
0.0330844
0.0245204
0.0091231
-0.148663
-0.146985
-0.144595
-0.141486
-0.13767
-0.133183
-0.128093
-0.1225
-0.116534
-0.110361
-0.10417
-0.098176
-0.092598
-0.0876663
-0.0835743
-0.0805022
-0.0785313
-0.0777026
-0.0778783
-0.0788723
-0.0802538
-0.0816062
-0.0822685
-0.0817792
-0.0795132
-0.0753081
-0.0688771
-0.0605631
-0.0504533
-0.0392456
-0.027209
-0.0150576
-0.00316845
0.0080388
0.0178621
0.0263626
0.0322579
0.0357614
0.035744
0.0309802
0.0228946
0.00880349
-0.145034
-0.143537
-0.141373
-0.138534
-0.135032
-0.130903
-0.126208
-0.121038
-0.115512
-0.109781
-0.104016
-0.0984116
-0.0931667
-0.0884883
-0.0845499
-0.081512
-0.0794457
-0.0783847
-0.0782026
-0.0787301
-0.0795814
-0.0803847
-0.0805509
-0.0796697
-0.0771797
-0.072932
-0.0666568
-0.0586551
-0.0489906
-0.0382992
-0.026815
-0.0152237
-0.0038449
0.00684181
0.016287
0.0243383
0.0300613
0.0333027
0.0333874
0.0289434
0.0213014
0.00842515
-0.141528
-0.140209
-0.138263
-0.135682
-0.132481
-0.128691
-0.124368
-0.119597
-0.114485
-0.109168
-0.103802
-0.0985631
-0.0936302
-0.0891895
-0.0853959
-0.0823925
-0.0802415
-0.07897
-0.078463
-0.0785669
-0.0789367
-0.0792414
-0.0789566
-0.0777184
-0.075023
-0.0707352
-0.0646023
-0.0568894
-0.0476401
-0.0374352
-0.0264754
-0.0154194
-0.0045342
0.00565394
0.0147247
0.0223584
0.0278962
0.0309222
0.0310782
0.0269734
0.0197532
0.00800181
-0.138146
-0.137
-0.135263
-0.13293
-0.130014
-0.126544
-0.122574
-0.118177
-0.113453
-0.108525
-0.103533
-0.0986356
-0.0939946
-0.0897768
-0.0861198
-0.0831515
-0.0809257
-0.0794648
-0.0786637
-0.0783841
-0.078318
-0.0781714
-0.0774777
-0.0759154
-0.0730326
-0.068708
-0.0627053
-0.0552598
-0.0463973
-0.0366499
-0.0261872
-0.0156415
-0.00523243
0.00447978
0.0131816
0.0204278
0.0257714
0.0286223
0.0288273
0.0250705
0.0182599
0.00754649
-0.134889
-0.13391
-0.132373
-0.130276
-0.127631
-0.124465
-0.120826
-0.116781
-0.112421
-0.107856
-0.103213
-0.0986346
-0.0942664
-0.0902574
-0.0867292
-0.0837965
-0.0815056
-0.0798751
-0.0788091
-0.0781836
-0.077724
-0.0771699
-0.0761068
-0.0742514
-0.0711986
-0.0668409
-0.0609578
-0.0537599
-0.0452576
-0.0359398
-0.0259474
-0.0158868
-0.00593565
0.00332371
0.0116637
0.0185512
0.0236952
0.026405
0.026645
0.0232358
0.0168291
0.00707114
-0.131757
-0.130938
-0.129594
-0.127723
-0.125333
-0.122453
-0.119124
-0.11541
-0.11139
-0.107164
-0.102846
-0.0985659
-0.0944522
-0.090639
-0.0872321
-0.0843357
-0.0819888
-0.0802074
-0.0789036
-0.0779671
-0.0771535
-0.0762331
-0.0748373
-0.0727178
-0.0695115
-0.0651247
-0.0593519
-0.0523834
-0.0442161
-0.0353009
-0.0257527
-0.0161519
-0.0066399
0.00218994
0.0101771
0.0167328
0.0216758
0.0242723
0.0245398
0.0214708
0.0154662
0.00658637
-0.128751
-0.128087
-0.126926
-0.125267
-0.12312
-0.120509
-0.117472
-0.114066
-0.110363
-0.106453
-0.102439
-0.0984355
-0.094559
-0.0909297
-0.0876364
-0.0847773
-0.0823827
-0.0804681
-0.0789502
-0.0777366
-0.0766059
-0.075357
-0.0736628
-0.0713063
-0.0679625
-0.0635507
-0.05788
-0.0511238
-0.043268
-0.0347294
-0.0255997
-0.0164333
-0.00734124
0.0010825
0.00872736
0.0149765
0.0197206
0.0222264
0.0225191
0.0197777
0.0141747
0.00610133
-0.125873
-0.125356
-0.12437
-0.122912
-0.120993
-0.118634
-0.11587
-0.112752
-0.109345
-0.105729
-0.101996
-0.09825
-0.0945935
-0.0911377
-0.0879502
-0.0851296
-0.0826949
-0.0806643
-0.0789563
-0.0774946
-0.0760808
-0.0745385
-0.0725776
-0.0700093
-0.0665429
-0.0621104
-0.0565346
-0.049975
-0.0424084
-0.0342213
-0.0254851
-0.0167278
-0.00803573
5.23846e-06
0.00732015
0.0132862
0.0178364
0.0202694
0.0205888
0.0181591
0.0129565
0.00562371
-0.123125
-0.122748
-0.121926
-0.120659
-0.118953
-0.11683
-0.114321
-0.111471
-0.108338
-0.104996
-0.101524
-0.098016
-0.0945623
-0.0912509
-0.0881812
-0.0854017
-0.0829325
-0.0807919
-0.0789247
-0.0772434
-0.0755779
-0.0737747
-0.0715763
-0.0688199
-0.065245
-0.0607959
-0.0553085
-0.0489307
-0.0416324
-0.0337724
-0.0254053
-0.017032
-0.00871949
-0.00103813
0.00596071
0.0116652
0.0160293
0.0184035
0.018754
0.0166176
0.0118124
0.0051598
-0.120508
-0.120264
-0.119598
-0.118508
-0.117003
-0.1151
-0.112828
-0.110227
-0.107349
-0.104258
-0.101028
-0.0977407
-0.094476
-0.0913166
-0.0883397
-0.0856033
-0.0831034
-0.0808764
-0.0788611
-0.0769856
-0.0750972
-0.0730629
-0.0706542
-0.0677313
-0.0640612
-0.0595995
-0.0541946
-0.0479849
-0.040935
-0.0333787
-0.0253566
-0.0173425
-0.00938864
-0.00204402
0.00465398
0.0101173
0.014305
0.0166311
0.0170183
0.0151558
0.0107423
0.00471461
-0.118026
-0.117906
-0.117386
-0.116464
-0.115145
-0.113447
-0.111394
-0.109023
-0.10638
-0.103523
-0.100516
-0.0974317
-0.0943421
-0.091321
-0.0884302
-0.0857129
-0.0832145
-0.0809137
-0.0787699
-0.0767238
-0.0746391
-0.072401
-0.0698069
-0.0667375
-0.0629845
-0.058514
-0.0531863
-0.0471316
-0.0403113
-0.033036
-0.0253355
-0.0176559
-0.0100394
-0.00300892
0.00340462
0.0086455
0.0126682
0.0149546
0.0153845
0.0137765
0.00974556
0.00429197
-0.11568
-0.115678
-0.115294
-0.114527
-0.113382
-0.111873
-0.110023
-0.107864
-0.105438
-0.102795
-0.0999929
-0.0970961
-0.0941679
-0.0912744
-0.088468
-0.085793
-0.0832758
-0.0809109
-0.078656
-0.0764608
-0.0742041
-0.0717872
-0.0690304
-0.0658329
-0.0620084
-0.0575326
-0.0522771
-0.0463651
-0.0397565
-0.0327403
-0.0253382
-0.0179689
-0.010668
-0.00392942
0.00221709
0.0072533
0.0111234
0.0133765
0.0138549
0.0124821
0.00882128
0.00389472
-0.113475
-0.113583
-0.113325
-0.112702
-0.111717
-0.110383
-0.108719
-0.106756
-0.104528
-0.102081
-0.0994664
-0.0967413
-0.0939615
-0.0911854
-0.0884585
-0.0858221
-0.0832938
-0.0808747
-0.0785242
-0.0761994
-0.0737928
-0.0712199
-0.0683213
-0.0650125
-0.0611269
-0.0566488
-0.0514608
-0.04568
-0.0392657
-0.0324874
-0.0253609
-0.0182782
-0.0112708
-0.00480215
0.00109556
0.00594395
0.00967436
0.0118993
0.012431
0.0112746
0.00796834
0.00352485
-0.111415
-0.111623
-0.111483
-0.110992
-0.110154
-0.10898
-0.107487
-0.105701
-0.103655
-0.101387
-0.0989434
-0.0963749
-0.0937306
-0.0910621
-0.0884094
-0.0858097
-0.0832757
-0.0808114
-0.0783792
-0.0759426
-0.0734061
-0.0706979
-0.0676766
-0.0642717
-0.0603345
-0.0558569
-0.0507318
-0.0450709
-0.0388344
-0.0322734
-0.0254
-0.0185803
-0.011844
-0.00562371
4.40024e-05
0.00472064
0.00832466
0.0105256
0.0111141
0.0101561
0.00718565
0.00318365
-0.109503
-0.109805
-0.109771
-0.109401
-0.108698
-0.107669
-0.106332
-0.104708
-0.102825
-0.10072
-0.0984311
-0.0960045
-0.0934832
-0.0909131
-0.088329
-0.0857643
-0.0832286
-0.0807271
-0.0782256
-0.0756933
-0.0730452
-0.0702205
-0.0670935
-0.0636064
-0.0596261
-0.0551513
-0.0500846
-0.0445328
-0.0384579
-0.0320943
-0.0254519
-0.018872
-0.0123842
-0.00639073
-0.000933769
0.00358665
0.00707752
0.00925791
0.00990513
0.00912826
0.00647223
0.00287191
-0.107746
-0.108132
-0.108196
-0.107935
-0.107353
-0.106457
-0.105259
-0.10378
-0.102045
-0.100086
-0.0979366
-0.0956377
-0.0932274
-0.0907464
-0.0882253
-0.0856937
-0.0831594
-0.0806278
-0.0780682
-0.0754547
-0.0727113
-0.069787
-0.0665701
-0.0630131
-0.0589974
-0.0545271
-0.0495143
-0.0440611
-0.038132
-0.0319463
-0.0255129
-0.0191498
-0.0128877
-0.00709977
-0.00183396
0.00254543
0.00593597
0.00809892
0.00880522
0.00819258
0.00582728
0.00259001
-0.106148
-0.10661
-0.106761
-0.1066
-0.106126
-0.105347
-0.104274
-0.102925
-0.101322
-0.0994925
-0.0974673
-0.0952823
-0.0929711
-0.0905702
-0.0881061
-0.0856056
-0.0830748
-0.0805194
-0.0779116
-0.0752297
-0.0724059
-0.0693974
-0.0661044
-0.0624888
-0.0584443
-0.05398
-0.0490163
-0.0436514
-0.0378528
-0.0318257
-0.0255794
-0.0194103
-0.0133509
-0.00774733
-0.00265281
0.00160053
0.00490308
0.00705137
0.00781549
0.00735055
0.00525029
0.0023381
-0.104716
-0.105246
-0.105475
-0.1054
-0.105022
-0.104347
-0.103385
-0.10215
-0.100662
-0.0989469
-0.0970307
-0.0949459
-0.0927223
-0.0903922
-0.0879792
-0.0855073
-0.0829815
-0.0804075
-0.0777603
-0.0750216
-0.0721307
-0.0690518
-0.0656954
-0.0620311
-0.0579637
-0.0535062
-0.0485867
-0.0432999
-0.0376164
-0.031729
-0.0256479
-0.0196502
-0.0137703
-0.00832972
-0.00338656
0.000755597
0.00398215
0.00611829
0.00693739
0.00660368
0.00474104
0.00211619
-0.103458
-0.104046
-0.104343
-0.104344
-0.104049
-0.103464
-0.102597
-0.10146
-0.100073
-0.0984561
-0.0966343
-0.0946363
-0.0924884
-0.0902201
-0.0878519
-0.0854057
-0.0828858
-0.0802978
-0.0776187
-0.0748336
-0.0718876
-0.0687506
-0.0653421
-0.0616382
-0.0575529
-0.0531025
-0.0482222
-0.0430031
-0.0374194
-0.031653
-0.0257153
-0.0198661
-0.0141421
-0.00884306
-0.0040312
1.46642e-05
0.00317671
0.005303
0.00617275
0.00595367
0.00429971
0.00192428
-0.102382
-0.10302
-0.103373
-0.103438
-0.103214
-0.102705
-0.101918
-0.100865
-0.0995612
-0.0980273
-0.0962856
-0.0943608
-0.0922771
-0.090061
-0.0877312
-0.0853076
-0.0827937
-0.0801953
-0.0774912
-0.074669
-0.0716786
-0.0684948
-0.0650445
-0.0613089
-0.0572099
-0.0527665
-0.0479199
-0.0427583
-0.037259
-0.0315946
-0.0257781
-0.0200545
-0.0144626
-0.00928331
-0.00458242
-0.000617804
0.00249069
0.00460923
0.00552399
0.00540256
0.00392691
0.00176241
-0.101496
-0.102175
-0.102575
-0.102692
-0.102525
-0.102078
-0.101356
-0.100371
-0.0991359
-0.0976696
-0.0959922
-0.0941269
-0.0920953
-0.0899221
-0.0876238
-0.0852191
-0.0827109
-0.080105
-0.0773819
-0.0745308
-0.071506
-0.0682856
-0.0648028
-0.0610427
-0.0569337
-0.0524966
-0.0476779
-0.0425631
-0.0371327
-0.0315512
-0.0258335
-0.020212
-0.0147278
-0.00964606
-0.00503549
-0.00113691
0.00192869
0.00404137
0.00499428
0.00495294
0.00362377
0.00163082
-0.100813
-0.101523
-0.101958
-0.102115
-0.101993
-0.101593
-0.100921
-0.0999871
-0.0988044
-0.0973897
-0.0957616
-0.0939417
-0.0919502
-0.0898098
-0.0875358
-0.0851459
-0.0826426
-0.0800317
-0.0772946
-0.0744224
-0.0713721
-0.0681248
-0.0646181
-0.06084
-0.056724
-0.0522922
-0.0474951
-0.0424163
-0.0370387
-0.0315206
-0.0258786
-0.0203353
-0.0149336
-0.00992655
-0.00538518
-0.00153707
0.00149609
0.00360467
0.00458767
0.00460819
0.00339211
0.0015299
-0.100343
-0.101074
-0.101534
-0.101718
-0.101626
-0.101258
-0.10062
-0.0997219
-0.0985749
-0.0971954
-0.095601
-0.0938122
-0.091848
-0.08973
-0.0874728
-0.0850931
-0.0825934
-0.0799793
-0.0772332
-0.074347
-0.0712799
-0.0680146
-0.0644921
-0.060702
-0.0565817
-0.0521536
-0.0473716
-0.0423173
-0.0369759
-0.0315009
-0.0259109
-0.0204207
-0.0150758
-0.0101194
-0.00562571
-0.00181163
0.00119914
0.00330546
0.00430926
0.0043725
0.00323471
0.00146042
-0.1001
-0.100842
-0.101315
-0.101513
-0.101436
-0.101085
-0.100465
-0.0995846
-0.0984559
-0.0970945
-0.0955174
-0.0937446
-0.0917944
-0.089688
-0.0874395
-0.0850651
-0.0825674
-0.0799516
-0.0772011
-0.0743077
-0.0712322
-0.0679576
-0.0644273
-0.0606309
-0.0565089
-0.0520824
-0.0473088
-0.0422664
-0.0369445
-0.0314907
-0.0259285
-0.0204644
-0.0151501
-0.0102185
-0.00575052
-0.00195274
0.00104547
0.00315134
0.00416593
0.00425074
0.00315537
0.00142397
-0.104103
-0.105533
-0.106703
-0.107594
-0.108183
-0.108448
-0.108368
-0.107921
-0.107084
-0.105839
-0.104168
-0.102059
-0.0995004
-0.0964937
-0.0930434
-0.0891677
-0.084892
-0.0802579
-0.0753158
-0.0701323
-0.0647836
-0.059358
-0.0539528
-0.0486683
-0.0436119
-0.0388789
-0.0345674
-0.0307432
-0.0274632
-0.0247361
-0.0225398
-0.0208084
-0.0194081
-0.0182283
-0.0170322
-0.0157661
-0.0141395
-0.012296
-0.00992714
-0.00745812
-0.00451314
-0.00174101
-0.104342
-0.105771
-0.106941
-0.107831
-0.108418
-0.108682
-0.1086
-0.10815
-0.10731
-0.10606
-0.104381
-0.102262
-0.0996919
-0.0966703
-0.0932018
-0.0893047
-0.0850044
-0.0803429
-0.075371
-0.0701561
-0.0647752
-0.0593179
-0.0538826
-0.0485712
-0.0434924
-0.0387429
-0.0344222
-0.0305964
-0.0273238
-0.024612
-0.0224389
-0.0207358
-0.0193672
-0.0182189
-0.0170501
-0.0158061
-0.0141904
-0.0123535
-0.00997599
-0.00750213
-0.00453422
-0.00175593
-0.104804
-0.106232
-0.107401
-0.108288
-0.108874
-0.109136
-0.10905
-0.108594
-0.107746
-0.106486
-0.104794
-0.102657
-0.100063
-0.0970128
-0.0935092
-0.0895707
-0.0852228
-0.0805081
-0.0754783
-0.0702023
-0.0647589
-0.0592399
-0.0537463
-0.0483824
-0.0432603
-0.0384785
-0.0341399
-0.030311
-0.0270529
-0.0243708
-0.0222431
-0.0205951
-0.0192885
-0.018201
-0.0170862
-0.0158841
-0.0142916
-0.0124645
-0.0100743
-0.00758486
-0.00458015
-0.00178058
-0.105475
-0.106901
-0.108067
-0.108953
-0.109535
-0.109793
-0.109702
-0.10924
-0.108381
-0.107107
-0.105395
-0.103232
-0.100605
-0.0975122
-0.0939577
-0.0899589
-0.0855416
-0.0807493
-0.0756349
-0.0702697
-0.0647349
-0.0591256
-0.0535467
-0.048106
-0.0429204
-0.0380914
-0.0337266
-0.0298933
-0.0266566
-0.0240184
-0.0219575
-0.0203907
-0.0191754
-0.0181775
-0.017142
-0.0160011
-0.0144427
-0.0126288
-0.0102204
-0.00770593
-0.0046497
-0.00181427
-0.10634
-0.107763
-0.108927
-0.109809
-0.110389
-0.110642
-0.110545
-0.110074
-0.109203
-0.107911
-0.106174
-0.103978
-0.101308
-0.0981615
-0.094541
-0.0904641
-0.0859567
-0.0810633
-0.0758388
-0.0703571
-0.0647032
-0.0589759
-0.0532857
-0.0477447
-0.0424762
-0.0375855
-0.0331867
-0.0293479
-0.0261395
-0.0235592
-0.0215864
-0.0201266
-0.0190318
-0.0181515
-0.0172202
-0.016159
-0.0146449
-0.0128469
-0.010414
-0.00786524
-0.00474199
-0.00185705
-0.107386
-0.108806
-0.109967
-0.110846
-0.111422
-0.111672
-0.111568
-0.111087
-0.110202
-0.108889
-0.107123
-0.104888
-0.102166
-0.0989547
-0.0952543
-0.0910823
-0.0864648
-0.0814477
-0.0760884
-0.0704638
-0.0646636
-0.0587916
-0.0529646
-0.0473004
-0.0419301
-0.0369637
-0.0325231
-0.028678
-0.025505
-0.0229967
-0.0211334
-0.0198067
-0.0188614
-0.0181267
-0.0173243
-0.0163608
-0.0149003
-0.0131202
-0.010656
-0.00806296
-0.00485684
-0.00190903
-0.108601
-0.110018
-0.111175
-0.112051
-0.112624
-0.112869
-0.11276
-0.112269
-0.111369
-0.110033
-0.108235
-0.105954
-0.103174
-0.0998871
-0.0960936
-0.0918102
-0.0870635
-0.0819008
-0.0763824
-0.0705891
-0.0646162
-0.058573
-0.0525843
-0.0467744
-0.0412836
-0.0362277
-0.0317378
-0.0278857
-0.0247554
-0.0223335
-0.0206016
-0.0194342
-0.0186682
-0.0181076
-0.0174586
-0.0166105
-0.0152124
-0.013451
-0.0109478
-0.0082997
-0.00499438
-0.00197029
-0.109973
-0.111386
-0.112539
-0.113413
-0.113984
-0.114226
-0.114111
-0.113611
-0.112695
-0.111335
-0.109502
-0.107173
-0.104327
-0.100955
-0.0970561
-0.0926457
-0.0877511
-0.0824213
-0.0767201
-0.0707326
-0.0645607
-0.0583202
-0.0521452
-0.0461671
-0.0405375
-0.0353783
-0.0308319
-0.0269723
-0.0238922
-0.0215715
-0.0199934
-0.0190125
-0.0184564
-0.0180989
-0.0176284
-0.0169127
-0.0155853
-0.0138424
-0.0112914
-0.00857646
-0.0051549
-0.00204092
-0.111491
-0.112899
-0.11405
-0.114922
-0.115491
-0.115731
-0.115612
-0.115104
-0.114174
-0.11279
-0.110921
-0.108539
-0.105621
-0.102156
-0.0981396
-0.0935873
-0.0885266
-0.0830087
-0.0771011
-0.0708942
-0.0644972
-0.0580334
-0.0516473
-0.0454789
-0.039692
-0.034416
-0.0298058
-0.0259383
-0.0229162
-0.0207121
-0.0193111
-0.018545
-0.0182303
-0.0181059
-0.0178394
-0.0172732
-0.0160236
-0.0142978
-0.011689
-0.00889453
-0.00533883
-0.00212107
-0.113144
-0.114547
-0.115695
-0.116566
-0.117135
-0.117375
-0.117255
-0.116741
-0.115799
-0.114392
-0.112486
-0.110049
-0.107054
-0.103488
-0.0993432
-0.0946344
-0.0893898
-0.0836628
-0.0775255
-0.0710739
-0.0644256
-0.0577126
-0.0510908
-0.0447095
-0.0387469
-0.0333402
-0.0286591
-0.0247834
-0.0218276
-0.0197562
-0.0185565
-0.0180349
-0.0179944
-0.0181343
-0.0180978
-0.017698
-0.0165328
-0.0148214
-0.0121435
-0.00925536
-0.0055467
-0.00221088
-0.114922
-0.11632
-0.117466
-0.118337
-0.118908
-0.119151
-0.119032
-0.118516
-0.117564
-0.116136
-0.114193
-0.1117
-0.108625
-0.10495
-0.100666
-0.0957868
-0.0903408
-0.0843839
-0.0779935
-0.0712718
-0.0643462
-0.0573576
-0.0504753
-0.0438588
-0.0377019
-0.0321506
-0.0273911
-0.0235073
-0.0206263
-0.0187045
-0.0177314
-0.0174853
-0.0177537
-0.0181903
-0.0184106
-0.0181941
-0.0171189
-0.0154176
-0.0126578
-0.00966058
-0.0057791
-0.00231053
-0.116814
-0.118207
-0.119351
-0.120225
-0.120801
-0.121049
-0.120936
-0.120422
-0.119463
-0.118018
-0.11604
-0.11349
-0.110331
-0.106542
-0.102109
-0.0970454
-0.0913805
-0.0851729
-0.0785059
-0.0714887
-0.0642593
-0.0569687
-0.0498009
-0.0429263
-0.0365564
-0.0308464
-0.0260009
-0.022109
-0.0193116
-0.0175571
-0.0168372
-0.0168996
-0.0175132
-0.0182806
-0.0187853
-0.0187689
-0.0177882
-0.0160914
-0.013235
-0.0101119
-0.00603663
-0.00242015
-0.118811
-0.120199
-0.121342
-0.12222
-0.122803
-0.123063
-0.122959
-0.122452
-0.121492
-0.120034
-0.118024
-0.115418
-0.112173
-0.108263
-0.103673
-0.0984111
-0.0925102
-0.086031
-0.0790638
-0.0717251
-0.0641654
-0.0565459
-0.0490673
-0.0419116
-0.0353094
-0.0294266
-0.0244877
-0.0205877
-0.0178829
-0.0163143
-0.0158755
-0.016281
-0.017278
-0.0184125
-0.0192302
-0.0194305
-0.0185476
-0.0168479
-0.0138785
-0.0106109
-0.00631994
-0.00253987
-0.120902
-0.122285
-0.123429
-0.124313
-0.124908
-0.125183
-0.125095
-0.124601
-0.123647
-0.12218
-0.120142
-0.117482
-0.114151
-0.110116
-0.105358
-0.0998858
-0.0937316
-0.0869599
-0.0796685
-0.0719822
-0.064065
-0.0560897
-0.0482746
-0.0408144
-0.0339605
-0.0278903
-0.0228503
-0.0189421
-0.0163393
-0.0149762
-0.0148475
-0.0156332
-0.0170542
-0.0185938
-0.0197539
-0.0201875
-0.0194046
-0.0176925
-0.0145918
-0.0111595
-0.00662965
-0.00266975
-0.123079
-0.124456
-0.125602
-0.126496
-0.127107
-0.127402
-0.127337
-0.126863
-0.125922
-0.124454
-0.122394
-0.119683
-0.116265
-0.1121
-0.107168
-0.101472
-0.0950469
-0.0879614
-0.0803216
-0.0722612
-0.0639592
-0.0556004
-0.047423
-0.0396345
-0.0325091
-0.0262367
-0.0210873
-0.0171711
-0.0146797
-0.0135427
-0.0137546
-0.0149598
-0.0168477
-0.0188328
-0.0203658
-0.0210492
-0.0203666
-0.0186307
-0.0153782
-0.0117592
-0.00696633
-0.00280984
-0.125332
-0.126703
-0.127853
-0.128758
-0.129391
-0.129713
-0.129679
-0.129234
-0.128315
-0.126854
-0.124778
-0.12202
-0.118516
-0.11422
-0.109104
-0.103171
-0.0964589
-0.089038
-0.0810252
-0.0725636
-0.063849
-0.0550787
-0.0465128
-0.0383718
-0.0309551
-0.024465
-0.0191978
-0.0152736
-0.0129032
-0.0120139
-0.0125982
-0.0142651
-0.0166649
-0.0191384
-0.021076
-0.0220253
-0.0214417
-0.0196684
-0.0162413
-0.0124116
-0.00733052
-0.00296008
-0.12765
-0.129016
-0.130171
-0.131093
-0.131751
-0.132109
-0.132114
-0.131708
-0.130821
-0.129377
-0.127294
-0.124495
-0.120907
-0.116476
-0.11117
-0.104988
-0.0979704
-0.0901923
-0.0817814
-0.0728911
-0.0637357
-0.0545256
-0.0455446
-0.0370267
-0.0292983
-0.0225746
-0.017181
-0.0132487
-0.0110088
-0.01039
-0.0113799
-0.0135532
-0.0165129
-0.0195203
-0.0218949
-0.0231261
-0.0226383
-0.0208113
-0.0171845
-0.0131183
-0.00772271
-0.00312035
-0.130024
-0.131385
-0.132547
-0.133489
-0.134181
-0.134581
-0.134636
-0.13428
-0.133437
-0.132021
-0.129941
-0.127108
-0.123439
-0.118872
-0.113369
-0.106926
-0.0995849
-0.0914273
-0.0825928
-0.0732457
-0.0636209
-0.0539422
-0.0445194
-0.0355997
-0.0275391
-0.0205657
-0.0150364
-0.0110957
-0.00899587
-0.00867124
-0.0101013
-0.0128289
-0.0163991
-0.0199889
-0.022834
-0.0243624
-0.023965
-0.0220654
-0.0182113
-0.0138805
-0.0081433
-0.00329044
-0.132446
-0.133801
-0.134972
-0.135939
-0.13667
-0.137123
-0.137238
-0.136946
-0.13616
-0.134786
-0.132719
-0.129861
-0.126116
-0.121412
-0.115704
-0.108988
-0.101306
-0.0927463
-0.0834621
-0.0736297
-0.0635064
-0.0533301
-0.0434384
-0.0340917
-0.0256781
-0.0184385
-0.0127641
-0.00881417
-0.00686381
-0.00685823
-0.00876418
-0.0120972
-0.0163311
-0.0205552
-0.0239056
-0.0257456
-0.0254306
-0.0234367
-0.0193248
-0.0146994
-0.00859262
-0.00347003
-0.134905
-0.136254
-0.137436
-0.138433
-0.139212
-0.139727
-0.139916
-0.139701
-0.138987
-0.137669
-0.135629
-0.132755
-0.12894
-0.124099
-0.118182
-0.111178
-0.103138
-0.0941527
-0.0843922
-0.0740455
-0.0633943
-0.0526908
-0.0423032
-0.0325041
-0.0237165
-0.0161937
-0.0103644
-0.0064041
-0.00461238
-0.00495171
-0.00737063
-0.0113639
-0.0163174
-0.0212309
-0.0251225
-0.0272876
-0.0270443
-0.0249311
-0.0205284
-0.0155761
-0.00907092
-0.00365869
-0.137391
-0.138734
-0.139931
-0.140963
-0.141797
-0.142386
-0.142661
-0.14254
-0.141915
-0.140669
-0.138672
-0.135794
-0.131914
-0.126937
-0.120805
-0.113503
-0.105085
-0.0956504
-0.0853862
-0.0744956
-0.0632868
-0.0520264
-0.0411157
-0.0308386
-0.0216561
-0.0138325
-0.00783816
-0.00386577
-0.00224173
-0.00295272
-0.00592299
-0.0106349
-0.0163673
-0.0220288
-0.0264978
-0.0290006
-0.0288155
-0.0265544
-0.021825
-0.0165113
-0.00957835
-0.00385586
-0.139895
-0.141232
-0.142445
-0.143518
-0.144417
-0.145091
-0.145469
-0.145458
-0.144941
-0.143786
-0.141847
-0.138978
-0.135043
-0.129932
-0.123579
-0.115965
-0.107151
-0.0972432
-0.0864476
-0.074983
-0.0631863
-0.0513393
-0.0398782
-0.0290975
-0.0194994
-0.0113567
-0.00518675
-0.00119995
0.00024759
-0.000862649
-0.00442391
-0.00991688
-0.0164903
-0.0229624
-0.0280457
-0.0308974
-0.0307538
-0.0283123
-0.0232175
-0.0175055
-0.010115
-0.00406085
-0.142408
-0.143738
-0.144971
-0.14609
-0.147063
-0.147837
-0.148334
-0.148452
-0.148063
-0.147019
-0.145157
-0.142313
-0.138332
-0.133089
-0.12651
-0.118572
-0.109342
-0.0989353
-0.0875798
-0.0755105
-0.0630956
-0.0506321
-0.0385935
-0.0272834
-0.017249
-0.00877515
-0.00241238
0.00159211
0.00285449
0.00131679
-0.00287645
-0.00921717
-0.0166967
-0.024046
-0.0297815
-0.0329912
-0.0328689
-0.0302103
-0.0247085
-0.0185589
-0.0106809
-0.00427283
-0.14492
-0.146243
-0.147497
-0.148669
-0.149727
-0.150614
-0.151247
-0.151516
-0.151277
-0.150368
-0.148604
-0.1458
-0.141783
-0.136412
-0.129602
-0.121328
-0.111662
-0.100731
-0.0887863
-0.0760813
-0.0630176
-0.0499076
-0.0372646
-0.0253996
-0.0149078
-0.00607743
0.000482562
0.00450861
0.0055773
0.00358352
-0.00128409
-0.00854355
-0.0169975
-0.0252948
-0.0317208
-0.0352955
-0.0351706
-0.0322536
-0.0263006
-0.0196717
-0.0112759
-0.00449082
-0.147421
-0.148736
-0.150014
-0.151246
-0.152399
-0.153415
-0.154204
-0.154646
-0.154582
-0.153831
-0.152187
-0.149443
-0.145404
-0.139909
-0.132864
-0.124239
-0.114116
-0.102634
-0.0900708
-0.0766987
-0.0629553
-0.049169
-0.035895
-0.0234498
-0.0124799
-0.0032741
0.00349446
0.00754718
0.00841368
0.00593512
0.000349155
-0.00790435
-0.017404
-0.026725
-0.0338794
-0.037824
-0.0376686
-0.034447
-0.0279959
-0.0208433
-0.0119
-0.00471367
-0.149902
-0.151207
-0.152513
-0.153812
-0.155072
-0.156233
-0.157198
-0.157837
-0.157975
-0.157409
-0.155911
-0.153247
-0.149198
-0.143584
-0.136299
-0.127311
-0.11671
-0.104651
-0.0914371
-0.077366
-0.0629119
-0.0484199
-0.0344886
-0.0214382
-0.00997013
-0.000369598
0.00661899
0.0107048
0.0113606
0.00836878
0.00201875
-0.00730828
-0.0179281
-0.0283531
-0.0362736
-0.0405903
-0.0403725
-0.0367949
-0.0297963
-0.0220732
-0.0125528
-0.00494009
-0.152353
-0.153648
-0.154983
-0.156356
-0.157735
-0.159058
-0.160223
-0.161084
-0.161453
-0.161102
-0.159777
-0.157215
-0.153172
-0.147445
-0.139917
-0.130551
-0.119449
-0.106784
-0.0928891
-0.0780867
-0.062891
-0.0476641
-0.0330497
-0.0193698
-0.00738375
0.00263105
0.00985102
0.0139777
0.0144141
0.0108813
0.00371968
-0.00676421
-0.0185816
-0.0301956
-0.0389193
-0.0436074
-0.0432912
-0.0393008
-0.0317033
-0.0233603
-0.0132342
-0.00516863
-0.154766
-0.156048
-0.157415
-0.158869
-0.16038
-0.161884
-0.163271
-0.164384
-0.165014
-0.164909
-0.163787
-0.161352
-0.157331
-0.151499
-0.143722
-0.133964
-0.122339
-0.109038
-0.0944305
-0.0788643
-0.0628958
-0.0469055
-0.0315828
-0.0172499
-0.00472668
0.00572199
0.0131846
0.0173615
0.0175696
0.0134693
0.0054465
-0.00628073
-0.0193757
-0.0322684
-0.0418308
-0.0468875
-0.0464327
-0.0419676
-0.0337179
-0.0247031
-0.0139438
-0.00539769
-0.15713
-0.158397
-0.159799
-0.161341
-0.162998
-0.164702
-0.166337
-0.167731
-0.168655
-0.168832
-0.167944
-0.165663
-0.161683
-0.155752
-0.147723
-0.137558
-0.125385
-0.111419
-0.0960651
-0.0797023
-0.0629302
-0.0461483
-0.0300928
-0.0150843
-0.00200545
0.00889653
0.0166129
0.0208507
0.0208216
0.0161288
0.00719358
-0.00586553
-0.0203204
-0.0345857
-0.0450125
-0.0504412
-0.0498037
-0.0447969
-0.0358406
-0.0260997
-0.0146813
-0.00562551
-0.159437
-0.160687
-0.162124
-0.163763
-0.165579
-0.167504
-0.169412
-0.17112
-0.172375
-0.17287
-0.172251
-0.170154
-0.166234
-0.160212
-0.151927
-0.141339
-0.128592
-0.113931
-0.0977967
-0.0806043
-0.0629977
-0.0453971
-0.0285853
-0.0128795
0.00077275
0.0121471
0.0201283
0.0244389
0.0241634
0.0188558
0.00895538
-0.00552454
-0.021423
-0.0371587
-0.0484919
-0.0542762
-0.0534087
-0.0477887
-0.0380712
-0.0275477
-0.0154461
-0.00585022
-0.161678
-0.162907
-0.164382
-0.166125
-0.168114
-0.170281
-0.172492
-0.174548
-0.176171
-0.177023
-0.176712
-0.174828
-0.170991
-0.164888
-0.156341
-0.145313
-0.131968
-0.116578
-0.0996291
-0.0815738
-0.0631023
-0.0446566
-0.0270657
-0.0106426
0.00360008
0.0154651
0.023722
0.0281187
0.0275877
0.0216459
0.010727
-0.00526074
-0.0226867
-0.0399929
-0.0522652
-0.0583961
-0.0572492
-0.0509416
-0.0404084
-0.0290442
-0.0162377
-0.00606984
-0.163844
-0.165048
-0.166563
-0.168417
-0.170594
-0.173024
-0.175568
-0.178008
-0.180041
-0.181293
-0.181328
-0.179693
-0.17596
-0.169786
-0.160974
-0.149488
-0.135516
-0.119364
-0.101566
-0.0826144
-0.0632477
-0.0439317
-0.0255402
-0.00838112
0.00646799
0.0188411
0.0273844
0.0318812
0.0310858
0.0244945
0.0125047
-0.00507293
-0.0241086
-0.0430861
-0.0563273
-0.062799
-0.0613229
-0.0542516
-0.0428498
-0.0305857
-0.0170554
-0.00628231
-0.165928
-0.167102
-0.168657
-0.17063
-0.173009
-0.175727
-0.178633
-0.181495
-0.183981
-0.185678
-0.186104
-0.184753
-0.18115
-0.174915
-0.165832
-0.153871
-0.139242
-0.122295
-0.103611
-0.0837294
-0.063438
-0.0432275
-0.0240152
-0.00610323
0.00936713
0.0222644
0.0311045
0.0357158
0.0346482
0.027397
0.0142868
-0.00495429
-0.0256779
-0.0464262
-0.0606648
-0.067476
-0.0656224
-0.0577123
-0.0453919
-0.0321683
-0.0178985
-0.00648556
-0.16792
-0.16906
-0.170655
-0.172753
-0.17535
-0.178378
-0.18168
-0.185004
-0.187989
-0.19018
-0.191041
-0.190013
-0.186567
-0.180282
-0.170924
-0.158467
-0.143152
-0.125373
-0.105766
-0.0849224
-0.0636772
-0.0425495
-0.0224975
-0.00381778
0.0122873
0.0257229
0.0348701
0.0396104
0.0382641
0.0303484
0.0160741
-0.00489124
-0.0273737
-0.0499885
-0.0652532
-0.0724096
-0.0701346
-0.0613141
-0.0480292
-0.0337872
-0.0187659
-0.00667749
-0.169812
-0.170912
-0.172547
-0.174777
-0.177607
-0.18097
-0.1847
-0.188529
-0.19206
-0.194795
-0.196141
-0.195478
-0.192217
-0.185894
-0.176254
-0.163282
-0.14725
-0.128603
-0.108037
-0.0861967
-0.0639695
-0.0419034
-0.0209946
-0.00153432
0.0152175
0.0292035
0.0386673
0.0435505
0.0419211
0.0333436
0.0178702
-0.00486288
-0.0291647
-0.0537348
-0.070055
-0.0775726
-0.0748396
-0.0650443
-0.0507548
-0.0354373
-0.0196564
-0.00685608
-0.171598
-0.17265
-0.174323
-0.176692
-0.179769
-0.183491
-0.187685
-0.19206
-0.196188
-0.199521
-0.201404
-0.201149
-0.198103
-0.191756
-0.18183
-0.168322
-0.151539
-0.131988
-0.110424
-0.0875556
-0.0643193
-0.0412952
-0.0195142
0.000736839
0.0181453
0.0326913
0.0424805
0.0475196
0.0456057
0.0363765
0.0196815
-0.00484138
-0.0310086
-0.0576125
-0.0750194
-0.0829274
-0.0797102
-0.0688865
-0.0535595
-0.0371127
-0.0205686
-0.0070194
-0.173269
-0.174265
-0.175974
-0.178487
-0.181826
-0.185931
-0.190621
-0.195588
-0.200366
-0.204352
-0.206827
-0.207027
-0.204229
-0.197871
-0.187655
-0.173588
-0.156024
-0.135529
-0.112932
-0.0890022
-0.0647311
-0.0407313
-0.018065
0.0029845
0.0210573
0.0361699
0.0462922
0.0514981
0.049302
0.0394398
0.0215165
-0.00479362
-0.0328545
-0.0615563
-0.0800831
-0.0884263
-0.0847123
-0.0728209
-0.0564324
-0.0388072
-0.0215007
-0.0071657
-0.174818
-0.175748
-0.17749
-0.180151
-0.183765
-0.188276
-0.193498
-0.199101
-0.20458
-0.209279
-0.212401
-0.213106
-0.210591
-0.20424
-0.193729
-0.179084
-0.160703
-0.139229
-0.11556
-0.0905396
-0.0652095
-0.0402185
-0.0166561
0.00519655
0.0239389
0.0396212
0.0500826
0.0554637
0.0529917
0.0425236
0.0233835
-0.00468428
-0.0346458
-0.0654913
-0.0851729
-0.0940123
-0.0898049
-0.0768241
-0.0593602
-0.0405138
-0.0224506
-0.00729343
-0.176237
-0.177091
-0.178861
-0.181672
-0.185572
-0.190512
-0.196299
-0.202582
-0.208816
-0.214286
-0.218116
-0.219377
-0.217184
-0.210857
-0.200049
-0.184806
-0.165578
-0.143088
-0.118312
-0.0921706
-0.0657593
-0.039764
-0.0152975
0.00735988
0.026774
0.0430254
0.0538294
0.0593909
0.0566537
0.0456144
0.0252882
-0.00447993
-0.0363256
-0.0693375
-0.0902094
-0.0996213
-0.0949414
-0.0808698
-0.062328
-0.0422253
-0.023416
-0.00740131
-0.177518
-0.178284
-0.180075
-0.183037
-0.187233
-0.192621
-0.199004
-0.20601
-0.213053
-0.219352
-0.223951
-0.225824
-0.223992
-0.217713
-0.206608
-0.190749
-0.170645
-0.147103
-0.121187
-0.0938978
-0.0663857
-0.0393756
-0.0139999
0.00946037
0.029545
0.0463617
0.0575077
0.0632508
0.0602627
0.0486931
0.0272311
-0.00415366
-0.0378416
-0.0730162
-0.0951119
-0.105185
-0.100071
-0.0849293
-0.0653191
-0.0439342
-0.0243941
-0.00748836
-0.178656
-0.179319
-0.181123
-0.184233
-0.188732
-0.194585
-0.201592
-0.20936
-0.217261
-0.22445
-0.229878
-0.23242
-0.230996
-0.224789
-0.213393
-0.196905
-0.175897
-0.151272
-0.124185
-0.0957233
-0.0670936
-0.0390614
-0.0127746
0.0114829
0.032233
0.0496053
0.06109
0.067011
0.0637887
0.0517339
0.029204
-0.00368939
-0.0391518
-0.0764556
-0.0998033
-0.110634
-0.105141
-0.0889722
-0.0683153
-0.0456328
-0.0253818
-0.00755394
-0.179642
-0.180188
-0.181993
-0.185248
-0.190052
-0.196383
-0.204037
-0.212602
-0.221408
-0.229542
-0.235861
-0.239132
-0.238163
-0.232059
-0.220382
-0.203257
-0.181324
-0.155589
-0.127304
-0.0976489
-0.0678883
-0.03883
-0.011634
0.0134114
0.0348179
0.0527303
0.0645458
0.0706356
0.0671966
0.054703
0.0311883
-0.003085
-0.0402285
-0.0795962
-0.104215
-0.1159
-0.110099
-0.0929676
-0.0712978
-0.0473132
-0.0263758
-0.00759777
-0.180474
-0.180885
-0.182679
-0.186069
-0.191177
-0.197991
-0.206309
-0.2157
-0.225453
-0.234584
-0.241855
-0.245915
-0.245453
-0.23949
-0.227549
-0.209784
-0.186911
-0.160044
-0.13054
-0.0996754
-0.0687748
-0.0386901
-0.0105908
0.0152292
0.0372784
0.0557107
0.0678424
0.0740856
0.0704457
0.0575584
0.0331539
-0.00235354
-0.0410598
-0.0823942
-0.108289
-0.120923
-0.114894
-0.0968845
-0.0742468
-0.0489679
-0.0273724
-0.00761995
-0.181148
-0.181406
-0.183171
-0.186686
-0.19209
-0.199389
-0.208379
-0.218618
-0.229351
-0.239526
-0.247806
-0.252715
-0.252817
-0.247037
-0.234857
-0.21646
-0.192641
-0.164628
-0.133888
-0.101803
-0.0697581
-0.0386509
-0.00965826
0.0169187
0.0395923
0.0585184
0.0709448
0.0773187
0.0734899
0.0602505
0.0350598
-0.00152258
-0.0416506
-0.0848228
-0.111982
-0.125647
-0.119478
-0.100693
-0.077143
-0.0505893
-0.0283677
-0.00762093
-0.181664
-0.181749
-0.183469
-0.187091
-0.192779
-0.200555
-0.210219
-0.221316
-0.233053
-0.244312
-0.253654
-0.259473
-0.260197
-0.254648
-0.242262
-0.223252
-0.198489
-0.169324
-0.137341
-0.104031
-0.0708426
-0.0387213
-0.00884983
0.0184624
0.0417371
0.0611243
0.0738167
0.0802908
0.076279
0.0627233
0.0368562
-0.000631743
-0.0420193
-0.0868722
-0.115265
-0.130028
-0.123812
-0.104365
-0.0799674
-0.0521703
-0.0293579
-0.00760156
-0.182027
-0.18192
-0.183574
-0.187283
-0.193237
-0.201473
-0.211803
-0.223758
-0.236513
-0.248887
-0.259335
-0.266121
-0.267527
-0.262264
-0.249716
-0.23012
-0.204427
-0.174116
-0.14089
-0.106358
-0.0720323
-0.0389102
-0.00817892
0.0198425
0.0436895
0.063499
0.0764208
0.0829559
0.0787599
0.0649176
0.0384875
0.000270973
-0.042196
-0.088547
-0.118124
-0.134032
-0.12786
-0.107875
-0.0827019
-0.0537043
-0.0303386
-0.00756297
-0.182246
-0.181926
-0.183492
-0.187265
-0.19346
-0.202135
-0.21311
-0.225913
-0.239689
-0.253196
-0.264788
-0.272592
-0.274741
-0.269824
-0.257164
-0.23702
-0.210424
-0.178982
-0.144525
-0.10878
-0.0733304
-0.0392258
-0.00765856
0.0210418
0.0454268
0.065613
0.0787198
0.0852681
0.0808787
0.0667735
0.0398963
0.00113332
-0.0422175
-0.089864
-0.120555
-0.137635
-0.131594
-0.111201
-0.0853299
-0.0551852
-0.0313058
-0.00750662
-0.182335
-0.181784
-0.183239
-0.187049
-0.193456
-0.202538
-0.21413
-0.227758
-0.242545
-0.257192
-0.269955
-0.278823
-0.281771
-0.27726
-0.264548
-0.243906
-0.216444
-0.1839
-0.148232
-0.111293
-0.0747392
-0.0396759
-0.00730107
0.0220438
0.0469267
0.0674377
0.0806773
0.0871826
0.0825833
0.0682339
0.041027
0.00190279
-0.0421243
-0.0908483
-0.122566
-0.140823
-0.134992
-0.114324
-0.0878362
-0.0566074
-0.0322554
-0.00743419
-0.182316
-0.181515
-0.182835
-0.186654
-0.193237
-0.202689
-0.21486
-0.229282
-0.245057
-0.260837
-0.274785
-0.284753
-0.288553
-0.284511
-0.271809
-0.250729
-0.222452
-0.188844
-0.151997
-0.113891
-0.0762596
-0.040267
-0.0071177
0.0228328
0.048168
0.0689459
0.0822592
0.0886574
0.0838256
0.0692473
0.0418289
0.00253004
-0.0419572
-0.0915308
-0.124171
-0.14359
-0.138042
-0.117227
-0.0902076
-0.0579661
-0.0331834
-0.00734757
-0.182211
-0.181145
-0.182309
-0.186105
-0.192827
-0.202605
-0.21531
-0.230481
-0.24721
-0.264104
-0.27924
-0.290333
-0.295029
-0.291515
-0.278892
-0.25744
-0.228407
-0.193787
-0.155803
-0.116567
-0.0778915
-0.0410044
-0.00711831
0.0233948
0.0491312
0.0701128
0.0834339
0.0896549
0.0845638
0.0697704
0.0422592
0.0029714
-0.041755
-0.091945
-0.125391
-0.145938
-0.140735
-0.1199
-0.0924332
-0.0592571
-0.0340861
-0.00724879
-0.182051
-0.180706
-0.181691
-0.185434
-0.192256
-0.202313
-0.2155
-0.231369
-0.249006
-0.266982
-0.283293
-0.295525
-0.301152
-0.29822
-0.285741
-0.26399
-0.234272
-0.198702
-0.159633
-0.119312
-0.0796335
-0.0418922
-0.00731114
0.0237175
0.0497988
0.0709161
0.0841741
0.0901431
0.0847644
0.0697701
0.0422847
0.0031907
-0.0415526
-0.0921256
-0.12625
-0.147876
-0.143069
-0.122333
-0.0945037
-0.0604768
-0.0349598
-0.00713998
-0.181864
-0.180231
-0.181018
-0.184678
-0.191559
-0.201845
-0.215457
-0.231965
-0.250455
-0.26947
-0.286933
-0.300302
-0.306884
-0.30458
-0.292311
-0.270335
-0.240008
-0.203559
-0.163468
-0.122116
-0.0814824
-0.0429324
-0.00770252
0.0237904
0.0501561
0.0713374
0.084458
0.0900974
0.0844034
0.0692246
0.0418826
0.0031602
-0.0413799
-0.092106
-0.126775
-0.149418
-0.145048
-0.124521
-0.0964122
-0.0616225
-0.0358012
-0.00702329
-0.181682
-0.179754
-0.180326
-0.183875
-0.190775
-0.201239
-0.215216
-0.232299
-0.25158
-0.27158
-0.290157
-0.304651
-0.312198
-0.310559
-0.29856
-0.276436
-0.245582
-0.208333
-0.16729
-0.124968
-0.0834338
-0.0441257
-0.00829679
0.0236055
0.0501913
0.071362
0.0842667
0.0895013
0.0834673
0.0681241
0.0410409
0.00286092
-0.041262
-0.0919183
-0.126994
-0.150581
-0.146677
-0.126462
-0.0981538
-0.0626919
-0.0366075
-0.00690086
-0.181532
-0.179307
-0.179652
-0.183063
-0.189944
-0.200535
-0.214817
-0.232407
-0.25241
-0.273332
-0.292974
-0.308567
-0.317078
-0.316132
-0.304457
-0.282257
-0.25096
-0.212996
-0.17108
-0.127856
-0.0854818
-0.0454706
-0.00909607
0.0231573
0.0498961
0.0709793
0.08359
0.0883468
0.0819532
0.06647
0.0397574
0.00228148
-0.0412188
-0.0915919
-0.126933
-0.151386
-0.147969
-0.128158
-0.0997257
-0.0636834
-0.037376
-0.00677478
-0.181442
-0.178922
-0.179029
-0.182281
-0.189106
-0.199775
-0.214301
-0.232328
-0.252978
-0.274753
-0.2954
-0.312057
-0.321518
-0.321281
-0.309974
-0.287769
-0.256115
-0.217524
-0.174818
-0.130768
-0.087619
-0.0469639
-0.0101003
0.0224429
0.0492655
0.070183
0.0824226
0.086634
0.0798666
0.064272
0.0380368
0.00141637
-0.041266
-0.0911529
-0.126619
-0.151853
-0.148935
-0.129609
-0.101127
-0.064596
-0.0381045
-0.00664703
-0.181434
-0.178625
-0.178489
-0.181563
-0.188299
-0.199
-0.213708
-0.232101
-0.253321
-0.27587
-0.297454
-0.315132
-0.325515
-0.325994
-0.315094
-0.292947
-0.261019
-0.221893
-0.178486
-0.13369
-0.089837
-0.0486009
-0.0113079
0.0214611
0.0482969
0.0689701
0.080764
0.0843687
0.0772204
0.0615481
0.0358924
0.000268728
-0.0414127
-0.0906225
-0.126075
-0.152004
-0.14959
-0.130822
-0.102357
-0.065429
-0.038791
-0.0065195
-0.181526
-0.178438
-0.178056
-0.180934
-0.18755
-0.198235
-0.213066
-0.231753
-0.253464
-0.276708
-0.299158
-0.317806
-0.329079
-0.330273
-0.319806
-0.297775
-0.265653
-0.226085
-0.182068
-0.13661
-0.0921278
-0.0503769
-0.0127171
0.0202118
0.0469904
0.0673422
0.0786224
0.0815689
0.074048
0.0583423
0.033365
-0.00113529
-0.0416546
-0.0900188
-0.125329
-0.151866
-0.149953
-0.131804
-0.103419
-0.0661826
-0.0394342
-0.00639393
-0.181719
-0.178357
-0.177721
-0.180384
-0.186847
-0.197473
-0.212372
-0.231292
-0.253429
-0.277307
-0.300566
-0.320122
-0.332278
-0.334182
-0.324162
-0.302287
-0.270035
-0.230103
-0.185563
-0.139524
-0.0944861
-0.0522853
-0.0143198
0.0187048
0.0453593
0.0653206
0.0760359
0.0782947
0.0704329
0.0547492
0.0305377
-0.00274337
-0.0419797
-0.0893678
-0.124429
-0.151489
-0.150059
-0.132574
-0.10432
-0.0668592
-0.0400333
-0.00627182
-0.181978
-0.178355
-0.177468
-0.17991
-0.186206
-0.196749
-0.211684
-0.230796
-0.253312
-0.277772
-0.301795
-0.322199
-0.335216
-0.337819
-0.328244
-0.30654
-0.274199
-0.233962
-0.188965
-0.142412
-0.0968797
-0.0542852
-0.0160702
0.0169865
0.0434479
0.0629513
0.0730611
0.0746207
0.0664456
0.050821
0.0274265
-0.00457362
-0.0424289
-0.0887192
-0.123419
-0.150918
-0.149944
-0.133156
-0.105072
-0.0674613
-0.0405885
-0.00615354
-0.182357
-0.178562
-0.177502
-0.179788
-0.185962
-0.196436
-0.211382
-0.230609
-0.253371
-0.278225
-0.302792
-0.323855
-0.337516
-0.340703
-0.331541
-0.310053
-0.277723
-0.237314
-0.192003
-0.145071
-0.0991671
-0.0562896
-0.0179286
0.0150587
0.0412236
0.0601511
0.0695403
0.0703053
0.0617539
0.046181
0.0236587
-0.00692327
-0.0431748
-0.0880991
-0.122195
-0.150004
-0.149474
-0.133457
-0.105627
-0.0679627
-0.0410921
-0.00603848
-0.183216
-0.179419
-0.178334
-0.180563
-0.186644
-0.196991
-0.21178
-0.230832
-0.253415
-0.27811
-0.302564
-0.323549
-0.337424
-0.340885
-0.332066
-0.310951
-0.278974
-0.238861
-0.193755
-0.146945
-0.101104
-0.0582846
-0.0200079
0.0128048
0.0386493
0.0569608
0.0655353
0.0653942
0.0564335
0.0409826
0.0194062
-0.00963144
-0.0440952
-0.0874064
-0.120627
-0.148511
-0.148397
-0.133202
-0.105792
-0.0682516
-0.0414617
-0.00595364
-0.183347
-0.179645
-0.178646
-0.180971
-0.187162
-0.197634
-0.21256
-0.231755
-0.254479
-0.279293
-0.30383
-0.324839
-0.338635
-0.34198
-0.332992
-0.311695
-0.279562
-0.239337
-0.194165
-0.147339
-0.101533
-0.058818
-0.0207278
0.0117587
0.0371256
0.0547553
0.0626058
0.0617906
0.0525447
0.0371847
0.0162403
-0.0117687
-0.0450544
-0.0872653
-0.119836
-0.147691
-0.14774
-0.133043
-0.105872
-0.0684263
-0.041702
-0.0058712
-0.183289
-0.17974
-0.178921
-0.181448
-0.187862
-0.198571
-0.213741
-0.233177
-0.256121
-0.281111
-0.305748
-0.326743
-0.340373
-0.343418
-0.334016
-0.312268
-0.279721
-0.239177
-0.193804
-0.146911
-0.101158
-0.0586217
-0.0208302
0.0111916
0.0359385
0.0527613
0.0598043
0.0582691
0.0487038
0.033405
0.0130466
-0.013977
-0.0461206
-0.0872442
-0.119164
-0.146955
-0.147108
-0.132857
-0.105886
-0.0685478
-0.0418964
-0.00578132
-0.183379
-0.179968
-0.179317
-0.182029
-0.188637
-0.199545
-0.214913
-0.234535
-0.257642
-0.28275
-0.307435
-0.32838
-0.341862
-0.34464
-0.334881
-0.31275
-0.279856
-0.239047
-0.193519
-0.14659
-0.100916
-0.0585806
-0.0211097
0.0104289
0.0345396
0.0505406
0.0567693
0.0545156
0.0446598
0.0294685
0.00975077
-0.0162307
-0.0471741
-0.0871527
-0.118383
-0.146092
-0.146358
-0.132587
-0.10584
-0.0686413
-0.0420753
-0.00569369
-0.183607
-0.180326
-0.179826
-0.182696
-0.189464
-0.200531
-0.216051
-0.235811
-0.259028
-0.284202
-0.308891
-0.329764
-0.343087
-0.345626
-0.335571
-0.313138
-0.279982
-0.23899
-0.193373
-0.146458
-0.100895
-0.0587826
-0.021648
0.00939514
0.032858
0.0480271
0.0534467
0.0504986
0.0404038
0.0253837
0.00636739
-0.0185188
-0.0482124
-0.0869964
-0.117499
-0.145103
-0.145485
-0.132227
-0.105735
-0.0687067
-0.0422409
-0.00560921
-0.183937
-0.180786
-0.180429
-0.183442
-0.19035
-0.20155
-0.217191
-0.237054
-0.260345
-0.285548
-0.310206
-0.330983
-0.34413
-0.346437
-0.336113
-0.313416
-0.280046
-0.238919
-0.193259
-0.146399
-0.100983
-0.059125
-0.0223574
0.00816054
0.030946
0.04526
0.0498705
0.0462539
0.0359703
0.0211799
0.0029147
-0.0208349
-0.0492407
-0.0867897
-0.116532
-0.144008
-0.144506
-0.131782
-0.105567
-0.0687402
-0.0423892
-0.00552707
-0.184368
-0.181347
-0.181125
-0.184266
-0.191295
-0.202602
-0.218335
-0.238267
-0.261595
-0.286789
-0.311383
-0.332037
-0.345
-0.34708
-0.336507
-0.313578
-0.28003
-0.238807
-0.193143
-0.146376
-0.101145
-0.059576
-0.0232108
0.00674653
0.0288205
0.0422541
0.0460564
0.0417995
0.0313779
0.0168738
-0.00059524
-0.023172
-0.0502566
-0.0865338
-0.115487
-0.142814
-0.143425
-0.131253
-0.105335
-0.0687401
-0.0425184
-0.00544724
-0.184905
-0.182011
-0.181914
-0.18517
-0.192296
-0.203683
-0.219474
-0.239439
-0.262766
-0.287914
-0.312407
-0.332912
-0.34568
-0.347542
-0.336746
-0.313621
-0.279936
-0.23866
-0.193034
-0.146399
-0.101388
-0.0601451
-0.0242171
0.00514549
0.0264757
0.0390076
0.0420074
0.0371442
0.0266392
0.012479
-0.00415105
-0.0255223
-0.0512564
-0.0862277
-0.114363
-0.14152
-0.142242
-0.130641
-0.105039
-0.0687059
-0.0426283
-0.00537001
-0.190361
-0.185551
-0.18278
-0.182798
-0.186149
-0.19335
-0.204788
-0.220605
-0.240565
-0.263851
-0.288913
-0.313272
-0.333601
-0.346163
-0.347814
-0.336821
-0.313539
-0.279762
-0.238481
-0.192937
-0.146476
-0.101723
-0.060841
-0.0253841
0.0033507
0.0239066
0.0355192
0.037728
0.0322986
0.0217685
0.00800996
-0.00774072
-0.0278779
-0.0522361
-0.0858706
-0.113162
-0.140128
-0.140955
-0.129945
-0.104678
-0.0686372
-0.0427186
-0.00529568
-0.191004
-0.186307
-0.183654
-0.183775
-0.187204
-0.194455
-0.205914
-0.221721
-0.241638
-0.264844
-0.289781
-0.31397
-0.334097
-0.346443
-0.347891
-0.336727
-0.313328
-0.279506
-0.238266
-0.192851
-0.146605
-0.102151
-0.0616651
-0.0267136
0.0013602
0.0211124
0.0317914
0.0332259
0.0272758
0.0167818
0.00348223
-0.0113518
-0.0302306
-0.0531921
-0.0854621
-0.111884
-0.138638
-0.139568
-0.129166
-0.104252
-0.0685333
-0.0427889
-0.00522443
-0.191756
-0.187173
-0.184633
-0.184845
-0.188333
-0.195608
-0.207058
-0.22282
-0.242655
-0.265739
-0.290511
-0.314494
-0.334393
-0.346514
-0.347767
-0.336459
-0.312982
-0.279163
-0.238012
-0.192773
-0.146786
-0.102669
-0.0626174
-0.0282057
-0.000826322
0.0180936
0.0278286
0.0285105
0.0220906
0.0116957
-0.00108856
-0.0149719
-0.0325721
-0.0541203
-0.0850014
-0.110532
-0.137053
-0.138081
-0.128303
-0.103761
-0.0683935
-0.0428388
-0.00515644
-0.192618
-0.188151
-0.185716
-0.186006
-0.189534
-0.196808
-0.208217
-0.223897
-0.24361
-0.26653
-0.291097
-0.314839
-0.334484
-0.34637
-0.347436
-0.336011
-0.312497
-0.278728
-0.237716
-0.1927
-0.147017
-0.103278
-0.0636974
-0.02986
-0.0032087
0.0148521
0.0236365
0.0235926
0.0167586
0.00652737
-0.00568666
-0.0185882
-0.0348938
-0.0550168
-0.084488
-0.109107
-0.135374
-0.136496
-0.127359
-0.103205
-0.0682174
-0.0428679
-0.00509183
-0.193593
-0.189239
-0.186904
-0.187258
-0.190805
-0.198052
-0.209387
-0.224948
-0.244497
-0.267211
-0.29153
-0.314997
-0.334364
-0.346005
-0.346892
-0.335377
-0.311868
-0.278197
-0.237375
-0.192631
-0.147297
-0.103976
-0.0649042
-0.0316759
-0.0057861
0.0113904
0.0192221
0.0184844
0.0112962
0.00129408
-0.0102964
-0.0221881
-0.0371873
-0.0558773
-0.0839209
-0.10761
-0.133602
-0.134816
-0.126333
-0.102582
-0.0680043
-0.042876
-0.00503072
-0.194684
-0.190438
-0.188195
-0.188601
-0.192146
-0.199338
-0.210565
-0.225969
-0.245311
-0.267775
-0.291806
-0.314962
-0.334025
-0.345414
-0.346131
-0.334554
-0.31109
-0.277566
-0.236984
-0.192562
-0.147621
-0.104761
-0.0662362
-0.0336517
-0.00855675
0.00771241
0.0145939
0.0131992
0.00572056
-0.00398672
-0.0149023
-0.0257592
-0.0394441
-0.0566976
-0.0832995
-0.106042
-0.131739
-0.133041
-0.125226
-0.101894
-0.0677539
-0.0428627
-0.00497318
-0.195882
-0.191749
-0.18959
-0.190032
-0.193554
-0.200663
-0.211749
-0.226955
-0.246048
-0.268217
-0.291917
-0.314727
-0.333462
-0.34459
-0.345148
-0.333536
-0.310159
-0.276831
-0.236541
-0.19249
-0.147989
-0.105631
-0.0676907
-0.0357851
-0.0115179
0.00382329
0.00976153
0.00775125
4.91867e-05
-0.00929773
-0.0194893
-0.0292894
-0.0416557
-0.0574734
-0.0826229
-0.104404
-0.129787
-0.131173
-0.124038
-0.101139
-0.0674657
-0.0428278
-0.00491927
-0.197199
-0.193171
-0.191086
-0.191552
-0.195029
-0.202026
-0.212936
-0.227904
-0.246702
-0.268532
-0.291857
-0.314285
-0.332669
-0.34353
-0.343936
-0.332319
-0.309069
-0.275987
-0.23604
-0.19241
-0.148396
-0.106583
-0.0692645
-0.0380726
-0.014666
-0.000270664
0.00473605
0.00215594
-0.0057001
-0.014622
-0.0240427
-0.0327668
-0.0438139
-0.0582003
-0.0818903
-0.102699
-0.127747
-0.129216
-0.122772
-0.100318
-0.0671393
-0.042771
-0.00486899
-0.198632
-0.194707
-0.192685
-0.193159
-0.196569
-0.203425
-0.214123
-0.228811
-0.247269
-0.268713
-0.291621
-0.313633
-0.331643
-0.342279
-0.342492
-0.330897
-0.307817
-0.275029
-0.235477
-0.192318
-0.148837
-0.107611
-0.0709533
-0.0405103
-0.0179963
-0.00456196
-0.000470545
-0.00357082
-0.0115095
-0.0199431
-0.0285488
-0.0361803
-0.0459108
-0.0588742
-0.0811007
-0.100928
-0.125622
-0.12717
-0.121427
-0.0994309
-0.0667745
-0.0426923
-0.00482231
-0.200176
-0.196354
-0.194389
-0.194854
-0.198172
-0.204857
-0.215307
-0.229673
-0.247746
-0.268757
-0.291204
-0.312764
-0.330376
-0.340717
-0.340811
-0.329266
-0.306396
-0.273952
-0.234847
-0.192209
-0.149308
-0.108712
-0.0727521
-0.0430933
-0.0215033
-0.00904199
-0.00584522
-0.00941256
-0.0173614
-0.0252452
-0.0329943
-0.0395191
-0.0479388
-0.0594908
-0.0802534
-0.0990918
-0.123412
-0.125037
-0.120005
-0.0984777
-0.066371
-0.0425914
-0.00477918
-0.201835
-0.198095
-0.196192
-0.196641
-0.199838
-0.206322
-0.216487
-0.230488
-0.248129
-0.268659
-0.290602
-0.311673
-0.328866
-0.338887
-0.338889
-0.327424
-0.304804
-0.272752
-0.234144
-0.192078
-0.149804
-0.109878
-0.074655
-0.0458158
-0.0251804
-0.0137011
-0.0113741
-0.0153525
-0.0232387
-0.0305136
-0.0373672
-0.0427734
-0.0498905
-0.0600463
-0.0793476
-0.0971931
-0.12112
-0.122821
-0.118507
-0.0974585
-0.0659285
-0.0424682
-0.00473952
-0.203612
-0.199973
-0.198056
-0.19852
-0.201571
-0.207818
-0.21766
-0.231254
-0.248414
-0.268416
-0.28981
-0.310359
-0.327108
-0.336812
-0.336724
-0.325364
-0.303035
-0.271422
-0.233363
-0.191919
-0.150317
-0.111104
-0.0766554
-0.0486716
-0.0290202
-0.0185288
-0.0170428
-0.0213737
-0.0291249
-0.0357344
-0.0416562
-0.0459342
-0.0517593
-0.0605367
-0.0783824
-0.0952331
-0.118749
-0.120523
-0.116933
-0.0963734
-0.065447
-0.0423226
-0.00470318
-0.205499
-0.201958
-0.200081
-0.20042
-0.203369
-0.209345
-0.218826
-0.231967
-0.248599
-0.268024
-0.288825
-0.308816
-0.3251
-0.334492
-0.334315
-0.323085
-0.301085
-0.269959
-0.232497
-0.191724
-0.15084
-0.112382
-0.078746
-0.0516534
-0.0330145
-0.0235135
-0.0228361
-0.0274594
-0.0350046
-0.0408947
-0.0458513
-0.0489933
-0.053539
-0.0609584
-0.0773573
-0.0932138
-0.116298
-0.118146
-0.115284
-0.0952226
-0.0649263
-0.0421545
-0.00467
-0.207496
-0.204048
-0.202196
-0.202444
-0.205191
-0.210903
-0.219982
-0.232626
-0.248682
-0.267483
-0.287645
-0.307043
-0.32284
-0.331921
-0.331658
-0.320583
-0.298949
-0.268355
-0.231541
-0.191486
-0.151367
-0.113705
-0.0809189
-0.0547535
-0.0371542
-0.0286431
-0.0287387
-0.033593
-0.0408631
-0.045983
-0.0499436
-0.0519435
-0.055224
-0.0613083
-0.0762717
-0.0911369
-0.113772
-0.115691
-0.113562
-0.0940063
-0.0643665
-0.0419639
-0.00463979
-0.214035
-0.209602
-0.206244
-0.204402
-0.20455
-0.207087
-0.212477
-0.221127
-0.233231
-0.248663
-0.26679
-0.28627
-0.305039
-0.320327
-0.32909
-0.32875
-0.317853
-0.296623
-0.266606
-0.230487
-0.191199
-0.151888
-0.115062
-0.0831654
-0.0579636
-0.0414296
-0.0339049
-0.034735
-0.0397583
-0.0466859
-0.050989
-0.0539254
-0.0547785
-0.0568094
-0.0615832
-0.075125
-0.0890042
-0.111172
-0.113162
-0.111767
-0.0927249
-0.0637677
-0.0417506
-0.00461231
-0.216094
-0.211816
-0.208544
-0.206701
-0.206733
-0.209042
-0.214081
-0.222259
-0.233779
-0.248539
-0.265946
-0.284697
-0.302803
-0.31756
-0.325998
-0.32559
-0.314894
-0.294102
-0.264705
-0.229327
-0.190853
-0.152394
-0.116446
-0.0854765
-0.0612748
-0.0458303
-0.0392856
-0.0408094
-0.04594
-0.0524609
-0.0559036
-0.0577902
-0.0574932
-0.0582908
-0.0617805
-0.073917
-0.0868177
-0.108501
-0.11056
-0.1099
-0.0913786
-0.0631298
-0.0415147
-0.00458729
-0.218259
-0.214136
-0.210948
-0.209094
-0.208995
-0.211053
-0.215712
-0.223378
-0.234271
-0.248311
-0.264949
-0.282928
-0.300335
-0.314538
-0.322644
-0.322176
-0.311703
-0.291383
-0.262647
-0.228056
-0.19044
-0.152876
-0.117846
-0.0878428
-0.0646778
-0.0503453
-0.0447716
-0.0469464
-0.052123
-0.0581765
-0.0607191
-0.0615328
-0.0600835
-0.0596648
-0.0618979
-0.0726476
-0.0845791
-0.10576
-0.107889
-0.107963
-0.0899679
-0.0624532
-0.0412559
-0.00456442
-0.220523
-0.216559
-0.213452
-0.211578
-0.211333
-0.213118
-0.217367
-0.224486
-0.234707
-0.247981
-0.263801
-0.280965
-0.297637
-0.311264
-0.319029
-0.318508
-0.308278
-0.28846
-0.260425
-0.226665
-0.18995
-0.153324
-0.119251
-0.0902544
-0.0681629
-0.0549633
-0.0503491
-0.0531308
-0.0582936
-0.0638226
-0.0654287
-0.0651488
-0.0625461
-0.0609285
-0.0619337
-0.0713167
-0.0822905
-0.102952
-0.105149
-0.105953
-0.0884933
-0.0617379
-0.0409743
-0.00454336
-0.222885
-0.219084
-0.216055
-0.214151
-0.213748
-0.215236
-0.219046
-0.22558
-0.235088
-0.247549
-0.262505
-0.278806
-0.294712
-0.307738
-0.315154
-0.314585
-0.304615
-0.285331
-0.258034
-0.225145
-0.189375
-0.153727
-0.120651
-0.0927013
-0.0717202
-0.0596725
-0.0560042
-0.0593477
-0.0644386
-0.0693903
-0.0700273
-0.0686354
-0.0648789
-0.0620799
-0.0618865
-0.0699247
-0.0799538
-0.100079
-0.102345
-0.103876
-0.0869553
-0.0609844
-0.0406697
-0.00452374
-0.225348
-0.221708
-0.218754
-0.216812
-0.216235
-0.217407
-0.220748
-0.226662
-0.235414
-0.247017
-0.261069
-0.276455
-0.291561
-0.303965
-0.31102
-0.310407
-0.300715
-0.281991
-0.255467
-0.223489
-0.188705
-0.154075
-0.122036
-0.0951736
-0.0753394
-0.064461
-0.0617231
-0.0655826
-0.0705461
-0.0748716
-0.0745104
-0.0719905
-0.0670808
-0.0631177
-0.0617553
-0.0684721
-0.0775709
-0.0971444
-0.099477
-0.101731
-0.0853545
-0.0601929
-0.0403419
-0.00450515
-0.227907
-0.224428
-0.221546
-0.219557
-0.218795
-0.219629
-0.222473
-0.227731
-0.235688
-0.246388
-0.259475
-0.273934
-0.288189
-0.299947
-0.30663
-0.305976
-0.296574
-0.278436
-0.252718
-0.221689
-0.187929
-0.154356
-0.123395
-0.0976609
-0.0790103
-0.0693169
-0.067492
-0.0718217
-0.0766048
-0.08026
-0.078875
-0.0752131
-0.0691513
-0.0640414
-0.0615396
-0.0669597
-0.0751438
-0.0941497
-0.0965484
-0.0995178
-0.0836917
-0.0593638
-0.0399908
-0.00448716
-0.230557
-0.22724
-0.224427
-0.222384
-0.221423
-0.2219
-0.224219
-0.228789
-0.23591
-0.245664
-0.257746
-0.271227
-0.284607
-0.295688
-0.301988
-0.301293
-0.292193
-0.274663
-0.249781
-0.219736
-0.187037
-0.15456
-0.124716
-0.100153
-0.0827227
-0.0742278
-0.0732974
-0.0780519
-0.0826049
-0.0855496
-0.0831187
-0.078303
-0.071091
-0.0648511
-0.0612396
-0.0653887
-0.0726745
-0.0910978
-0.0935612
-0.0972378
-0.0819677
-0.0584975
-0.0396161
-0.00446927
-0.233293
-0.23014
-0.227393
-0.225289
-0.224117
-0.224217
-0.225987
-0.229835
-0.236083
-0.24485
-0.255885
-0.268345
-0.280819
-0.291196
-0.297096
-0.296361
-0.287571
-0.270669
-0.24665
-0.217621
-0.18602
-0.154677
-0.12599
-0.102641
-0.0864661
-0.0791819
-0.079126
-0.0842606
-0.0885372
-0.0907357
-0.08724
-0.0812609
-0.0729013
-0.0655476
-0.0608557
-0.0637603
-0.0701652
-0.0879913
-0.0905178
-0.0948919
-0.0801834
-0.0575943
-0.0392175
-0.00445099
-0.236111
-0.233124
-0.23044
-0.228269
-0.226874
-0.22658
-0.227775
-0.230871
-0.23621
-0.243951
-0.253898
-0.265297
-0.276823
-0.286484
-0.291959
-0.291182
-0.282708
-0.266451
-0.24332
-0.215338
-0.184868
-0.154695
-0.127206
-0.105115
-0.0902307
-0.0841671
-0.084965
-0.0904361
-0.0943935
-0.0958144
-0.0912381
-0.0840879
-0.0745842
-0.0661324
-0.060389
-0.0620763
-0.0676178
-0.0848327
-0.0874204
-0.0924809
-0.0783396
-0.0566546
-0.0387945
-0.00443178
-0.239006
-0.236186
-0.233564
-0.23132
-0.229691
-0.228986
-0.229583
-0.231898
-0.236294
-0.242969
-0.251791
-0.262091
-0.272637
-0.281546
-0.286596
-0.285756
-0.277605
-0.262007
-0.239785
-0.212878
-0.183571
-0.154604
-0.128355
-0.107566
-0.0940064
-0.0891718
-0.090802
-0.0965675
-0.100167
-0.100783
-0.0951128
-0.0867859
-0.0761422
-0.0666077
-0.059841
-0.0603386
-0.0650347
-0.0816247
-0.0842714
-0.0900057
-0.0764376
-0.0556788
-0.0383468
-0.00441106
-0.241972
-0.23932
-0.23676
-0.234437
-0.232564
-0.231433
-0.23141
-0.232916
-0.236337
-0.241913
-0.249571
-0.258736
-0.268269
-0.276397
-0.281011
-0.280087
-0.272263
-0.257336
-0.236042
-0.210234
-0.182121
-0.154396
-0.129429
-0.109985
-0.0977836
-0.0941846
-0.0966249
-0.102644
-0.10585
-0.105638
-0.0988643
-0.0893572
-0.0775786
-0.0669761
-0.0592134
-0.0585496
-0.0624179
-0.07837
-0.0810732
-0.0874675
-0.0744783
-0.0546672
-0.0378738
-0.00438824
-0.245001
-0.242521
-0.24002
-0.237615
-0.23549
-0.233917
-0.233254
-0.233928
-0.236344
-0.240786
-0.247247
-0.25524
-0.263728
-0.27105
-0.275185
-0.274205
-0.266684
-0.252437
-0.232085
-0.207399
-0.180509
-0.154062
-0.130418
-0.112365
-0.101553
-0.0991942
-0.102422
-0.108657
-0.111439
-0.110377
-0.102493
-0.0918045
-0.0788969
-0.0672409
-0.0585088
-0.0567118
-0.05977
-0.0750715
-0.0778281
-0.0848671
-0.0724631
-0.0536201
-0.0373749
-0.00436269
-0.248089
-0.245782
-0.243341
-0.240848
-0.238463
-0.236435
-0.235116
-0.234933
-0.236317
-0.239597
-0.244827
-0.251616
-0.259027
-0.265514
-0.269154
-0.268092
-0.260871
-0.24731
-0.227912
-0.204369
-0.178729
-0.153594
-0.131316
-0.114697
-0.105306
-0.10419
-0.108183
-0.114598
-0.116926
-0.115
-0.106001
-0.0941307
-0.0801011
-0.0674058
-0.0577299
-0.0548281
-0.0570933
-0.0717319
-0.0745388
-0.0822058
-0.0703931
-0.0525375
-0.0368494
-0.00433375
-0.251227
-0.249095
-0.246714
-0.244132
-0.241479
-0.238986
-0.236992
-0.235933
-0.236261
-0.23835
-0.24232
-0.247874
-0.254177
-0.259802
-0.262926
-0.261744
-0.254846
-0.241957
-0.223522
-0.201138
-0.176775
-0.152986
-0.132117
-0.116976
-0.109033
-0.109161
-0.113897
-0.120457
-0.122309
-0.119504
-0.109387
-0.096339
-0.0811956
-0.0674748
-0.0568799
-0.0529017
-0.0543905
-0.0683541
-0.0712078
-0.0794848
-0.0682696
-0.0514195
-0.0362963
-0.00430075
-0.254408
-0.252454
-0.250133
-0.247459
-0.244534
-0.241565
-0.238883
-0.236928
-0.236179
-0.237053
-0.239737
-0.244026
-0.249192
-0.253926
-0.25651
-0.255192
-0.248597
-0.236378
-0.218913
-0.197704
-0.174641
-0.152233
-0.132815
-0.119195
-0.112727
-0.114099
-0.119553
-0.126228
-0.127583
-0.123889
-0.112655
-0.0984325
-0.0821847
-0.0674523
-0.0559623
-0.0509359
-0.0516643
-0.0649411
-0.0678378
-0.0767052
-0.0660938
-0.0502661
-0.0357149
-0.00426299
-0.257624
-0.25585
-0.25359
-0.250823
-0.24762
-0.244168
-0.240786
-0.237921
-0.236076
-0.235713
-0.237087
-0.240085
-0.244087
-0.247901
-0.249918
-0.248446
-0.242133
-0.230579
-0.214085
-0.194064
-0.172324
-0.151331
-0.133406
-0.121348
-0.116379
-0.118992
-0.125144
-0.131904
-0.132745
-0.128154
-0.115804
-0.100415
-0.0830733
-0.0673432
-0.0549809
-0.0489343
-0.0489177
-0.0614959
-0.0644316
-0.0738684
-0.063867
-0.0490769
-0.0351041
-0.00421974
-0.260866
-0.259274
-0.257078
-0.254217
-0.250734
-0.246791
-0.242699
-0.238911
-0.235955
-0.234337
-0.234381
-0.236064
-0.238875
-0.241744
-0.243165
-0.241515
-0.235465
-0.224564
-0.209042
-0.190218
-0.169823
-0.150277
-0.133888
-0.123432
-0.119983
-0.123832
-0.130659
-0.137479
-0.13779
-0.132297
-0.118836
-0.102289
-0.0838661
-0.0671525
-0.0539399
-0.0469008
-0.0461538
-0.0580216
-0.060992
-0.0709758
-0.0615904
-0.0478515
-0.0344627
-0.00417027
)
;

boundaryField
{
    inlet
    {
        type            zeroGradient;
    }
    outlet
    {
        type            fixedValue;
        value           uniform 0;
    }
    cylinder
    {
        type            zeroGradient;
    }
    top
    {
        type            symmetryPlane;
    }
    bottom
    {
        type            symmetryPlane;
    }
    defaultFaces
    {
        type            empty;
    }
    procBoundary3to2
    {
        type            processor;
        value           nonuniform List<scalar> 
204
(
-0.264925
-0.267918
-0.270906
-0.273881
-0.276831
-0.279747
-0.28262
-0.28544
-0.288197
-0.290881
-0.293483
-0.295995
-0.298408
-0.300715
-0.302911
-0.304987
-0.306939
-0.308767
-0.314348
-0.314348
-0.31615
-0.317774
-0.319227
-0.320514
-0.321635
-0.322589
-0.323377
-0.324
-0.32446
-0.324759
-0.324899
-0.324884
-0.324718
-0.328947
-0.328947
-0.328581
-0.328065
-0.32741
-0.326621
-0.325643
-0.324451
-0.3235
-0.323336
-0.321513
-0.319181
-0.316553
-0.313554
-0.310138
-0.306298
-0.302044
-0.297393
-0.292375
-0.28703
-0.281407
-0.275562
-0.269554
-0.26344
-0.257273
-0.2511
-0.24496
-0.238883
-0.232892
-0.227005
-0.221231
-0.215579
-0.210051
-0.20465
-0.199377
-0.19423
-0.189211
-0.184317
-0.179549
-0.174906
-0.170388
-0.165993
-0.161722
-0.157576
-0.153554
-0.149656
-0.145884
-0.142237
-0.138717
-0.135325
-0.132062
-0.12893
-0.12593
-0.123066
-0.120338
-0.117751
-0.115307
-0.11301
-0.110864
-0.108874
-0.107045
-0.105382
-0.103893
-0.102585
-0.101466
-0.100546
-0.0998358
-0.0993475
-0.0990955
-0.102432
-0.102672
-0.103136
-0.103809
-0.104677
-0.105726
-0.106945
-0.108322
-0.109845
-0.111505
-0.11329
-0.115191
-0.117197
-0.1193
-0.121489
-0.123755
-0.126088
-0.12848
-0.13092
-0.1334
-0.13591
-0.138441
-0.140984
-0.143528
-0.146066
-0.148588
-0.151085
-0.153549
-0.15597
-0.15834
-0.160652
-0.162897
-0.165067
-0.167155
-0.169155
-0.17106
-0.172862
-0.174555
-0.176134
-0.177591
-0.178922
-0.18012
-0.181183
-0.182108
-0.182895
-0.183548
-0.184075
-0.184489
-0.184807
-0.185051
-0.185245
-0.185415
-0.185589
-0.185793
-0.186049
-0.186378
-0.186799
-0.187317
-0.187909
-0.188618
-0.189555
-0.189326
-0.188952
-0.188802
-0.188882
-0.189087
-0.189402
-0.189827
-0.189827
-0.197125
-0.197613
-0.19822
-0.198972
-0.199912
-0.200971
-0.201585
-0.202741
-0.20403
-0.205402
-0.206902
-0.208517
-0.210244
-0.212083
-0.212083
-0.219348
-0.221258
-0.223279
-0.22524
-0.227176
-0.229397
-0.231725
-0.234141
-0.236642
-0.239222
-0.241875
-0.244596
-0.247376
-0.250206
-0.253086
-0.256009
-0.258962
-0.261937
)
;
    }
}


// ************************************************************************* //
