/*--------------------------------*- C++ -*----------------------------------*\
  =========                 |
  \\      /  F ield         | OpenFOAM: The Open Source CFD Toolbox
   \\    /   O peration     | Website:  https://openfoam.org
    \\  /    A nd           | Version:  7
     \\/     M anipulation  |
\*---------------------------------------------------------------------------*/
FoamFile
{
    version     2.0;
    format      ascii;
    class       volScalarField;
    location    "35";
    object      p;
}
// * * * * * * * * * * * * * * * * * * * * * * * * * * * * * * * * * * * * * //

dimensions      [0 2 -2 0 0 0 0];

internalField   nonuniform List<scalar> 
8500
(
-0.281576
-0.284201
-0.282987
-0.286978
-0.285593
-0.284014
-0.289914
-0.288344
-0.286612
-0.293016
-0.291247
-0.289352
-0.287078
-0.296288
-0.294305
-0.292239
-0.289791
-0.287057
-0.299737
-0.297525
-0.29528
-0.292651
-0.289737
-0.286656
-0.303365
-0.300911
-0.298478
-0.295662
-0.292564
-0.289305
-0.28596
-0.307178
-0.304466
-0.301838
-0.298828
-0.295541
-0.292102
-0.288581
-0.285028
-0.311177
-0.308193
-0.305363
-0.302154
-0.298674
-0.295049
-0.291348
-0.287611
-0.283849
-0.315364
-0.312095
-0.309055
-0.305643
-0.301965
-0.298151
-0.294262
-0.290332
-0.286359
-0.28231
-0.319739
-0.316171
-0.312916
-0.309296
-0.305416
-0.301408
-0.297324
-0.293189
-0.288988
-0.284675
-0.280174
-0.324301
-0.320423
-0.316946
-0.313115
-0.30903
-0.304822
-0.300535
-0.29618
-0.29173
-0.287123
-0.282277
-0.277102
-0.271522
-0.329049
-0.324848
-0.321146
-0.317099
-0.312805
-0.308391
-0.30389
-0.299298
-0.294575
-0.289644
-0.284416
-0.278801
-0.272733
-0.266184
-0.333978
-0.329445
-0.325513
-0.321248
-0.316741
-0.312114
-0.307386
-0.302538
-0.297513
-0.292224
-0.286573
-0.280478
-0.273886
-0.266791
-0.259233
-0.339083
-0.334209
-0.330045
-0.325559
-0.320834
-0.315986
-0.311016
-0.305889
-0.300531
-0.294845
-0.288732
-0.282117
-0.274967
-0.2673
-0.259186
-0.25073
-0.242044
-0.344357
-0.339133
-0.334735
-0.330026
-0.325079
-0.32
-0.314771
-0.309338
-0.303613
-0.297489
-0.290871
-0.283697
-0.275957
-0.267699
-0.259017
-0.250041
-0.240896
-0.23176
-0.34979
-0.344211
-0.339577
-0.334644
-0.329469
-0.324146
-0.318638
-0.312871
-0.30674
-0.300136
-0.29297
-0.285199
-0.27684
-0.267973
-0.258718
-0.249223
-0.239627
-0.230102
-0.220591
-0.211793
-0.355372
-0.349433
-0.344562
-0.339403
-0.333994
-0.328415
-0.322604
-0.316469
-0.309892
-0.302764
-0.295006
-0.286602
-0.2776
-0.26811
-0.258278
-0.248269
-0.238231
-0.228328
-0.218518
-0.209435
-0.361088
-0.354786
-0.34968
-0.344293
-0.338643
-0.33279
-0.326651
-0.320111
-0.313046
-0.305348
-0.296958
-0.287888
-0.278221
-0.268097
-0.257689
-0.247173
-0.236701
-0.22643
-0.21633
-0.206971
-0.366924
-0.360257
-0.354917
-0.349301
-0.3434
-0.337256
-0.330759
-0.323776
-0.316177
-0.307863
-0.2988
-0.289035
-0.278685
-0.267924
-0.256942
-0.245927
-0.235033
-0.224403
-0.21402
-0.204392
-0.37286
-0.36583
-0.360258
-0.35441
-0.348249
-0.341792
-0.334904
-0.327437
-0.319257
-0.310283
-0.30051
-0.290024
-0.278979
-0.267577
-0.256028
-0.244523
-0.233218
-0.222241
-0.211582
-0.201693
-0.378876
-0.371486
-0.365684
-0.359602
-0.353168
-0.346376
-0.339062
-0.331065
-0.322259
-0.312581
-0.302065
-0.290835
-0.279086
-0.267045
-0.254937
-0.242956
-0.23125
-0.219938
-0.209011
-0.198867
-0.384949
-0.377203
-0.371176
-0.364856
-0.358136
-0.350981
-0.343203
-0.334633
-0.325152
-0.314729
-0.303439
-0.29145
-0.278993
-0.266319
-0.253662
-0.241216
-0.229123
-0.217485
-0.2063
-0.195908
-0.391054
-0.382959
-0.37671
-0.370148
-0.363126
-0.35558
-0.347298
-0.338107
-0.327906
-0.316701
-0.304611
-0.291851
-0.278685
-0.265385
-0.252193
-0.239296
-0.226829
-0.214878
-0.203442
-0.192809
-0.397161
-0.388727
-0.38226
-0.375452
-0.368109
-0.36014
-0.351313
-0.341454
-0.330489
-0.318467
-0.305558
-0.292019
-0.278149
-0.264235
-0.250521
-0.237189
-0.224361
-0.212108
-0.200432
-0.189565
-0.403241
-0.394479
-0.387798
-0.380737
-0.373055
-0.36463
-0.355213
-0.344641
-0.332871
-0.320002
-0.306257
-0.291937
-0.27737
-0.262856
-0.248637
-0.234885
-0.221711
-0.209169
-0.197263
-0.18617
-0.409261
-0.400183
-0.393293
-0.385972
-0.377929
-0.369012
-0.358962
-0.347632
-0.33502
-0.321279
-0.306687
-0.291589
-0.276337
-0.26124
-0.246533
-0.232378
-0.218873
-0.206054
-0.193928
-0.182618
-0.415185
-0.405807
-0.398712
-0.391123
-0.382695
-0.37325
-0.362523
-0.350391
-0.336903
-0.322271
-0.306828
-0.290959
-0.275037
-0.259374
-0.244199
-0.229659
-0.215837
-0.202756
-0.190421
-0.178904
-0.420977
-0.411314
-0.404019
-0.396152
-0.387314
-0.377304
-0.365857
-0.352884
-0.338491
-0.322954
-0.30666
-0.290031
-0.273458
-0.25725
-0.241626
-0.22672
-0.212597
-0.199267
-0.186736
-0.175021
-0.426595
-0.416668
-0.409176
-0.40102
-0.391746
-0.381132
-0.368924
-0.355075
-0.339753
-0.323302
-0.306163
-0.288791
-0.271587
-0.254856
-0.238806
-0.223552
-0.209145
-0.195582
-0.182866
-0.170965
-0.432001
-0.421828
-0.414144
-0.405687
-0.39595
-0.384695
-0.371686
-0.356928
-0.340661
-0.323294
-0.30532
-0.287224
-0.269413
-0.252184
-0.235729
-0.220147
-0.205474
-0.191693
-0.178807
-0.16673
-0.437151
-0.426753
-0.418881
-0.41011
-0.399881
-0.387949
-0.374103
-0.35841
-0.341185
-0.322906
-0.304114
-0.285317
-0.266925
-0.249223
-0.232387
-0.216498
-0.201577
-0.187594
-0.174551
-0.162312
-0.442002
-0.431402
-0.423344
-0.414246
-0.403498
-0.390852
-0.376137
-0.359488
-0.341299
-0.322117
-0.302528
-0.283057
-0.264111
-0.245964
-0.228771
-0.212597
-0.197446
-0.183279
-0.170093
-0.157705
-0.446508
-0.435731
-0.427489
-0.418049
-0.406754
-0.393362
-0.37775
-0.36013
-0.340978
-0.320909
-0.300547
-0.280432
-0.260963
-0.242398
-0.224873
-0.208435
-0.193074
-0.178742
-0.165428
-0.152906
-0.450625
-0.439694
-0.431271
-0.421475
-0.409606
-0.395438
-0.378905
-0.360305
-0.340198
-0.319261
-0.298156
-0.277428
-0.257468
-0.238515
-0.220684
-0.204007
-0.188456
-0.173976
-0.160551
-0.14791
-0.454306
-0.443248
-0.434645
-0.424477
-0.412009
-0.397038
-0.379567
-0.359984
-0.338935
-0.317158
-0.295342
-0.274037
-0.253619
-0.234308
-0.216199
-0.199304
-0.183585
-0.168977
-0.155457
-0.142713
-0.457507
-0.446346
-0.437565
-0.427012
-0.41392
-0.398124
-0.379703
-0.359141
-0.337169
-0.314582
-0.292092
-0.270247
-0.249406
-0.229769
-0.211408
-0.194321
-0.178455
-0.16374
-0.150143
-0.137312
-0.46018
-0.448943
-0.439986
-0.429033
-0.415298
-0.398658
-0.379281
-0.357751
-0.334882
-0.31152
-0.288395
-0.266048
-0.244821
-0.224889
-0.206306
-0.189052
-0.173062
-0.15826
-0.144604
-0.131704
-0.462283
-0.450996
-0.441863
-0.430497
-0.416099
-0.398603
-0.378271
-0.355789
-0.332054
-0.307957
-0.28424
-0.261433
-0.239857
-0.219663
-0.200887
-0.183492
-0.167401
-0.152534
-0.138837
-0.125887
-0.463771
-0.452461
-0.443153
-0.431362
-0.416287
-0.397926
-0.376645
-0.353236
-0.328672
-0.303882
-0.279617
-0.256392
-0.234505
-0.214084
-0.195144
-0.177635
-0.161468
-0.146558
-0.132839
-0.119857
-0.464601
-0.453294
-0.443813
-0.431586
-0.415823
-0.396595
-0.37438
-0.350072
-0.324719
-0.299284
-0.274518
-0.250919
-0.228761
-0.208147
-0.189074
-0.171477
-0.155258
-0.140329
-0.126608
-0.113614
-0.464733
-0.453455
-0.443802
-0.431132
-0.414672
-0.394582
-0.371451
-0.346281
-0.320185
-0.294154
-0.268936
-0.245008
-0.222618
-0.201846
-0.182671
-0.165016
-0.14877
-0.133844
-0.120142
-0.107156
-0.464128
-0.452906
-0.443082
-0.429962
-0.412803
-0.391859
-0.36784
-0.341847
-0.315058
-0.288484
-0.262865
-0.238654
-0.216072
-0.195178
-0.175934
-0.158247
-0.142
-0.127101
-0.11344
-0.100482
-0.46275
-0.451607
-0.441616
-0.428042
-0.410185
-0.388403
-0.363527
-0.336759
-0.30933
-0.282268
-0.256299
-0.231851
-0.20912
-0.188141
-0.168858
-0.151169
-0.134947
-0.120101
-0.106503
-0.093597
-0.460563
-0.449526
-0.43937
-0.425341
-0.406793
-0.384194
-0.3585
-0.331006
-0.302995
-0.275501
-0.249235
-0.224598
-0.201759
-0.18073
-0.161442
-0.14378
-0.12761
-0.112841
-0.099336
-0.0865057
-0.457538
-0.446629
-0.436312
-0.421831
-0.402603
-0.379214
-0.352745
-0.324581
-0.296046
-0.26818
-0.241671
-0.216893
-0.193987
-0.172946
-0.153685
-0.13608
-0.119987
-0.105322
-0.091933
-0.07919
-0.453644
-0.442889
-0.432415
-0.417486
-0.397595
-0.373449
-0.346253
-0.317477
-0.288481
-0.260302
-0.233605
-0.208734
-0.185804
-0.164789
-0.145588
-0.128069
-0.112081
-0.0975415
-0.0842713
-0.0715749
-0.448858
-0.438278
-0.427655
-0.412285
-0.391752
-0.366887
-0.339017
-0.309692
-0.280298
-0.251867
-0.225037
-0.200121
-0.17721
-0.156257
-0.137151
-0.119748
-0.103893
-0.0895039
-0.0763434
-0.0636127
-0.443156
-0.432774
-0.422008
-0.406211
-0.38506
-0.359519
-0.331034
-0.301223
-0.271499
-0.242877
-0.215968
-0.191057
-0.168207
-0.147355
-0.128376
-0.11112
-0.0954239
-0.0812143
-0.0682051
-0.0557175
-0.436521
-0.426358
-0.415458
-0.399247
-0.37751
-0.351341
-0.322301
-0.292073
-0.262084
-0.233334
-0.206402
-0.181544
-0.158798
-0.138084
-0.119266
-0.102185
-0.0866731
-0.0726791
-0.0598417
-0.0476079
-0.428937
-0.419015
-0.40799
-0.391384
-0.369096
-0.342351
-0.312819
-0.282244
-0.252059
-0.223242
-0.196343
-0.171586
-0.148986
-0.128447
-0.109825
-0.0929518
-0.0776624
-0.0638868
-0.0512617
-0.0392715
-0.420394
-0.410731
-0.399593
-0.382614
-0.359813
-0.332548
-0.302594
-0.271741
-0.241428
-0.212608
-0.185796
-0.161187
-0.138776
-0.118451
-0.100058
-0.0834229
-0.0683816
-0.0548549
-0.0424638
-0.0307208
-0.410883
-0.401499
-0.390261
-0.372934
-0.349663
-0.321937
-0.291629
-0.260572
-0.2302
-0.201437
-0.174768
-0.150356
-0.128175
-0.108101
-0.0899697
-0.0736038
-0.0588368
-0.0455875
-0.0334507
-0.0219683
-0.400401
-0.391314
-0.37999
-0.362343
-0.338649
-0.310525
-0.279935
-0.248747
-0.218383
-0.18974
-0.163266
-0.139099
-0.11719
-0.0974031
-0.0795675
-0.0635005
-0.0490347
-0.0360891
-0.024227
-0.0130231
-0.388948
-0.380175
-0.368782
-0.350845
-0.326778
-0.298322
-0.267523
-0.236275
-0.205989
-0.177526
-0.151302
-0.127425
-0.105829
-0.0863661
-0.0688589
-0.0531203
-0.0389827
-0.0263659
-0.0147986
-0.00389281
-0.376528
-0.368086
-0.35664
-0.338447
-0.31406
-0.285338
-0.254405
-0.223172
-0.19303
-0.164807
-0.138885
-0.115344
-0.0941013
-0.0749987
-0.0578523
-0.0424712
-0.0286886
-0.0164247
-0.00517275
0.00541482
-0.363148
-0.355054
-0.343574
-0.325161
-0.300508
-0.27159
-0.240596
-0.209451
-0.17952
-0.151597
-0.126027
-0.102867
-0.0820181
-0.063311
-0.0465571
-0.0315624
-0.0181609
-0.00627357
0.00464293
0.014892
-0.34882
-0.341088
-0.329594
-0.310999
-0.28614
-0.257096
-0.226116
-0.19513
-0.165476
-0.137909
-0.112742
-0.0900077
-0.0695907
-0.0513139
-0.0349839
-0.0204037
-0.00740903
0.0040787
0.0146399
0.0245305
-0.333558
-0.326202
-0.314716
-0.295981
-0.270973
-0.241874
-0.210983
-0.180228
-0.150914
-0.12376
-0.0990452
-0.0767789
-0.056832
-0.0390195
-0.023144
-0.0090059
0.00355673
0.0146225
0.0248088
0.0343214
-0.317381
-0.310416
-0.298959
-0.280125
-0.255029
-0.225947
-0.19522
-0.164764
-0.135853
-0.109167
-0.0849518
-0.0631953
-0.0437556
-0.0264407
-0.0110495
0.00261938
0.0147254
0.0253473
0.0351397
0.0442549
-0.300311
-0.293748
-0.282345
-0.263456
-0.238335
-0.209343
-0.178848
-0.148761
-0.120314
-0.0941486
-0.0704789
-0.0492728
-0.0303762
-0.0135912
0.00128641
0.0144597
0.026085
0.036242
0.0456218
0.0543207
-0.282372
-0.276225
-0.264899
-0.246
-0.220917
-0.192088
-0.161889
-0.132242
-0.104319
-0.0787243
-0.0556448
-0.0350281
-0.0167096
-0.000485837
0.01385
0.026502
0.0376231
0.0472946
0.0562433
0.0645069
-0.263593
-0.257872
-0.246649
-0.227787
-0.202804
-0.174198
-0.144384
-0.115232
-0.0878891
-0.0629154
-0.0404687
-0.0204791
-0.00277211
0.0128601
0.0266266
0.0387323
0.0493262
0.0584925
0.0669919
0.0748007
-0.244005
-0.238721
-0.227626
-0.20885
-0.184026
-0.155715
-0.126351
-0.0977593
-0.0710498
-0.0467438
-0.0249708
-0.00564434
0.0114189
0.0264304
0.0396012
0.0511362
0.0611804
0.0698222
0.0778541
-0.223641
-0.218806
-0.207865
-0.189224
-0.164612
-0.136674
-0.107821
-0.0798498
-0.0538261
-0.0302327
-0.00917246
0.00945658
0.0258453
0.0402083
0.0527579
0.0636987
0.0731712
0.0812698
-0.202537
-0.198163
-0.187404
-0.168931
-0.144611
-0.117105
-0.0888268
-0.061533
-0.0362446
-0.0134062
0.00690432
0.0248033
0.0404883
0.0541765
0.0660807
0.0764044
0.0852835
-0.180732
-0.176832
-0.16628
-0.148019
-0.124053
-0.0970429
-0.0694007
-0.0428389
-0.0183326
0.00371044
0.0232365
0.0403748
0.0553287
0.068317
0.0795529
0.0892378
-0.158264
-0.154852
-0.144522
-0.126542
-0.102977
-0.0765255
-0.0495771
-0.0237988
-0.000118699
0.0210914
0.0398003
0.0561492
0.0703463
0.0826115
0.093158
0.102183
-0.135169
-0.132277
-0.122189
-0.10453
-0.0814251
-0.0555907
-0.0293913
-0.00444485
0.0183678
0.0387096
0.0565711
0.072104
0.0855205
0.0970414
0.106879
-0.111493
-0.109157
-0.0993262
-0.0820282
-0.0594384
-0.0342779
-0.00887954
0.0151898
0.0370966
0.0565377
0.0735236
0.0882161
0.10083
0.111588
-0.0873346
-0.0854988
-0.0759775
-0.0590826
-0.0370603
-0.0126274
0.0119211
0.0350713
0.0560367
0.0745471
0.0906319
0.104462
0.116254
0.126231
-0.0627241
-0.0613619
-0.0521895
-0.0357398
-0.0143352
0.00931969
0.0329727
0.0551648
0.0751564
0.0927088
0.107869
0.120816
0.131769
-0.0376881
-0.0368147
-0.0280121
-0.0120478
0.00869161
0.0315212
0.0542367
0.0754352
0.0944234
0.110993
0.125208
0.137254
0.147354
-0.012282
-0.0119095
-0.00349601
0.0119446
0.0319739
0.0539344
0.0756737
0.0958464
0.113805
0.12937
0.142622
0.153751
0.0134397
0.0133039
0.021308
0.0361882
0.0554652
0.0765161
0.0972441
0.116362
0.133267
0.147809
0.160081
0.0394206
0.0387719
0.0463467
0.0606322
0.079118
0.0992224
0.118908
0.136945
0.152777
0.166278
0.177557
0.0656047
0.06444
0.0715667
0.0852256
0.102885
0.122009
0.140624
0.157559
0.1723
0.184747
0.0919356
0.0902534
0.0969143
0.109917
0.126717
0.144832
0.162352
0.178166
0.191801
0.203184
0.118357
0.116156
0.122335
0.134655
0.150566
0.167646
0.184051
0.198729
0.211248
0.221557
0.144811
0.142093
0.147775
0.159387
0.174385
0.190408
0.20568
0.21921
0.230604
0.171241
0.168008
0.173179
0.184063
0.198125
0.213072
0.227199
0.239572
0.249836
0.19759
0.193844
0.198493
0.20863
0.221738
0.235595
0.248566
0.259777
0.223801
0.219546
0.223662
0.233037
0.245176
0.257932
0.269743
0.27979
0.249817
0.245058
0.248634
0.257233
0.268391
0.28004
0.290687
0.275582
0.270324
0.273354
0.281169
0.291339
0.301876
0.311361
0.301041
0.295291
0.29777
0.304793
0.313971
0.323397
0.331725
0.326139
0.319903
0.32183
0.328057
0.336242
0.344561
0.350821
0.344109
0.345482
0.350913
0.358108
0.365329
0.375034
0.367855
0.368676
0.373314
0.379526
0.385658
0.398727
0.391091
0.391364
0.395213
0.400451
0.421848
0.413766
0.413496
0.416565
0.420843
0.444348
0.435832
0.435028
0.437327
0.440661
0.466179
0.457242
0.455912
0.457455
0.459865
0.487294
0.47795
0.476105
0.476909
0.507648
0.497911
0.495565
0.495649
0.527197
0.517083
0.51425
0.513637
0.5459
0.535425
0.532123
0.530835
0.563717
0.552899
0.549145
0.54721
0.580611
0.569466
0.56528
0.596545
0.585093
0.580497
0.611486
0.599745
0.594762
0.625402
0.613392
0.608046
0.638264
0.626005
0.620321
0.650045
0.637558
0.631563
0.660719
0.648025
0.641748
0.670264
0.657386
0.650855
0.678661
0.66562
0.658865
0.685891
0.67271
0.691939
0.678641
0.696793
0.683401
0.700442
0.68698
0.702879
0.689369
0.704099
0.690565
0.704099
0.690565
0.702878
0.689368
0.700441
0.686978
0.696791
0.683399
0.691936
0.678638
0.685887
0.672706
0.678656
0.665616
0.65886
0.670259
0.657381
0.65085
0.660713
0.64802
0.641743
0.650038
0.637552
0.631557
0.638257
0.625999
0.620315
0.625395
0.613385
0.608039
0.611478
0.599737
0.594754
0.596537
0.585084
0.580488
0.580602
0.569457
0.565272
0.563708
0.552889
0.549135
0.547201
0.54589
0.535415
0.532113
0.530826
0.527186
0.517072
0.51424
0.513627
0.507636
0.4979
0.495554
0.495639
0.487282
0.477938
0.476093
0.476898
0.466167
0.45723
0.4559
0.457444
0.459854
0.444335
0.43582
0.435015
0.437315
0.440649
0.421835
0.413753
0.413484
0.416553
0.420831
0.398713
0.391077
0.391351
0.3952
0.400439
0.405498
0.37502
0.367841
0.368663
0.373301
0.379513
0.385646
0.350806
0.344094
0.345468
0.3509
0.358096
0.365317
0.326124
0.319889
0.321815
0.328043
0.336229
0.344549
0.301026
0.295276
0.297755
0.304779
0.313957
0.323384
0.331714
0.275567
0.270309
0.273339
0.281154
0.291325
0.301863
0.311349
0.249801
0.245042
0.248619
0.257219
0.268378
0.280027
0.290675
0.223784
0.21953
0.223647
0.233022
0.245162
0.257919
0.26973
0.279778
0.197573
0.193828
0.198477
0.208615
0.221723
0.235581
0.248554
0.259766
0.171224
0.167992
0.173163
0.184048
0.19811
0.213059
0.227186
0.23956
0.249825
0.144794
0.142077
0.147759
0.159372
0.17437
0.190394
0.205667
0.219198
0.230593
0.11834
0.11614
0.122319
0.134639
0.150552
0.167633
0.184038
0.198716
0.211236
0.221546
0.0919185
0.0902366
0.0968979
0.109901
0.126702
0.144818
0.162338
0.178154
0.19179
0.203173
0.0655875
0.0644231
0.0715503
0.0852097
0.102869
0.121995
0.14061
0.157547
0.172288
0.184736
0.0394034
0.0387549
0.0463301
0.0606162
0.0791029
0.0992082
0.118894
0.136933
0.152765
0.166267
0.177547
0.0134224
0.0132869
0.0212914
0.0361722
0.05545
0.0765018
0.0972307
0.116349
0.133255
0.147798
0.16007
0.170271
-0.0122992
-0.0119265
-0.0035126
0.0119286
0.0319587
0.0539201
0.0756603
0.0958338
0.113793
0.129359
0.142611
0.153742
-0.0377053
-0.0368316
-0.0280286
-0.0120638
0.00867639
0.0315069
0.0542232
0.0754226
0.0944116
0.110982
0.125198
0.137245
0.147344
-0.0627413
-0.0613788
-0.052206
-0.0357558
-0.0143504
0.00930536
0.0329593
0.0551523
0.0751446
0.0926978
0.107859
0.120806
0.13176
-0.0873516
-0.0855156
-0.075994
-0.0590985
-0.0370755
-0.0126417
0.0119077
0.0350587
0.0560249
0.0745361
0.0906215
0.104452
0.116245
0.126222
-0.11151
-0.109174
-0.0993426
-0.082044
-0.0594534
-0.0342922
-0.00889291
0.0151773
0.0370848
0.0565267
0.0735133
0.0882063
0.100821
0.111579
-0.135185
-0.132294
-0.122205
-0.104546
-0.08144
-0.0556049
-0.0294046
-0.00445731
0.0183561
0.0386987
0.0565608
0.0720943
0.0855113
0.0970326
0.106871
-0.15828
-0.154869
-0.144538
-0.126557
-0.102992
-0.0765395
-0.0495903
-0.0238112
-0.000130309
0.0210805
0.03979
0.0561395
0.0703371
0.0826028
0.0931496
0.102175
-0.180748
-0.176848
-0.166296
-0.148034
-0.124067
-0.0970568
-0.0694137
-0.0428512
-0.0183441
0.00369961
0.0232263
0.0403652
0.0553195
0.0683083
0.0795446
0.0892298
0.0974945
-0.202553
-0.198179
-0.187419
-0.168946
-0.144625
-0.117118
-0.0888397
-0.0615451
-0.036256
-0.013417
0.0068942
0.0247938
0.0404792
0.0541678
0.0660724
0.0763965
0.0852757
-0.223657
-0.218822
-0.207881
-0.189238
-0.164626
-0.136687
-0.107834
-0.0798618
-0.0538374
-0.0302433
-0.00918248
0.00944709
0.0258362
0.0401997
0.0527497
0.0636908
0.0731634
0.0812623
-0.244021
-0.238737
-0.227641
-0.208864
-0.18404
-0.155729
-0.126364
-0.0977711
-0.0710609
-0.0467543
-0.0249807
-0.00565374
0.0114099
0.0264219
0.039593
0.0511283
0.0611727
0.0698146
0.0778467
-0.263608
-0.257887
-0.246663
-0.227801
-0.202818
-0.174211
-0.144397
-0.115244
-0.0879001
-0.0629257
-0.0404785
-0.0204884
-0.00278097
0.0128516
0.0266184
0.0387244
0.0493185
0.058485
0.0669845
0.0747935
-0.282387
-0.276239
-0.264913
-0.246014
-0.22093
-0.1921
-0.161901
-0.132253
-0.104329
-0.0787345
-0.0556544
-0.0350373
-0.0167183
-0.000494244
0.0138419
0.0264941
0.0376154
0.0472872
0.0562359
0.0644997
-0.300325
-0.293762
-0.282359
-0.263469
-0.238348
-0.209355
-0.17886
-0.148772
-0.120325
-0.0941585
-0.0704884
-0.0492818
-0.0303849
-0.0135996
0.00127838
0.0144519
0.0260774
0.0362345
0.0456144
0.0543134
-0.317395
-0.310429
-0.298972
-0.280138
-0.255042
-0.225959
-0.195232
-0.164775
-0.135864
-0.109177
-0.0849611
-0.0632042
-0.0437641
-0.0264489
-0.0110575
0.00261164
0.0147178
0.0253399
0.0351324
0.0442476
-0.333572
-0.326215
-0.314729
-0.295993
-0.270985
-0.241885
-0.210995
-0.180238
-0.150924
-0.12377
-0.0990543
-0.0767876
-0.0568403
-0.0390276
-0.0231518
-0.00901357
0.0035492
0.014615
0.0248015
0.0343141
-0.348833
-0.3411
-0.329606
-0.311011
-0.286151
-0.257107
-0.226127
-0.19514
-0.165485
-0.137919
-0.112751
-0.0900162
-0.0695989
-0.0513219
-0.0349916
-0.0204113
-0.0074165
0.0040713
0.0146325
0.0245232
-0.363161
-0.355066
-0.343585
-0.325172
-0.30052
-0.271601
-0.240607
-0.209461
-0.17953
-0.151606
-0.126036
-0.102875
-0.0820261
-0.0633188
-0.0465647
-0.0315699
-0.0181683
-0.00628092
0.0046356
0.0148847
-0.37654
-0.368098
-0.356651
-0.338458
-0.314071
-0.285349
-0.254415
-0.223181
-0.193039
-0.164816
-0.138893
-0.115352
-0.0941092
-0.0750064
-0.0578598
-0.0424786
-0.0286959
-0.016432
-0.00518006
0.0054075
-0.388959
-0.380186
-0.368792
-0.350855
-0.326788
-0.298331
-0.267532
-0.236284
-0.205997
-0.177535
-0.15131
-0.127432
-0.105836
-0.0863736
-0.0688663
-0.0531275
-0.03899
-0.0263731
-0.0148059
-0.00390014
-0.400411
-0.391324
-0.38
-0.362353
-0.338659
-0.310535
-0.279945
-0.248755
-0.218391
-0.189748
-0.163274
-0.139106
-0.117197
-0.0974104
-0.0795748
-0.0635077
-0.0490419
-0.0360963
-0.0242342
-0.0130304
-0.410893
-0.401508
-0.39027
-0.372943
-0.349672
-0.321946
-0.291638
-0.260581
-0.230208
-0.201445
-0.174775
-0.150363
-0.128182
-0.108108
-0.0899767
-0.0736108
-0.0588438
-0.0455946
-0.0334579
-0.0219757
-0.420403
-0.410739
-0.399601
-0.382623
-0.359822
-0.332556
-0.302602
-0.271749
-0.241435
-0.212615
-0.185803
-0.161195
-0.138783
-0.118458
-0.100065
-0.0834298
-0.0683885
-0.054862
-0.042471
-0.0307282
-0.428945
-0.419023
-0.407997
-0.391392
-0.369104
-0.342358
-0.312827
-0.282251
-0.252066
-0.223249
-0.19635
-0.171592
-0.148992
-0.128454
-0.109832
-0.0929586
-0.0776693
-0.0638938
-0.0512688
-0.0392787
-0.436528
-0.426366
-0.415465
-0.399255
-0.377518
-0.351349
-0.322308
-0.29208
-0.262091
-0.233341
-0.206409
-0.18155
-0.158804
-0.13809
-0.119273
-0.102192
-0.0866799
-0.0726861
-0.0598488
-0.0476152
-0.443163
-0.432781
-0.422014
-0.406217
-0.385067
-0.359526
-0.33104
-0.30123
-0.271505
-0.242883
-0.215974
-0.191063
-0.168213
-0.147361
-0.128382
-0.111126
-0.0954306
-0.0812211
-0.0682122
-0.0557247
-0.448864
-0.438284
-0.42766
-0.412291
-0.391758
-0.366893
-0.339023
-0.309697
-0.280304
-0.251873
-0.225042
-0.200127
-0.177216
-0.156263
-0.137157
-0.119755
-0.103899
-0.0895107
-0.0763504
-0.06362
-0.453649
-0.442894
-0.43242
-0.417491
-0.3976
-0.373454
-0.346258
-0.317482
-0.288486
-0.260307
-0.23361
-0.208739
-0.185809
-0.164794
-0.145594
-0.128075
-0.112087
-0.0975481
-0.0842782
-0.0715822
-0.457542
-0.446634
-0.436316
-0.421835
-0.402607
-0.379219
-0.352749
-0.324585
-0.296051
-0.268185
-0.241676
-0.216898
-0.193992
-0.172952
-0.153691
-0.136086
-0.119994
-0.105328
-0.0919398
-0.0791973
-0.460567
-0.449529
-0.439373
-0.425344
-0.406797
-0.384198
-0.358504
-0.33101
-0.302999
-0.275506
-0.24924
-0.224603
-0.201764
-0.180736
-0.161447
-0.143786
-0.127616
-0.112848
-0.0993428
-0.0865129
-0.462753
-0.45161
-0.441618
-0.428044
-0.410188
-0.388406
-0.363531
-0.336763
-0.309334
-0.282272
-0.256303
-0.231856
-0.209124
-0.188145
-0.168863
-0.151175
-0.134953
-0.120107
-0.10651
-0.0936042
-0.46413
-0.452907
-0.443084
-0.429964
-0.412805
-0.391861
-0.367842
-0.34185
-0.315061
-0.288488
-0.262868
-0.238658
-0.216076
-0.195183
-0.175938
-0.158252
-0.142006
-0.127108
-0.113446
-0.100489
-0.464734
-0.453456
-0.443803
-0.431133
-0.414673
-0.394583
-0.371453
-0.346283
-0.320187
-0.294157
-0.268939
-0.245012
-0.222622
-0.20185
-0.182676
-0.165021
-0.148775
-0.13385
-0.120149
-0.107163
-0.464601
-0.453294
-0.443813
-0.431587
-0.415823
-0.396596
-0.374381
-0.350074
-0.324721
-0.299286
-0.274521
-0.250922
-0.228764
-0.208151
-0.189078
-0.171482
-0.155264
-0.140335
-0.126615
-0.113621
-0.46377
-0.45246
-0.443152
-0.431361
-0.416286
-0.397926
-0.376646
-0.353237
-0.328673
-0.303884
-0.279619
-0.256395
-0.234508
-0.214088
-0.195148
-0.17764
-0.161473
-0.146564
-0.132845
-0.119864
-0.462282
-0.450995
-0.441861
-0.430495
-0.416098
-0.398602
-0.37827
-0.355789
-0.332055
-0.307958
-0.284241
-0.261435
-0.239859
-0.219666
-0.20089
-0.183496
-0.167406
-0.15254
-0.138843
-0.125894
-0.460178
-0.448941
-0.439983
-0.42903
-0.415295
-0.398656
-0.379279
-0.35775
-0.334882
-0.31152
-0.288396
-0.26605
-0.244824
-0.224892
-0.20631
-0.189057
-0.173067
-0.158266
-0.14461
-0.131711
-0.457504
-0.446342
-0.437561
-0.427008
-0.413918
-0.398122
-0.379701
-0.35914
-0.337169
-0.314582
-0.292093
-0.270248
-0.249408
-0.229771
-0.211411
-0.194325
-0.17846
-0.163745
-0.150149
-0.137319
-0.454302
-0.443243
-0.434641
-0.424473
-0.412005
-0.397035
-0.379564
-0.359982
-0.338933
-0.317157
-0.295342
-0.274038
-0.253621
-0.23431
-0.216201
-0.199308
-0.183589
-0.168982
-0.155463
-0.14272
-0.45062
-0.439689
-0.431266
-0.42147
-0.409601
-0.395434
-0.378901
-0.360302
-0.340195
-0.31926
-0.298156
-0.277428
-0.257469
-0.238517
-0.220687
-0.20401
-0.18846
-0.173981
-0.160557
-0.147917
-0.446503
-0.435725
-0.427483
-0.418044
-0.406749
-0.393357
-0.377745
-0.360126
-0.340975
-0.320907
-0.300546
-0.280431
-0.260963
-0.242399
-0.224875
-0.208438
-0.193078
-0.178746
-0.165434
-0.152913
-0.441995
-0.431396
-0.423337
-0.414239
-0.403491
-0.390846
-0.376131
-0.359484
-0.341296
-0.322115
-0.302526
-0.283056
-0.264111
-0.245965
-0.228773
-0.212599
-0.197449
-0.183284
-0.170098
-0.157712
-0.437144
-0.426746
-0.418873
-0.410103
-0.399874
-0.387942
-0.374097
-0.358405
-0.341181
-0.322902
-0.304112
-0.285316
-0.266924
-0.249224
-0.232388
-0.216501
-0.20158
-0.187599
-0.174556
-0.162319
-0.431993
-0.42182
-0.414136
-0.405679
-0.395942
-0.384688
-0.371679
-0.356922
-0.340656
-0.32329
-0.305317
-0.287222
-0.269412
-0.252184
-0.23573
-0.220149
-0.205478
-0.191698
-0.178812
-0.166737
-0.426587
-0.416659
-0.409168
-0.401011
-0.391738
-0.381124
-0.368916
-0.355068
-0.339748
-0.323298
-0.306159
-0.288788
-0.271585
-0.254856
-0.238806
-0.223554
-0.209148
-0.195586
-0.182872
-0.170972
-0.420967
-0.411305
-0.40401
-0.396142
-0.387305
-0.377295
-0.365848
-0.352877
-0.338485
-0.322948
-0.306655
-0.290028
-0.273456
-0.257249
-0.241626
-0.226721
-0.2126
-0.199271
-0.186741
-0.175028
-0.415175
-0.405797
-0.398702
-0.391113
-0.382685
-0.373241
-0.362514
-0.350383
-0.336896
-0.322265
-0.306823
-0.290955
-0.275035
-0.259373
-0.244199
-0.22966
-0.215839
-0.202759
-0.190426
-0.17891
-0.409251
-0.400172
-0.393282
-0.385962
-0.377918
-0.369002
-0.358953
-0.347623
-0.335012
-0.321272
-0.306681
-0.291585
-0.276334
-0.261237
-0.246532
-0.232379
-0.218875
-0.206057
-0.193933
-0.182625
-0.40323
-0.394468
-0.387787
-0.380726
-0.373044
-0.364619
-0.355203
-0.344631
-0.332863
-0.319995
-0.30625
-0.291932
-0.277366
-0.262854
-0.248636
-0.234886
-0.221713
-0.209172
-0.197267
-0.186177
-0.397149
-0.388715
-0.382248
-0.37544
-0.368098
-0.360129
-0.351302
-0.341444
-0.33048
-0.318459
-0.30555
-0.292013
-0.278144
-0.264231
-0.250519
-0.237188
-0.224362
-0.212111
-0.200436
-0.189571
-0.391041
-0.382947
-0.376697
-0.370136
-0.363114
-0.355567
-0.347286
-0.338096
-0.327896
-0.316692
-0.304603
-0.291844
-0.27868
-0.265381
-0.25219
-0.239295
-0.22683
-0.21488
-0.203446
-0.192815
-0.384936
-0.37719
-0.371163
-0.364843
-0.358123
-0.350968
-0.343191
-0.334621
-0.325141
-0.314719
-0.303431
-0.291443
-0.278987
-0.266314
-0.253659
-0.241214
-0.229124
-0.217487
-0.206304
-0.195914
-0.378862
-0.371472
-0.365671
-0.359588
-0.353155
-0.346362
-0.339049
-0.331053
-0.322247
-0.31257
-0.302055
-0.290827
-0.279079
-0.26704
-0.254934
-0.242954
-0.23125
-0.219939
-0.209015
-0.198873
-0.372846
-0.365816
-0.360244
-0.354396
-0.348235
-0.341778
-0.334891
-0.327424
-0.319245
-0.310272
-0.3005
-0.290015
-0.278971
-0.267571
-0.256024
-0.244521
-0.233217
-0.222243
-0.211586
-0.201699
-0.366909
-0.360242
-0.354902
-0.349286
-0.343386
-0.337242
-0.330744
-0.323762
-0.316164
-0.307851
-0.298789
-0.289025
-0.278677
-0.267917
-0.256937
-0.245924
-0.235032
-0.224405
-0.214023
-0.204398
-0.361073
-0.354771
-0.349665
-0.344278
-0.338628
-0.332775
-0.326636
-0.320097
-0.313033
-0.305335
-0.296946
-0.287877
-0.278212
-0.26809
-0.257684
-0.247169
-0.2367
-0.226431
-0.216333
-0.206976
-0.355356
-0.349417
-0.344547
-0.339388
-0.333979
-0.328399
-0.322589
-0.316454
-0.309878
-0.302751
-0.294994
-0.286591
-0.277591
-0.268102
-0.258272
-0.248265
-0.238229
-0.228328
-0.218521
-0.20944
-0.349774
-0.344195
-0.339561
-0.334628
-0.329453
-0.32413
-0.318623
-0.312855
-0.306726
-0.300122
-0.292957
-0.285187
-0.27683
-0.267964
-0.258711
-0.249218
-0.239624
-0.230102
-0.220593
-0.211797
-0.34434
-0.339117
-0.334718
-0.33001
-0.325063
-0.319983
-0.314755
-0.309322
-0.303598
-0.297475
-0.290857
-0.283684
-0.275946
-0.267689
-0.259009
-0.250035
-0.240893
-0.231759
-0.339066
-0.334192
-0.330028
-0.325542
-0.320817
-0.315969
-0.310999
-0.305873
-0.300515
-0.294829
-0.288717
-0.282103
-0.274955
-0.26729
-0.259177
-0.250724
-0.24204
-0.333961
-0.329428
-0.325496
-0.321231
-0.316724
-0.312097
-0.307369
-0.302521
-0.297497
-0.292208
-0.286558
-0.280464
-0.273873
-0.266779
-0.259224
-0.329031
-0.324831
-0.321129
-0.317082
-0.312788
-0.308374
-0.303873
-0.299281
-0.294558
-0.289628
-0.2844
-0.278786
-0.272719
-0.266171
-0.324283
-0.320405
-0.316929
-0.313097
-0.309012
-0.304804
-0.300517
-0.296162
-0.291712
-0.287106
-0.28226
-0.277086
-0.31972
-0.316153
-0.312897
-0.309278
-0.305398
-0.30139
-0.297306
-0.293171
-0.28897
-0.284657
-0.280156
-0.315345
-0.312076
-0.309036
-0.305624
-0.301946
-0.298132
-0.294243
-0.290313
-0.286341
-0.282292
-0.311158
-0.308174
-0.305344
-0.302135
-0.298655
-0.29503
-0.291329
-0.287592
-0.28383
-0.307159
-0.304447
-0.301819
-0.298809
-0.295522
-0.292083
-0.288562
-0.285008
-0.303346
-0.300892
-0.298459
-0.295643
-0.292545
-0.289286
-0.28594
-0.299717
-0.297506
-0.295261
-0.292632
-0.289718
-0.286636
-0.296268
-0.294286
-0.29222
-0.289772
-0.287038
-0.292996
-0.291227
-0.289332
-0.287058
-0.289894
-0.288324
-0.286592
-0.286958
-0.285573
-0.28418
-0.282967
-0.281556
-0.148282
-0.152867
-0.157282
-0.161531
-0.165619
-0.169548
-0.173325
-0.176952
-0.180434
-0.183774
-0.186978
-0.190049
-0.19299
-0.195805
-0.198497
-0.201068
-0.141209
-0.145736
-0.15011
-0.154334
-0.158411
-0.162344
-0.166138
-0.169796
-0.17332
-0.176716
-0.179986
-0.183133
-0.186162
-0.189075
-0.191875
-0.194565
-0.134455
-0.13891
-0.143227
-0.14741
-0.151462
-0.155385
-0.159183
-0.162858
-0.166415
-0.169855
-0.173183
-0.176402
-0.179514
-0.182523
-0.185433
-0.188247
-0.128009
-0.132389
-0.136646
-0.140783
-0.144802
-0.148707
-0.152499
-0.156182
-0.159758
-0.16323
-0.166601
-0.169875
-0.173053
-0.176139
-0.179137
-0.18205
-0.121869
-0.126169
-0.13036
-0.134443
-0.138421
-0.142296
-0.146071
-0.149747
-0.153328
-0.156816
-0.160213
-0.163522
-0.166746
-0.169887
-0.172949
-0.175934
-0.11602
-0.120236
-0.124354
-0.128376
-0.132304
-0.13614
-0.139886
-0.143544
-0.147117
-0.150605
-0.154013
-0.157342
-0.160594
-0.163773
-0.16688
-0.169918
-0.110445
-0.114574
-0.118615
-0.122571
-0.126442
-0.130231
-0.133939
-0.137569
-0.141122
-0.1446
-0.148006
-0.151341
-0.154607
-0.157807
-0.160944
-0.164019
-0.10513
-0.109169
-0.11313
-0.117014
-0.120823
-0.124559
-0.128222
-0.131815
-0.135339
-0.138797
-0.142189
-0.145518
-0.148786
-0.151995
-0.155146
-0.158242
-0.100061
-0.104009
-0.107886
-0.111696
-0.115438
-0.119114
-0.122726
-0.126275
-0.129763
-0.133191
-0.13656
-0.139873
-0.143131
-0.146335
-0.149488
-0.152592
-0.155648
-0.0952267
-0.0990809
-0.102873
-0.106604
-0.110275
-0.113888
-0.117443
-0.120942
-0.124386
-0.127776
-0.131114
-0.134401
-0.137639
-0.14083
-0.143974
-0.147073
-0.15013
-0.0906147
-0.0943748
-0.0980796
-0.10173
-0.105327
-0.108872
-0.112365
-0.115808
-0.119202
-0.122548
-0.125848
-0.129102
-0.132311
-0.135478
-0.138603
-0.141689
-0.144735
-0.0862147
-0.08988
-0.0934961
-0.0970638
-0.100584
-0.104057
-0.107485
-0.110868
-0.114207
-0.117503
-0.120757
-0.123971
-0.127145
-0.13028
-0.133378
-0.13644
-0.139467
-0.082017
-0.0855872
-0.0891137
-0.092597
-0.096038
-0.0994375
-0.102796
-0.106115
-0.109394
-0.112636
-0.115839
-0.119007
-0.122139
-0.125236
-0.128299
-0.13133
-0.13433
-0.0780122
-0.0814873
-0.0849236
-0.0883215
-0.0916817
-0.0950049
-0.0982919
-0.101543
-0.104759
-0.107942
-0.11109
-0.114206
-0.11729
-0.120344
-0.123366
-0.12636
-0.129325
-0.0741914
-0.0775718
-0.0809176
-0.0842294
-0.0875077
-0.0907531
-0.0939661
-0.0971473
-0.100297
-0.103417
-0.106507
-0.109567
-0.112599
-0.115603
-0.118579
-0.12153
-0.124454
-0.0705464
-0.0738326
-0.0770882
-0.0803135
-0.0835091
-0.0866754
-0.0898128
-0.092922
-0.0960034
-0.0990575
-0.102085
-0.105086
-0.108062
-0.111012
-0.113938
-0.116841
-0.11972
-0.0670688
-0.0702619
-0.0734277
-0.0765666
-0.0796791
-0.0827655
-0.0858264
-0.0888619
-0.0918727
-0.0948592
-0.0978218
-0.100761
-0.103677
-0.106571
-0.109442
-0.112293
-0.115122
-0.0637514
-0.0668523
-0.0699291
-0.072982
-0.0760114
-0.0790177
-0.0820011
-0.084962
-0.0879009
-0.090818
-0.0937137
-0.0965885
-0.0994427
-0.102277
-0.105091
-0.107886
-0.110662
-0.0605871
-0.0635972
-0.0665858
-0.0695533
-0.0724999
-0.0754259
-0.0783316
-0.0812173
-0.0840833
-0.0869298
-0.0897572
-0.0925659
-0.0953561
-0.0981281
-0.100882
-0.103619
-0.106339
-0.0575695
-0.06049
-0.0633916
-0.0662744
-0.0691388
-0.0719848
-0.0748127
-0.0776228
-0.0804154
-0.0831905
-0.0859486
-0.0886899
-0.0914146
-0.0941229
-0.0968153
-0.0994919
-0.102153
-0.0546913
-0.057524
-0.0603399
-0.0631392
-0.0659221
-0.0686887
-0.0714392
-0.0741738
-0.0768927
-0.0795962
-0.0822843
-0.0849573
-0.0876154
-0.0902589
-0.0928879
-0.0955027
-0.0981034
-0.0519468
-0.0546934
-0.0574251
-0.0601421
-0.0628445
-0.0655324
-0.0682061
-0.0708655
-0.073511
-0.0761426
-0.0787604
-0.0813648
-0.0839557
-0.0865334
-0.0890981
-0.0916499
-0.094189
-0.04933
-0.0519922
-0.0546413
-0.0572774
-0.0599006
-0.0625109
-0.0651085
-0.0676934
-0.0702658
-0.0728258
-0.0753735
-0.0779089
-0.0804324
-0.0829439
-0.0854436
-0.0879317
-0.0904082
-0.0468349
-0.0494148
-0.0519832
-0.05454
-0.0570853
-0.0596192
-0.0621417
-0.0646529
-0.0671529
-0.0696418
-0.0721196
-0.0745864
-0.0770423
-0.0794875
-0.081922
-0.0843459
-0.0867593
-0.0444564
-0.0469561
-0.0494455
-0.0519247
-0.0543937
-0.0568525
-0.0593011
-0.0617396
-0.0641681
-0.0665866
-0.0689951
-0.0713937
-0.0737824
-0.0761614
-0.0785307
-0.0808903
-0.0832404
-0.0421897
-0.0446112
-0.0470236
-0.0494269
-0.0518211
-0.0542062
-0.0565823
-0.0589493
-0.0613073
-0.0636562
-0.0659962
-0.0683273
-0.0706494
-0.0729626
-0.0752669
-0.0775625
-0.0798493
-0.04003
-0.0423753
-0.0447126
-0.0470418
-0.0493629
-0.051676
-0.0539809
-0.0562777
-0.0585664
-0.060847
-0.0631194
-0.0653837
-0.0676399
-0.069888
-0.0721279
-0.0743598
-0.0765837
-0.0379723
-0.0402436
-0.0425078
-0.0447649
-0.0470148
-0.0492574
-0.0514928
-0.0537209
-0.0559417
-0.058155
-0.060361
-0.0625596
-0.0647508
-0.0669346
-0.0691109
-0.0712797
-0.0734411
-0.0360124
-0.0382118
-0.0404051
-0.0425919
-0.0447724
-0.0469464
-0.0491139
-0.0512748
-0.0534291
-0.0555766
-0.0577175
-0.0598516
-0.0619788
-0.0640993
-0.0662128
-0.0683195
-0.0704192
-0.0341459
-0.0362758
-0.0384001
-0.0405188
-0.0426318
-0.044739
-0.0468403
-0.0489356
-0.051025
-0.0531082
-0.0551853
-0.0572561
-0.0593207
-0.061379
-0.0634308
-0.0654763
-0.0675153
-0.0323688
-0.0344313
-0.0364889
-0.0385415
-0.040589
-0.0426312
-0.0446682
-0.0466997
-0.0487257
-0.0507462
-0.052761
-0.05477
-0.0567733
-0.0587706
-0.060762
-0.0627475
-0.0647268
-0.0306772
-0.0326746
-0.0346677
-0.0366563
-0.0386402
-0.0406195
-0.0425939
-0.0445634
-0.0465279
-0.0484872
-0.0504413
-0.05239
-0.0543334
-0.0562712
-0.0582035
-0.0601301
-0.062051
-0.0290677
-0.0310023
-0.0329329
-0.0348596
-0.0367821
-0.0387003
-0.0406141
-0.0425234
-0.044428
-0.0463279
-0.0482229
-0.050113
-0.051998
-0.0538778
-0.0557524
-0.0576216
-0.0594854
-0.0275372
-0.0294111
-0.0312815
-0.0331483
-0.0350113
-0.0368704
-0.0387255
-0.0405764
-0.042423
-0.0442652
-0.0461029
-0.0479359
-0.0497641
-0.0515874
-0.0534058
-0.0552191
-0.0570272
-0.0260824
-0.0278978
-0.02971
-0.031519
-0.0333245
-0.0351265
-0.0369248
-0.0387192
-0.0405097
-0.042296
-0.044078
-0.0458557
-0.0476288
-0.0493973
-0.0511611
-0.05292
-0.0546739
-0.0247001
-0.0264591
-0.0282153
-0.0299686
-0.0317188
-0.0334656
-0.0352091
-0.0369489
-0.0386851
-0.0404173
-0.0421456
-0.0438696
-0.0455894
-0.0473047
-0.0490155
-0.0507216
-0.0524229
-0.0233875
-0.0250924
-0.0267947
-0.0284943
-0.0301911
-0.0318849
-0.0335755
-0.0352627
-0.0369464
-0.0386264
-0.0403027
-0.0419749
-0.0436431
-0.045307
-0.0469665
-0.0486215
-0.0502719
-0.0221419
-0.0237948
-0.0254453
-0.0270934
-0.0287389
-0.0303815
-0.0320212
-0.0336577
-0.0352909
-0.0369206
-0.0385467
-0.040169
-0.0417873
-0.0434016
-0.0450116
-0.0466172
-0.0482183
-0.0209608
-0.0225638
-0.0241647
-0.0257633
-0.0273595
-0.028953
-0.0305438
-0.0321315
-0.0337161
-0.0352974
-0.0368752
-0.0384494
-0.0400197
-0.0415861
-0.0431483
-0.0447063
-0.0462599
-0.0198419
-0.0213971
-0.0229504
-0.0245016
-0.0260505
-0.027597
-0.0291408
-0.0306817
-0.0322197
-0.0337544
-0.0352858
-0.0368137
-0.0383379
-0.0398582
-0.0413745
-0.0428866
-0.0443945
-0.0187831
-0.0202926
-0.0218003
-0.0233061
-0.0248098
-0.0263111
-0.02781
-0.0293061
-0.0307993
-0.0322894
-0.0337763
-0.0352598
-0.0367396
-0.0382158
-0.039688
-0.0411561
-0.04262
-0.017782
-0.0192479
-0.0207123
-0.0221748
-0.0236352
-0.0250934
-0.0265492
-0.0280024
-0.0294529
-0.0309003
-0.0323446
-0.0337856
-0.035223
-0.0366568
-0.0380867
-0.0395127
-0.0409345
-0.0168371
-0.0182616
-0.0196845
-0.0211057
-0.0225249
-0.023942
-0.0253568
-0.026769
-0.0281786
-0.0295853
-0.0309889
-0.0323892
-0.0337861
-0.0351795
-0.036569
-0.0379546
-0.0393362
-0.0159471
-0.0173321
-0.0187156
-0.0200974
-0.0214774
-0.0228553
-0.024231
-0.0256042
-0.0269748
-0.0283426
-0.0297074
-0.0310691
-0.0324273
-0.0337821
-0.0351331
-0.0364803
-0.0378234
-0.0151105
-0.0164579
-0.017804
-0.0191484
-0.0204911
-0.0218318
-0.0231703
-0.0245064
-0.02584
-0.0271709
-0.0284988
-0.0298236
-0.0311451
-0.0324632
-0.0337776
-0.0350882
-0.0363948
-0.0143257
-0.0156376
-0.0169482
-0.0182572
-0.0195645
-0.02087
-0.0221733
-0.0234743
-0.0247728
-0.0260686
-0.0273616
-0.0286515
-0.0299381
-0.0312214
-0.0325011
-0.033777
-0.035049
-0.0135918
-0.0148701
-0.0161472
-0.0174228
-0.0186968
-0.0199689
-0.0212389
-0.0225067
-0.023772
-0.0250348
-0.0262947
-0.0275516
-0.0288053
-0.0300557
-0.0313025
-0.0325457
-0.033785
-0.0129077
-0.0141545
-0.0154001
-0.0166442
-0.0178868
-0.0191275
-0.0203662
-0.0216027
-0.0228368
-0.0240684
-0.0252971
-0.026523
-0.0277457
-0.0289651
-0.0301811
-0.0313934
-0.0326019
-0.0122729
-0.0134901
-0.0147062
-0.0159208
-0.0171339
-0.0183452
-0.0195545
-0.0207616
-0.0219665
-0.0231688
-0.0243684
-0.0255651
-0.0267587
-0.0279491
-0.0291361
-0.0303195
-0.0314992
-0.032675
-0.0116868
-0.0128764
-0.0140649
-0.015252
-0.0164376
-0.0176214
-0.0188033
-0.019983
-0.0211605
-0.0223355
-0.0235079
-0.0246774
-0.0258439
-0.0270073
-0.0281673
-0.0293238
-0.0304766
-0.0316255
-0.0111492
-0.0123132
-0.013476
-0.0146376
-0.0157976
-0.0169559
-0.0181123
-0.0192667
-0.0204188
-0.0215685
-0.0227156
-0.0238599
-0.0250012
-0.0261395
-0.0272745
-0.028406
-0.0295339
-0.0306581
-0.01066
-0.0118004
-0.0129397
-0.0140776
-0.0152141
-0.0163489
-0.0174818
-0.0186127
-0.0197414
-0.0208678
-0.0219916
-0.0231127
-0.0242309
-0.0253461
-0.026458
-0.0275666
-0.0286717
-0.0297731
-0.0102194
-0.0113381
-0.0124558
-0.0135722
-0.0146871
-0.0158004
-0.0169118
-0.0180213
-0.0191287
-0.0202337
-0.0213362
-0.0224361
-0.0235332
-0.0246273
-0.0257183
-0.026806
-0.0278903
-0.028971
-0.00982838
-0.0109276
-0.0120257
-0.0131225
-0.0142179
-0.0153117
-0.0164037
-0.0174938
-0.0185818
-0.0196675
-0.0207509
-0.0218316
-0.0229096
-0.0239848
-0.0250568
-0.0261257
-0.0271913
-0.0282533
-0.00948651
-0.0105682
-0.0116488
-0.0127282
-0.0138062
-0.0148826
-0.0159573
-0.0170301
-0.0181009
-0.0191694
-0.0202357
-0.0212994
-0.0223605
-0.0234188
-0.0244742
-0.0255264
-0.0265755
-0.0276212
-0.00919775
-0.010264
-0.0113293
-0.0123933
-0.0134559
-0.014517
-0.0155764
-0.016634
-0.0176896
-0.0187431
-0.0197943
-0.0208431
-0.0218893
-0.0229329
-0.0239736
-0.0250113
-0.026046
-0.0270773
-0.00895827
-0.0100115
-0.0110636
-0.0121146
-0.0131642
-0.0142124
-0.0152589
-0.0163037
-0.0173466
-0.0183874
-0.0194261
-0.0204624
-0.0214963
-0.0225276
-0.0235562
-0.0245819
-0.0256047
-0.0266244
-0.00878014
-0.00982215
-0.0108631
-0.0119029
-0.0129414
-0.0139784
-0.0150138
-0.0160476
-0.0170795
-0.0181094
-0.0191372
-0.0201629
-0.0211862
-0.022207
-0.0232252
-0.0242408
-0.0252535
-0.0262633
-0.00864949
-0.00968365
-0.0107168
-0.0117488
-0.0127796
-0.0138089
-0.0148368
-0.015863
-0.0168875
-0.0179101
-0.0189308
-0.0199493
-0.0209656
-0.0219796
-0.0229911
-0.024
-0.0250063
-0.0260098
-0.00859289
-0.00961936
-0.0106448
-0.0116691
-0.0126922
-0.013714
-0.0147343
-0.015753
-0.0167702
-0.0177856
-0.0187991
-0.0198107
-0.0208203
-0.0218277
-0.022833
-0.0238358
-0.0248363
-0.0258343
0.0639007
0.0542938
0.0448026
0.0354365
0.0262038
0.0171122
0.00816876
-0.000619942
-0.00924803
-0.0177103
-0.0260025
-0.0341231
-0.0420772
-0.0498813
-0.0575749
-0.0648
-0.072012
-0.0790421
-0.0858545
-0.0924712
-0.0988991
-0.105136
-0.111181
-0.117036
-0.122703
-0.128183
-0.133478
-0.138591
-0.143525
0.0616728
0.0525691
0.0435784
0.034708
0.0259643
0.0173531
0.00887992
0.000549768
-0.007633
-0.0156647
-0.0235428
-0.0312657
-0.0388333
-0.0462392
-0.0534726
-0.0604068
-0.0673318
-0.0740722
-0.0806044
-0.0869587
-0.0931449
-0.0991601
-0.105003
-0.110675
-0.116177
-0.121511
-0.126679
-0.131683
-0.136525
0.0591488
0.0505365
0.0420328
0.0336436
0.0253742
0.0172293
0.00921311
0.00132959
-0.00641784
-0.0140262
-0.0214927
-0.0288144
-0.0359867
-0.0429967
-0.0498242
-0.0564137
-0.0630991
-0.0695547
-0.0758017
-0.0818879
-0.0878248
-0.0936095
-0.09924
-0.104717
-0.110043
-0.115218
-0.120245
-0.125125
-0.129861
0.0569694
0.0488149
0.0407643
0.0328222
0.0249928
0.0172798
0.00968663
0.00221625
-0.00512857
-0.0123454
-0.0194318
-0.0263858
-0.0332051
-0.0398891
-0.0464427
-0.0528779
-0.0590585
-0.0651935
-0.0711944
-0.0770418
-0.0827474
-0.0883159
-0.0937469
-0.0990406
-0.104199
-0.109222
-0.114113
-0.118874
-0.123505
0.0549313
0.0472113
0.0395899
0.0320705
0.0246566
0.0173509
0.0101561
0.00307443
-0.00389182
-0.0107407
-0.0174706
-0.0240798
-0.0305674
-0.0369333
-0.043176
-0.0492947
-0.0552045
-0.0610809
-0.0668414
-0.0724588
-0.0779449
-0.0833075
-0.0885473
-0.0936644
-0.0986599
-0.103536
-0.108293
-0.112933
-0.117458
0.0530309
0.0457211
0.0385042
0.0313827
0.0243592
0.0174359
0.0106149
0.00389799
-0.00271317
-0.00921697
-0.0156119
-0.0218965
-0.0280689
-0.034127
-0.0400672
-0.0458908
-0.0515771
-0.0572443
-0.0627639
-0.0681439
-0.0734129
-0.0785764
-0.0836314
-0.0885769
-0.0934139
-0.0981439
-0.102768
-0.107288
-0.111705
0.0512621
0.0443394
0.0375038
0.0307568
0.0241004
0.0175365
0.0110665
0.00469189
-0.00158611
-0.00776624
-0.0138473
-0.0198281
-0.0257067
-0.0314799
-0.0371394
-0.0426693
-0.0480346
-0.053568
-0.0588913
-0.0640564
-0.0691214
-0.0740956
-0.0789741
-0.0837547
-0.0884383
-0.0930261
-0.0975195
-0.10192
-0.106228
0.0496121
0.0430546
0.0365781
0.0301836
0.0238725
0.0176463
0.0115061
0.00545289
-0.000512397
-0.00638893
-0.012176
-0.0178732
-0.0234804
-0.0289989
-0.0344343
-0.0398003
-0.0451231
-0.0501384
-0.0551846
-0.0601707
-0.0650582
-0.0698535
-0.0745616
-0.0791829
-0.0837176
-0.0881666
-0.0925312
-0.0968125
-0.101012
0.0480707
0.0418573
0.0357189
0.029656
0.0236696
0.0177608
0.0119304
0.00617915
0.000507596
-0.00508371
-0.0105944
-0.0160243
-0.0213737
-0.026643
-0.0318328
-0.0369396
-0.0419568
-0.0468348
-0.0516976
-0.0565003
-0.0612123
-0.0658367
-0.0703813
-0.0748483
-0.0792381
-0.0835514
-0.0877892
-0.0919528
-0.0960431
0.0466281
0.040739
0.0349189
0.0291679
0.0234868
0.0178764
0.0123371
0.00686966
0.0014743
-0.00384858
-0.00909873
-0.0142759
-0.0193801
-0.0244107
-0.0293671
-0.034247
-0.0390498
-0.0437618
-0.0484444
-0.053055
-0.0575843
-0.0620388
-0.0664237
-0.0707401
-0.074988
-0.0791679
-0.0832808
-0.0873276
-0.0913093
0.0452759
0.0396921
0.0341714
0.0287138
0.0233198
0.0179898
0.0127243
0.00752372
0.00238818
-0.00268202
-0.0076867
-0.0126256
-0.0174986
-0.0223051
-0.0270444
-0.0317151
-0.0363164
-0.0408405
-0.0453604
-0.049794
-0.0541486
-0.0584398
-0.0626714
-0.0668427
-0.070953
-0.0750029
-0.0789932
-0.0829247
-0.0867983
0.044006
0.0387095
0.0334706
0.0282889
0.0231648
0.0180986
0.0130906
0.00814095
0.00324989
-0.00158251
-0.00635613
-0.0110709
-0.0157267
-0.0203234
-0.0248605
-0.0293369
-0.0337506
-0.0380967
-0.0424295
-0.0466938
-0.0508901
-0.0550286
-0.0591136
-0.0631447
-0.0671217
-0.071045
-0.0749151
-0.078733
-0.0824993
0.0428112
0.0377851
0.0328112
0.027889
0.0230187
0.0182006
0.0134348
0.00872136
0.00406042
-0.000548027
-0.00510402
-0.00960762
-0.014059
-0.0184586
-0.0228073
-0.0271069
-0.0313606
-0.035573
-0.039665
-0.0437509
-0.047801
-0.0517975
-0.0557418
-0.0596371
-0.0634844
-0.067284
-0.0710364
-0.0747422
-0.0784022
0.0416849
0.0369133
0.0321886
0.0275105
0.022879
0.0182942
0.0137564
0.00926537
0.00482123
0.000423917
-0.00392666
-0.00823064
-0.0124882
-0.0166997
-0.0208654
-0.0249854
-0.0290586
-0.0330832
-0.0370404
-0.0409796
-0.0448834
-0.048739
-0.0525469
-0.0563105
-0.0600315
-0.0637102
-0.0673471
-0.0709427
-0.0744975
0.0406213
0.036089
0.0315987
0.0271502
0.0227434
0.0183783
0.0140551
0.00977364
0.00553393
0.0013359
-0.00282054
-0.00693549
-0.0110091
-0.0150415
-0.0190327
-0.0229829
-0.0268917
-0.0307588
-0.0345769
-0.0383733
-0.042131
-0.0458457
-0.0495198
-0.0531554
-0.0567535
-0.0603142
-0.0638378
-0.0673249
-0.070776
0.0396149
0.0353076
0.0310379
0.0268055
0.0226101
0.0184519
0.0143309
0.010247
0.0062001
0.00219025
-0.00178266
-0.00571868
-0.00961783
-0.0134801
-0.0173054
-0.0210939
-0.0248456
-0.028563
-0.0322441
-0.0359157
-0.0395352
-0.0431097
-0.0466514
-0.0501624
-0.0536411
-0.0570867
-0.0604996
-0.0638803
-0.0672291
0.0386609
0.0345653
0.0305031
0.026474
0.0224777
0.0185144
0.0145839
0.0106862
0.0068213
0.00298911
-0.000810456
-0.00457742
-0.00831178
-0.0120134
-0.0156818
-0.0193157
-0.0229119
-0.0264649
-0.0299665
-0.033558
-0.0370651
-0.0405119
-0.0439282
-0.0473195
-0.0506831
-0.0540176
-0.0573229
-0.0605997
-0.0638482
0.0377548
0.0338585
0.0299916
0.0261538
0.022345
0.0185652
0.0148144
0.0110924
0.00739928
0.00373483
9.89971e-05
-0.00350838
-0.00708749
-0.0106387
-0.0141626
-0.0176607
-0.0211363
-0.0245947
-0.0280434
-0.0313584
-0.0346997
-0.0380355
-0.0413429
-0.0446213
-0.0478733
-0.0510997
-0.0543005
-0.0574758
-0.060626
0.0368929
0.033184
0.0295008
0.0258433
0.0222112
0.0186045
0.0150231
0.011467
0.0079361
0.00443033
0.000949563
-0.00250636
-0.00593762
-0.00934446
-0.0127272
-0.016086
-0.0194208
-0.0227298
-0.0260098
-0.0292425
-0.0324749
-0.0356963
-0.0388923
-0.042061
-0.0452052
-0.0483266
-0.0514253
-0.0545014
-0.0575552
0.0360715
0.032539
0.0290289
0.0255412
0.0220756
0.0186321
0.0152107
0.0118113
0.00843393
0.00507844
0.00174477
-0.00156717
-0.00485746
-0.00812618
-0.0113734
-0.0145989
-0.0178026
-0.020984
-0.0241427
-0.027273
-0.0303926
-0.033496
-0.0365777
-0.0396369
-0.0426752
-0.0456935
-0.0486919
-0.0516707
-0.0546298
0.0352877
0.0319212
0.0285741
0.0252464
0.0219378
0.0186484
0.0153781
0.0121269
0.00889475
0.00568163
0.00248748
-0.000687735
-0.00384406
-0.00698152
-0.0101001
-0.0131999
-0.0162807
-0.0193425
-0.0223852
-0.0254057
-0.0284151
-0.0314072
-0.0343801
-0.0373344
-0.0402708
-0.0431896
-0.046091
-0.048975
-0.0518417
0.0345386
0.0313284
0.0281349
0.024958
0.0217976
0.0186536
0.0155261
0.012415
0.00932041
0.00624218
0.00318036
0.000134927
-0.00289413
-0.0059068
-0.00890309
-0.011883
-0.0148465
-0.0177935
-0.0207242
-0.023637
-0.0265425
-0.0294292
-0.0322976
-0.0351502
-0.0379878
-0.0408101
-0.0436171
-0.0464088
-0.0491853
0.0338217
0.0307588
0.0277101
0.0246754
0.0216548
0.0186482
0.0156557
0.0126772
0.00971272
0.00676233
0.003826
0.000903764
-0.00200437
-0.00489836
-0.00777815
-0.0106437
-0.0134947
-0.0163311
-0.0191526
-0.0219583
-0.0247686
-0.027556
-0.0303238
-0.0330779
-0.0358197
-0.0385485
-0.0412639
-0.0439659
-0.0466545
0.033135
0.0302108
0.0272985
0.0243981
0.0215095
0.0186327
0.0157677
0.0129147
0.0100735
0.00724423
0.00442692
0.00162158
-0.00117177
-0.00395309
-0.00672233
-0.00947942
-0.0122242
-0.0149565
-0.0176758
-0.0203817
-0.023086
-0.0257748
-0.0284483
-0.0311096
-0.0337596
-0.0363981
-0.0390249
-0.04164
-0.0442432
0.0324764
0.029683
0.0268994
0.0241256
0.0213617
0.0186076
0.0158633
0.0131289
0.0104046
0.00769016
0.00498577
0.00229142
-0.000392876
-0.00306714
-0.0057314
-0.00838579
-0.0110305
-0.0136661
-0.016293
-0.0189115
-0.0214957
-0.0240833
-0.0266675
-0.029241
-0.031803
-0.0343543
-0.0368953
-0.039426
-0.0419464
0.0318443
0.0291741
0.026512
0.0238578
0.0212116
0.0185735
0.0159434
0.0133215
0.0107079
0.00810247
0.00550538
0.00291665
0.000336315
-0.00223559
-0.00479902
-0.00735395
-0.00990029
-0.0124379
-0.0149663
-0.0174848
-0.0199876
-0.0224882
-0.0249837
-0.02747
-0.0299462
-0.032413
-0.0348708
-0.0373195
-0.0397592
0.0312373
0.0286833
0.0261357
0.0235945
0.0210596
0.0185312
0.0160092
0.0134939
0.0109853
0.00848336
0.00598826
0.00350004
0.00101878
-0.00145545
-0.00392256
-0.00638247
-0.00883507
-0.0112802
-0.0137177
-0.0161474
-0.0185667
-0.0209818
-0.0233907
-0.0257917
-0.0281845
-0.0305693
-0.0329463
-0.0353155
-0.0376767
0.030654
0.0282096
0.0257702
0.0233356
0.020906
0.0184813
0.0160618
0.0136475
0.0112384
0.0088348
0.00643663
0.00404403
0.00165709
-0.000724086
-0.00309941
-0.00546877
-0.00783207
-0.0101892
-0.01254
-0.0148842
-0.0172207
-0.0195531
-0.0218794
-0.0241989
-0.0265115
-0.0288174
-0.0311164
-0.0334087
-0.035694
0.0300932
0.0277523
0.025415
0.0230812
0.020751
0.0184246
0.0161021
0.0137835
0.011469
0.00915866
0.00685261
0.00455096
0.00225381
-3.87275e-05
-0.00232653
-0.00460949
-0.00688749
-0.00916041
-0.0114281
-0.0136904
-0.0159466
-0.0181998
-0.0204472
-0.0226884
-0.0249237
-0.0271533
-0.0293771
-0.0315949
-0.0338067
0.0295541
0.0273108
0.0250698
0.0228313
0.0205953
0.0183618
0.0161312
0.0139033
0.0116785
0.00945675
0.00723824
0.00502308
0.00281141
0.000603343
-0.00160099
-0.00380145
-0.00599793
-0.00819029
-0.0103784
-0.0125622
-0.0147413
-0.0169193
-0.0190909
-0.0212564
-0.023417
-0.025573
-0.027724
-0.0298699
-0.0320106
0.0290356
0.0268844
0.0247345
0.022586
0.020439
0.0182936
0.0161499
0.0140081
0.0118683
0.00973073
0.00759541
0.00546252
0.0033322
0.00120461
-0.000920109
-0.00304178
-0.00516022
-0.0072752
-0.00938646
-0.0114938
-0.0135967
-0.0157056
-0.0178057
-0.0198985
-0.0219871
-0.0240721
-0.026153
-0.0282296
-0.0303015
0.0306015
0.0285371
0.0264728
0.0244089
0.0223455
0.0202826
0.0182205
0.0161593
0.014099
0.01204
0.00998221
0.00792589
0.00587117
0.00381819
0.00176711
-0.000281942
-0.0023288
-0.00437333
-0.00641536
-0.00845475
-0.0104913
-0.0125248
-0.014556
-0.016584
-0.0186084
-0.0206291
-0.0226463
-0.0246599
-0.0266697
-0.0286755
0.0300393
0.0280578
0.0260755
0.0240928
0.0221098
0.0201266
0.0181433
0.0161602
0.0141773
0.0121947
0.0102128
0.00823153
0.00625113
0.00427172
0.00229346
0.000316476
-0.00165911
-0.00363319
-0.00560569
-0.00757659
-0.00954577
-0.011513
-0.0134679
-0.015426
-0.0173848
-0.0193407
-0.021293
-0.0232418
-0.0251873
-0.0271293
0.0295005
0.0275971
0.0256923
0.0237863
0.0218793
0.0199714
0.0180628
0.0161536
0.0142439
0.0123341
0.0104241
0.00851421
0.00660454
0.00469526
0.00278654
0.000878533
-0.00102859
-0.00293465
-0.00483946
-0.0067428
-0.00864436
-0.0105438
-0.0124386
-0.0143338
-0.0162284
-0.0181206
-0.0200098
-0.0218961
-0.0237796
-0.02566
0.0289842
0.0271545
0.0253227
0.0234892
0.021654
0.0198174
0.0179794
0.0161402
0.0143001
0.0124592
0.0106176
0.00877547
0.00693308
0.00509054
0.00324805
0.00140576
-0.000436121
-0.00227743
-0.00411797
-0.00595755
-0.00779596
-0.00963295
-0.0114673
-0.0133011
-0.0151339
-0.0169647
-0.0187932
-0.0206193
-0.022443
-0.0242641
0.0284898
0.0267295
0.0249667
0.0232015
0.0214342
0.019665
0.0178938
0.016121
0.0143467
0.0125711
0.0107944
0.00901672
0.00723825
0.00545918
0.00367968
0.00189996
0.000120189
-0.00165944
-0.00343875
-0.00521753
-0.00699559
-0.00877268
-0.0105481
-0.012323
-0.0140968
-0.0158691
-0.0176395
-0.019408
-0.0211743
-0.0229384
0.0280165
0.0263217
0.0246239
0.0229233
0.0212201
0.0195145
0.0178066
0.0160966
0.0143847
0.0126711
0.0109558
0.00923927
0.0075215
0.00580274
0.00408316
0.00236296
0.000642323
-0.00107856
-0.00279949
-0.00452027
-0.00624071
-0.00796058
-0.00967937
-0.0113979
-0.0131154
-0.0148317
-0.0165464
-0.0182596
-0.0199709
-0.0216803
0.0275639
0.0259307
0.0242942
0.0226545
0.0210119
0.0193664
0.0177183
0.0160677
0.0144148
0.0127598
0.011103
0.00944435
0.00778421
0.00612272
0.00446008
0.00279649
0.00113212
-0.000532815
-0.00219813
-0.00386362
-0.00552908
-0.0071943
-0.0088589
-0.0105235
-0.0121872
-0.0138499
-0.0155114
-0.0171715
-0.0188301
-0.020487
0.0271312
0.0255562
0.0239774
0.0223952
0.0208096
0.0192209
0.0176293
0.0160348
0.0144378
0.0128384
0.0112368
0.00963311
0.00802763
0.00642051
0.00481195
0.00320215
0.0015913
-2.04013e-05
-0.00163275
-0.00324555
-0.00485858
-0.00647166
-0.00808445
-0.00969757
-0.01131
-0.0129214
-0.0145319
-0.0161413
-0.0177494
-0.019356
0.0267181
0.0251977
0.0236733
0.0221452
0.0206135
0.0190784
0.01754
0.0159987
0.0144544
0.0129076
0.0113582
0.00980663
0.00825295
0.00669739
0.00514015
0.00358143
0.00202143
0.000460346
-0.00110161
-0.00266425
-0.00422735
-0.00579074
-0.00735412
-0.00891846
-0.0104819
-0.0120443
-0.013606
-0.0151668
-0.0167266
-0.018285
0.0263242
0.0248551
0.0233818
0.0219046
0.0204236
0.018939
0.017451
0.0159597
0.0144653
0.0129681
0.0114682
0.00996587
0.00846123
0.00695453
0.00544595
0.0039357
0.00242399
0.000911028
-0.000602966
-0.00211778
-0.00363317
-0.00514895
-0.00666488
-0.00818379
-0.00970092
-0.0112165
-0.0127315
-0.014246
-0.0157595
-0.017272
0.0259488
0.024528
0.0231028
0.0216735
0.0202402
0.0188031
0.0173624
0.0159183
0.014471
0.0130207
0.0115675
0.0101117
0.00865338
0.00719287
0.00573032
0.00426593
0.00279992
0.00133249
-0.000136137
-0.00160575
-0.00307611
-0.004547
-0.00601819
-0.00749114
-0.00896338
-0.0104349
-0.0119058
-0.0133763
-0.0148459
-0.0163146
0.0255918
0.0242162
0.0228361
0.0214517
0.0200632
0.0186708
0.0172747
0.0158751
0.0144721
0.0130659
0.0116567
0.0102448
0.00883028
0.00741337
0.00599427
0.00457318
0.00315029
0.00172578
0.000299845
-0.00112734
-0.00255561
-0.00398475
-0.00541448
-0.00684023
-0.00826847
-0.00969818
-0.0111277
-0.0125564
-0.0139843
-0.0154113
0.0252528
0.0239195
0.0225816
0.0212393
0.0198929
0.0185425
0.0171883
0.0158304
0.014469
0.0131044
0.0117368
0.0103663
0.00899305
0.00761737
0.00623941
0.00485939
0.0034775
0.00209395
0.000708954
-0.000677272
-0.0020645
-0.0034525
-0.004841
-0.00622885
-0.00761781
-0.00900738
-0.0103968
-0.0117856
-0.0131737
-0.0145609
0.0249314
0.0236376
0.0223392
0.0210364
0.0197294
0.0184182
0.0171032
0.0157846
0.0144623
0.0131368
0.0118082
0.0104766
0.00914226
0.00780539
0.00646619
0.00512485
0.00378157
0.00243658
0.00109006
-0.00025777
-0.0016067
-0.0029565
-0.00430695
-0.00565742
-0.0070085
-0.0083599
-0.00971119
-0.0110621
-0.0124124
-0.0137619
0.0246274
0.0233705
0.0221089
0.0208429
0.0195726
0.0182982
0.0170199
0.0157379
0.0144523
0.0131634
0.0118714
0.0105763
0.0092785
0.0079781
0.00667532
0.00537036
0.00406343
0.00275472
0.00144445
0.000132817
-0.00117996
-0.00249368
-0.00380811
-0.00512282
-0.00643807
-0.00775357
-0.00906901
-0.0103841
-0.0116988
-0.0130127
0.0243405
0.0231178
0.0218905
0.0206587
0.0194226
0.0181825
0.0169385
0.0156907
0.0144393
0.0131846
0.0119268
0.0106659
0.00940229
0.00813605
0.00686741
0.00559657
0.00432374
0.0030491
0.00177287
0.000495246
-0.000783561
-0.00206334
-0.00334388
-0.00462485
-0.00590632
-0.00718802
-0.00846969
-0.0097511
-0.011032
-0.0123123
0.0240706
0.0228795
0.0216839
0.0204839
0.0192796
0.0180712
0.016859
0.015643
0.0144236
0.0132007
0.0119748
0.0107458
0.00951406
0.00827972
0.00704298
0.00580405
0.00456311
0.00332036
0.00207601
0.000830256
-0.000416699
-0.00166465
-0.00291338
-0.00416261
-0.00541233
-0.00666228
-0.00791222
-0.00916193
-0.0104112
-0.0116599
0.0238174
0.0226555
0.0214891
0.0203184
0.0191434
0.0179645
0.0167817
0.0155952
0.0144053
0.013212
0.0120156
0.0108163
0.00961416
0.0084095
0.00720246
0.00599324
0.00478203
0.00356902
0.00235442
0.00113841
-7.87904e-05
-0.00129699
-0.00251598
-0.00373551
-0.00495551
-0.00617575
-0.00739598
-0.00861601
-0.00983563
-0.0110547
0.0235808
0.0224456
0.021306
0.0201622
0.0190142
0.0178623
0.0167066
0.0155473
0.0143845
0.0132185
0.0120495
0.0108775
0.00970287
0.00852569
0.00734616
0.00616448
0.00498085
0.00379545
0.00260848
0.00142012
0.000230585
-0.000959938
-0.00215125
-0.00334311
-0.00453543
-0.00572797
-0.00692051
-0.00811286
-0.00930482
-0.0104962
0.0233607
0.0222498
0.0211346
0.0200153
0.0188919
0.0177647
0.0166337
0.0154993
0.0143615
0.0132206
0.0120766
0.0109298
0.00978038
0.00862848
0.0074743
0.00631802
0.00515983
0.00399991
0.00283846
0.00167567
0.00051172
-0.000653191
-0.00181887
-0.0029851
-0.00415176
-0.00531863
-0.0064855
-0.00765217
-0.00881847
-0.00998419
0.0231571
0.0220681
0.0209749
0.0198777
0.0187765
0.0176717
0.0165632
0.0154514
0.0143362
0.0132181
0.012097
0.0109731
0.00984671
0.00871792
0.00758691
0.00645388
0.005319
0.00418245
0.00304441
0.00190508
0.000764637
-0.000376733
-0.00151884
-0.00266148
-0.00380453
-0.00494776
-0.00609098
-0.007234
-0.00837664
-0.00951871
0.0229699
0.0219004
0.0208269
0.0197494
0.0186682
0.0175833
0.0164951
0.0154035
0.0143088
0.0132111
0.0121107
0.0110075
0.00990197
0.00879411
0.00768412
0.00657218
0.00545847
0.00434316
0.00322644
0.00210847
0.000989446
-0.000130458
-0.00125106
-0.00237216
-0.00349364
-0.00461527
-0.00573687
-0.00685826
-0.00797927
-0.0090997
0.0227993
0.0217468
0.0206905
0.0196304
0.0185667
0.0174995
0.0164291
0.0153555
0.0142789
0.0131994
0.0121173
0.0110327
0.00994573
0.00885657
0.00776539
0.00667236
0.00557765
0.00448142
0.00338385
0.00228511
0.00118538
8.48306e-05
-0.00101637
-0.00211802
-0.00322002
-0.00432213
-0.00542418
-0.006526
-0.00762743
-0.00872828
0.0226456
0.0216077
0.0205661
0.019521
0.0184725
0.0174206
0.0163657
0.0153078
0.014247
0.0131835
0.0121175
0.0110491
0.00997855
0.0089059
0.00783134
0.00675504
0.00567716
0.00459786
0.00351731
0.00243568
0.00135312
0.000269814
-0.000814081
-0.00189839
-0.00298301
-0.0040677
-0.00515229
-0.00623663
-0.00732056
-0.00840391
0.0225082
0.0214824
0.020453
0.0194204
0.0183845
0.0173455
0.0163035
0.0152588
0.0142114
0.0131615
0.0121092
0.0110547
0.00999807
0.00893957
0.00787929
0.00681741
0.00575406
0.00468941
0.00362361
0.00255683
0.00148921
0.000420924
-0.000647876
-0.00171702
-0.00278641
-0.00385581
-0.00492507
-0.00599405
-0.0070626
-0.00813055
0.0223896
0.0213734
0.0203539
0.0193313
0.0183057
0.0172772
0.0162459
0.0152121
0.0141758
0.0131372
0.0120963
0.0110534
0.0100086
0.00896205
0.00791385
0.00686417
0.00581316
0.00476096
0.00370773
0.0026536
0.00159873
0.000543272
-0.000512629
-0.00156883
-0.00262536
-0.00368179
-0.00473799
-0.00579388
-0.00684932
-0.00790417
0.0222851
0.0212754
0.0202627
0.0192471
0.0182288
0.0172078
0.0161843
0.0151585
0.0141304
0.0131002
0.012068
0.011034
0.0099983
0.008961
0.00792226
0.00688222
0.00584102
0.00479879
0.00375567
0.00271181
0.00166734
0.000622402
-0.000422864
-0.00146831
-0.00251383
-0.00355924
-0.00460441
-0.00564922
-0.00669354
-0.00773723
0.0222087
0.0212036
0.0201957
0.0191852
0.0181722
0.0171568
0.0161391
0.0151193
0.0140974
0.0130735
0.0120479
0.0110205
0.00999164
0.00896131
0.00792968
0.00689687
0.005863
0.00482822
0.00379265
0.00275641
0.00171965
0.000682483
-0.000354955
-0.00139255
-0.00243041
-0.00346804
-0.00450533
-0.00554224
-0.00657865
-0.00761445
0.0221281
0.0211226
0.0201148
0.0191047
0.0180925
0.0170784
0.0160623
0.0150445
0.014025
0.013004
0.0119815
0.0109578
0.00993279
0.00890673
0.00787969
0.00685178
0.00582312
0.00479383
0.00376401
0.00273377
0.00170323
0.000672501
-0.000358296
-0.00138902
-0.00241884
-0.00344885
-0.00447884
-0.00550841
-0.00653733
-0.00756551
0.023122
0.0221189
0.0211134
0.0201056
0.0190955
0.0180834
0.0170692
0.0160532
0.0150354
0.0140159
0.0129949
0.0119725
0.0109488
0.00992383
0.0088978
0.00787079
0.00684293
0.00581431
0.00478505
0.00375527
0.00272508
0.0016946
0.00066392
-0.000366821
-0.00139749
-0.00242726
-0.00345721
-0.00448714
-0.00551663
-0.00654548
-0.00757359
0.0232017
0.0221995
0.0211944
0.0201865
0.019176
0.018163
0.0171477
0.01613
0.0151101
0.0140882
0.0130644
0.0120388
0.0110115
0.00998262
0.00895233
0.00792072
0.00688795
0.00585412
0.00481938
0.00378384
0.00274765
0.00171093
0.000673812
-0.000363577
-0.00140112
-0.0024389
-0.00347645
-0.00451369
-0.00555053
-0.00658687
-0.00762259
0.0232824
0.0222758
0.0212661
0.0202534
0.0192379
0.0182195
0.0171986
0.0161751
0.0151493
0.0141212
0.013091
0.0120589
0.0110249
0.00998919
0.00895192
0.00791321
0.0068732
0.00583204
0.00478985
0.00374677
0.00270295
0.00165853
0.000613638
-0.000431576
-0.00147696
-0.00252244
-0.0035678
-0.0046129
-0.00565765
-0.0067019
-0.00774552
0.0233931
0.0223802
0.021364
0.0203445
0.0193219
0.0182963
0.0172678
0.0162366
0.0152028
0.0141665
0.0131278
0.012087
0.0110442
0.00999938
0.00895283
0.00790466
0.00685501
0.00580403
0.00475186
0.00369866
0.00264457
0.00158974
0.000534329
-0.000521526
-0.00157767
-0.00263416
-0.00369054
-0.00474668
-0.0058025
-0.00685788
-0.00791267
0.0235209
0.0224987
0.0214728
0.0204435
0.0194108
0.0183749
0.0173359
0.016294
0.0152493
0.0142019
0.013152
0.0120997
0.0110452
0.00998864
0.00893016
0.00786991
0.00680805
0.00574473
0.00468011
0.00361434
0.00254759
0.00148001
0.000411764
-0.000656995
-0.0017261
-0.00279544
-0.00386479
-0.004934
-0.00600292
-0.00707141
-0.0081393
0.0236699
0.0226359
0.021598
0.0205564
0.0195113
0.0184628
0.017411
0.016356
0.0152981
0.0142373
0.0131738
0.0121079
0.0110395
0.00996891
0.00889627
0.00782173
0.00674545
0.00566759
0.00458832
0.0035078
0.00242619
0.00134367
0.000260392
-0.000823467
-0.00190774
-0.00299232
-0.00407697
-0.00516151
-0.0062458
-0.00732968
-0.00841297
0.0238379
0.0227894
0.021737
0.0206806
0.0196205
0.0185568
0.0174896
0.0164192
0.0153456
0.014269
0.0131895
0.0121074
0.0110228
0.00993585
0.0088467
0.00775554
0.00666252
0.00556782
0.00447161
0.00337406
0.00227535
0.00117564
7.51117e-05
-0.00102606
-0.00212768
-0.00322965
-0.00433172
-0.00543373
-0.00653552
-0.0076369
-0.0087377
0.0229599
0.0218904
0.0208168
0.0197393
0.0186581
0.0175732
0.0164849
0.0153934
0.0142987
0.013201
0.0121005
0.0109974
0.00989183
0.00878397
0.00767399
0.00656205
0.00544835
0.00433305
0.00321634
0.00209839
0.000979379
-0.000140506
-0.00126109
-0.00238216
-0.00350362
-0.00462523
-0.0057468
-0.00686816
-0.00798913
-0.00910953
0.0231468
0.0220578
0.0209646
0.0198673
0.0187662
0.0176613
0.0165528
0.015441
0.0143259
0.0132077
0.0120865
0.0109627
0.00983628
0.00870749
0.00757648
0.00644345
0.00530857
0.00417202
0.00303399
0.00189466
0.000754223
-0.000387139
-0.00152923
-0.00267186
-0.00381489
-0.00495811
-0.00610131
-0.00724431
-0.00838692
-0.00952897
0.0233502
0.0222393
0.0211241
0.0200047
0.0188813
0.0177541
0.0166231
0.0154887
0.0143509
0.0132099
0.0120659
0.0109191
0.00976965
0.00861774
0.00746355
0.00630726
0.00514906
0.00398914
0.00282769
0.00166489
0.000500935
-0.000663977
-0.00182965
-0.00299588
-0.00416254
-0.0053294
-0.00649626
-0.00766293
-0.00882921
-0.00999492
0.0235701
0.0224349
0.0212953
0.0201514
0.0190034
0.0178514
0.0166957
0.0155364
0.0143736
0.0132076
0.0120385
0.0108665
0.00969184
0.00851463
0.00733508
0.00615339
0.00496974
0.00378432
0.00259733
0.00140896
0.000219413
-0.000971122
-0.00216244
-0.00335431
-0.00454664
-0.00573918
-0.00693173
-0.00812408
-0.00931604
-0.0105074
0.0238065
0.0226446
0.0214781
0.0203073
0.0191323
0.0179534
0.0167705
0.015584
0.014394
0.0132007
0.0120043
0.0108049
0.00960281
0.00839812
0.00719105
0.0059818
0.00477056
0.00355752
0.00234289
0.00112686
-9.03618e-05
-0.00130858
-0.0025276
-0.00374715
-0.00496717
-0.00618742
-0.00740767
-0.00862771
-0.00984735
-0.0110664
0.0240595
0.0228684
0.0216727
0.0204726
0.0192682
0.0180599
0.0168476
0.0156316
0.0144121
0.0131892
0.0119632
0.0107342
0.00950239
0.00826801
0.00703123
0.00579226
0.00455128
0.00330849
0.0020641
0.000818313
-0.000428678
-0.00167666
-0.00292543
-0.00417469
-0.00542444
-0.00667443
-0.00792439
-0.00917414
-0.0104234
-0.0116721
0.0243292
0.0231064
0.021879
0.0206472
0.0194111
0.0181709
0.0169268
0.0156789
0.0144276
0.0131728
0.0119149
0.010654
0.0093903
0.00812401
0.00685532
0.00558443
0.00431154
0.00303686
0.00176058
0.000482905
-0.000795951
-0.00207578
-0.00335637
-0.00463738
-0.00591889
-0.00720065
-0.00848236
-0.00976382
-0.0110448
-0.0123251
0.0246158
0.0233588
0.0220972
0.0208311
0.0195608
0.0182863
0.017008
0.0157259
0.0144403
0.0131513
0.0118592
0.0105641
0.0092662
0.00796573
0.00666289
0.00535787
0.00405088
0.00274211
0.00143177
0.000120079
-0.00119276
-0.00250654
-0.00382103
-0.00513581
-0.00645112
-0.00776668
-0.00908218
-0.0103974
-0.0117121
-0.013026
0.0249197
0.0236258
0.0223273
0.0210244
0.0197173
0.0184061
0.0170911
0.0157723
0.01445
0.0131244
0.0117957
0.010464
0.00912965
0.00779271
0.00645343
0.00511202
0.00376867
0.0024236
0.001077
-0.000270899
-0.0016199
-0.00296978
-0.00432031
-0.00567085
-0.00702201
-0.00837349
-0.00972485
-0.0110758
-0.0124262
-0.0137758
0.0252409
0.0239075
0.0225695
0.0212272
0.0198807
0.0185302
0.0171759
0.0158179
0.0144565
0.0130918
0.011724
0.0103534
0.00898014
0.00760438
0.00622634
0.00484623
0.00346425
0.00208061
0.00069553
-0.000690785
-0.00207811
-0.00346619
-0.00485479
-0.00624275
-0.00763179
-0.00902146
-0.0104109
-0.0117998
-0.013188
-0.0145754
0.0255797
0.024204
0.0228238
0.0214394
0.0200508
0.0186583
0.0172621
0.0158624
0.0144593
0.013053
0.0116437
0.0102317
0.00881709
0.00740009
0.0059809
0.00455971
0.00313671
0.00171211
0.000286075
-0.0011412
-0.00256956
-0.00399879
-0.00542861
-0.00685452
-0.00828289
-0.00971271
-0.0111423
-0.0125712
-0.0139992
-0.0154262
0.0259366
0.0245157
0.0230904
0.0216609
0.0202276
0.0187904
0.0173496
0.0159054
0.014458
0.0130075
0.0115542
0.0100983
0.00863993
0.00717931
0.00571665
0.00425215
0.00278602
0.00131847
-0.000150286
-0.00162002
-0.00309052
-0.00456155
-0.0060329
-0.00750586
-0.00897819
-0.0104498
-0.0119209
-0.0133915
-0.0148613
-0.0163301
0.0263118
0.0248426
0.0233693
0.021892
0.0204108
0.0189261
0.017438
0.0159466
0.0144521
0.0129548
0.0114548
0.0099523
0.00844754
0.00694072
0.00543201
0.00392164
0.0024098
0.000896719
-0.000617402
-0.00213234
-0.00364786
-0.00516376
-0.00667981
-0.0081989
-0.00971617
-0.0112319
-0.0127471
-0.0142616
-0.0157754
-0.017288
0.0267057
0.0251852
0.0236607
0.0221324
0.0206006
0.0190653
0.0175269
0.0159854
0.014441
0.012894
0.0113446
0.00979285
0.00823904
0.00668335
0.00512597
0.00356711
0.00200697
0.00044575
-0.00111635
-0.00267913
-0.00424239
-0.00580593
-0.00736947
-0.00893396
-0.0104975
-0.0120601
-0.013622
-0.015183
-0.0167429
-0.0183015
0.0271187
0.0255435
0.0239646
0.0223823
0.0207966
0.0192078
0.017616
0.0160214
0.0144243
0.0128247
0.0112229
0.00961915
0.00801353
0.00640626
0.00479755
0.0031876
0.0015766
-3.52572e-05
-0.00164776
-0.00326072
-0.00487392
-0.00648716
-0.00810012
-0.00971342
-0.011326
-0.0129376
-0.0145483
-0.0161579
-0.0177661
-0.0193729
0.0275513
0.025918
0.0242814
0.0226416
0.0209988
0.0193532
0.0177049
0.0160542
0.0144011
0.012746
0.011089
0.00943023
0.00776993
0.00610829
0.00444549
0.00278173
0.0011172
-0.000547903
-0.00221339
-0.00387905
-0.00554469
-0.0072101
-0.00887488
-0.0105396
-0.0122036
-0.0138665
-0.0155281
-0.0171885
-0.0188473
-0.0205044
0.0280039
0.026309
0.024611
0.0229103
0.021207
0.0195012
0.0177932
0.016083
0.0143709
0.0126571
0.0109418
0.00922502
0.00750709
0.00578816
0.00406841
0.00234803
0.000627214
-0.00109385
-0.00281496
-0.00453594
-0.00625657
-0.00797663
-0.00969563
-0.0114143
-0.0131321
-0.0148486
-0.0165636
-0.0182769
-0.0199885
-0.0216981
0.0284772
0.0267168
0.0249538
0.0231885
0.021421
0.0196516
0.0178803
0.0161074
0.0143329
0.0125571
0.0107802
0.00900237
0.00722372
0.00544447
0.00366479
0.00188488
0.000104919
-0.00167491
-0.00345441
-0.0052334
-0.00701166
-0.00878897
-0.0105646
-0.0123397
-0.0141138
-0.0158862
-0.0176569
-0.0194256
-0.0211923
-0.0229566
0.0289716
0.0271417
0.0253098
0.0234761
0.0216408
0.019804
0.0179658
0.0161265
0.0142862
0.0124451
0.0106033
0.00876105
0.00691847
0.00507574
0.00323305
0.00139057
-0.000451519
-0.00229303
-0.00413379
-0.00597359
-0.00781222
-0.00964943
-0.011484
-0.0133181
-0.0151511
-0.0169821
-0.0188109
-0.0206373
-0.0224613
-0.0242826
0.0294879
0.0275844
0.0256794
0.0237732
0.0218661
0.019958
0.0180492
0.0161398
0.01423
0.01232
0.0104098
0.00849974
0.00658988
0.0046804
0.00277147
0.000863253
-0.00104408
-0.00295036
-0.00485539
-0.00675897
-0.00866077
-0.0105605
-0.0124555
-0.0143509
-0.0162458
-0.0181383
-0.0200278
-0.0219144
-0.0237981
-0.0256788
0.0300268
0.0280451
0.0260627
0.0240799
0.0220967
0.0201133
0.0181298
0.0161465
0.0141634
0.0121807
0.0101985
0.00821705
0.00623644
0.00425683
0.00227835
0.000301143
-0.00167467
-0.00364898
-0.00562171
-0.00759285
-0.00956226
-0.0115297
-0.0134849
-0.0154433
-0.0174024
-0.0193586
-0.0213111
-0.0232602
-0.025206
-0.0271483
0.0305891
0.0285245
0.0264601
0.024396
0.0223324
0.0202694
0.0182071
0.0161456
0.0140852
0.0120259
0.00996795
0.00791143
0.00585649
0.00380329
0.00175198
-0.000297302
-0.0023444
-0.00438918
-0.00643147
-0.00847113
-0.010508
-0.0125418
-0.0145731
-0.0166014
-0.018626
-0.0206471
-0.0226646
-0.0246786
-0.0266887
-0.0286948
0.0311756
0.0290232
0.0268718
0.0247217
0.022573
0.0204258
0.0182802
0.0161363
0.0139943
0.0118544
0.00971654
0.00758099
0.00544788
0.00331733
0.0011895
-0.000935451
-0.00305737
-0.00517605
-0.0072913
-0.00940281
-0.0115104
-0.0136136
-0.0157228
-0.0178232
-0.0199163
-0.0220052
-0.0240905
-0.0261718
-0.0282487
-0.030321
0.0317873
0.0295418
0.0272983
0.0250571
0.0228184
0.0205822
0.0183486
0.0161177
0.0138896
0.0116646
0.00944263
0.0072239
0.00500851
0.0027966
0.000588292
-0.00161629
-0.00381701
-0.00601374
-0.00820638
-0.0103948
-0.0125789
-0.0147582
-0.0169366
-0.0191085
-0.0212743
-0.0234352
-0.0255915
-0.0277429
-0.0298891
-0.0320302
0.0324254
0.0300811
0.02774
0.0254024
0.0230684
0.0207381
0.0184115
0.0160887
0.01377
0.0114552
0.00914465
0.00683837
0.00453648
0.00223909
-5.36967e-05
-0.00234176
-0.00462498
-0.00690325
-0.00917645
-0.0114444
-0.013707
-0.0159635
-0.018217
-0.0204647
-0.0227062
-0.0249419
-0.0271719
-0.029396
-0.0316142
-0.0338263
0.033091
0.030642
0.0281975
0.0257578
0.023323
0.0208932
0.0184683
0.0160486
0.013634
0.0112248
0.00882092
0.00642252
0.00402967
0.00164249
-0.000738944
-0.00311453
-0.00548416
-0.00784773
-0.0102051
-0.0125562
-0.0149008
-0.0172375
-0.0195702
-0.0218969
-0.0242168
-0.0265297
-0.0288359
-0.0311354
-0.033428
-0.0357137
0.0337857
0.0312255
0.0286713
0.0261235
0.0235821
0.021047
0.0185183
0.0159962
0.0134807
0.0109718
0.00846964
0.0059743
0.00348584
0.00100432
-0.00147016
-0.00393755
-0.00639773
-0.00885062
-0.0112961
-0.0137339
-0.0161638
-0.0185835
-0.0209989
-0.0234081
-0.0258095
-0.0282027
-0.0305878
-0.0329652
-0.0353348
-0.0376964
0.0345108
0.0318327
0.0291623
0.0265
0.0238456
0.0211992
0.0185608
0.0159306
0.0133085
0.0106946
0.00808893
0.0054916
0.00290262
0.000322025
-0.00225014
-0.00481385
-0.00736905
-0.00991568
-0.0124536
-0.0149823
-0.0175011
-0.0200042
-0.0225052
-0.0250011
-0.0274877
-0.0299643
-0.0324314
-0.0348896
-0.0373387
-0.0397788
0.0352682
0.032465
0.0296714
0.0268876
0.0241136
0.0213495
0.0185951
0.0158507
0.0131161
0.0103915
0.00767682
0.00497219
0.00227759
-0.000406972
-0.0030815
-0.00574604
-0.00840071
-0.0110458
-0.0136816
-0.0163088
-0.0189276
-0.0215122
-0.0241001
-0.0266847
-0.0292586
-0.0318209
-0.0343726
-0.036914
-0.0394451
-0.0419659
0.0360598
0.0331238
0.0301994
0.0272869
0.0243863
0.0214975
0.0186205
0.0157553
0.012902
0.0100606
0.00723112
0.00441356
0.00160796
-0.00118565
-0.00396724
-0.00673676
-0.00949414
-0.0122392
-0.0149718
-0.0176915
-0.0203977
-0.0231023
-0.0257914
-0.0284653
-0.0311269
-0.0337773
-0.0364162
-0.0390434
-0.0416589
-0.0442626
0.0368878
0.0338108
0.0307476
0.0276987
0.0246639
0.0216431
0.0186363
0.0156435
0.0126648
0.00970008
0.00674945
0.00381288
0.000890384
-0.00201801
-0.00491227
-0.00779235
-0.0106581
-0.0135095
-0.0163462
-0.019168
-0.021974
-0.0247846
-0.0275724
-0.0303405
-0.033095
-0.0358372
-0.0385664
-0.0412822
-0.0439846
-0.0466737
0.0377547
0.0345279
0.0313175
0.0281238
0.0249467
0.0217861
0.0186419
0.0155142
0.0124029
0.00930802
0.00622956
0.00316749
0.000121802
-0.00290751
-0.00592046
-0.00891703
-0.0118972
-0.014861
-0.0178083
-0.0207393
-0.0236525
-0.0265583
-0.0294453
-0.0323141
-0.0351671
-0.038005
-0.0408278
-0.0436352
-0.0464273
-0.0492043
0.0352772
0.0319105
0.0285633
0.0252353
0.0219266
0.0186369
0.0153664
0.012115
0.00888262
0.00566927
0.00247488
-0.00070059
-0.00385717
-0.0069949
-0.0101138
-0.0132138
-0.0162949
-0.0193571
-0.0224
-0.0254209
-0.0284306
-0.031423
-0.0343964
-0.037351
-0.0402878
-0.043207
-0.0461088
-0.0489932
-0.0518603
0.0360613
0.0325286
0.0290183
0.0255304
0.0220646
0.0186209
0.0151993
0.0117997
0.00842208
0.00506636
0.00173245
-0.00157974
-0.00487029
-0.00813928
-0.0113867
-0.0146126
-0.0178166
-0.0209982
-0.0241573
-0.0272879
-0.0304078
-0.0335116
-0.0365936
-0.0396532
-0.0426919
-0.0457105
-0.0487094
-0.0516885
-0.0546481
0.0368829
0.0331738
0.0294905
0.0258328
0.0222005
0.0185935
0.0150119
0.0114556
0.00792454
0.00441854
0.000937531
-0.00251863
-0.00595015
-0.00935725
-0.0127402
-0.0160993
-0.0194345
-0.0227437
-0.026024
-0.0292571
-0.0324897
-0.0357115
-0.0389078
-0.0420769
-0.0452216
-0.0483433
-0.0514424
-0.054519
-0.0575732
0.0377451
0.0338486
0.0299815
0.0261435
0.0223346
0.0185546
0.0148035
0.0110814
0.007388
0.00372333
8.72639e-05
-0.00352035
-0.00709971
-0.0106512
-0.0141754
-0.0176737
-0.0211496
-0.0246083
-0.0280572
-0.0313726
-0.0347142
-0.0380504
-0.0413581
-0.0446369
-0.0478893
-0.051116
-0.0543172
-0.0574929
-0.0606436
0.0386514
0.0345557
0.0304933
0.026464
0.0224675
0.018504
0.0145733
0.0106754
0.00681032
0.0029779
-0.000821885
-0.00458908
-0.00832368
-0.0120255
-0.0156942
-0.0193284
-0.0229248
-0.0264781
-0.02998
-0.0335719
-0.0370793
-0.0405263
-0.043943
-0.0473346
-0.0506986
-0.0540335
-0.0573392
-0.0606164
-0.0638654
0.0396056
0.0352982
0.0310284
0.0267957
0.0226002
0.0184418
0.0143206
0.0102365
0.00618941
0.00217935
-0.00179378
-0.00573002
-0.00962941
-0.0134919
-0.0173175
-0.0211062
-0.0248582
-0.0285758
-0.0322573
-0.0359291
-0.0395489
-0.0431238
-0.0466659
-0.0501772
-0.0536562
-0.0571022
-0.0605155
-0.0638966
-0.0672458
0.0406123
0.0360798
0.0315894
0.0271407
0.0227337
0.0183685
0.0140451
0.00976343
0.00552353
0.00132529
-0.00283135
-0.00694652
-0.0110203
-0.015053
-0.0190445
-0.0229949
-0.0269039
-0.0307713
-0.0345897
-0.0383863
-0.0421444
-0.0458594
-0.0495338
-0.0531698
-0.0567682
-0.0603292
-0.0638532
-0.0673407
-0.0707922
0.0416761
0.0369044
0.0321795
0.0275012
0.0228696
0.0182847
0.0137466
0.00925544
0.00481112
0.000413613
-0.00393717
-0.00824135
-0.0124992
-0.0167108
-0.0208767
-0.024997
-0.0290705
-0.0330953
-0.0370528
-0.0409922
-0.0448963
-0.0487522
-0.0525604
-0.0563244
-0.0600457
-0.0637248
-0.067362
-0.070958
-0.0745132
0.0428026
0.0377764
0.0328023
0.02788
0.0230096
0.0181913
0.0134253
0.00871171
0.0040506
-0.000558036
-0.00511421
-0.00961802
-0.0140696
-0.0184695
-0.0228183
-0.0271182
-0.0313721
-0.0355848
-0.039677
-0.0437632
-0.0478135
-0.0518103
-0.0557549
-0.0596505
-0.0634981
-0.0672981
-0.0710508
-0.074757
-0.0784173
0.0439976
0.038701
0.0334619
0.0282801
0.0231558
0.0180895
0.0130813
0.00813156
0.00324034
-0.00159222
-0.00636602
-0.011081
-0.015737
-0.0203338
-0.0248711
-0.0293477
-0.0337616
-0.0381078
-0.0424411
-0.0467057
-0.0509022
-0.055041
-0.0591262
-0.0631577
-0.067135
-0.0710585
-0.074929
-0.0787472
-0.0825139
0.0452677
0.0396838
0.034163
0.0287052
0.0233111
0.017981
0.0127154
0.00751459
0.00237891
-0.00269146
-0.0076963
-0.0126354
-0.0175085
-0.0223152
-0.0270547
-0.0317256
-0.0363272
-0.0408515
-0.0453716
-0.0498054
-0.0541603
-0.0584517
-0.0626836
-0.0668551
-0.0709657
-0.0750159
-0.0790066
-0.0829384
-0.0868123
0.0466201
0.0407309
0.0349106
0.0291596
0.0234783
0.0178678
0.0123284
0.00686078
0.00146528
-0.00385775
-0.00910805
-0.0142854
-0.0193897
-0.0244205
-0.0293771
-0.0342572
-0.0390601
-0.0437724
-0.0484552
-0.053066
-0.0575955
-0.0620503
-0.0664354
-0.0707521
-0.0750002
-0.0791804
-0.0832936
-0.0873407
-0.0913227
0.0480628
0.0418493
0.0357108
0.0296478
0.0236614
0.0177524
0.0119219
0.0061705
0.000498822
-0.00509262
-0.0106035
-0.0160335
-0.021383
-0.0266525
-0.0318424
-0.0369494
-0.0419668
-0.046845
-0.0517079
-0.0565109
-0.0612231
-0.0658477
-0.0703925
-0.0748598
-0.0792499
-0.0835634
-0.0878015
-0.0919653
-0.0960559
0.0496044
0.0430468
0.0365702
0.0301756
0.0238644
0.0176381
0.0114978
0.00544446
-0.000520938
-0.00639759
-0.0121848
-0.0178821
-0.0234894
-0.0290081
-0.0344437
-0.0398097
-0.0451327
-0.0501482
-0.0551946
-0.0601809
-0.0650686
-0.069864
-0.0745723
-0.0791939
-0.0837288
-0.088178
-0.0925429
-0.0968244
-0.101024
0.0512545
0.0443317
0.037496
0.0307489
0.0240925
0.0175285
0.0110584
0.00468367
-0.00159443
-0.00777467
-0.0138559
-0.0198367
-0.0257155
-0.0314888
-0.0371484
-0.0426784
-0.0480439
-0.0535775
-0.058901
-0.0640662
-0.0691313
-0.0741057
-0.0789844
-0.0837652
-0.0884489
-0.093037
-0.0975306
-0.101931
-0.106239
0.0530234
0.0457135
0.0384966
0.031375
0.0243514
0.0174281
0.010607
0.00388995
-0.0027213
-0.00922519
-0.0156202
-0.0219049
-0.0280774
-0.0341357
-0.040076
-0.0458997
-0.0515861
-0.0572534
-0.0627731
-0.0681533
-0.0734224
-0.078586
-0.0836412
-0.0885869
-0.0934241
-0.0981542
-0.102779
-0.107299
-0.111716
0.0549239
0.0472038
0.0395824
0.032063
0.0246489
0.0173432
0.0101483
0.00306656
-0.00389976
-0.0107488
-0.0174787
-0.024088
-0.0305757
-0.0369416
-0.0431844
-0.0493033
-0.0552133
-0.0610897
-0.0668503
-0.0724677
-0.077954
-0.0833167
-0.0885567
-0.0936739
-0.0986696
-0.103545
-0.108303
-0.112943
-0.117468
0.056962
0.0488075
0.0407568
0.0328147
0.0249852
0.0172722
0.00967897
0.00220853
-0.00513636
-0.0123532
-0.0194398
-0.0263937
-0.0332131
-0.0398972
-0.0464507
-0.0528856
-0.0590668
-0.0652019
-0.0712029
-0.0770503
-0.0827561
-0.0883247
-0.0937557
-0.0990496
-0.104208
-0.109232
-0.114123
-0.118883
-0.123514
0.0591415
0.0505291
0.0420254
0.0336362
0.0253668
0.0172218
0.00920556
0.00132199
-0.00642547
-0.0140338
-0.0215004
-0.0288222
-0.0359945
-0.0430047
-0.0498323
-0.0564221
-0.0631071
-0.0695628
-0.0758099
-0.0818961
-0.0878331
-0.0936179
-0.0992484
-0.104726
-0.110051
-0.115227
-0.120254
-0.125134
-0.12987
0.0616656
0.0525618
0.0435711
0.0347007
0.0259569
0.0173457
0.00887247
0.000542283
-0.00764052
-0.0156723
-0.0235504
-0.0312733
-0.038841
-0.0462469
-0.0534804
-0.0604146
-0.0673395
-0.0740799
-0.0806122
-0.0869666
-0.0931528
-0.099168
-0.105011
-0.110683
-0.116185
-0.121519
-0.126687
-0.131691
-0.136534
0.0638934
0.0542865
0.0447953
0.0354291
0.0261964
0.0171048
0.00816137
-0.000627348
-0.00925545
-0.0177177
-0.02601
-0.0341305
-0.0420847
-0.0498888
-0.0575822
-0.0648076
-0.0720195
-0.0790496
-0.085862
-0.0924787
-0.0989066
-0.105144
-0.111189
-0.117044
-0.12271
-0.12819
-0.133486
-0.138599
-0.143532
-0.00860089
-0.00962727
-0.0106526
-0.0116769
-0.0126999
-0.0137215
-0.0147417
-0.0157604
-0.0167774
-0.0177927
-0.0188061
-0.0198176
-0.0208271
-0.0218344
-0.0228395
-0.0238422
-0.0248426
-0.0258404
-0.00865756
-0.00969163
-0.0107247
-0.0117566
-0.0127873
-0.0138166
-0.0148443
-0.0158705
-0.0168949
-0.0179174
-0.0189379
-0.0199563
-0.0209725
-0.0219863
-0.0229977
-0.0240065
-0.0250126
-0.026016
-0.00878836
-0.00983029
-0.0108712
-0.0119109
-0.0129492
-0.0139862
-0.0150215
-0.0160552
-0.017087
-0.0181168
-0.0191445
-0.02017
-0.0211932
-0.0222139
-0.023232
-0.0242475
-0.0252601
-0.0262697
-0.0089667
-0.0100198
-0.0110719
-0.0121228
-0.0131724
-0.0142204
-0.0152669
-0.0163116
-0.0173543
-0.0183951
-0.0194336
-0.0204699
-0.0215036
-0.0225348
-0.0235633
-0.0245889
-0.0256115
-0.00920644
-0.0102727
-0.0113378
-0.0124017
-0.0134643
-0.0145253
-0.0155846
-0.0166421
-0.0176977
-0.0187511
-0.0198022
-0.0208509
-0.021897
-0.0229404
-0.023981
-0.0250187
-0.0260532
-0.00949552
-0.0105771
-0.0116577
-0.012737
-0.0138149
-0.0148913
-0.0159659
-0.0170386
-0.0181093
-0.0191778
-0.0202439
-0.0213076
-0.0223686
-0.0234268
-0.024482
-0.0255342
-0.0265831
-0.00983776
-0.0109369
-0.0120349
-0.0131317
-0.014227
-0.0153208
-0.0164127
-0.0175028
-0.0185907
-0.0196764
-0.0207596
-0.0218403
-0.0229182
-0.0239932
-0.0250652
-0.026134
-0.0271995
-0.0102292
-0.0113479
-0.0124655
-0.0135818
-0.0146967
-0.0158099
-0.0169213
-0.0180308
-0.019138
-0.020243
-0.0213455
-0.0224453
-0.0235423
-0.0246363
-0.0257273
-0.0268149
-0.0278991
-0.0106703
-0.0118106
-0.0129498
-0.0140877
-0.0152242
-0.0163589
-0.0174918
-0.0186227
-0.0197514
-0.0208777
-0.0220014
-0.0231225
-0.0242406
-0.0253557
-0.0264676
-0.0275761
-0.0286811
-0.0111599
-0.0123239
-0.0134867
-0.0146482
-0.0158082
-0.0169665
-0.0181229
-0.0192772
-0.0204293
-0.0215789
-0.022726
-0.0238703
-0.0250116
-0.0261498
-0.0272847
-0.0284162
-0.0295441
-0.011698
-0.0128876
-0.0140761
-0.0152632
-0.0164487
-0.0176325
-0.0188144
-0.0199942
-0.0211717
-0.0223467
-0.023519
-0.0246885
-0.025855
-0.0270183
-0.0281783
-0.0293347
-0.0304875
-0.0122846
-0.0135019
-0.0147179
-0.0159326
-0.0171456
-0.0183569
-0.0195663
-0.0207734
-0.0219783
-0.0231806
-0.0243802
-0.0255769
-0.0267705
-0.0279609
-0.0291479
-0.0303313
-0.0315109
-0.01292
-0.0141668
-0.0154124
-0.0166566
-0.0178992
-0.0191399
-0.0203786
-0.0216152
-0.0228493
-0.0240809
-0.0253097
-0.0265355
-0.0277582
-0.0289777
-0.0301936
-0.031406
-0.0326145
-0.0136046
-0.014883
-0.0161601
-0.0174358
-0.0187098
-0.0199819
-0.021252
-0.0225198
-0.0237852
-0.025048
-0.0263079
-0.0275648
-0.0288186
-0.030069
-0.0313159
-0.0325591
-0.0337984
-0.0143391
-0.0156511
-0.0169617
-0.0182708
-0.0195782
-0.0208837
-0.022187
-0.0234881
-0.0247867
-0.0260826
-0.0273756
-0.0286655
-0.0299523
-0.0312356
-0.0325153
-0.0337913
-0.0350633
-0.0151245
-0.016472
-0.0178181
-0.0191626
-0.0205054
-0.0218461
-0.0231847
-0.024521
-0.0258546
-0.0271856
-0.0285136
-0.0298385
-0.0311601
-0.0324782
-0.0337927
-0.0351034
-0.0364101
-0.0159617
-0.0173467
-0.0187303
-0.0201122
-0.0214923
-0.0228703
-0.0242461
-0.0256195
-0.0269902
-0.0283581
-0.029723
-0.0310847
-0.0324431
-0.033798
-0.0351491
-0.0364964
-0.0378396
-0.0168522
-0.0182768
-0.0196998
-0.0211211
-0.0225405
-0.0239577
-0.0253726
-0.026785
-0.0281947
-0.0296015
-0.0310052
-0.0324057
-0.0338028
-0.0351962
-0.0365859
-0.0379717
-0.0393533
-0.0177976
-0.0192637
-0.0207282
-0.0221908
-0.0236514
-0.0251098
-0.0265657
-0.0280191
-0.0294697
-0.0309173
-0.0323617
-0.0338028
-0.0352405
-0.0366744
-0.0381045
-0.0395307
-0.0409526
-0.0187992
-0.0203089
-0.0218168
-0.0233228
-0.0248266
-0.0263281
-0.0278271
-0.0293234
-0.0308168
-0.0323071
-0.0337942
-0.0352778
-0.0367579
-0.0382342
-0.0397066
-0.041175
-0.0426391
-0.0198586
-0.021414
-0.0229674
-0.0245188
-0.0260679
-0.0276146
-0.0291586
-0.0306997
-0.0322379
-0.0337728
-0.0353045
-0.0368325
-0.0383569
-0.0398775
-0.041394
-0.0429064
-0.0444145
-0.020978
-0.0225811
-0.0241822
-0.0257811
-0.0273775
-0.0289712
-0.0305622
-0.0321502
-0.033735
-0.0353166
-0.0368946
-0.038469
-0.0400396
-0.0416062
-0.0431687
-0.044727
-0.0462809
-0.0221595
-0.0238126
-0.0254634
-0.0271117
-0.0287574
-0.0304003
-0.0320402
-0.033677
-0.0353105
-0.0369405
-0.0385668
-0.0401894
-0.041808
-0.0434225
-0.0450328
-0.0466387
-0.0482401
-0.0234055
-0.0251106
-0.0268132
-0.0285131
-0.0302102
-0.0319042
-0.0335951
-0.0352826
-0.0369666
-0.0386469
-0.0403234
-0.041996
-0.0436645
-0.0453287
-0.0469886
-0.0486439
-0.0502946
-0.0247185
-0.0264778
-0.0282343
-0.0299879
-0.0317383
-0.0334855
-0.0352292
-0.0369694
-0.0387058
-0.0404384
-0.042167
-0.0438914
-0.0456115
-0.0473272
-0.0490383
-0.0507448
-0.0524465
-0.0261012
-0.0279168
-0.0297294
-0.0315386
-0.0333445
-0.0351468
-0.0369454
-0.0387402
-0.040531
-0.0423176
-0.0441
-0.0458781
-0.0476516
-0.0494205
-0.0511846
-0.0529439
-0.0546983
-0.0275563
-0.0294305
-0.0313012
-0.0331683
-0.0350317
-0.0368911
-0.0387465
-0.0405978
-0.0424448
-0.0442874
-0.0461254
-0.0479588
-0.0497875
-0.0516112
-0.05343
-0.0552438
-0.0570523
-0.029087
-0.031022
-0.032953
-0.03488
-0.0368028
-0.0387214
-0.0406356
-0.0425453
-0.0444503
-0.0463506
-0.048246
-0.0501365
-0.0520219
-0.0539022
-0.0557772
-0.0576469
-0.0595112
-0.0306968
-0.0326946
-0.034688
-0.036677
-0.0386613
-0.0406409
-0.0426158
-0.0445857
-0.0465505
-0.0485103
-0.0504648
-0.052414
-0.0543579
-0.0562962
-0.058229
-0.0601561
-0.0620775
-0.0323886
-0.0344515
-0.0365095
-0.0385624
-0.0406103
-0.042653
-0.0446903
-0.0467223
-0.0487488
-0.0507697
-0.0527849
-0.0547945
-0.0567982
-0.0587961
-0.060788
-0.062774
-0.0647539
-0.0341658
-0.0362961
-0.0384208
-0.0405399
-0.0426533
-0.0447609
-0.0468627
-0.0489585
-0.0510483
-0.053132
-0.0552096
-0.057281
-0.0593461
-0.0614049
-0.0634573
-0.0655033
-0.067543
-0.0360324
-0.0382323
-0.0404259
-0.0426132
-0.0447941
-0.0469686
-0.0491365
-0.0512979
-0.0534527
-0.0556007
-0.0577421
-0.0598767
-0.0620045
-0.0641255
-0.0662397
-0.0683469
-0.0704473
-0.0379924
-0.0402641
-0.0425287
-0.0447862
-0.0470366
-0.0492797
-0.0515156
-0.0537442
-0.0559654
-0.0581793
-0.0603859
-0.062585
-0.0647768
-0.0669611
-0.0691381
-0.0713076
-0.0734696
-0.0400501
-0.0423958
-0.0447335
-0.0470632
-0.0493848
-0.0516983
-0.0540038
-0.0563011
-0.0585903
-0.0608715
-0.0631444
-0.0654093
-0.0676661
-0.0699148
-0.0721554
-0.0743879
-0.0766124
-0.0422098
-0.0446317
-0.0470445
-0.0494482
-0.0518429
-0.0542286
-0.0566052
-0.0589727
-0.0613312
-0.0636808
-0.0660213
-0.068353
-0.0706757
-0.0729895
-0.0752945
-0.0775908
-0.0798783
-0.0444763
-0.0469765
-0.0494664
-0.051946
-0.0544155
-0.0568748
-0.0593239
-0.061763
-0.0641921
-0.0666111
-0.0690202
-0.0714194
-0.0738088
-0.0761885
-0.0785584
-0.0809187
-0.0832695
-0.0468547
-0.0494351
-0.0520039
-0.0545612
-0.057107
-0.0596414
-0.0621645
-0.0646762
-0.0671768
-0.0696663
-0.0721447
-0.0746121
-0.0770687
-0.0795146
-0.0819498
-0.0843744
-0.0867886
-0.0493496
-0.0520123
-0.0546619
-0.0572985
-0.0599221
-0.062533
-0.0651311
-0.0677166
-0.0702896
-0.0728502
-0.0753985
-0.0779346
-0.0804587
-0.0829709
-0.0854713
-0.0879601
-0.0904374
-0.0519662
-0.0547132
-0.0574454
-0.0601629
-0.0628658
-0.0655543
-0.0682285
-0.0708885
-0.0735346
-0.0761668
-0.0787853
-0.0813902
-0.0839818
-0.0865603
-0.0891257
-0.0916782
-0.0942181
-0.0547104
-0.0575436
-0.06036
-0.0631598
-0.0659432
-0.0687103
-0.0714614
-0.0741966
-0.0769161
-0.0796201
-0.0823089
-0.0849825
-0.0876413
-0.0902855
-0.0929152
-0.0955308
-0.0981323
-0.0575882
-0.0605093
-0.0634113
-0.0662947
-0.0691595
-0.0720061
-0.0748346
-0.0776453
-0.0804384
-0.0832142
-0.0859729
-0.0887148
-0.0914402
-0.0941493
-0.0968423
-0.0995197
-0.102182
-0.0606055
-0.063616
-0.0666052
-0.0695732
-0.0725203
-0.0754468
-0.0783531
-0.0812394
-0.0841059
-0.0869531
-0.0897811
-0.0925904
-0.0953813
-0.098154
-0.100909
-0.103647
-0.106367
-0.0637694
-0.0668708
-0.0699481
-0.0730015
-0.0760314
-0.0790382
-0.0820221
-0.0849837
-0.0879231
-0.0908408
-0.0937372
-0.0966126
-0.0994675
-0.102302
-0.105117
-0.107913
-0.110689
-0.0670864
-0.0702799
-0.0734462
-0.0765856
-0.0796986
-0.0827856
-0.0858469
-0.0888831
-0.0918945
-0.0948815
-0.0978447
-0.100784
-0.103701
-0.106596
-0.109468
-0.112319
-0.0705635
-0.0738502
-0.0771062
-0.080332
-0.0835281
-0.0866949
-0.0898329
-0.0929426
-0.0960245
-0.0990792
-0.102107
-0.105109
-0.108085
-0.111037
-0.113963
-0.116866
-0.0742081
-0.0775889
-0.0809351
-0.0842474
-0.0875262
-0.090772
-0.0939855
-0.0971673
-0.100318
-0.103438
-0.106528
-0.109589
-0.112622
-0.115626
-0.118604
-0.121555
-0.0780283
-0.0815038
-0.0849405
-0.0883389
-0.0916996
-0.0950233
-0.0983107
-0.101562
-0.104779
-0.107962
-0.111111
-0.114228
-0.117313
-0.120366
-0.12339
-0.126384
-0.0820325
-0.0856032
-0.08913
-0.0926138
-0.0960552
-0.0994552
-0.102814
-0.106133
-0.109414
-0.112655
-0.11586
-0.119028
-0.12216
-0.125258
-0.128322
-0.131354
-0.0862296
-0.0898954
-0.0935119
-0.0970799
-0.1006
-0.104074
-0.107503
-0.110886
-0.114225
-0.117522
-0.120777
-0.123991
-0.127166
-0.130302
-0.1334
-0.136463
-0.090629
-0.0943895
-0.0980946
-0.101745
-0.105343
-0.108888
-0.112382
-0.115825
-0.11922
-0.122567
-0.125866
-0.129121
-0.132331
-0.135498
-0.138624
-0.14171
-0.0952404
-0.099095
-0.102887
-0.106619
-0.110291
-0.113903
-0.117459
-0.120958
-0.124402
-0.127793
-0.131132
-0.13442
-0.137658
-0.140849
-0.143993
-0.147093
-0.100074
-0.104022
-0.1079
-0.11171
-0.115452
-0.119129
-0.122741
-0.126291
-0.129779
-0.133207
-0.136577
-0.13989
-0.143148
-0.146353
-0.149507
-0.152611
-0.105143
-0.109182
-0.113143
-0.117027
-0.120837
-0.124572
-0.128236
-0.13183
-0.135354
-0.138812
-0.142205
-0.145534
-0.148803
-0.152011
-0.155163
-0.15826
-0.110457
-0.114586
-0.118627
-0.122583
-0.126455
-0.130244
-0.133953
-0.137583
-0.141136
-0.144615
-0.14802
-0.151356
-0.154623
-0.157823
-0.16096
-0.164035
-0.116031
-0.120247
-0.124366
-0.128388
-0.132316
-0.136152
-0.139899
-0.143557
-0.14713
-0.150619
-0.154027
-0.157356
-0.160609
-0.163787
-0.166895
-0.169933
-0.12188
-0.12618
-0.13037
-0.134454
-0.138432
-0.142307
-0.146082
-0.149759
-0.15334
-0.156828
-0.160225
-0.163534
-0.166759
-0.1699
-0.172962
-0.175948
-0.128019
-0.132398
-0.136656
-0.140793
-0.144812
-0.148717
-0.15251
-0.156193
-0.159769
-0.163241
-0.166613
-0.169886
-0.173065
-0.176151
-0.179149
-0.182062
-0.134464
-0.138919
-0.143236
-0.147419
-0.151471
-0.155395
-0.159193
-0.162868
-0.166425
-0.169865
-0.173193
-0.176412
-0.179524
-0.182534
-0.185444
-0.188257
-0.141217
-0.145744
-0.150118
-0.154342
-0.158419
-0.162353
-0.166147
-0.169804
-0.173329
-0.176725
-0.179995
-0.183142
-0.186171
-0.189084
-0.191884
-0.194574
-0.14829
-0.152874
-0.157289
-0.161539
-0.165626
-0.169556
-0.173332
-0.176959
-0.180441
-0.183782
-0.186986
-0.190056
-0.192997
-0.195812
-0.198504
-0.201075
)
;

boundaryField
{
    inlet
    {
        type            zeroGradient;
    }
    outlet
    {
        type            fixedValue;
        value           nonuniform 0();
    }
    cylinder
    {
        type            zeroGradient;
    }
    top
    {
        type            symmetryPlane;
    }
    bottom
    {
        type            symmetryPlane;
    }
    defaultFaces
    {
        type            empty;
    }
    procBoundary1to0
    {
        type            processor;
        value           nonuniform List<scalar> 
261
(
0.0851875
0.073613
0.0851875
0.0888157
0.0888157
0.0928212
0.0928212
0.0975022
0.0975022
0.109812
0.115225
0.115225
0.120699
0.120699
0.1346
0.140951
0.140951
0.155727
0.162983
0.162983
0.17028
0.17028
0.186815
0.195021
0.195021
0.212444
0.229797
0.239834
0.239834
0.257984
0.26891
0.26891
0.287791
0.299572
0.299572
0.319088
0.338302
0.351741
0.351741
0.371371
0.390577
0.40551
0.40551
0.424846
0.443629
0.461822
0.478417
0.478417
0.496281
0.513421
0.529803
0.545395
0.562727
0.562727
0.577356
0.591067
0.603832
0.615625
0.626423
0.636204
0.644948
0.652638
0.665761
0.665761
0.67153
0.676159
0.679639
0.681963
0.683126
0.683126
0.681962
0.679638
0.676157
0.671527
0.665757
0.665757
0.652634
0.644944
0.636199
0.626418
0.615619
0.603825
0.59106
0.577348
0.562719
0.562719
0.545386
0.529794
0.513411
0.496271
0.478407
0.478407
0.461812
0.443618
0.424835
0.424835
0.409314
0.390566
0.37136
0.35173
0.35173
0.338291
0.319077
0.299561
0.299561
0.28778
0.268899
0.268899
0.257974
0.239824
0.239824
0.229787
0.212434
0.195011
0.195011
0.186805
0.186805
0.178624
0.162974
0.162974
0.155718
0.140942
0.140942
0.134592
0.12069
0.12069
0.115217
0.115217
0.109805
0.109805
0.104454
0.0928137
0.0928137
0.0888084
0.0888084
0.0851803
0.0851803
0.0736057
0.073613
0.0708822
0.0678641
0.0652238
0.0627475
0.0604323
0.0582709
0.0562501
0.0543585
0.0525858
0.0509224
0.0493595
0.0478889
0.0465032
0.0451955
0.0439595
0.0427895
0.0416804
0.0406274
0.0396264
0.0386735
0.0377652
0.0368986
0.0360708
0.0352794
0.0345222
0.0337973
0.0331029
0.0324374
0.0317995
0.0311879
0.0311879
0.0326656
0.0320198
0.0314021
0.0308116
0.0302472
0.029708
0.0291933
0.0287023
0.0282343
0.0277888
0.0273651
0.0269628
0.0265813
0.0262204
0.0258795
0.0255584
0.0252569
0.0249746
0.0247113
0.0244671
0.0242417
0.0240352
0.0238477
0.0236796
0.0235304
0.0234025
0.0232917
0.0232109
0.0231311
0.0241224
0.024201
0.0242858
0.0244024
0.0245393
0.0246999
0.0248821
0.0240252
0.0240252
0.0242314
0.0244566
0.0247007
0.0249637
0.0252458
0.0255471
0.025868
0.0262087
0.0265695
0.0269508
0.027353
0.0277765
0.028222
0.0286899
0.0291809
0.0296955
0.0302347
0.0307991
0.0313897
0.0320074
0.0326533
0.0333286
0.0340345
0.0347725
0.0355442
0.0363514
0.037196
0.0380803
0.0390067
0.039978
0.0409971
0.0386632
0.0386632
0.0396163
0.0406176
0.0416708
0.0427802
0.0439504
0.0451866
0.0464946
0.0478805
0.0493513
0.0509144
0.0525779
0.0543507
0.0562424
0.0582634
0.0604249
0.0627402
0.0652165
0.0678568
0.0708749
0.0736057
)
;
    }
    procBoundary1to2
    {
        type            processor;
        value           nonuniform List<scalar> 
200
(
-0.279097
-0.280519
-0.280519
-0.281553
-0.281553
-0.282069
-0.284506
-0.284506
-0.284518
-0.284518
-0.284148
-0.284148
-0.283481
-0.283481
-0.282582
-0.282582
-0.281461
-0.281461
-0.280039
-0.280039
-0.27812
-0.27812
-0.2754
-0.2754
-0.270272
-0.265493
-0.265493
-0.259169
-0.259169
-0.251298
-0.251298
-0.243076
-0.233306
-0.233306
-0.222553
-0.222553
-0.21405
-0.203522
-0.222554
-0.214055
-0.203529
-0.222554
-0.233304
-0.251291
-0.233304
-0.243071
-0.251291
-0.259159
-0.271508
-0.259159
-0.26548
-0.271508
-0.275383
-0.275383
-0.278102
-0.278102
-0.28002
-0.28002
-0.281442
-0.281442
-0.282562
-0.282562
-0.283461
-0.283461
-0.284128
-0.284128
-0.284498
-0.284498
-0.284486
-0.284486
-0.283994
-0.283994
-0.281533
-0.280499
-0.280499
-0.279077
-0.203522
-0.197148
-0.190968
-0.184881
-0.178846
-0.172891
-0.167034
-0.161285
-0.161285
-0.158659
-0.153145
-0.147744
-0.142461
-0.137299
-0.132262
-0.127354
-0.122576
-0.117931
-0.113419
-0.109042
-0.104799
-0.10069
-0.0967156
-0.0928734
-0.0891624
-0.085581
-0.0821273
-0.0787995
-0.0755951
-0.0725121
-0.0695479
-0.0667001
-0.0639662
-0.0613436
-0.05883
-0.0564227
-0.0541193
-0.0519175
-0.0498147
-0.0478089
-0.0458979
-0.0440795
-0.0423519
-0.0407134
-0.0391623
-0.0376972
-0.0363169
-0.0350202
-0.0338064
-0.0338064
-0.0338467
-0.0327705
-0.0317783
-0.0308706
-0.0300479
-0.0293118
-0.0286633
-0.0281053
-0.0276408
-0.0272701
-0.0270103
-0.0268297
-0.0268356
-0.0270164
-0.0272763
-0.0266311
-0.0266311
-0.0270844
-0.0276287
-0.0282614
-0.0289797
-0.0297824
-0.0306682
-0.0316364
-0.0326867
-0.033819
-0.0350337
-0.0363313
-0.0377126
-0.0391787
-0.0407308
-0.0423703
-0.0440988
-0.0459181
-0.0478302
-0.0498369
-0.0519406
-0.0541433
-0.0564475
-0.0588556
-0.06137
-0.0639932
-0.0667277
-0.0695761
-0.0725408
-0.0756243
-0.0788289
-0.0821571
-0.0856109
-0.0891924
-0.0929034
-0.0967455
-0.10072
-0.104828
-0.109071
-0.113448
-0.115149
-0.115149
-0.119746
-0.12448
-0.12935
-0.134354
-0.13949
-0.144757
-0.150151
-0.155668
-0.161303
-0.167051
-0.172906
-0.17886
-0.184893
-0.190979
-0.197157
-0.203529
)
;
    }
}


// ************************************************************************* //
