/*--------------------------------*- C++ -*----------------------------------*\
  =========                 |
  \\      /  F ield         | OpenFOAM: The Open Source CFD Toolbox
   \\    /   O peration     | Website:  https://openfoam.org
    \\  /    A nd           | Version:  7
     \\/     M anipulation  |
\*---------------------------------------------------------------------------*/
FoamFile
{
    version     2.0;
    format      ascii;
    class       volScalarField;
    location    "85";
    object      p;
}
// * * * * * * * * * * * * * * * * * * * * * * * * * * * * * * * * * * * * * //

dimensions      [0 2 -2 0 0 0 0];

internalField   nonuniform List<scalar> 
8500
(
-0.357601
-0.359202
-0.360089
-0.360781
-0.361334
-0.361772
-0.362138
-0.362468
-0.362787
-0.363116
-0.363466
-0.363847
-0.364264
-0.364726
-0.365246
-0.365841
-0.366542
-0.367391
-0.368423
-0.369727
-0.359129
-0.360853
-0.361816
-0.362579
-0.363206
-0.363719
-0.364167
-0.364583
-0.364995
-0.36542
-0.365868
-0.366347
-0.36686
-0.367412
-0.36801
-0.368669
-0.369412
-0.370271
-0.371281
-0.372518
-0.360762
-0.362601
-0.363635
-0.364467
-0.365165
-0.365753
-0.366281
-0.366784
-0.367289
-0.367811
-0.368359
-0.368938
-0.369548
-0.37019
-0.370868
-0.37159
-0.372374
-0.373244
-0.37423
-0.375392
-0.362507
-0.36445
-0.36555
-0.366447
-0.367213
-0.367875
-0.368483
-0.369074
-0.369672
-0.370292
-0.370941
-0.371621
-0.372328
-0.373062
-0.373821
-0.374608
-0.375434
-0.376315
-0.377276
-0.378358
-0.364371
-0.366406
-0.367566
-0.368523
-0.369355
-0.370089
-0.370777
-0.371455
-0.372146
-0.372865
-0.373616
-0.374397
-0.375204
-0.376031
-0.376871
-0.377723
-0.378591
-0.379485
-0.38042
-0.381418
-0.366358
-0.368471
-0.369684
-0.370698
-0.371591
-0.372395
-0.373162
-0.373926
-0.374712
-0.37553
-0.376384
-0.377268
-0.378176
-0.379095
-0.380018
-0.380935
-0.381846
-0.382754
-0.383662
-0.384572
-0.368472
-0.370648
-0.371907
-0.372971
-0.373923
-0.374795
-0.375638
-0.376489
-0.377369
-0.378287
-0.379244
-0.380232
-0.38124
-0.382254
-0.383258
-0.384241
-0.385193
-0.386116
-0.386996
-0.387817
-0.370714
-0.372938
-0.374235
-0.375344
-0.376351
-0.377287
-0.378206
-0.379142
-0.380115
-0.381133
-0.382193
-0.383285
-0.384395
-0.385502
-0.386588
-0.387635
-0.388628
-0.389565
-0.390417
-0.391144
-0.373085
-0.37534
-0.376667
-0.377815
-0.378871
-0.379869
-0.380862
-0.381882
-0.382948
-0.384065
-0.385228
-0.386424
-0.387634
-0.388833
-0.39
-0.391108
-0.392141
-0.393091
-0.393911
-0.39454
-0.375584
-0.377854
-0.379202
-0.380381
-0.381483
-0.382539
-0.383602
-0.384704
-0.385862
-0.387077
-0.388343
-0.389641
-0.39095
-0.392241
-0.393485
-0.394652
-0.39572
-0.396681
-0.397465
-0.39799
-0.378209
-0.380475
-0.381835
-0.383039
-0.384181
-0.385291
-0.386422
-0.387604
-0.388851
-0.390163
-0.39153
-0.39293
-0.394336
-0.395715
-0.397033
-0.398254
-0.399351
-0.400318
-0.401059
-0.401472
-0.380955
-0.383199
-0.384561
-0.385784
-0.38696
-0.38812
-0.389315
-0.390574
-0.391908
-0.393315
-0.39478
-0.396279
-0.39778
-0.399244
-0.400631
-0.401899
-0.403018
-0.403984
-0.404673
-0.404959
-0.383816
-0.38602
-0.387376
-0.38861
-0.389813
-0.391018
-0.392274
-0.393606
-0.395025
-0.396523
-0.398084
-0.399679
-0.40127
-0.402814
-0.404264
-0.405572
-0.406701
-0.407656
-0.408282
-0.408424
-0.386785
-0.388932
-0.39027
-0.391508
-0.392733
-0.393977
-0.395288
-0.39669
-0.398189
-0.399776
-0.40143
-0.403116
-0.404793
-0.406411
-0.407916
-0.409254
-0.410382
-0.411312
-0.41186
-0.411833
-0.389853
-0.391925
-0.393237
-0.394469
-0.395709
-0.396987
-0.398349
-0.399816
-0.40139
-0.403061
-0.404803
-0.406577
-0.408335
-0.41002
-0.411571
-0.412927
-0.414039
-0.414926
-0.415379
-0.415151
-0.393009
-0.394989
-0.396265
-0.397485
-0.398732
-0.400037
-0.401444
-0.40297
-0.404616
-0.406366
-0.40819
-0.410046
-0.411878
-0.413622
-0.41521
-0.416571
-0.41765
-0.418475
-0.418811
-0.41834
-0.396242
-0.398114
-0.399345
-0.400544
-0.401791
-0.403117
-0.404561
-0.40614
-0.407851
-0.409674
-0.411575
-0.413506
-0.415405
-0.417201
-0.418815
-0.420166
-0.421193
-0.421931
-0.422127
-0.421361
-0.399539
-0.401288
-0.402464
-0.403634
-0.404873
-0.406212
-0.407688
-0.409313
-0.411081
-0.412971
-0.414942
-0.416941
-0.418899
-0.420736
-0.422365
-0.423693
-0.424647
-0.425272
-0.425301
-0.424175
-0.402886
-0.404498
-0.405612
-0.406744
-0.407967
-0.409311
-0.41081
-0.412473
-0.414292
-0.416239
-0.418272
-0.420331
-0.42234
-0.424209
-0.425841
-0.42713
-0.42799
-0.428472
-0.42831
-0.426744
-0.40627
-0.407733
-0.408775
-0.409862
-0.41106
-0.4124
-0.413913
-0.415605
-0.417465
-0.419462
-0.421549
-0.423658
-0.425708
-0.4276
-0.429223
-0.430458
-0.431203
-0.431511
-0.431133
-0.429019
-0.409674
-0.410979
-0.411942
-0.412974
-0.41414
-0.415467
-0.416984
-0.418696
-0.420587
-0.422623
-0.424753
-0.426903
-0.428984
-0.430887
-0.432489
-0.433658
-0.434268
-0.434371
-0.433746
-0.430839
-0.413086
-0.414223
-0.4151
-0.41607
-0.417193
-0.418497
-0.420008
-0.421729
-0.42364
-0.425705
-0.427866
-0.430046
-0.432147
-0.434051
-0.435621
-0.43671
-0.437168
-0.437044
-0.436151
-0.432013
-0.41649
-0.417453
-0.418237
-0.419137
-0.420208
-0.421479
-0.422973
-0.42469
-0.42661
-0.42869
-0.430871
-0.433068
-0.435177
-0.43707
-0.438597
-0.439595
-0.43989
-0.439518
-0.438397
-0.433938
-0.419872
-0.420657
-0.421342
-0.422164
-0.423174
-0.424401
-0.425866
-0.427567
-0.429481
-0.431563
-0.433749
-0.43595
-0.438054
-0.439923
-0.441395
-0.442291
-0.442415
-0.441781
-0.440332
-0.435347
-0.42322
-0.423825
-0.424406
-0.425142
-0.426081
-0.427253
-0.428675
-0.430346
-0.432239
-0.434309
-0.436485
-0.438675
-0.44076
-0.442591
-0.443996
-0.44478
-0.444722
-0.44381
-0.442034
-0.436281
-0.426522
-0.426945
-0.427418
-0.428062
-0.42892
-0.430024
-0.431391
-0.433017
-0.434874
-0.436914
-0.439064
-0.441227
-0.443276
-0.445055
-0.44638
-0.44704
-0.446791
-0.445583
-0.443496
-0.436827
-0.429766
-0.430011
-0.430372
-0.430916
-0.431684
-0.432708
-0.434005
-0.43557
-0.437375
-0.439368
-0.441474
-0.443592
-0.445588
-0.447299
-0.448529
-0.449053
-0.448605
-0.447083
-0.444697
-0.437009
-0.432945
-0.433014
-0.433261
-0.433699
-0.434367
-0.435299
-0.436512
-0.438
-0.439734
-0.441662
-0.443706
-0.445758
-0.447683
-0.449309
-0.450428
-0.450803
-0.450147
-0.448296
-0.445628
-0.43684
-0.436051
-0.435951
-0.436081
-0.436407
-0.436965
-0.437793
-0.438906
-0.4403
-0.441947
-0.443791
-0.445752
-0.44772
-0.449554
-0.451075
-0.452066
-0.452277
-0.451405
-0.44921
-0.44628
-0.43633
-0.43908
-0.438817
-0.438829
-0.439038
-0.439477
-0.440187
-0.441187
-0.44247
-0.44401
-0.445751
-0.447609
-0.449473
-0.451196
-0.452592
-0.453436
-0.453467
-0.452368
-0.449816
-0.446644
-0.435492
-0.44203
-0.441611
-0.441506
-0.441591
-0.441903
-0.442484
-0.443354
-0.444511
-0.445926
-0.447543
-0.449279
-0.451018
-0.452608
-0.453859
-0.454536
-0.454369
-0.453031
-0.450109
-0.446709
-0.43434
-0.444899
-0.444336
-0.444111
-0.444069
-0.444244
-0.444685
-0.445412
-0.446425
-0.447697
-0.449172
-0.450766
-0.452359
-0.453797
-0.454882
-0.455371
-0.454987
-0.453395
-0.450091
-0.446464
-0.432894
-0.447691
-0.446992
-0.44665
-0.446475
-0.446507
-0.446796
-0.447366
-0.448219
-0.449331
-0.450647
-0.452079
-0.453507
-0.454771
-0.455669
-0.455951
-0.455329
-0.453465
-0.44977
-0.445898
-0.431177
-0.450411
-0.449586
-0.449126
-0.448816
-0.448696
-0.448823
-0.449224
-0.449903
-0.450839
-0.451977
-0.453229
-0.454473
-0.455544
-0.456236
-0.45629
-0.455412
-0.453254
-0.449166
-0.445003
-0.429221
-0.453066
-0.452124
-0.451548
-0.451099
-0.450821
-0.450776
-0.450996
-0.451488
-0.452232
-0.453177
-0.454233
-0.455275
-0.456136
-0.456602
-0.45641
-0.455256
-0.452782
-0.448308
-0.443782
-0.427086
-0.455665
-0.454616
-0.453924
-0.453333
-0.452891
-0.452667
-0.452694
-0.452987
-0.453527
-0.454263
-0.455108
-0.455932
-0.456566
-0.45679
-0.456332
-0.454888
-0.452072
-0.447231
-0.442242
-0.424851
-0.45822
-0.457072
-0.456264
-0.455529
-0.454919
-0.454507
-0.454334
-0.454416
-0.45474
-0.455256
-0.455875
-0.456467
-0.456858
-0.456823
-0.456085
-0.454336
-0.451154
-0.445978
-0.440351
-0.422488
-0.460746
-0.459505
-0.458582
-0.4577
-0.456916
-0.456311
-0.455929
-0.455793
-0.455891
-0.456175
-0.456557
-0.456903
-0.457036
-0.456728
-0.455696
-0.453633
-0.450075
-0.444622
-0.438026
-0.419699
-0.463257
-0.461928
-0.460889
-0.459858
-0.458898
-0.458094
-0.457498
-0.457135
-0.456999
-0.457042
-0.457175
-0.457264
-0.457126
-0.45653
-0.45519
-0.452811
-0.448902
-0.443308
-0.435426
-0.416778
-0.46577
-0.464355
-0.463201
-0.462018
-0.460878
-0.459872
-0.459057
-0.458462
-0.458085
-0.457879
-0.457754
-0.457573
-0.45715
-0.45625
-0.45459
-0.451891
-0.447674
-0.442123
-0.433328
-0.417656
-0.468304
-0.466803
-0.465531
-0.464195
-0.462872
-0.461661
-0.460623
-0.459793
-0.459169
-0.458707
-0.458315
-0.457852
-0.457129
-0.455909
-0.453911
-0.450879
-0.446362
-0.440848
-0.432122
-0.428507
-0.470876
-0.469287
-0.467896
-0.466404
-0.464897
-0.463479
-0.462215
-0.461146
-0.460271
-0.459547
-0.458879
-0.458123
-0.457083
-0.455522
-0.453162
-0.449769
-0.444926
-0.439319
-0.430528
-0.429044
-0.473505
-0.471823
-0.470309
-0.46866
-0.466967
-0.46534
-0.46385
-0.46254
-0.461411
-0.460418
-0.459465
-0.458401
-0.457027
-0.455102
-0.452351
-0.448559
-0.443338
-0.43744
-0.428343
-0.426408
-0.476211
-0.474428
-0.472788
-0.470978
-0.469097
-0.467261
-0.465544
-0.463992
-0.462605
-0.461338
-0.460089
-0.458703
-0.456974
-0.454658
-0.451484
-0.447248
-0.44159
-0.435241
-0.425728
-0.422626
-0.479009
-0.477117
-0.475345
-0.473373
-0.471303
-0.469257
-0.467313
-0.465517
-0.463869
-0.462321
-0.460765
-0.45904
-0.456934
-0.454197
-0.450564
-0.445838
-0.439686
-0.432777
-0.422779
-0.418223
-0.481919
-0.479904
-0.477996
-0.475858
-0.473598
-0.471342
-0.469171
-0.467129
-0.465217
-0.46338
-0.461505
-0.459422
-0.456911
-0.453723
-0.449593
-0.444334
-0.437637
-0.430096
-0.419578
-0.413545
-0.482804
-0.480753
-0.478446
-0.475994
-0.473529
-0.47113
-0.468842
-0.46666
-0.464525
-0.462315
-0.459852
-0.45691
-0.453236
-0.448573
-0.442741
-0.43546
-0.427247
-0.416201
-0.408791
-0.483629
-0.481149
-0.478503
-0.475828
-0.4732
-0.470663
-0.468207
-0.465763
-0.463201
-0.460334
-0.45693
-0.452737
-0.447505
-0.441065
-0.43317
-0.424271
-0.412708
-0.404072
-0.483977
-0.481136
-0.478249
-0.475392
-0.472603
-0.469864
-0.467098
-0.464164
-0.460867
-0.45697
-0.452223
-0.446389
-0.439313
-0.430785
-0.421204
-0.409147
-0.399445
-0.486939
-0.483901
-0.480801
-0.477713
-0.474665
-0.471634
-0.468531
-0.465203
-0.461447
-0.457024
-0.45169
-0.445223
-0.43749
-0.428319
-0.418074
-0.40555
-0.394937
-0.486805
-0.48349
-0.480166
-0.476855
-0.47352
-0.470061
-0.466314
-0.462069
-0.457086
-0.451133
-0.444007
-0.435601
-0.425786
-0.414903
-0.401943
-0.390556
-0.486322
-0.482757
-0.479173
-0.475521
-0.471685
-0.467492
-0.462725
-0.457149
-0.450545
-0.442738
-0.43365
-0.423197
-0.411705
-0.39834
-0.386299
-0.485488
-0.48162
-0.477633
-0.473396
-0.468727
-0.463405
-0.457202
-0.44992
-0.441415
-0.431641
-0.420561
-0.408492
-0.394752
-0.382158
-0.484193
-0.479851
-0.475188
-0.47001
-0.464098
-0.457236
-0.44925
-0.440033
-0.429575
-0.417882
-0.405269
-0.391182
-0.378118
-0.482168
-0.477048
-0.471328
-0.46479
-0.457238
-0.448528
-0.43859
-0.427453
-0.415166
-0.402042
-0.387631
-0.374164
-0.478967
-0.472667
-0.465469
-0.457197
-0.447744
-0.437082
-0.425276
-0.412415
-0.398809
-0.384097
-0.370282
-0.474012
-0.466118
-0.457101
-0.446891
-0.435503
-0.423041
-0.409627
-0.395569
-0.380576
-0.366456
-0.466724
-0.456937
-0.44596
-0.43385
-0.420747
-0.406801
-0.392317
-0.377061
-0.362669
-0.444941
-0.432116
-0.418389
-0.403935
-0.38905
-0.373545
-0.358908
-0.430296
-0.415964
-0.401024
-0.385759
-0.37002
-0.355158
-0.413467
-0.398062
-0.382439
-0.366477
-0.351406
-0.37908
-0.362905
-0.347638
-0.359296
-0.343842
-0.278847
-0.267581
-0.292742
-0.280952
-0.270008
-0.316942
-0.305686
-0.294393
-0.282953
-0.272346
-0.327877
-0.317492
-0.306761
-0.295927
-0.284852
-0.274601
-0.345496
-0.336925
-0.327681
-0.317897
-0.307704
-0.297347
-0.286652
-0.276779
-0.351142
-0.343905
-0.335958
-0.327341
-0.318158
-0.308514
-0.298653
-0.288353
-0.278887
-0.354987
-0.348915
-0.342223
-0.334868
-0.326861
-0.318276
-0.30919
-0.299844
-0.289956
-0.280932
-0.357497
-0.352303
-0.346658
-0.340466
-0.333666
-0.326245
-0.318252
-0.309731
-0.300919
-0.291461
-0.282921
-0.359153
-0.354544
-0.349656
-0.344389
-0.338648
-0.332363
-0.325501
-0.318088
-0.310135
-0.301877
-0.292866
-0.284865
-0.360315
-0.35608
-0.351683
-0.347058
-0.34212
-0.336781
-0.330968
-0.324634
-0.317785
-0.3104
-0.302714
-0.294168
-0.286771
-0.361176
-0.357214
-0.353136
-0.348921
-0.34452
-0.339866
-0.334881
-0.329495
-0.323652
-0.317345
-0.310522
-0.303428
-0.295365
-0.288652
-0.361772
-0.358085
-0.354261
-0.350322
-0.346262
-0.342051
-0.337638
-0.33296
-0.327955
-0.322564
-0.316773
-0.310501
-0.304013
-0.29645
-0.290518
-0.36204
-0.358696
-0.355151
-0.351455
-0.347639
-0.34371
-0.339656
-0.335446
-0.331032
-0.326361
-0.32138
-0.316071
-0.310334
-0.304464
-0.297417
-0.29238
-0.361868
-0.35897
-0.355782
-0.352371
-0.348792
-0.345083
-0.341265
-0.337342
-0.333299
-0.329107
-0.324726
-0.320109
-0.315247
-0.310019
-0.304775
-0.298255
-0.294245
-0.361119
-0.358793
-0.356065
-0.353024
-0.349739
-0.346268
-0.342654
-0.33893
-0.335114
-0.331207
-0.327198
-0.323062
-0.318764
-0.314306
-0.309557
-0.304937
-0.298951
-0.296117
-0.358041
-0.35589
-0.353321
-0.35042
-0.347253
-0.343879
-0.340349
-0.336704
-0.332974
-0.329177
-0.325316
-0.321383
-0.317358
-0.313258
-0.308946
-0.304938
-0.299487
-0.29799
-0.356619
-0.355142
-0.353155
-0.350737
-0.347966
-0.344908
-0.341623
-0.338167
-0.334588
-0.330928
-0.327216
-0.323472
-0.319704
-0.315906
-0.312114
-0.308191
-0.304765
-0.299838
-0.299841
-0.35452
-0.353736
-0.352422
-0.350589
-0.348311
-0.345661
-0.342703
-0.339499
-0.336107
-0.332584
-0.328978
-0.325332
-0.321678
-0.31804
-0.314424
-0.310887
-0.307295
-0.304402
-0.299976
-0.301615
-0.351618
-0.351044
-0.349881
-0.348189
-0.346042
-0.343503
-0.340637
-0.337506
-0.334171
-0.330693
-0.327129
-0.323532
-0.319945
-0.316405
-0.31293
-0.309595
-0.306268
-0.30383
-0.29986
-0.303207
-0.348925
-0.348543
-0.347518
-0.345957
-0.343929
-0.341493
-0.338711
-0.335645
-0.332359
-0.328919
-0.325387
-0.321825
-0.318286
-0.314816
-0.311445
-0.308257
-0.305124
-0.303029
-0.299447
-0.304426
-0.346442
-0.346234
-0.345335
-0.343893
-0.341974
-0.339632
-0.336926
-0.333919
-0.330676
-0.327267
-0.323759
-0.320221
-0.316714
-0.313291
-0.309991
-0.306897
-0.303885
-0.301979
-0.298696
-0.304988
-0.344171
-0.344117
-0.343331
-0.341997
-0.340178
-0.33792
-0.335284
-0.33233
-0.329126
-0.325742
-0.322252
-0.318729
-0.315242
-0.311849
-0.30859
-0.305546
-0.30258
-0.300654
-0.297534
-0.304577
-0.342113
-0.342193
-0.341507
-0.34027
-0.33854
-0.336361
-0.333788
-0.330883
-0.327713
-0.324352
-0.320876
-0.317362
-0.313885
-0.310507
-0.307271
-0.304237
-0.301254
-0.299043
-0.295691
-0.300801
-0.340269
-0.340461
-0.339862
-0.338712
-0.337063
-0.334955
-0.332441
-0.329582
-0.326444
-0.323103
-0.319638
-0.316131
-0.312659
-0.309287
-0.306058
-0.303013
-0.299981
-0.297324
-0.293325
-0.283698
-0.338639
-0.33892
-0.338396
-0.337322
-0.335747
-0.333704
-0.331246
-0.328429
-0.325323
-0.322002
-0.318549
-0.315047
-0.311576
-0.308206
-0.304978
-0.301919
-0.298851
-0.295758
-0.292072
-0.279031
-0.337219
-0.337569
-0.337108
-0.3361
-0.334591
-0.332609
-0.330203
-0.327429
-0.324355
-0.321056
-0.317616
-0.31412
-0.310651
-0.307282
-0.304057
-0.300995
-0.297947
-0.294675
-0.29187
-0.27934
-0.336008
-0.336404
-0.335993
-0.335043
-0.333594
-0.331669
-0.329314
-0.326584
-0.323544
-0.32027
-0.316846
-0.31336
-0.309897
-0.306531
-0.303311
-0.300261
-0.297277
-0.294016
-0.291875
-0.28004
-0.334999
-0.335421
-0.33505
-0.334149
-0.332754
-0.330883
-0.328579
-0.325894
-0.322892
-0.319648
-0.316246
-0.312775
-0.309321
-0.305963
-0.302754
-0.299725
-0.296816
-0.29365
-0.291886
-0.280808
-0.334186
-0.334615
-0.334272
-0.333414
-0.332068
-0.330249
-0.327997
-0.325359
-0.322399
-0.319191
-0.315818
-0.312369
-0.308932
-0.305588
-0.302396
-0.299395
-0.296557
-0.29353
-0.291995
-0.281941
-0.333561
-0.333978
-0.333655
-0.332832
-0.331531
-0.329763
-0.327563
-0.324977
-0.322065
-0.3189
-0.315564
-0.312146
-0.308735
-0.305412
-0.302244
-0.299278
-0.29651
-0.293651
-0.292267
-0.283446
-0.333115
-0.333504
-0.333191
-0.332397
-0.331138
-0.32942
-0.327274
-0.324743
-0.321885
-0.318772
-0.315483
-0.312107
-0.308731
-0.305441
-0.302306
-0.299382
-0.296687
-0.294009
-0.292733
-0.285235
-0.332835
-0.333183
-0.332874
-0.332104
-0.330883
-0.329215
-0.327125
-0.324654
-0.321857
-0.318803
-0.315571
-0.312248
-0.308921
-0.305674
-0.302583
-0.299712
-0.297095
-0.294606
-0.29342
-0.287242
-0.332711
-0.333006
-0.332694
-0.331944
-0.33076
-0.32914
-0.327109
-0.324702
-0.321973
-0.318988
-0.315824
-0.312565
-0.309299
-0.30611
-0.303075
-0.300269
-0.29774
-0.295441
-0.294347
-0.289418
-0.33273
-0.332962
-0.332643
-0.331909
-0.330759
-0.32919
-0.327219
-0.324882
-0.322227
-0.319319
-0.316234
-0.313052
-0.30986
-0.306742
-0.30378
-0.301052
-0.298623
-0.296512
-0.295523
-0.291723
-0.332878
-0.333043
-0.332712
-0.331991
-0.330875
-0.329355
-0.327448
-0.325184
-0.32261
-0.319789
-0.316792
-0.3137
-0.310596
-0.307564
-0.304688
-0.302053
-0.299737
-0.297813
-0.296943
-0.29412
-0.333142
-0.333236
-0.332891
-0.332182
-0.331098
-0.329629
-0.327787
-0.325601
-0.323115
-0.320388
-0.31749
-0.314499
-0.311495
-0.308564
-0.305789
-0.303262
-0.301071
-0.29933
-0.298591
-0.29658
-0.333509
-0.333531
-0.333171
-0.332474
-0.331421
-0.330004
-0.32823
-0.326125
-0.323732
-0.321106
-0.318316
-0.315437
-0.312547
-0.309729
-0.30707
-0.304663
-0.302608
-0.301047
-0.300443
-0.299084
-0.333966
-0.333918
-0.333544
-0.332857
-0.331837
-0.330471
-0.328767
-0.326747
-0.324452
-0.321935
-0.319261
-0.316503
-0.313737
-0.311045
-0.308514
-0.306239
-0.304327
-0.302941
-0.302473
-0.301621
-0.3345
-0.334387
-0.333999
-0.333323
-0.332336
-0.331025
-0.329392
-0.32746
-0.325267
-0.322863
-0.320313
-0.317684
-0.315052
-0.312496
-0.310103
-0.307969
-0.306207
-0.304989
-0.304654
-0.304183
-0.335101
-0.334927
-0.334529
-0.333867
-0.332914
-0.331656
-0.330097
-0.328255
-0.326168
-0.323883
-0.321461
-0.318969
-0.316478
-0.314066
-0.311819
-0.309834
-0.308224
-0.307168
-0.306959
-0.306771
-0.335756
-0.335532
-0.335126
-0.334479
-0.333562
-0.33236
-0.330876
-0.329126
-0.327147
-0.324984
-0.322695
-0.320344
-0.318001
-0.315739
-0.313644
-0.311811
-0.310355
-0.309454
-0.309365
-0.309384
-0.336457
-0.336191
-0.335783
-0.335153
-0.334274
-0.33313
-0.331722
-0.330066
-0.328197
-0.326159
-0.324006
-0.3218
-0.319607
-0.3175
-0.31556
-0.313882
-0.312578
-0.311825
-0.31185
-0.312024
-0.337194
-0.336898
-0.336492
-0.335885
-0.335045
-0.33396
-0.332629
-0.331069
-0.329311
-0.327399
-0.325384
-0.323324
-0.321284
-0.319333
-0.31755
-0.316026
-0.314873
-0.314261
-0.314393
-0.314688
-0.337961
-0.337646
-0.337249
-0.336667
-0.33587
-0.334845
-0.333593
-0.332128
-0.330482
-0.328696
-0.32682
-0.324908
-0.323021
-0.321226
-0.319598
-0.318228
-0.31722
-0.316744
-0.316979
-0.317375
-0.338749
-0.33843
-0.338047
-0.337495
-0.336744
-0.335781
-0.334608
-0.333239
-0.331705
-0.330045
-0.328307
-0.326541
-0.324806
-0.323166
-0.321692
-0.320471
-0.319606
-0.319259
-0.319591
-0.320079
-0.339555
-0.339244
-0.338884
-0.338366
-0.337663
-0.336764
-0.335671
-0.334398
-0.332975
-0.33144
-0.329837
-0.328216
-0.326631
-0.325142
-0.323818
-0.322743
-0.322014
-0.321793
-0.322218
-0.322794
-0.340374
-0.340086
-0.339754
-0.339275
-0.338624
-0.337791
-0.336778
-0.335601
-0.334288
-0.332876
-0.331407
-0.329927
-0.328488
-0.327146
-0.325968
-0.325033
-0.324436
-0.324333
-0.324847
-0.325513
-0.341203
-0.340952
-0.340655
-0.340221
-0.339624
-0.338858
-0.337926
-0.336844
-0.33564
-0.334348
-0.33301
-0.331668
-0.330371
-0.329171
-0.328133
-0.327333
-0.326861
-0.326871
-0.327469
-0.328227
-0.34204
-0.34184
-0.341586
-0.3412
-0.340662
-0.339965
-0.339113
-0.338125
-0.337027
-0.335854
-0.334643
-0.333434
-0.332274
-0.331212
-0.330308
-0.329636
-0.329283
-0.3294
-0.330078
-0.33093
-0.342885
-0.342749
-0.342544
-0.342213
-0.341735
-0.341108
-0.340338
-0.339443
-0.33845
-0.337391
-0.336303
-0.335224
-0.334195
-0.333265
-0.332489
-0.331939
-0.331699
-0.331915
-0.332667
-0.333613
-0.343738
-0.34368
-0.343531
-0.343257
-0.342844
-0.342288
-0.341599
-0.340796
-0.339905
-0.338959
-0.33799
-0.337035
-0.336133
-0.335328
-0.334674
-0.334239
-0.334105
-0.334413
-0.335233
-0.336272
-0.344601
-0.344633
-0.344546
-0.344334
-0.343988
-0.343504
-0.342896
-0.342184
-0.341394
-0.340557
-0.339703
-0.338868
-0.338087
-0.337401
-0.336863
-0.336536
-0.336501
-0.336895
-0.337777
-0.338904
-0.345478
-0.34561
-0.34559
-0.345445
-0.345167
-0.344758
-0.344231
-0.343609
-0.342917
-0.342185
-0.341443
-0.340723
-0.340058
-0.339487
-0.339058
-0.338833
-0.338889
-0.33936
-0.340297
-0.341507
-0.34637
-0.346614
-0.346666
-0.346591
-0.346384
-0.34605
-0.345604
-0.34507
-0.344475
-0.343846
-0.343213
-0.342603
-0.342049
-0.341586
-0.341262
-0.341132
-0.341274
-0.341814
-0.3428
-0.344078
-0.347284
-0.347648
-0.347777
-0.347774
-0.34764
-0.347382
-0.347017
-0.346571
-0.34607
-0.345542
-0.345014
-0.344511
-0.344064
-0.343705
-0.343479
-0.343439
-0.343659
-0.34426
-0.345289
-0.346614
-0.348224
-0.348716
-0.348926
-0.348998
-0.348939
-0.348757
-0.348473
-0.348114
-0.347706
-0.347277
-0.34685
-0.346452
-0.346107
-0.345849
-0.345716
-0.34576
-0.346052
-0.346706
-0.34776
-0.349138
-0.349198
-0.349824
-0.350118
-0.350266
-0.350283
-0.350178
-0.349975
-0.349703
-0.349387
-0.349054
-0.348727
-0.34843
-0.348185
-0.348023
-0.347979
-0.348103
-0.34846
-0.349158
-0.35023
-0.351663
-0.350212
-0.350977
-0.351356
-0.351582
-0.351676
-0.351648
-0.351527
-0.35134
-0.351116
-0.350878
-0.35065
-0.350451
-0.350304
-0.350234
-0.350277
-0.350475
-0.350893
-0.351628
-0.352711
-0.354174
-0.351275
-0.352181
-0.352647
-0.352952
-0.353123
-0.353173
-0.353133
-0.353032
-0.352898
-0.352755
-0.352623
-0.352522
-0.35247
-0.352491
-0.352616
-0.352886
-0.353359
-0.354124
-0.355212
-0.356685
-0.352393
-0.353443
-0.353995
-0.35438
-0.354629
-0.354756
-0.354797
-0.354782
-0.354739
-0.354689
-0.354654
-0.354649
-0.354691
-0.354802
-0.355007
-0.355345
-0.355869
-0.356659
-0.357745
-0.359212
-0.353576
-0.354769
-0.355408
-0.355871
-0.356197
-0.356403
-0.356525
-0.356596
-0.356643
-0.356687
-0.356748
-0.356839
-0.356974
-0.357173
-0.357458
-0.357862
-0.358433
-0.359242
-0.360322
-0.361768
-0.354833
-0.356166
-0.35689
-0.357431
-0.357834
-0.358118
-0.358321
-0.358478
-0.358615
-0.358754
-0.358911
-0.359097
-0.359327
-0.359613
-0.359976
-0.360444
-0.361061
-0.361885
-0.362953
-0.364363
-0.356172
-0.357642
-0.358448
-0.359066
-0.359545
-0.359906
-0.360191
-0.360434
-0.360662
-0.360895
-0.361148
-0.361432
-0.361755
-0.362128
-0.36257
-0.363102
-0.363761
-0.364599
-0.36565
-0.367013
-0.372531
-0.376229
-0.383123
-0.391812
-0.404172
-0.419363
-0.437619
-0.457217
-0.476274
-0.491642
-0.500056
-0.497955
-0.482272
-0.45128
-0.406742
-0.354263
-0.374921
-0.377856
-0.383758
-0.391056
-0.401767
-0.415028
-0.431252
-0.448845
-0.466104
-0.479997
-0.487345
-0.484691
-0.469068
-0.438923
-0.395995
-0.345637
-0.377442
-0.379554
-0.384442
-0.390279
-0.399257
-0.410475
-0.424537
-0.439989
-0.455328
-0.467654
-0.4739
-0.470684
-0.455188
-0.425965
-0.384722
-0.336558
-0.380111
-0.381341
-0.3852
-0.389517
-0.39669
-0.405761
-0.41754
-0.430721
-0.444016
-0.454684
-0.459781
-0.455995
-0.440687
-0.412446
-0.372949
-0.32704
-0.382941
-0.383234
-0.386061
-0.388807
-0.394112
-0.400946
-0.410329
-0.421114
-0.432246
-0.441162
-0.445057
-0.440724
-0.425587
-0.398411
-0.360703
-0.317097
-0.385942
-0.385248
-0.387048
-0.388184
-0.39157
-0.39609
-0.402976
-0.411249
-0.420102
-0.427171
-0.429806
-0.424932
-0.409959
-0.383911
-0.348013
-0.306748
-0.389117
-0.387392
-0.38818
-0.387681
-0.389111
-0.391251
-0.395551
-0.401207
-0.40767
-0.412796
-0.414109
-0.408648
-0.393857
-0.368996
-0.334909
-0.296012
-0.392468
-0.389672
-0.389475
-0.387327
-0.386776
-0.386487
-0.388125
-0.39107
-0.395039
-0.398129
-0.398052
-0.391967
-0.377463
-0.353602
-0.32142
-0.284907
-0.395988
-0.392092
-0.390943
-0.387144
-0.384602
-0.38185
-0.380768
-0.38092
-0.3823
-0.383261
-0.381721
-0.374969
-0.360734
-0.337894
-0.307575
-0.273456
-0.399667
-0.394646
-0.392589
-0.387154
-0.382623
-0.37739
-0.373544
-0.370837
-0.369542
-0.368285
-0.365207
-0.357737
-0.343727
-0.321928
-0.293404
-0.261683
-0.403487
-0.397327
-0.394414
-0.38737
-0.380867
-0.373153
-0.366515
-0.360899
-0.356855
-0.353294
-0.348599
-0.34035
-0.326517
-0.305726
-0.27894
-0.249613
-0.407428
-0.400121
-0.39641
-0.387798
-0.379356
-0.369175
-0.359737
-0.351179
-0.344326
-0.338382
-0.331988
-0.322891
-0.309154
-0.289352
-0.264177
-0.237276
-0.411462
-0.403008
-0.398566
-0.38844
-0.378102
-0.365489
-0.353259
-0.341742
-0.332035
-0.32364
-0.315464
-0.305435
-0.291702
-0.272857
-0.249177
-0.224701
-0.415555
-0.405965
-0.400862
-0.38929
-0.377115
-0.36212
-0.347123
-0.332652
-0.320062
-0.309155
-0.299116
-0.288064
-0.274548
-0.256265
-0.234034
-0.211915
-0.419672
-0.408963
-0.403272
-0.390335
-0.376395
-0.359084
-0.341365
-0.323962
-0.308479
-0.295013
-0.283032
-0.270851
-0.257132
-0.239618
-0.218787
-0.198943
-0.423773
-0.411968
-0.405767
-0.391556
-0.375933
-0.35639
-0.336013
-0.315719
-0.297349
-0.281294
-0.267302
-0.25389
-0.239786
-0.223
-0.203439
-0.185815
-0.427818
-0.414945
-0.408311
-0.392928
-0.375717
-0.354042
-0.331086
-0.307961
-0.286734
-0.268072
-0.252008
-0.237272
-0.222698
-0.206483
-0.188024
-0.172564
-0.431764
-0.417856
-0.410865
-0.39442
-0.375726
-0.352032
-0.326596
-0.300721
-0.276681
-0.255415
-0.237231
-0.221084
-0.20595
-0.190131
-0.172593
-0.159229
-0.435567
-0.420663
-0.413387
-0.395998
-0.375932
-0.350348
-0.322546
-0.294021
-0.267236
-0.243386
-0.223049
-0.205404
-0.189605
-0.17401
-0.157204
-0.145846
-0.130801
-0.439191
-0.423333
-0.415834
-0.397622
-0.376304
-0.34897
-0.318935
-0.287877
-0.258432
-0.232038
-0.20953
-0.190309
-0.173731
-0.158072
-0.141925
-0.132449
-0.118759
-0.442671
-0.42583
-0.41816
-0.39925
-0.376807
-0.347874
-0.315752
-0.282296
-0.250297
-0.221417
-0.196737
-0.175874
-0.158384
-0.142459
-0.126939
-0.118992
-0.106665
-0.446071
-0.428085
-0.420319
-0.400842
-0.377402
-0.347029
-0.312981
-0.277279
-0.24285
-0.211561
-0.184728
-0.162162
-0.143652
-0.12973
-0.112584
-0.105303
-0.094577
-0.448598
-0.430095
-0.422277
-0.402355
-0.378052
-0.346402
-0.310601
-0.27282
-0.236103
-0.202499
-0.173551
-0.14924
-0.129553
-0.114772
-0.0985744
-0.0917667
-0.082562
-0.450812
-0.431955
-0.423994
-0.403746
-0.378717
-0.34596
-0.308587
-0.268909
-0.23006
-0.194255
-0.163248
-0.137165
-0.116197
-0.100538
-0.0847464
-0.0787352
-0.0706846
-0.452798
-0.43352
-0.425425
-0.404986
-0.379351
-0.345675
-0.306915
-0.26553
-0.22472
-0.18684
-0.153853
-0.12599
-0.103681
-0.087204
-0.0713388
-0.0661333
-0.0590057
-0.454482
-0.434768
-0.426571
-0.406049
-0.379893
-0.345506
-0.305562
-0.262669
-0.220077
-0.180261
-0.145389
-0.115757
-0.0920617
-0.0747052
-0.0588309
-0.0536731
-0.047584
-0.455817
-0.435718
-0.427412
-0.406889
-0.380366
-0.345376
-0.304487
-0.260303
-0.216128
-0.174527
-0.137869
-0.106499
-0.0813853
-0.0630455
-0.0471704
-0.0415765
-0.0364816
-0.456782
-0.436375
-0.427932
-0.407484
-0.380707
-0.345309
-0.303654
-0.258376
-0.212841
-0.16964
-0.131306
-0.0982498
-0.0716908
-0.0522333
-0.0362381
-0.0300752
-0.025762
-0.457364
-0.436741
-0.428124
-0.407817
-0.380895
-0.345252
-0.303063
-0.256912
-0.210127
-0.165513
-0.125754
-0.0910313
-0.0630025
-0.0422396
-0.0261507
-0.0192405
-0.0154902
-0.457546
-0.436819
-0.427985
-0.407875
-0.380915
-0.345181
-0.302656
-0.255878
-0.208134
-0.161935
-0.121234
-0.0847932
-0.0553105
-0.0331375
-0.0175055
-0.00912701
-0.00572905
-0.457309
-0.436614
-0.427519
-0.407648
-0.380753
-0.345078
-0.302407
-0.255217
-0.206741
-0.159597
-0.11721
-0.0794318
-0.0486271
-0.0255439
-0.00855345
0.000226327
0.00346297
-0.456626
-0.436129
-0.426731
-0.40713
-0.380395
-0.344924
-0.302295
-0.254899
-0.205893
-0.157941
-0.114248
-0.0752932
-0.0430537
-0.018534
-0.000457098
0.00875858
0.012035
-0.45547
-0.435367
-0.425631
-0.40632
-0.379837
-0.344707
-0.302299
-0.254899
-0.205562
-0.156956
-0.112188
-0.072094
-0.0385174
-0.0126183
0.00648041
0.0164397
0.0199404
0.0159204
-0.453806
-0.434323
-0.424228
-0.405223
-0.379078
-0.344417
-0.302404
-0.255193
-0.205721
-0.156638
-0.110962
-0.0698159
-0.0350011
-0.00780013
0.0123407
0.0232489
0.0271382
0.0232166
-0.451594
-0.432981
-0.42253
-0.403836
-0.37811
-0.344037
-0.302575
-0.255733
-0.20631
-0.156925
-0.110509
-0.0684253
-0.0324599
-0.00399543
0.0172036
0.0291733
0.0335966
0.0299174
-0.448782
-0.431315
-0.42054
-0.40216
-0.37692
-0.343532
-0.302753
-0.256434
-0.207227
-0.157704
-0.110717
-0.0678198
-0.0308028
-0.00112829
0.0211389
0.0342164
0.0393024
0.0360006
-0.44533
-0.429335
-0.41831
-0.400252
-0.375567
-0.34296
-0.302991
-0.257343
-0.208512
-0.159008
-0.111608
-0.0680163
-0.0300415
0.000788788
0.0241432
0.0383658
0.0442252
0.0414383
-0.441298
-0.427095
-0.415935
-0.398259
-0.374259
-0.342602
-0.303642
-0.258872
-0.210614
-0.161295
-0.113621
-0.0694176
-0.030527
0.0014607
0.0259788
0.0414415
0.0482125
0.0461269
-0.436536
-0.424291
-0.413178
-0.395959
-0.372772
-0.342233
-0.304478
-0.260795
-0.21331
-0.164352
-0.116553
-0.0718383
-0.0321016
0.000996665
0.0266614
0.0433577
0.0512103
0.0499642
-0.429596
-0.4201
-0.409284
-0.392249
-0.369508
-0.339664
-0.30272
-0.259837
-0.212998
-0.164445
-0.116717
-0.0717957
-0.0316029
0.00215518
0.0284727
0.0457869
0.0544487
0.0536293
-0.417556
-0.414859
-0.404702
-0.387372
-0.364394
-0.334427
-0.297458
-0.254663
-0.207966
-0.159568
-0.111884
-0.0668936
-0.0264795
0.00769735
0.0345027
0.0524077
0.0611899
0.0603439
-0.405186
-0.404739
-0.394436
-0.376702
-0.353706
-0.324146
-0.287967
-0.246283
-0.200859
-0.153744
-0.107181
-0.0631033
-0.0233638
0.0104027
0.0369319
0.0547658
0.0636242
0.0627855
-0.394558
-0.393377
-0.382533
-0.364603
-0.341758
-0.312784
-0.277606
-0.237261
-0.193355
-0.147781
-0.102621
-0.0597498
-0.0209876
0.0120525
0.038027
0.0555496
0.0641052
0.0630326
-0.384644
-0.381565
-0.370164
-0.352326
-0.329804
-0.301546
-0.267485
-0.228574
-0.186275
-0.142331
-0.0986755
-0.0571125
-0.0194175
0.0128189
0.0381993
0.0553681
0.0636308
0.0623451
-0.374502
-0.369427
-0.357478
-0.339941
-0.317898
-0.290478
-0.257649
-0.220278
-0.17969
-0.137483
-0.0954497
-0.0553145
-0.0187956
0.0125426
0.0372714
0.0540573
0.0620766
0.0606696
-0.363835
-0.35707
-0.344581
-0.32748
-0.306058
-0.279583
-0.248081
-0.21234
-0.173551
-0.133177
-0.0928747
-0.0542831
-0.0190552
0.0112767
0.0352751
0.051628
0.0594146
0.0579545
-0.352642
-0.344596
-0.331634
-0.315056
-0.294372
-0.268926
-0.23882
-0.204767
-0.167837
-0.129362
-0.0908712
-0.0539149
-0.0200739
0.00916034
0.032358
0.0482261
0.0557816
0.0543254
-0.340974
-0.332091
-0.31878
-0.302776
-0.282922
-0.258567
-0.229897
-0.197564
-0.162523
-0.125986
-0.0893599
-0.0541054
-0.0217254
0.00633964
0.0286785
0.0440225
0.051355
0.0499619
-0.328941
-0.31963
-0.306128
-0.290722
-0.271759
-0.248541
-0.221324
-0.190718
-0.157574
-0.122988
-0.088256
-0.054746
-0.0238803
0.00295949
0.0243963
0.0391885
0.0463113
0.0450422
-0.316614
-0.307275
-0.293753
-0.278955
-0.26092
-0.238866
-0.213103
-0.184211
-0.152948
-0.120306
-0.0874739
-0.055728
-0.0264078
-0.000833284
0.0196694
0.0338934
0.0408231
0.0397371
-0.304262
-0.295083
-0.281704
-0.267518
-0.250425
-0.229547
-0.205225
-0.178018
-0.148605
-0.11788
-0.0869314
-0.0569484
-0.0291851
-0.00489714
0.0146514
0.0283004
0.035055
0.0342062
-0.291934
-0.283098
-0.270006
-0.256436
-0.240283
-0.220581
-0.197675
-0.172112
-0.144502
-0.115651
-0.0865541
-0.0583142
-0.0321018
-0.00910471
0.00948505
0.0225584
0.0291563
0.0285914
-0.27973
-0.271354
-0.258674
-0.245722
-0.230498
-0.211959
-0.190436
-0.166466
-0.140602
-0.113569
-0.0862774
-0.059745
-0.0350615
-0.0133425
0.00429377
0.0167972
0.0232554
0.0230113
-0.267725
-0.259879
-0.247708
-0.235381
-0.221063
-0.203666
-0.183488
-0.161053
-0.136871
-0.111592
-0.0860467
-0.0611737
-0.0379842
-0.0175175
-0.000819761
0.0111246
0.0174575
0.0175592
-0.255976
-0.248694
-0.237104
-0.225408
-0.211971
-0.195688
-0.17681
-0.15585
-0.133279
-0.109684
-0.0858179
-0.0625467
-0.0408042
-0.021556
-0.00577357
0.0056263
0.0118449
0.0123047
-0.244519
-0.237814
-0.226855
-0.215794
-0.203211
-0.188006
-0.170382
-0.150834
-0.129802
-0.107814
-0.0855565
-0.0638224
-0.0434729
-0.0254013
-0.0105051
0.000367272
0.00647869
0.00729705
-0.233381
-0.227247
-0.216951
-0.206527
-0.194769
-0.180604
-0.164186
-0.145986
-0.126418
-0.105961
-0.0852361
-0.0649702
-0.0459546
-0.0290123
-0.0149692
-0.00460595
0.00140195
0.0025686
-0.222578
-0.217001
-0.207382
-0.197594
-0.186633
-0.173467
-0.158204
-0.141287
-0.12311
-0.104106
-0.0848374
-0.0659684
-0.0482244
-0.0323609
-0.0191353
-0.00926217
-0.00335724
-0.00186095
-0.21212
-0.207079
-0.198138
-0.188985
-0.178787
-0.166578
-0.152419
-0.136723
-0.119864
-0.102236
-0.0843468
-0.0668024
-0.0502662
-0.0354295
-0.0229844
-0.0135825
-0.00778244
-0.0059813
-0.202009
-0.197479
-0.189209
-0.180679
-0.17122
-0.159924
-0.146817
-0.132281
-0.116668
-0.10034
-0.083755
-0.0674636
-0.0520711
-0.0382087
-0.0265068
-0.0175576
-0.0118661
-0.00978882
-0.192247
-0.188202
-0.180586
-0.172668
-0.163919
-0.153493
-0.141385
-0.127948
-0.113513
-0.0984112
-0.0830561
-0.0679472
-0.0536354
-0.0406954
-0.0296998
-0.0211852
-0.015607
-0.0132846
-0.182831
-0.179242
-0.172259
-0.164939
-0.156869
-0.147271
-0.136113
-0.123716
-0.110392
-0.0964442
-0.0822472
-0.0682522
-0.0549595
-0.0428909
-0.0325655
-0.0244682
-0.0190087
-0.0164728
-0.173757
-0.170597
-0.164223
-0.157481
-0.150062
-0.141249
-0.13099
-0.119575
-0.107297
-0.0944356
-0.0813273
-0.0683798
-0.0560465
-0.0448001
-0.0351099
-0.0274133
-0.0220782
-0.01936
-0.165019
-0.162261
-0.156468
-0.150286
-0.143486
-0.135416
-0.126007
-0.115519
-0.104225
-0.0923834
-0.080297
-0.0683333
-0.0569018
-0.0464301
-0.0373415
-0.0300296
-0.0248245
-0.0219544
-0.156611
-0.15423
-0.148989
-0.143343
-0.137133
-0.129765
-0.121157
-0.111541
-0.101172
-0.090287
-0.0791587
-0.0681174
-0.0575327
-0.0477901
-0.0392708
-0.0323284
-0.0272586
-0.0242655
-0.148528
-0.146496
-0.141779
-0.136645
-0.130995
-0.124289
-0.116434
-0.107638
-0.0981366
-0.0881469
-0.0779154
-0.0677382
-0.0579476
-0.0488905
-0.0409097
-0.0343222
-0.0293927
-0.0263037
-0.140762
-0.139055
-0.134832
-0.130185
-0.125064
-0.11898
-0.111833
-0.103806
-0.0951166
-0.0859647
-0.0765717
-0.0672027
-0.0581559
-0.0497429
-0.0422712
-0.0360246
-0.0312399
-0.0280801
-0.133308
-0.131901
-0.128142
-0.123956
-0.119334
-0.113833
-0.107349
-0.100042
-0.0921123
-0.0837428
-0.0751327
-0.0665188
-0.058168
-0.0503597
-0.0433691
-0.03745
-0.0328139
-0.0296068
-0.126159
-0.125027
-0.121704
-0.117953
-0.1138
-0.108844
-0.10298
-0.0963455
-0.0891245
-0.0814846
-0.0736044
-0.0656951
-0.0579951
-0.0507541
-0.044218
-0.0386135
-0.0341294
-0.0308963
-0.119308
-0.118428
-0.11551
-0.112169
-0.108455
-0.104008
-0.0987219
-0.0927149
-0.0861546
-0.0791941
-0.0719937
-0.0647412
-0.0576489
-0.0509396
-0.0448328
-0.0395305
-0.035201
-0.0319615
-0.112747
-0.112098
-0.109558
-0.1066
-0.103296
-0.0993226
-0.0945738
-0.0891508
-0.083205
-0.0768763
-0.070308
-0.0636669
-0.0571417
-0.0509306
-0.0452291
-0.0402169
-0.0360442
-0.0328158
-0.10647
-0.106031
-0.10384
-0.10124
-0.0983177
-0.0947845
-0.0905346
-0.0856537
-0.0802787
-0.0745364
-0.0685552
-0.0624827
-0.056486
-0.0507413
-0.0454223
-0.0406887
-0.0366742
-0.0334727
-0.10047
-0.100221
-0.0983517
-0.0960852
-0.0935176
-0.0903915
-0.0866035
-0.0822251
-0.0773791
-0.0721805
-0.0667437
-0.0611993
-0.0556949
-0.0503866
-0.0454284
-0.040962
-0.0371065
-0.033946
-0.0947398
-0.0946606
-0.0930888
-0.0911314
-0.088892
-0.0861418
-0.0827805
-0.0788667
-0.0745102
-0.0698147
-0.0648822
-0.0598277
-0.0547813
-0.049881
-0.0452631
-0.0410531
-0.0373567
-0.0342494
-0.0892716
-0.0893454
-0.0880461
-0.0863744
-0.084438
-0.0820341
-0.0790659
-0.0755809
-0.0716765
-0.0674459
-0.0629798
-0.0583792
-0.0537586
-0.0492394
-0.0449421
-0.0409777
-0.0374402
-0.0343968
-0.0840589
-0.0842691
-0.083219
-0.0818105
-0.0801531
-0.0780673
-0.0754605
-0.0723703
-0.0688825
-0.0650808
-0.0610454
-0.056865
-0.0526397
-0.0484764
-0.0444811
-0.0407519
-0.037372
-0.0344018
-0.0790947
-0.079426
-0.078603
-0.0774363
-0.076035
-0.0742406
-0.0719652
-0.0692377
-0.0661332
-0.0627265
-0.0590884
-0.0552963
-0.0514378
-0.0476064
-0.0438954
-0.0403911
-0.0371672
-0.0342779
-0.0743723
-0.0748104
-0.0741938
-0.0732487
-0.0720817
-0.0705535
-0.0685813
-0.0661862
-0.0634338
-0.0603902
-0.0571179
-0.0536844
-0.0501658
-0.0466437
-0.0432
-0.0399106
-0.0368406
-0.0340384
-0.0698851
-0.0704171
-0.0699873
-0.0692444
-0.0682913
-0.0670059
-0.0653102
-0.0632192
-0.0607894
-0.0580791
-0.0551432
-0.0520403
-0.0488362
-0.0456022
-0.0424096
-0.0393251
-0.0364062
-0.0336962
-0.0656269
-0.0662407
-0.0659797
-0.0654208
-0.0646624
-0.0635976
-0.0621537
-0.0603401
-0.0582053
-0.0558003
-0.0531733
-0.0503747
-0.0474615
-0.0444954
-0.0415385
-0.0386491
-0.035878
-0.0332634
-0.0615917
-0.0622763
-0.0621671
-0.0617754
-0.0611936
-0.0603287
-0.0591134
-0.0575524
-0.0556868
-0.0535611
-0.0512172
-0.0486984
-0.0460537
-0.0433364
-0.0406005
-0.0378967
-0.0352695
-0.0327531
-0.0577738
-0.0585193
-0.0585463
-0.0583057
-0.0578838
-0.0571996
-0.0561913
-0.0548597
-0.0532392
-0.0513685
-0.0492836
-0.0470216
-0.0446245
-0.042138
-0.0396089
-0.0370811
-0.0345939
-0.0321771
-0.0541678
-0.0549653
-0.0551141
-0.0550098
-0.054732
-0.0542108
-0.0533894
-0.0522656
-0.0508679
-0.0492294
-0.047381
-0.0453544
-0.0431852
-0.0409125
-0.0385765
-0.0362155
-0.0338635
-0.0315469
-0.0507689
-0.0516101
-0.0518674
-0.0518857
-0.0517376
-0.0513629
-0.0507099
-0.0497739
-0.048578
-0.0471506
-0.0455178
-0.0437065
-0.0417467
-0.0396716
-0.0375157
-0.035312
-0.0330906
-0.0308736
-0.0475725
-0.0484502
-0.0488038
-0.048932
-0.0489002
-0.0486568
-0.0481549
-0.0473881
-0.0463749
-0.0451388
-0.0437022
-0.0420873
-0.0403196
-0.0384268
-0.0364385
-0.0343828
-0.0322854
-0.0301677
-0.0445744
-0.0454823
-0.0459211
-0.0461474
-0.0462196
-0.0460934
-0.0457269
-0.0451121
-0.0442635
-0.0432006
-0.0419419
-0.040506
-0.0389139
-0.0371891
-0.0353563
-0.0334397
-0.0314614
-0.0294398
-0.0417713
-0.0427036
-0.0432174
-0.0435311
-0.0436958
-0.0436741
-0.0434283
-0.0429497
-0.0422491
-0.0413424
-0.0402447
-0.0389714
-0.0375396
-0.0359689
-0.03428
-0.0324934
-0.0306282
-0.0287001
-0.0391599
-0.0401117
-0.0406913
-0.0410825
-0.0413294
-0.0414003
-0.0412619
-0.0409048
-0.0403369
-0.0395706
-0.0386182
-0.037492
-0.0362061
-0.0347763
-0.0332201
-0.0315547
-0.0297962
-0.0279583
-0.036738
-0.0377049
-0.038342
-0.0388015
-0.0391211
-0.0392738
-0.0392305
-0.0389815
-0.0385319
-0.0378914
-0.0370696
-0.0360762
-0.0349224
-0.0336212
-0.0321868
-0.0306336
-0.0289753
-0.0272235
-0.0345037
-0.035482
-0.036169
-0.0366887
-0.0370721
-0.0372969
-0.0373374
-0.037184
-0.0368396
-0.0363113
-0.0356063
-0.0347322
-0.0336976
-0.0325129
-0.0311898
-0.02974
-0.028175
-0.0265048
-0.032456
-0.0334426
-0.0341726
-0.0347449
-0.0351842
-0.0354719
-0.0355859
-0.0355167
-0.0352653
-0.0348365
-0.0342355
-0.0334679
-0.0325403
-0.0314608
-0.0302386
-0.0288833
-0.0274047
-0.025811
-0.0305946
-0.0315869
-0.0323538
-0.0329717
-0.0334597
-0.0338021
-0.0339801
-0.0339845
-0.0338147
-0.0334735
-0.0329645
-0.0322914
-0.031459
-0.0304736
-0.0293423
-0.0280729
-0.0266734
-0.0251506
-0.0289202
-0.0299161
-0.0307143
-0.0313714
-0.0319014
-0.032291
-0.0325242
-0.0325924
-0.0324936
-0.032229
-0.0318005
-0.0312105
-0.0304622
-0.0295602
-0.02851
-0.0273177
-0.0259897
-0.0245319
-0.0274343
-0.0284323
-0.0292566
-0.0299472
-0.030513
-0.0309428
-0.0312232
-0.031346
-0.0313084
-0.0311099
-0.0307512
-0.0302333
-0.0295583
-0.0287293
-0.0277505
-0.0266264
-0.0253623
-0.023963
-0.0261398
-0.0271385
-0.0279845
-0.0287032
-0.029299
-0.0297627
-0.0300827
-0.0302517
-0.0302658
-0.0301235
-0.0298242
-0.029368
-0.0287559
-0.0279897
-0.0270725
-0.0260077
-0.0247996
-0.0234519
-0.0250406
-0.0260392
-0.0269028
-0.0276445
-0.0282651
-0.0287565
-0.0291092
-0.0293162
-0.0293732
-0.0292775
-0.0290277
-0.028623
-0.0280635
-0.0273502
-0.026485
-0.0254704
-0.0243099
-0.0230065
-0.0241425
-0.0251405
-0.0260177
-0.0267778
-0.0274181
-0.0279315
-0.0283102
-0.0285475
-0.0286387
-0.0285804
-0.0283704
-0.0280072
-0.0274901
-0.0268195
-0.0259966
-0.025023
-0.0239015
-0.0226346
-0.0234519
-0.0244493
-0.0253368
-0.0261107
-0.0267658
-0.0272959
-0.0276941
-0.0279543
-0.0280713
-0.0280413
-0.0278615
-0.0275297
-0.027045
-0.026407
-0.0256163
-0.0246742
-0.0235827
-0.022344
-0.0229798
-0.0239761
-0.0248704
-0.0256535
-0.0263187
-0.0268599
-0.0272712
-0.0275467
-0.0276812
-0.0276704
-0.0275109
-0.0272005
-0.0267377
-0.0261219
-0.0253533
-0.0244327
-0.0233619
-0.0221426
-0.0227345
-0.0237314
-0.0246293
-0.0254172
-0.0260877
-0.0266348
-0.0270528
-0.0273362
-0.0274797
-0.0274786
-0.0273297
-0.0270302
-0.0265787
-0.0259743
-0.025217
-0.0243075
-0.0232473
-0.022038
-0.325564
-0.329376
-0.333138
-0.336859
-0.340545
-0.344207
-0.347851
-0.351487
-0.355125
-0.358775
-0.36245
-0.366162
-0.369929
-0.373768
-0.377703
-0.381759
-0.38597
-0.390376
-0.395032
-0.400027
-0.405519
-0.41189
-0.41969
-0.432832
-0.314193
-0.317992
-0.321744
-0.325459
-0.329143
-0.332807
-0.336459
-0.340112
-0.343776
-0.347465
-0.351196
-0.354988
-0.358864
-0.362852
-0.366986
-0.371309
-0.375876
-0.380759
-0.386054
-0.391895
-0.39843
-0.405957
-0.4138
-0.426274
-0.303137
-0.306938
-0.310698
-0.314428
-0.318134
-0.321827
-0.325517
-0.329216
-0.332936
-0.336692
-0.3405
-0.344378
-0.348349
-0.352438
-0.356672
-0.361087
-0.36572
-0.370615
-0.375814
-0.381367
-0.387255
-0.393716
-0.399808
-0.410675
-0.292303
-0.296088
-0.299837
-0.303559
-0.30726
-0.31095
-0.314638
-0.318335
-0.32205
-0.325797
-0.329588
-0.33344
-0.337368
-0.34139
-0.345526
-0.349798
-0.354229
-0.358845
-0.363669
-0.368755
-0.3741
-0.380082
-0.385762
-0.395772
-0.281621
-0.285366
-0.289078
-0.292763
-0.296429
-0.300083
-0.303733
-0.307388
-0.311056
-0.31475
-0.318478
-0.322255
-0.326094
-0.330009
-0.33402
-0.338145
-0.342408
-0.346841
-0.351475
-0.356378
-0.361533
-0.367273
-0.372603
-0.381407
-0.271117
-0.274805
-0.278462
-0.282093
-0.285705
-0.289305
-0.292899
-0.296496
-0.300103
-0.303729
-0.307385
-0.311082
-0.314831
-0.318649
-0.322549
-0.326553
-0.330679
-0.334955
-0.339401
-0.34406
-0.348884
-0.354153
-0.359015
-0.366697
-0.260817
-0.264435
-0.268023
-0.271588
-0.275133
-0.278666
-0.282192
-0.285718
-0.289251
-0.292799
-0.296371
-0.299976
-0.303625
-0.307329
-0.311101
-0.314955
-0.318906
-0.32297
-0.327159
-0.33151
-0.335983
-0.340827
-0.345371
-0.352131
-0.250731
-0.254268
-0.257777
-0.261263
-0.26473
-0.268184
-0.271629
-0.275071
-0.278517
-0.281974
-0.285447
-0.288945
-0.292477
-0.296051
-0.299678
-0.303367
-0.307131
-0.310984
-0.314938
-0.319026
-0.32322
-0.327711
-0.331981
-0.337917
-0.244312
-0.247733
-0.251131
-0.25451
-0.257875
-0.261229
-0.264578
-0.267927
-0.271282
-0.274648
-0.278031
-0.28144
-0.28488
-0.288361
-0.291891
-0.295481
-0.299143
-0.302886
-0.306734
-0.310663
-0.314814
-0.318813
-0.32404
-0.234576
-0.237901
-0.241204
-0.244488
-0.247757
-0.251013
-0.254262
-0.257508
-0.260756
-0.26401
-0.267275
-0.270559
-0.273866
-0.277203
-0.280579
-0.284
-0.287475
-0.291011
-0.294627
-0.298305
-0.302148
-0.305899
-0.310533
-0.225064
-0.22829
-0.231493
-0.234676
-0.237844
-0.240998
-0.244143
-0.247281
-0.250418
-0.253557
-0.256703
-0.25986
-0.263033
-0.266228
-0.26945
-0.272706
-0.276002
-0.279344
-0.282747
-0.2862
-0.289774
-0.293301
-0.297451
-0.215783
-0.218904
-0.222003
-0.225083
-0.228146
-0.231195
-0.234232
-0.237261
-0.240285
-0.243308
-0.246332
-0.249363
-0.252403
-0.255458
-0.258532
-0.261631
-0.264759
-0.267922
-0.271129
-0.274376
-0.27771
-0.281025
-0.284775
-0.206735
-0.209749
-0.212743
-0.215716
-0.218672
-0.221613
-0.224541
-0.227459
-0.23037
-0.233276
-0.23618
-0.239086
-0.241997
-0.244916
-0.247848
-0.250796
-0.253766
-0.25676
-0.259786
-0.262841
-0.265959
-0.269075
-0.272493
-0.197923
-0.200829
-0.203715
-0.20658
-0.209428
-0.212261
-0.215079
-0.217886
-0.220683
-0.223473
-0.226259
-0.229043
-0.231827
-0.234615
-0.23741
-0.240215
-0.243034
-0.245869
-0.248727
-0.251607
-0.254529
-0.257459
-0.260599
-0.189349
-0.192147
-0.194924
-0.197681
-0.200421
-0.203144
-0.205853
-0.208549
-0.211234
-0.21391
-0.216578
-0.219243
-0.221904
-0.224565
-0.227229
-0.229897
-0.232573
-0.23526
-0.237962
-0.240678
-0.243424
-0.24618
-0.249083
-0.181015
-0.183704
-0.186372
-0.189022
-0.191653
-0.194268
-0.196868
-0.199454
-0.202028
-0.204591
-0.207145
-0.209693
-0.212235
-0.214774
-0.217311
-0.219849
-0.222391
-0.224938
-0.227494
-0.230059
-0.232642
-0.235237
-0.237935
-0.172921
-0.175502
-0.178062
-0.180604
-0.183128
-0.185636
-0.188128
-0.190605
-0.19307
-0.195523
-0.197965
-0.200399
-0.202825
-0.205246
-0.207663
-0.210077
-0.212491
-0.214906
-0.217325
-0.219749
-0.222183
-0.224627
-0.227147
-0.165068
-0.167541
-0.169995
-0.172431
-0.174849
-0.17725
-0.179636
-0.182007
-0.184364
-0.186709
-0.189042
-0.191366
-0.19368
-0.195987
-0.198287
-0.200582
-0.202875
-0.205165
-0.207456
-0.209748
-0.212045
-0.214348
-0.216708
-0.157454
-0.159823
-0.162172
-0.164503
-0.166817
-0.169114
-0.171395
-0.173661
-0.175914
-0.178153
-0.18038
-0.182596
-0.184802
-0.186998
-0.189187
-0.191369
-0.193545
-0.195717
-0.197887
-0.200054
-0.202224
-0.204396
-0.206612
-0.15008
-0.152345
-0.154591
-0.15682
-0.159031
-0.161226
-0.163405
-0.16557
-0.16772
-0.169856
-0.17198
-0.174091
-0.176192
-0.178283
-0.180364
-0.182437
-0.184503
-0.186562
-0.188617
-0.190667
-0.192716
-0.194765
-0.196849
-0.142943
-0.145106
-0.147252
-0.149381
-0.151492
-0.153588
-0.155667
-0.157732
-0.159783
-0.161819
-0.163842
-0.165853
-0.167852
-0.169841
-0.171819
-0.173787
-0.175747
-0.177699
-0.179645
-0.181585
-0.183521
-0.185454
-0.187415
-0.136041
-0.138106
-0.140154
-0.142185
-0.144199
-0.146198
-0.148181
-0.150149
-0.152102
-0.154042
-0.155968
-0.157882
-0.159783
-0.161673
-0.163551
-0.165419
-0.167278
-0.169128
-0.17097
-0.172805
-0.174633
-0.176457
-0.178303
-0.129372
-0.131341
-0.133294
-0.13523
-0.13715
-0.139054
-0.140944
-0.142818
-0.144678
-0.146524
-0.148357
-0.150176
-0.151983
-0.153777
-0.155561
-0.157333
-0.159095
-0.160847
-0.16259
-0.164325
-0.166052
-0.167773
-0.16951
-0.122933
-0.124809
-0.126669
-0.128514
-0.130343
-0.132156
-0.133955
-0.135739
-0.137508
-0.139264
-0.141006
-0.142734
-0.14445
-0.146154
-0.147846
-0.149526
-0.151195
-0.152854
-0.154503
-0.156143
-0.157774
-0.159397
-0.161031
-0.11672
-0.118507
-0.120278
-0.122034
-0.123775
-0.1255
-0.127211
-0.128908
-0.13059
-0.132259
-0.133914
-0.135555
-0.137184
-0.1388
-0.140404
-0.141996
-0.143577
-0.145147
-0.146706
-0.148255
-0.149795
-0.151326
-0.152863
-0.11073
-0.112431
-0.114117
-0.115787
-0.117443
-0.119084
-0.12071
-0.122323
-0.123921
-0.125506
-0.127077
-0.128636
-0.130181
-0.131713
-0.133233
-0.134741
-0.136238
-0.137722
-0.139196
-0.14066
-0.142113
-0.143557
-0.145002
-0.10496
-0.106578
-0.108181
-0.10977
-0.111344
-0.112903
-0.114449
-0.115981
-0.117499
-0.119003
-0.120494
-0.121972
-0.123437
-0.12489
-0.126329
-0.127757
-0.129173
-0.130577
-0.13197
-0.133352
-0.134723
-0.136084
-0.137443
-0.0994063
-0.100944
-0.102468
-0.103978
-0.105474
-0.106955
-0.108423
-0.109878
-0.111319
-0.112746
-0.11416
-0.115562
-0.11695
-0.118326
-0.119689
-0.12104
-0.12238
-0.123707
-0.125023
-0.126327
-0.127621
-0.128904
-0.130181
-0.094064
-0.0955258
-0.0969738
-0.098408
-0.0998287
-0.101236
-0.102629
-0.10401
-0.105377
-0.106731
-0.108072
-0.1094
-0.110715
-0.112018
-0.113309
-0.114587
-0.115853
-0.117107
-0.11835
-0.119581
-0.120802
-0.122011
-0.123211
-0.0889294
-0.0903182
-0.0916937
-0.0930559
-0.0944048
-0.0957406
-0.0970632
-0.0983727
-0.0996693
-0.100953
-0.102224
-0.103482
-0.104728
-0.105962
-0.107183
-0.108392
-0.109589
-0.110774
-0.111947
-0.113109
-0.11426
-0.115399
-0.116527
-0.0839983
-0.0853176
-0.0866239
-0.0879173
-0.0891977
-0.0904654
-0.0917202
-0.0929623
-0.0941918
-0.0954086
-0.096613
-0.0978049
-0.0989844
-0.100152
-0.101307
-0.10245
-0.103581
-0.104701
-0.105808
-0.106905
-0.107989
-0.109063
-0.110123
-0.0792667
-0.0805196
-0.0817599
-0.0829877
-0.084203
-0.0854058
-0.0865961
-0.087774
-0.0889395
-0.0900927
-0.0912337
-0.0923624
-0.093479
-0.0945835
-0.0956761
-0.0967568
-0.0978257
-0.0988829
-0.0999285
-0.100963
-0.101985
-0.102997
-0.103993
-0.0747301
-0.0759199
-0.0770975
-0.078263
-0.0794162
-0.0805573
-0.0816863
-0.0828031
-0.0839079
-0.0850006
-0.0860813
-0.0871501
-0.0882069
-0.089252
-0.0902852
-0.0913067
-0.0923166
-0.0933149
-0.0943018
-0.0952773
-0.0962414
-0.0971946
-0.0981309
-0.0703844
-0.0715143
-0.0726323
-0.0737385
-0.0748328
-0.0759154
-0.0769861
-0.078045
-0.0790921
-0.0801274
-0.081151
-0.0821629
-0.0831631
-0.0841518
-0.0851288
-0.0860943
-0.0870484
-0.0879911
-0.0889224
-0.0898426
-0.0907514
-0.0916495
-0.0925297
-0.0662254
-0.0672984
-0.0683599
-0.0694099
-0.0704484
-0.0714754
-0.0724909
-0.0734948
-0.0744873
-0.0754683
-0.0764378
-0.0773958
-0.0783425
-0.0792777
-0.0802016
-0.0811142
-0.0820155
-0.0829056
-0.0837846
-0.0846525
-0.0855093
-0.0863554
-0.0871831
-0.062249
-0.0632681
-0.0642761
-0.0652728
-0.0662585
-0.0672329
-0.068196
-0.069148
-0.0700888
-0.0710183
-0.0719366
-0.0728437
-0.0737397
-0.0746245
-0.0754982
-0.0763608
-0.0772124
-0.0780529
-0.0788825
-0.0797012
-0.0805089
-0.0813062
-0.0820846
-0.0584511
-0.0594192
-0.0603765
-0.061323
-0.0622586
-0.0631832
-0.064097
-0.0649998
-0.0658917
-0.0667726
-0.0676426
-0.0685016
-0.0693497
-0.070187
-0.0710133
-0.0718287
-0.0726334
-0.0734272
-0.0742103
-0.0749827
-0.0757442
-0.0764955
-0.077228
-0.0548277
-0.0557477
-0.0566572
-0.0575561
-0.0584444
-0.0593221
-0.0601892
-0.0610456
-0.0618914
-0.0627264
-0.0635508
-0.0643645
-0.0651675
-0.0659599
-0.0667416
-0.0675126
-0.0682731
-0.0690229
-0.0697622
-0.0704911
-0.0712093
-0.0719174
-0.0726068
-0.051375
-0.0522496
-0.053114
-0.0539681
-0.0548119
-0.0556453
-0.0564684
-0.0572811
-0.0580833
-0.0588752
-0.0596566
-0.0604276
-0.0611881
-0.0619382
-0.0626779
-0.0634072
-0.0641261
-0.0648346
-0.0655328
-0.0662207
-0.0668982
-0.0675658
-0.068215
-0.0480894
-0.0489212
-0.0497431
-0.0505549
-0.0513568
-0.0521486
-0.0529302
-0.0537018
-0.0544631
-0.0552143
-0.0559553
-0.0566861
-0.0574067
-0.0581171
-0.0588174
-0.0595074
-0.0601873
-0.060857
-0.0615166
-0.0621661
-0.0628054
-0.063435
-0.0640467
-0.0449672
-0.0457588
-0.0465407
-0.0473129
-0.0480754
-0.048828
-0.0495707
-0.0503036
-0.0510265
-0.0517395
-0.0524425
-0.0531356
-0.0538188
-0.0544919
-0.0551551
-0.0558083
-0.0564516
-0.0570849
-0.0577084
-0.0583219
-0.0589255
-0.0595195
-0.0600962
-0.0420052
-0.0427591
-0.0435035
-0.0442385
-0.0449639
-0.0456797
-0.046386
-0.0470825
-0.0477694
-0.0484466
-0.0491141
-0.0497718
-0.0504198
-0.051058
-0.0516865
-0.0523053
-0.0529143
-0.0535136
-0.0541032
-0.0546831
-0.0552533
-0.0558141
-0.0563582
-0.0392003
-0.0399188
-0.0406281
-0.0413282
-0.0420189
-0.0427003
-0.0433724
-0.044035
-0.0446881
-0.0453318
-0.0459659
-0.0465906
-0.0472057
-0.0478113
-0.0484074
-0.0489939
-0.0495709
-0.0501384
-0.0506964
-0.0512449
-0.0517838
-0.0523136
-0.0528274
-0.0365496
-0.0372351
-0.0379115
-0.038579
-0.0392373
-0.0398865
-0.0405266
-0.0411574
-0.041779
-0.0423914
-0.0429944
-0.0435882
-0.0441726
-0.0447478
-0.0453136
-0.04587
-0.0464172
-0.046955
-0.0474835
-0.0480028
-0.0485127
-0.0490136
-0.0494993
-0.0340506
-0.0347052
-0.035351
-0.035988
-0.0366161
-0.0372353
-0.0378455
-0.0384468
-0.039039
-0.0396222
-0.0401962
-0.0407612
-0.0413171
-0.0418639
-0.0424015
-0.04293
-0.0434493
-0.0439596
-0.0444607
-0.0449528
-0.0454357
-0.0459098
-0.0463695
-0.0317009
-0.0323267
-0.032944
-0.0335527
-0.0341527
-0.034744
-0.0353265
-0.0359002
-0.0364651
-0.0370212
-0.0375683
-0.0381066
-0.0386359
-0.0391563
-0.0396678
-0.0401703
-0.0406639
-0.0411486
-0.0416243
-0.0420912
-0.0425491
-0.0429983
-0.0434339
-0.0294986
-0.0300978
-0.0306886
-0.031271
-0.0318449
-0.0324103
-0.0329671
-0.0335153
-0.0340549
-0.0345858
-0.035108
-0.0356215
-0.0361263
-0.0366223
-0.0371096
-0.0375881
-0.0380579
-0.0385189
-0.0389712
-0.0394147
-0.0398496
-0.0402758
-0.0406893
-0.0274421
-0.0280166
-0.028583
-0.0291411
-0.0296909
-0.0302323
-0.0307654
-0.0312901
-0.0318063
-0.032314
-0.0328131
-0.0333038
-0.0337859
-0.0342594
-0.0347244
-0.0351808
-0.0356286
-0.0360679
-0.0364986
-0.0369207
-0.0373343
-0.0377395
-0.0381325
-0.0260821
-0.0266259
-0.0271616
-0.0276892
-0.0282087
-0.0287199
-0.0292229
-0.0297176
-0.0302039
-0.030682
-0.0311517
-0.0316129
-0.0320658
-0.0325103
-0.0329464
-0.0333741
-0.0337934
-0.0342043
-0.0346069
-0.035001
-0.0353869
-0.0357613
-0.0242934
-0.0248165
-0.0253318
-0.0258391
-0.0263383
-0.0268296
-0.0273127
-0.0277878
-0.0282546
-0.0287133
-0.0291639
-0.0296061
-0.0300402
-0.030466
-0.0308836
-0.031293
-0.0316941
-0.032087
-0.0324716
-0.0328481
-0.0332164
-0.033574
-0.0226503
-0.0231546
-0.0236512
-0.02414
-0.0246209
-0.025094
-0.0255591
-0.0260163
-0.0264655
-0.0269066
-0.0273397
-0.0277648
-0.0281818
-0.0285907
-0.0289915
-0.0293843
-0.0297689
-0.0301455
-0.030514
-0.0308745
-0.031227
-0.0315693
-0.0211532
-0.0216405
-0.0221203
-0.0225923
-0.0230567
-0.0235134
-0.0239623
-0.0244033
-0.0248366
-0.0252619
-0.0256794
-0.026089
-0.0264906
-0.0268843
-0.0272701
-0.027648
-0.0280179
-0.0283799
-0.0287339
-0.0290801
-0.0294184
-0.0297472
-0.019803
-0.0202751
-0.0207398
-0.0211969
-0.0216465
-0.0220886
-0.0225229
-0.0229497
-0.0233687
-0.02378
-0.0241835
-0.0245794
-0.0249674
-0.0253476
-0.0257201
-0.0260847
-0.0264416
-0.0267907
-0.027132
-0.0274655
-0.0277913
-0.028108
-0.0186018
-0.0190604
-0.0195117
-0.0199557
-0.0203923
-0.0208214
-0.021243
-0.0216571
-0.0220636
-0.0224626
-0.0228539
-0.0232377
-0.0236138
-0.0239822
-0.024343
-0.0246961
-0.0250416
-0.0253794
-0.0257096
-0.0260321
-0.0263471
-0.0266535
-0.0175516
-0.0179986
-0.0184384
-0.018871
-0.0192963
-0.0197142
-0.0201249
-0.0205281
-0.0209239
-0.0213123
-0.0216932
-0.0220666
-0.0224325
-0.0227908
-0.0231417
-0.023485
-0.0238208
-0.0241491
-0.0244698
-0.024783
-0.0250887
-0.0253863
-0.0166567
-0.0170937
-0.0175237
-0.0179466
-0.0183623
-0.0187708
-0.0191722
-0.0195662
-0.019953
-0.0203325
-0.0207046
-0.0210694
-0.0214267
-0.0217767
-0.0221193
-0.0224545
-0.0227823
-0.0231027
-0.0234157
-0.0237213
-0.0240195
-0.0243099
-0.0159214
-0.0163504
-0.0167725
-0.0171876
-0.0175957
-0.0179967
-0.0183907
-0.0187774
-0.0191571
-0.0195295
-0.0198947
-0.0202526
-0.0206033
-0.0209467
-0.0212828
-0.0216116
-0.0219331
-0.0222473
-0.0225542
-0.0228538
-0.0231461
-0.0234308
-0.0153507
-0.0157733
-0.0161891
-0.0165981
-0.0170002
-0.0173953
-0.0177835
-0.0181646
-0.0185388
-0.0189059
-0.0192658
-0.0196187
-0.0199645
-0.0203031
-0.0206345
-0.0209588
-0.0212759
-0.0215858
-0.0218886
-0.0221842
-0.0224725
-0.0227536
-0.0149573
-0.0153759
-0.0157877
-0.0161928
-0.0165911
-0.0169825
-0.0173671
-0.0177447
-0.0181154
-0.0184791
-0.0188358
-0.0191855
-0.0195282
-0.0198637
-0.0201922
-0.0205136
-0.0208278
-0.021135
-0.021435
-0.0217278
-0.0220135
-0.0222921
-0.0147346
-0.0151505
-0.0155598
-0.0159626
-0.0163587
-0.0167481
-0.0171309
-0.0175069
-0.0178762
-0.0182386
-0.0185942
-0.018943
-0.0192848
-0.0196198
-0.0199479
-0.0202689
-0.0205831
-0.0208903
-0.0211904
-0.0214836
-0.0217698
-0.022049
-0.00655036
-0.00704482
-0.00753258
-0.00801357
-0.0084877
-0.00895489
-0.00941506
-0.00986813
-0.010314
-0.0107527
-0.011184
-0.0116079
-0.0120244
-0.0124333
-0.0128347
-0.0132284
-0.0136144
-0.0139926
-0.014363
-0.0147255
-0.01508
-0.0154266
-0.00677395
-0.00727221
-0.00776361
-0.00824806
-0.00872547
-0.00919577
-0.00965886
-0.0101147
-0.0105631
-0.0110042
-0.0114377
-0.0118637
-0.0122821
-0.0126927
-0.0130956
-0.0134907
-0.0138779
-0.0142572
-0.0146285
-0.0149919
-0.0153471
-0.0156942
-0.00716288
-0.00766721
-0.00816461
-0.00865501
-0.00913832
-0.00961445
-0.0100833
-0.0105449
-0.010999
-0.0114457
-0.0118848
-0.0123164
-0.0127402
-0.0131564
-0.0135648
-0.0139653
-0.0143579
-0.0147427
-0.0151194
-0.0154882
-0.0158489
-0.0162014
-0.00720519
-0.00772575
-0.0082394
-0.00874606
-0.00924564
-0.00973805
-0.0102232
-0.010701
-0.0111715
-0.0116344
-0.0120898
-0.0125376
-0.0129777
-0.0134101
-0.0138347
-0.0142514
-0.0146603
-0.0150612
-0.0154541
-0.015839
-0.0162158
-0.0165845
-0.016945
-0.00791626
-0.00844862
-0.00897404
-0.00949243
-0.0100037
-0.0105078
-0.0110045
-0.0114939
-0.0119759
-0.0124504
-0.0129173
-0.0133765
-0.0138281
-0.0142719
-0.0147079
-0.015136
-0.0155562
-0.0159685
-0.0163729
-0.0167691
-0.0171574
-0.0175376
-0.0179094
-0.00877909
-0.00932602
-0.00986598
-0.0103989
-0.0109246
-0.0114432
-0.0119544
-0.0124582
-0.0129546
-0.0134435
-0.0139248
-0.0143984
-0.0148643
-0.0153224
-0.0157727
-0.0162152
-0.0166498
-0.0170764
-0.017495
-0.0179057
-0.0183083
-0.0187028
-0.0190889
-0.00978863
-0.0103526
-0.0109096
-0.0114596
-0.0120024
-0.012538
-0.0130663
-0.0135871
-0.0141006
-0.0146065
-0.0151048
-0.0155955
-0.0160786
-0.0165538
-0.0170213
-0.0174809
-0.0179327
-0.0183765
-0.0188124
-0.0192404
-0.0196603
-0.0200723
-0.0204756
-0.0109397
-0.0115233
-0.0120999
-0.0126695
-0.013232
-0.0137873
-0.0143353
-0.0148759
-0.0154091
-0.0159348
-0.016453
-0.0169635
-0.0174664
-0.0179616
-0.0184491
-0.0189287
-0.0194005
-0.0198645
-0.0203206
-0.0207688
-0.021209
-0.0216414
-0.0220649
-0.012229
-0.0128347
-0.0134335
-0.0140253
-0.01461
-0.0151875
-0.0157578
-0.0163208
-0.0168764
-0.0174246
-0.0179653
-0.0184984
-0.0190239
-0.0195418
-0.020052
-0.0205545
-0.0210493
-0.0215362
-0.0220154
-0.0224867
-0.0229502
-0.023406
-0.0238526
-0.0136532
-0.0142835
-0.014907
-0.0155235
-0.016133
-0.0167354
-0.0173307
-0.0179186
-0.0184993
-0.0190726
-0.0196385
-0.020197
-0.0207479
-0.0212913
-0.0218271
-0.0223553
-0.0228758
-0.0233887
-0.0238938
-0.0243913
-0.0248811
-0.0253632
-0.0258361
-0.01521
-0.0158675
-0.0165182
-0.017162
-0.0177989
-0.0184287
-0.0190515
-0.0196671
-0.0202755
-0.0208767
-0.0214705
-0.022057
-0.0226361
-0.0232078
-0.023772
-0.0243288
-0.024878
-0.0254197
-0.0259538
-0.0264804
-0.0269995
-0.0275111
-0.0280131
-0.0168975
-0.0175846
-0.0182651
-0.0189388
-0.0196056
-0.0202655
-0.0209185
-0.0215644
-0.0222033
-0.022835
-0.0234595
-0.0240768
-0.0246869
-0.0252897
-0.0258852
-0.0264734
-0.0270543
-0.0276278
-0.0281939
-0.0287527
-0.0293041
-0.0298483
-0.0303826
-0.0187143
-0.0194336
-0.0201464
-0.0208525
-0.0215519
-0.0222446
-0.0229304
-0.0236093
-0.0242813
-0.0249463
-0.0256043
-0.0262553
-0.0268992
-0.027536
-0.0281657
-0.0287883
-0.0294038
-0.0300121
-0.0306133
-0.0312073
-0.0317942
-0.0323743
-0.0329439
-0.0206593
-0.0214134
-0.0221611
-0.0229023
-0.0236369
-0.0243649
-0.0250862
-0.0258009
-0.0265088
-0.0272099
-0.0279042
-0.0285916
-0.0292723
-0.029946
-0.0306129
-0.0312729
-0.031926
-0.0325722
-0.0332116
-0.0338441
-0.0344697
-0.0350888
-0.0356971
-0.0227319
-0.0235234
-0.0243086
-0.0250875
-0.02586
-0.026626
-0.0273856
-0.0281387
-0.0288853
-0.0296253
-0.0303588
-0.0310857
-0.0318059
-0.0325196
-0.0332266
-0.0339271
-0.034621
-0.0353082
-0.035989
-0.0366632
-0.0373308
-0.0379923
-0.0386425
-0.0249318
-0.0257632
-0.0265886
-0.0274078
-0.0282209
-0.0290278
-0.0298284
-0.0306228
-0.0314109
-0.0321927
-0.0329682
-0.0337374
-0.0345003
-0.0352569
-0.0360072
-0.0367512
-0.037489
-0.0382205
-0.0389459
-0.0396651
-0.0403781
-0.0410855
-0.0417808
-0.0272588
-0.0281329
-0.0290011
-0.0298634
-0.0307198
-0.0315702
-0.0324147
-0.0332531
-0.0340856
-0.0349121
-0.0357326
-0.0365471
-0.0373557
-0.0381582
-0.0389549
-0.0397457
-0.0405306
-0.0413097
-0.042083
-0.0428506
-0.0436124
-0.0443692
-0.0451133
-0.0297131
-0.0306325
-0.0315463
-0.0324544
-0.0333568
-0.0342536
-0.0351448
-0.0360302
-0.03691
-0.0377841
-0.0386525
-0.0395154
-0.0403727
-0.0412244
-0.0420706
-0.0429113
-0.0437467
-0.0445766
-0.0454013
-0.0462207
-0.0470349
-0.0478447
-0.0486409
-0.0322952
-0.0332625
-0.0342246
-0.0351813
-0.0361326
-0.0370786
-0.0380192
-0.0389545
-0.0398845
-0.0408092
-0.0417287
-0.0426429
-0.043552
-0.0444561
-0.045355
-0.046249
-0.0471381
-0.0480223
-0.0489018
-0.0497766
-0.0506467
-0.0515133
-0.0523652
-0.0350055
-0.0360236
-0.0370367
-0.0380447
-0.0390477
-0.0400457
-0.0410387
-0.0420268
-0.04301
-0.0439883
-0.0449618
-0.0459306
-0.0468947
-0.0478542
-0.0488092
-0.0497597
-0.0507059
-0.0516479
-0.0525857
-0.0535195
-0.0544492
-0.0553762
-0.0562875
-0.0378448
-0.0389164
-0.0399833
-0.0410454
-0.0421029
-0.0431558
-0.0442041
-0.0452479
-0.0462872
-0.0473222
-0.0483528
-0.0493792
-0.0504015
-0.0514197
-0.052434
-0.0534444
-0.0544512
-0.0554543
-0.056454
-0.0574504
-0.0584434
-0.0594347
-0.060409
-0.040814
-0.0419418
-0.0430653
-0.0441844
-0.0452992
-0.0464098
-0.0475163
-0.0486187
-0.0497172
-0.0508118
-0.0519026
-0.0529898
-0.0540734
-0.0551536
-0.0562305
-0.0573042
-0.0583749
-0.0594428
-0.060508
-0.0615706
-0.0626307
-0.0636901
-0.0647312
-0.0439142
-0.0451009
-0.0462836
-0.0474625
-0.0486375
-0.0498087
-0.0509762
-0.0521403
-0.0533009
-0.0544581
-0.0556122
-0.0567632
-0.0579114
-0.0590568
-0.0601996
-0.06134
-0.0624781
-0.0636142
-0.0647484
-0.0658811
-0.0670119
-0.0681433
-0.0692549
-0.0471463
-0.0483947
-0.0496395
-0.0508808
-0.0521187
-0.0533534
-0.0545849
-0.0558134
-0.0570391
-0.058262
-0.0594824
-0.0607005
-0.0619163
-0.0631301
-0.0643421
-0.0655525
-0.0667615
-0.0679693
-0.0691762
-0.0703825
-0.0715878
-0.0727951
-0.073981
-0.0505116
-0.0518243
-0.0531339
-0.0544405
-0.0557441
-0.057045
-0.0583433
-0.0596392
-0.0609329
-0.0622244
-0.0635142
-0.0648022
-0.0660889
-0.0673743
-0.0686587
-0.0699425
-0.0712257
-0.0725087
-0.0737918
-0.0750753
-0.0763589
-0.077646
-0.0789098
-0.0540113
-0.0553911
-0.0567681
-0.0581426
-0.0595146
-0.0608845
-0.0622524
-0.0636185
-0.064983
-0.0663461
-0.0677081
-0.0690692
-0.0704297
-0.0717899
-0.0731499
-0.0745102
-0.0758711
-0.0772327
-0.0785955
-0.0799598
-0.0813254
-0.082696
-0.0840414
-0.0576468
-0.0590961
-0.0605432
-0.0619882
-0.0634314
-0.0648729
-0.0663131
-0.0677521
-0.0691902
-0.0706276
-0.0720648
-0.0735019
-0.0749392
-0.0763771
-0.0778159
-0.079256
-0.0806976
-0.0821412
-0.083587
-0.0850357
-0.0864867
-0.0879447
-0.0893751
-0.0614194
-0.0629408
-0.0644604
-0.0659785
-0.0674953
-0.0690111
-0.0705261
-0.0720407
-0.0735551
-0.0750696
-0.0765846
-0.0781005
-0.0796175
-0.0811361
-0.0826566
-0.0841794
-0.0857049
-0.0872336
-0.0887658
-0.0903022
-0.0918421
-0.0933909
-0.0949099
-0.0653305
-0.0669264
-0.068521
-0.0701145
-0.0717074
-0.0732999
-0.0748922
-0.0764848
-0.078078
-0.0796722
-0.0812677
-0.082865
-0.0844644
-0.0860664
-0.0876713
-0.0892798
-0.0908922
-0.092509
-0.0941306
-0.0957579
-0.09739
-0.099033
-0.100644
-0.0693814
-0.0710541
-0.0727259
-0.0743973
-0.0760685
-0.0777399
-0.0794119
-0.0810849
-0.0827593
-0.0844355
-0.0861139
-0.087795
-0.0894793
-0.0911673
-0.0928594
-0.0945561
-0.0962581
-0.0979658
-0.0996798
-0.101401
-0.103128
-0.104869
-0.106574
-0.0735735
-0.0753251
-0.0770763
-0.0788275
-0.0805792
-0.0823317
-0.0840855
-0.0858411
-0.0875988
-0.0893592
-0.0911227
-0.09289
-0.0946614
-0.0964376
-0.0982192
-0.100007
-0.101801
-0.103602
-0.105411
-0.107228
-0.109053
-0.110894
-0.112697
-0.0779083
-0.0797406
-0.0815731
-0.0834062
-0.0852402
-0.0870757
-0.0889132
-0.0907532
-0.0925962
-0.0944427
-0.0962933
-0.0981486
-0.100009
-0.101876
-0.103749
-0.105629
-0.107517
-0.109414
-0.11132
-0.113237
-0.115162
-0.117106
-0.119009
-0.0823869
-0.0843018
-0.0862173
-0.0881338
-0.0900519
-0.091972
-0.0938949
-0.0958209
-0.0977507
-0.099685
-0.101624
-0.103569
-0.105521
-0.107479
-0.109446
-0.111421
-0.113405
-0.115399
-0.117404
-0.119422
-0.121449
-0.123498
-0.125502
-0.0870106
-0.0890096
-0.0910095
-0.0930109
-0.0950144
-0.0970205
-0.09903
-0.101043
-0.103061
-0.105085
-0.107114
-0.10915
-0.111194
-0.113246
-0.115307
-0.117377
-0.119459
-0.121552
-0.123658
-0.125777
-0.127909
-0.130064
-0.132172
-0.0917806
-0.0938648
-0.0959503
-0.0980377
-0.100128
-0.102221
-0.104318
-0.10642
-0.108527
-0.11064
-0.11276
-0.114888
-0.117025
-0.119171
-0.121327
-0.123495
-0.125675
-0.127868
-0.130075
-0.132298
-0.134534
-0.136797
-0.139008
-0.096698
-0.0988683
-0.10104
-0.103214
-0.105391
-0.107572
-0.109758
-0.111948
-0.114145
-0.116349
-0.11856
-0.120781
-0.123011
-0.125251
-0.127503
-0.129768
-0.132046
-0.13434
-0.136648
-0.138975
-0.141316
-0.143687
-0.146002
-0.101764
-0.104021
-0.106279
-0.10854
-0.110805
-0.113074
-0.115347
-0.117627
-0.119913
-0.122208
-0.12451
-0.126823
-0.129146
-0.131481
-0.133829
-0.13619
-0.138567
-0.14096
-0.14337
-0.1458
-0.148245
-0.150724
-0.153143
-0.106978
-0.109322
-0.111668
-0.114016
-0.116367
-0.118724
-0.121085
-0.123454
-0.125829
-0.128213
-0.130606
-0.13301
-0.135426
-0.137854
-0.140297
-0.142754
-0.145228
-0.14772
-0.150231
-0.152762
-0.155311
-0.157897
-0.160417
-0.112343
-0.114773
-0.117205
-0.119639
-0.122077
-0.124521
-0.126969
-0.129425
-0.131888
-0.134361
-0.136844
-0.139338
-0.141845
-0.144365
-0.146901
-0.149452
-0.152022
-0.154611
-0.15722
-0.159852
-0.162502
-0.165192
-0.167812
-0.117857
-0.120373
-0.12289
-0.12541
-0.127933
-0.130462
-0.132996
-0.135538
-0.138087
-0.140647
-0.143217
-0.145799
-0.148395
-0.151005
-0.153631
-0.156275
-0.158938
-0.161621
-0.164326
-0.167055
-0.169804
-0.172597
-0.175312
-0.123522
-0.126122
-0.128723
-0.131326
-0.133933
-0.136544
-0.139162
-0.141787
-0.144421
-0.147064
-0.149719
-0.152387
-0.155068
-0.157766
-0.16048
-0.163212
-0.165965
-0.16874
-0.171537
-0.17436
-0.177205
-0.180095
-0.182902
-0.129337
-0.132019
-0.134701
-0.137385
-0.140073
-0.142765
-0.145463
-0.148169
-0.150883
-0.153608
-0.156344
-0.159093
-0.161857
-0.164637
-0.167436
-0.170253
-0.173092
-0.175954
-0.17884
-0.181753
-0.184688
-0.187673
-0.190569
-0.135302
-0.138063
-0.140824
-0.143586
-0.146351
-0.14912
-0.151895
-0.154677
-0.157468
-0.16027
-0.163083
-0.165909
-0.168751
-0.17161
-0.174488
-0.177386
-0.180306
-0.18325
-0.18622
-0.189219
-0.192241
-0.195314
-0.198298
-0.138578
-0.141416
-0.144253
-0.147088
-0.149924
-0.152762
-0.155604
-0.158452
-0.161306
-0.164169
-0.167042
-0.169927
-0.172826
-0.175741
-0.178673
-0.181625
-0.184598
-0.187594
-0.190616
-0.193664
-0.196743
-0.199848
-0.203004
-0.206075
-0.144767
-0.147678
-0.150586
-0.153491
-0.156397
-0.159303
-0.162212
-0.165126
-0.168047
-0.170976
-0.173915
-0.176866
-0.179831
-0.182813
-0.185812
-0.188832
-0.191874
-0.194941
-0.198034
-0.201157
-0.20431
-0.207493
-0.210725
-0.213887
-0.151108
-0.154087
-0.15706
-0.16003
-0.162999
-0.165968
-0.168938
-0.171913
-0.174893
-0.177881
-0.180879
-0.18389
-0.186914
-0.189956
-0.193016
-0.196097
-0.199201
-0.202332
-0.205491
-0.208681
-0.211903
-0.215161
-0.21846
-0.221723
-0.157599
-0.160639
-0.163673
-0.166701
-0.169726
-0.17275
-0.175775
-0.178802
-0.181834
-0.184874
-0.187924
-0.190985
-0.194061
-0.197155
-0.200267
-0.203402
-0.206562
-0.209749
-0.212966
-0.216218
-0.219503
-0.222833
-0.226191
-0.229568
-0.164239
-0.167334
-0.17042
-0.173499
-0.176573
-0.179644
-0.182714
-0.185785
-0.188861
-0.191944
-0.195036
-0.198139
-0.201257
-0.204393
-0.20755
-0.210729
-0.213936
-0.217173
-0.220442
-0.223749
-0.22709
-0.230491
-0.233894
-0.237413
-0.171026
-0.174169
-0.177299
-0.18042
-0.183533
-0.186641
-0.189747
-0.192853
-0.195962
-0.199077
-0.2022
-0.205335
-0.208486
-0.211654
-0.214844
-0.218059
-0.221302
-0.224579
-0.227891
-0.231248
-0.234639
-0.238112
-0.241547
-0.245247
-0.177959
-0.181139
-0.184304
-0.187456
-0.190598
-0.193733
-0.196863
-0.199992
-0.203122
-0.206258
-0.209401
-0.212555
-0.215725
-0.218915
-0.222127
-0.225366
-0.228636
-0.231943
-0.23529
-0.238689
-0.242122
-0.245668
-0.249121
-0.253059
-0.185035
-0.188242
-0.19143
-0.194602
-0.197761
-0.20091
-0.204052
-0.20719
-0.210328
-0.213469
-0.216617
-0.219776
-0.222951
-0.226146
-0.229367
-0.232618
-0.235904
-0.239233
-0.242607
-0.246044
-0.249514
-0.253138
-0.256589
-0.26084
-0.192252
-0.195474
-0.198672
-0.201851
-0.205012
-0.208161
-0.211299
-0.214431
-0.21756
-0.220691
-0.223828
-0.226975
-0.230138
-0.233321
-0.236532
-0.239776
-0.243061
-0.246397
-0.249788
-0.25326
-0.256768
-0.260485
-0.263926
-0.268583
-0.199605
-0.202827
-0.206022
-0.209191
-0.212339
-0.21547
-0.218587
-0.221694
-0.224797
-0.227899
-0.231005
-0.234123
-0.237256
-0.240411
-0.243596
-0.246818
-0.250084
-0.253408
-0.256794
-0.26028
-0.263814
-0.267632
-0.271063
-0.276246
-0.20709
-0.210297
-0.213469
-0.216611
-0.219727
-0.222819
-0.225894
-0.228954
-0.232006
-0.235056
-0.238108
-0.24117
-0.24425
-0.247356
-0.250497
-0.253684
-0.256928
-0.26024
-0.263626
-0.267123
-0.270672
-0.274569
-0.277968
-0.28378
-0.214703
-0.217875
-0.221006
-0.2241
-0.227161
-0.230193
-0.233201
-0.236189
-0.239164
-0.24213
-0.245096
-0.248069
-0.251058
-0.254073
-0.257129
-0.26024
-0.263423
-0.266702
-0.270093
-0.273636
-0.277264
-0.281299
-0.284703
-0.291224
-0.222435
-0.225553
-0.228622
-0.231647
-0.234631
-0.237579
-0.240497
-0.243389
-0.246261
-0.249119
-0.251972
-0.254827
-0.257693
-0.260582
-0.263506
-0.266483
-0.269532
-0.272683
-0.275968
-0.279455
-0.283122
-0.287333
-0.290925
-0.298369
-0.230265
-0.233306
-0.236288
-0.239218
-0.242099
-0.244937
-0.247738
-0.250507
-0.253251
-0.25598
-0.2587
-0.261423
-0.26416
-0.266923
-0.269729
-0.272592
-0.275532
-0.278569
-0.281727
-0.285058
-0.288568
-0.292662
-0.29631
-0.304746
-0.23817
-0.2411
-0.243962
-0.246759
-0.249496
-0.252179
-0.254813
-0.257406
-0.259965
-0.262501
-0.265024
-0.267551
-0.270097
-0.272684
-0.275338
-0.278088
-0.280972
-0.284029
-0.2873
-0.290828
-0.294598
-0.298837
-0.302598
-0.311571
-0.246199
-0.248991
-0.251699
-0.254324
-0.256871
-0.259343
-0.261744
-0.264078
-0.266352
-0.268575
-0.270756
-0.272913
-0.275063
-0.277233
-0.279457
-0.281782
-0.284265
-0.286988
-0.290057
-0.293619
-0.297838
-0.302988
-0.308463
-0.318862
-0.254468
-0.257127
-0.259687
-0.262151
-0.26452
-0.266795
-0.268976
-0.271066
-0.273067
-0.274981
-0.276815
-0.278576
-0.280277
-0.281933
-0.283568
-0.28521
-0.286899
-0.288687
-0.290647
-0.292895
-0.295629
-0.299273
-0.304604
-0.315733
-0.0162794
-0.0175311
-0.018668
-0.0196737
-0.0205349
-0.0212402
-0.0217782
-0.0221372
-0.0223054
-0.0222718
-0.022027
-0.0215628
-0.0208728
-0.0199524
-0.0187994
-0.0174137
-0.0157981
-0.0139584
-0.0165538
-0.0178112
-0.0189505
-0.0199575
-0.0208198
-0.0215254
-0.0220626
-0.0224192
-0.0225832
-0.0225437
-0.0222911
-0.0218174
-0.021116
-0.0201825
-0.0190144
-0.0176119
-0.0159778
-0.0141181
-0.0170812
-0.0183525
-0.019497
-0.0205067
-0.0213714
-0.0220783
-0.0226143
-0.0229663
-0.0231222
-0.0230711
-0.0228036
-0.0223114
-0.021588
-0.0206288
-0.0194314
-0.0179962
-0.0163262
-0.0144276
-0.0178523
-0.0191429
-0.0202948
-0.0213087
-0.0221769
-0.0228856
-0.0234196
-0.0237647
-0.0239087
-0.0238408
-0.0235513
-0.0230321
-0.0222764
-0.0212796
-0.0200394
-0.0185563
-0.0168337
-0.0148782
-0.0188543
-0.0201704
-0.021332
-0.0223515
-0.0232245
-0.0239355
-0.0244669
-0.0248031
-0.0249315
-0.0248415
-0.0245234
-0.0239689
-0.0231711
-0.0221252
-0.0208291
-0.0192836
-0.0174923
-0.0154625
-0.0200798
-0.0214267
-0.0225999
-0.0236262
-0.0245056
-0.0252193
-0.0257473
-0.0260724
-0.0261817
-0.0260645
-0.0257114
-0.0251135
-0.0242639
-0.0231578
-0.0217931
-0.0201708
-0.0182952
-0.0161741
-0.0215214
-0.0229046
-0.0240912
-0.0251254
-0.0260126
-0.0267295
-0.0272535
-0.0275653
-0.0276519
-0.0275028
-0.0271081
-0.026459
-0.0255482
-0.0243708
-0.0229249
-0.0212119
-0.0192365
-0.0170075
-0.0231743
-0.0245988
-0.0258002
-0.026843
-0.0277369
-0.0284596
-0.0289795
-0.0292763
-0.0293368
-0.0291507
-0.0287082
-0.0280001
-0.0270187
-0.0257591
-0.0242195
-0.0224019
-0.0203116
-0.0179582
-0.0250344
-0.0265053
-0.0277233
-0.0287762
-0.02968
-0.0304068
-0.0309216
-0.0312011
-0.0312319
-0.031004
-0.0305074
-0.0297325
-0.0286712
-0.0273185
-0.025673
-0.0237369
-0.0215165
-0.0190222
-0.027099
-0.0286212
-0.0298571
-0.0309214
-0.031836
-0.0325679
-0.0330765
-0.0333366
-0.0333343
-0.0330597
-0.0325027
-0.0316532
-0.0305027
-0.0290461
-0.0272822
-0.0252138
-0.0228479
-0.0201963
-0.0293661
-0.0309443
-0.0321996
-0.0332763
-0.034203
-0.0349404
-0.0354423
-0.0356807
-0.0356417
-0.0353156
-0.034692
-0.0337601
-0.0325111
-0.0309397
-0.0290449
-0.0268301
-0.0243035
-0.021478
-0.0318345
-0.0334735
-0.0347494
-0.0358395
-0.0367796
-0.0375233
-0.0380176
-0.0382321
-0.038153
-0.0377706
-0.0370741
-0.036052
-0.034695
-0.0329978
-0.0309595
-0.0285844
-0.0258814
-0.0228652
-0.0345039
-0.0362083
-0.0375058
-0.0386105
-0.0395652
-0.0403158
-0.0408019
-0.0409904
-0.0408676
-0.040424
-0.0396484
-0.0385283
-0.0370539
-0.0352197
-0.0330253
-0.0304755
-0.0275805
-0.0243566
-0.0373744
-0.0391485
-0.0404686
-0.0415891
-0.0425599
-0.043318
-0.0437952
-0.0439556
-0.0437856
-0.0432761
-0.0424151
-0.0411893
-0.039588
-0.0376056
-0.0352421
-0.0325031
-0.0294001
-0.0259513
-0.0404464
-0.0422948
-0.0436383
-0.0447756
-0.045764
-0.0465305
-0.046998
-0.0471282
-0.0469077
-0.0463277
-0.0453752
-0.0440357
-0.0422979
-0.0401561
-0.0376104
-0.0346675
-0.0313402
-0.0276489
-0.0437209
-0.0456477
-0.0470155
-0.0481708
-0.0491784
-0.049954
-0.0504113
-0.0505092
-0.0502351
-0.04958
-0.0485298
-0.0470689
-0.0451851
-0.0428724
-0.0401313
-0.0369694
-0.0334013
-0.0294494
-0.0471991
-0.0492085
-0.050601
-0.0517756
-0.0528041
-0.0535897
-0.0540362
-0.0541001
-0.0537693
-0.0530347
-0.0518809
-0.0502909
-0.0482514
-0.0457562
-0.0428063
-0.0394103
-0.0355843
-0.0313535
-0.0508822
-0.0529781
-0.054396
-0.0555911
-0.0566425
-0.057439
-0.0578743
-0.0579026
-0.0575122
-0.0566939
-0.0554308
-0.053704
-0.0514993
-0.04881
-0.0456377
-0.0419919
-0.0378907
-0.0333624
-0.0547719
-0.0569579
-0.0584013
-0.0596185
-0.0606947
-0.0615035
-0.0619274
-0.0619185
-0.0614661
-0.0605602
-0.0591822
-0.0573111
-0.0549316
-0.0520367
-0.048628
-0.0447166
-0.0403226
-0.0354774
-0.0588694
-0.0611489
-0.0626182
-0.0638588
-0.064962
-0.0657844
-0.066197
-0.06615
-0.0656333
-0.0646364
-0.0631382
-0.0611156
-0.0585518
-0.0554395
-0.0517806
-0.0475873
-0.0428824
-0.0377006
-0.0631762
-0.0655524
-0.0670475
-0.0683132
-0.0694459
-0.0702834
-0.070685
-0.0705992
-0.0700166
-0.0689255
-0.0673022
-0.0651212
-0.0623639
-0.0590224
-0.0550991
-0.0506075
-0.0455731
-0.0400345
-0.0676934
-0.0701691
-0.0716898
-0.0729823
-0.0741474
-0.075002
-0.0753933
-0.0752683
-0.0746187
-0.0734309
-0.0716782
-0.0693321
-0.0663722
-0.0627898
-0.0585878
-0.0537811
-0.0483981
-0.0424819
-0.0724221
-0.0749995
-0.0765455
-0.0778666
-0.0790671
-0.0799412
-0.0803234
-0.0801597
-0.0794425
-0.0781562
-0.0762703
-0.0737529
-0.0705816
-0.0667467
-0.0622514
-0.0571124
-0.0513613
-0.0450462
-0.0773629
-0.0800438
-0.0816146
-0.0829666
-0.0842057
-0.0851017
-0.0854767
-0.0852756
-0.0844911
-0.0831052
-0.0810829
-0.0783886
-0.0749974
-0.0708985
-0.0660953
-0.0606063
-0.054467
-0.0477311
-0.082516
-0.0853017
-0.0868966
-0.0882817
-0.0895631
-0.0904844
-0.0908545
-0.090618
-0.0897677
-0.088282
-0.0861211
-0.0832448
-0.0796256
-0.0752513
-0.0701252
-0.0642683
-0.0577201
-0.0505408
-0.087881
-0.0907722
-0.0923901
-0.093811
-0.0951391
-0.0960895
-0.0964581
-0.096189
-0.0952752
-0.0936908
-0.0913898
-0.0883274
-0.0844725
-0.0798114
-0.0743477
-0.0681044
-0.061126
-0.0534797
-0.093457
-0.0964536
-0.0980935
-0.0995532
-0.100933
-0.101917
-0.102288
-0.101991
-0.101017
-0.0993359
-0.0968946
-0.0936427
-0.0895451
-0.0845862
-0.0787696
-0.0721209
-0.0646902
-0.0565528
-0.0992423
-0.102343
-0.104004
-0.105506
-0.106942
-0.107965
-0.108344
-0.108024
-0.106996
-0.105222
-0.102641
-0.0991975
-0.0948509
-0.0895833
-0.0833984
-0.0763249
-0.0684191
-0.0597655
-0.105235
-0.108438
-0.110118
-0.111666
-0.113166
-0.114234
-0.114627
-0.114292
-0.113216
-0.111354
-0.108637
-0.104999
-0.100398
-0.0948111
-0.0882423
-0.0807239
-0.0723192
-0.0631234
-0.11143
-0.114734
-0.116432
-0.11803
-0.119599
-0.12072
-0.121136
-0.120794
-0.119679
-0.117736
-0.114886
-0.111056
-0.106195
-0.100279
-0.0933101
-0.0853259
-0.0763976
-0.0666324
-0.117825
-0.121225
-0.122939
-0.124593
-0.12624
-0.127421
-0.12787
-0.127532
-0.126389
-0.124375
-0.121398
-0.117376
-0.112251
-0.105995
-0.0986111
-0.0901395
-0.0806617
-0.0702988
-0.124413
-0.127904
-0.129633
-0.131348
-0.133082
-0.134334
-0.134826
-0.134506
-0.133348
-0.131275
-0.128179
-0.123969
-0.118577
-0.111972
-0.104155
-0.0951738
-0.0851196
-0.0741292
-0.131187
-0.134764
-0.136506
-0.138289
-0.140119
-0.141454
-0.142004
-0.141717
-0.140561
-0.138441
-0.135237
-0.130843
-0.125183
-0.118219
-0.109953
-0.100439
-0.0897794
-0.0781304
-0.13814
-0.141795
-0.143549
-0.145407
-0.147345
-0.148776
-0.1494
-0.149165
-0.148029
-0.145881
-0.142581
-0.13801
-0.132081
-0.12475
-0.116017
-0.105944
-0.0946498
-0.0823095
-0.145262
-0.148986
-0.150751
-0.152693
-0.154752
-0.156294
-0.15701
-0.15685
-0.155757
-0.1536
-0.15022
-0.145481
-0.139284
-0.131576
-0.122359
-0.111701
-0.0997401
-0.0866736
-0.152541
-0.156325
-0.158099
-0.160135
-0.16233
-0.164
-0.164831
-0.16477
-0.163746
-0.161604
-0.158163
-0.153268
-0.146805
-0.138711
-0.128991
-0.117721
-0.10506
-0.0912303
-0.159967
-0.163799
-0.165581
-0.167722
-0.170069
-0.171888
-0.172858
-0.172926
-0.172001
-0.169902
-0.166422
-0.161384
-0.154658
-0.146172
-0.135928
-0.124017
-0.110618
-0.0959872
-0.167525
-0.17139
-0.173181
-0.175441
-0.177957
-0.179947
-0.181085
-0.181315
-0.180524
-0.178499
-0.175006
-0.169843
-0.16286
-0.153972
-0.143184
-0.1306
-0.116426
-0.100952
-0.175199
-0.179083
-0.180882
-0.183276
-0.185983
-0.188168
-0.189508
-0.189938
-0.18932
-0.187406
-0.18393
-0.178661
-0.171427
-0.16213
-0.150776
-0.137485
-0.122494
-0.106132
-0.182973
-0.186858
-0.188667
-0.191213
-0.194132
-0.196541
-0.198119
-0.198792
-0.198391
-0.19663
-0.193204
-0.187854
-0.180377
-0.170664
-0.15872
-0.144686
-0.128832
-0.111536
-0.190828
-0.194693
-0.196517
-0.199234
-0.20239
-0.205054
-0.206911
-0.207877
-0.207743
-0.20618
-0.202845
-0.197439
-0.189731
-0.179594
-0.167034
-0.152217
-0.135453
-0.117171
-0.198741
-0.202564
-0.204411
-0.207323
-0.21074
-0.213693
-0.215876
-0.217188
-0.217377
-0.216066
-0.212866
-0.207435
-0.199509
-0.188939
-0.175738
-0.160094
-0.142368
-0.123045
-0.206686
-0.210443
-0.212327
-0.215459
-0.219163
-0.222442
-0.225004
-0.226724
-0.227297
-0.226296
-0.223282
-0.217862
-0.209733
-0.198724
-0.18485
-0.168334
-0.149588
-0.129166
-0.214629
-0.218298
-0.220242
-0.22362
-0.227637
-0.231285
-0.234285
-0.236478
-0.237504
-0.23688
-0.234107
-0.228739
-0.220424
-0.208968
-0.194391
-0.176951
-0.157124
-0.135541
-0.222531
-0.226091
-0.228129
-0.231781
-0.236136
-0.240199
-0.243701
-0.24644
-0.247996
-0.247821
-0.245355
-0.240085
-0.231606
-0.219696
-0.204382
-0.185963
-0.16499
-0.142177
-0.230341
-0.233781
-0.23596
-0.239912
-0.244629
-0.249158
-0.253233
-0.256597
-0.258765
-0.259123
-0.257035
-0.251915
-0.243298
-0.230929
-0.214841
-0.195386
-0.173194
-0.149081
-0.237997
-0.241318
-0.243702
-0.247975
-0.253077
-0.258127
-0.262852
-0.266927
-0.269798
-0.270779
-0.26915
-0.264241
-0.255517
-0.242687
-0.225789
-0.205234
-0.181747
-0.156257
-0.245419
-0.248647
-0.251318
-0.255924
-0.261432
-0.267066
-0.272521
-0.277397
-0.28107
-0.282775
-0.281696
-0.277068
-0.268277
-0.254984
-0.237239
-0.215519
-0.190658
-0.163711
-0.252509
-0.255707
-0.258763
-0.263702
-0.269638
-0.275922
-0.28219
-0.287961
-0.292544
-0.295083
-0.294656
-0.290391
-0.28158
-0.267832
-0.249204
-0.22625
-0.199932
-0.171443
-0.259144
-0.262431
-0.265982
-0.271239
-0.277624
-0.284626
-0.291792
-0.298557
-0.304163
-0.307656
-0.307996
-0.304188
-0.295418
-0.281229
-0.261688
-0.237434
-0.209572
-0.179455
-0.26518
-0.268747
-0.272907
-0.27845
-0.285308
-0.293098
-0.301242
-0.309101
-0.315849
-0.320426
-0.321661
-0.318421
-0.309768
-0.295166
-0.274687
-0.249068
-0.219575
-0.187743
-0.27046
-0.274582
-0.279457
-0.285236
-0.292597
-0.301237
-0.310434
-0.319486
-0.327499
-0.333299
-0.33557
-0.333027
-0.324586
-0.309615
-0.288185
-0.261142
-0.229935
-0.196301
-0.274822
-0.279866
-0.285532
-0.29149
-0.299387
-0.30893
-0.319245
-0.329585
-0.338986
-0.346152
-0.349615
-0.347917
-0.339805
-0.32453
-0.302153
-0.273638
-0.240639
-0.205118
-0.278138
-0.284541
-0.291017
-0.2971
-0.30557
-0.316062
-0.327538
-0.339253
-0.35016
-0.35884
-0.36366
-0.362975
-0.355336
-0.339846
-0.316546
-0.286525
-0.251666
-0.214179
-0.280372
-0.288564
-0.295791
-0.301964
-0.31104
-0.322488
-0.335173
-0.348338
-0.360858
-0.371197
-0.377546
-0.37806
-0.371062
-0.355476
-0.331302
-0.299761
-0.262985
-0.223464
-0.281617
-0.291923
-0.299747
-0.306002
-0.315708
-0.328109
-0.342022
-0.35669
-0.370915
-0.383047
-0.391098
-0.393008
-0.386843
-0.371309
-0.34634
-0.31329
-0.27456
-0.232945
-0.282067
-0.294596
-0.302794
-0.309169
-0.31951
-0.332838
-0.347983
-0.364192
-0.38019
-0.394233
-0.404148
-0.407653
-0.402527
-0.387216
-0.36156
-0.32704
-0.28634
-0.242591
-0.282212
-0.296496
-0.304857
-0.311462
-0.322429
-0.33665
-0.353028
-0.370812
-0.388651
-0.404722
-0.416661
-0.421955
-0.418066
-0.403141
-0.376903
-0.340954
-0.29828
-0.252367
-0.283196
-0.297638
-0.305955
-0.312985
-0.324577
-0.339667
-0.357285
-0.376673
-0.396433
-0.414642
-0.428763
-0.436044
-0.433587
-0.419195
-0.392448
-0.355076
-0.310391
-0.262259
-0.287418
-0.298742
-0.306494
-0.314075
-0.326271
-0.342138
-0.360865
-0.38174
-0.403191
-0.423376
-0.439552
-0.448819
-0.447941
-0.434343
-0.407382
-0.368842
-0.322314
-0.27205
-0.29811
-0.300453
-0.306913
-0.314715
-0.327119
-0.343204
-0.362235
-0.383411
-0.4055
-0.426524
-0.443559
-0.453829
-0.454051
-0.441453
-0.415155
-0.376798
-0.32998
-0.279079
-0.302862
-0.301504
-0.307825
-0.316286
-0.32937
-0.346172
-0.366057
-0.388217
-0.411056
-0.432785
-0.450515
-0.461331
-0.461745
-0.448826
-0.42169
-0.382159
-0.334073
-0.282016
-0.305385
-0.302163
-0.309133
-0.318495
-0.33248
-0.350193
-0.371063
-0.394122
-0.418035
-0.440591
-0.458924
-0.469978
-0.469994
-0.455889
-0.42691
-0.385268
-0.33524
-0.281701
-0.307135
-0.302622
-0.310456
-0.32066
-0.335463
-0.354006
-0.375759
-0.399634
-0.424437
-0.447892
-0.466822
-0.478127
-0.477817
-0.462636
-0.431929
-0.388287
-0.336415
-0.281473
-0.308291
-0.303073
-0.311839
-0.322815
-0.338376
-0.357697
-0.380281
-0.405009
-0.430632
-0.454784
-0.474339
-0.485942
-0.485421
-0.469327
-0.437082
-0.391629
-0.338076
-0.281847
-0.308949
-0.303606
-0.313345
-0.325045
-0.341339
-0.361415
-0.384802
-0.410409
-0.437436
-0.461539
-0.481742
-0.493659
-0.492962
-0.475994
-0.442236
-0.394996
-0.339796
-0.28232
-0.309279
-0.304289
-0.314985
-0.327364
-0.344364
-0.365172
-0.389333
-0.415761
-0.443137
-0.46819
-0.489043
-0.501265
-0.500404
-0.482573
-0.447297
-0.398255
-0.341406
-0.282704
-0.30943
-0.305176
-0.316763
-0.329771
-0.34745
-0.368961
-0.393865
-0.421065
-0.448945
-0.474751
-0.496205
-0.508703
-0.507687
-0.48902
-0.452246
-0.401418
-0.342941
-0.283047
-0.30953
-0.306301
-0.318682
-0.332275
-0.350602
-0.372788
-0.398406
-0.426331
-0.454836
-0.481226
-0.503211
-0.515946
-0.514777
-0.495303
-0.45707
-0.404493
-0.344431
-0.309685
-0.307676
-0.320739
-0.334878
-0.353825
-0.376658
-0.40296
-0.431571
-0.460689
-0.487605
-0.510057
-0.522981
-0.521652
-0.501395
-0.461745
-0.407466
-0.34587
-0.30998
-0.309302
-0.322932
-0.337583
-0.35712
-0.380573
-0.407531
-0.436793
-0.466468
-0.493877
-0.516733
-0.529792
-0.528286
-0.507269
-0.466245
-0.410317
-0.347242
-0.310481
-0.311166
-0.325252
-0.340386
-0.360483
-0.38453
-0.412116
-0.441995
-0.472177
-0.499968
-0.523229
-0.536361
-0.534656
-0.512894
-0.470544
-0.413026
-0.348538
-0.31123
-0.313248
-0.32769
-0.343283
-0.36391
-0.388525
-0.41671
-0.447175
-0.477849
-0.50599
-0.529498
-0.542675
-0.540737
-0.518241
-0.474616
-0.415579
-0.349749
-0.312252
-0.315522
-0.330236
-0.346264
-0.36739
-0.392547
-0.421303
-0.452317
-0.483492
-0.513402
-0.535526
-0.548708
-0.546505
-0.523284
-0.478437
-0.417957
-0.350867
-0.313554
-0.317959
-0.332877
-0.349317
-0.370912
-0.396583
-0.425881
-0.457403
-0.489003
-0.518679
-0.541278
-0.554448
-0.551938
-0.527994
-0.48198
-0.420141
-0.351882
-0.315129
-0.32053
-0.335597
-0.352426
-0.374461
-0.400619
-0.430426
-0.462414
-0.494377
-0.523843
-0.546786
-0.559878
-0.557011
-0.532344
-0.485221
-0.422114
-0.352781
-0.316956
-0.323204
-0.338382
-0.355575
-0.378017
-0.404634
-0.434916
-0.467325
-0.499596
-0.529032
-0.552057
-0.56498
-0.5617
-0.536308
-0.488135
-0.423857
-0.353556
-0.319007
-0.325953
-0.341213
-0.358743
-0.381561
-0.408603
-0.439325
-0.472111
-0.504636
-0.534089
-0.557062
-0.569728
-0.565978
-0.539857
-0.490696
-0.425351
-0.354193
-0.321249
-0.328751
-0.344073
-0.361909
-0.385069
-0.412502
-0.443623
-0.476739
-0.509468
-0.538926
-0.56176
-0.574092
-0.569816
-0.542964
-0.49288
-0.426579
-0.354681
-0.323644
-0.331574
-0.34694
-0.36505
-0.388515
-0.4163
-0.447775
-0.481174
-0.514056
-0.543477
-0.566109
-0.578036
-0.573186
-0.545603
-0.494663
-0.42752
-0.355008
-0.326155
-0.334399
-0.349796
-0.368142
-0.391872
-0.419965
-0.451745
-0.485375
-0.518359
-0.547697
-0.570067
-0.581526
-0.576055
-0.547743
-0.49602
-0.428157
-0.355161
-0.328744
-0.337207
-0.352619
-0.371161
-0.395111
-0.423462
-0.455494
-0.4893
-0.522332
-0.551538
-0.573589
-0.584523
-0.57839
-0.549358
-0.496929
-0.428472
-0.355127
-0.331377
-0.339981
-0.355387
-0.37408
-0.398202
-0.426755
-0.458979
-0.492901
-0.525926
-0.55495
-0.57663
-0.586986
-0.580156
-0.550419
-0.497367
-0.428447
-0.334025
-0.342704
-0.358082
-0.376876
-0.401115
-0.429807
-0.462158
-0.496132
-0.529091
-0.557882
-0.579139
-0.588873
-0.58132
-0.550899
-0.497311
-0.428064
-0.336661
-0.345362
-0.360683
-0.379523
-0.403818
-0.43258
-0.464986
-0.498943
-0.531775
-0.560279
-0.581067
-0.590139
-0.581845
-0.55077
-0.496739
-0.427306
-0.339262
-0.347943
-0.363172
-0.381998
-0.406282
-0.435038
-0.46742
-0.501284
-0.533924
-0.562089
-0.582363
-0.590741
-0.581696
-0.550004
-0.495633
-0.426156
-0.341813
-0.350436
-0.365531
-0.384279
-0.408477
-0.437143
-0.469416
-0.503108
-0.535486
-0.563258
-0.582976
-0.590633
-0.580837
-0.548577
-0.493972
-0.424601
-0.3443
-0.352834
-0.367747
-0.386348
-0.410379
-0.438863
-0.470933
-0.504366
-0.536411
-0.563733
-0.582855
-0.589773
-0.579236
-0.546465
-0.491739
-0.422623
-0.346716
-0.355131
-0.369808
-0.388186
-0.411963
-0.440167
-0.471934
-0.505016
-0.53665
-0.563465
-0.581953
-0.588119
-0.576861
-0.543646
-0.488919
-0.420211
-0.349057
-0.357322
-0.371705
-0.389781
-0.413209
-0.441026
-0.472384
-0.505016
-0.536158
-0.562405
-0.580225
-0.585634
-0.573684
-0.540099
-0.485496
-0.41735
-0.351325
-0.359406
-0.373432
-0.391123
-0.414103
-0.441419
-0.472255
-0.504331
-0.534895
-0.560513
-0.577632
-0.582281
-0.569678
-0.53581
-0.48146
-0.414031
-0.353528
-0.361385
-0.37499
-0.392206
-0.414632
-0.44133
-0.471522
-0.502932
-0.532826
-0.557753
-0.57417
-0.578032
-0.564823
-0.530764
-0.476801
-0.410242
-0.355672
-0.363263
-0.376381
-0.39303
-0.414792
-0.440747
-0.470169
-0.500795
-0.529924
-0.554092
-0.569772
-0.572862
-0.559103
-0.524952
-0.471513
-0.405975
-0.357754
-0.365056
-0.377611
-0.393599
-0.414584
-0.439666
-0.468186
-0.497906
-0.52617
-0.549507
-0.564378
-0.566754
-0.552506
-0.518369
-0.46559
-0.401225
-0.359806
-0.366768
-0.37869
-0.393922
-0.414015
-0.43809
-0.465573
-0.494258
-0.521551
-0.543986
-0.558021
-0.559698
-0.54503
-0.511016
-0.459034
-0.395986
-0.361844
-0.368412
-0.379636
-0.394013
-0.413098
-0.436031
-0.462335
-0.489852
-0.516066
-0.537524
-0.550699
-0.551693
-0.536675
-0.502894
-0.451846
-0.390254
-0.363886
-0.370002
-0.380467
-0.393892
-0.411852
-0.433505
-0.458489
-0.484702
-0.509723
-0.530127
-0.542413
-0.542745
-0.527451
-0.494015
-0.444032
-0.38403
-0.365954
-0.371559
-0.381205
-0.393581
-0.410302
-0.43054
-0.454057
-0.478829
-0.502539
-0.52181
-0.533178
-0.53287
-0.517373
-0.484393
-0.435601
-0.377315
-0.368069
-0.373102
-0.381875
-0.39311
-0.408481
-0.427167
-0.449072
-0.472262
-0.494543
-0.512598
-0.523016
-0.52209
-0.506463
-0.474046
-0.426564
-0.370111
-0.370254
-0.374651
-0.382504
-0.392509
-0.406424
-0.423427
-0.443577
-0.465042
-0.485772
-0.502528
-0.511962
-0.510438
-0.494751
-0.462999
-0.416939
-0.362425
)
;

boundaryField
{
    inlet
    {
        type            zeroGradient;
    }
    outlet
    {
        type            fixedValue;
        value           nonuniform 0();
    }
    cylinder
    {
        type            zeroGradient;
    }
    top
    {
        type            symmetryPlane;
    }
    bottom
    {
        type            symmetryPlane;
    }
    defaultFaces
    {
        type            empty;
    }
    procBoundary2to1
    {
        type            processor;
        value           nonuniform List<scalar> 
200
(
-0.484955
-0.484955
-0.48583
-0.48583
-0.486635
-0.486635
-0.489779
-0.490044
-0.490044
-0.489854
-0.489854
-0.489298
-0.489298
-0.488357
-0.488357
-0.486888
-0.486888
-0.484576
-0.484576
-0.480929
-0.480929
-0.475347
-0.475347
-0.467269
-0.456693
-0.456693
-0.443826
-0.443826
-0.428384
-0.428384
-0.410891
-0.395042
-0.395042
-0.375673
-0.375673
-0.35564
-0.340007
-0.340007
-0.276633
-0.26506
-0.26506
-0.290974
-0.290974
-0.316245
-0.304477
-0.304477
-0.327922
-0.327922
-0.346983
-0.33776
-0.33776
-0.353323
-0.353323
-0.357692
-0.357692
-0.360533
-0.360533
-0.362352
-0.362352
-0.363568
-0.363568
-0.364429
-0.364429
-0.365015
-0.365015
-0.365279
-0.365279
-0.365116
-0.365116
-0.364377
-0.364377
-0.362953
-0.359691
-0.359691
-0.357628
-0.357628
-0.321695
-0.31034
-0.299289
-0.288475
-0.277837
-0.267393
-0.257165
-0.247161
-0.240864
-0.240864
-0.231224
-0.221814
-0.212637
-0.203696
-0.194993
-0.186529
-0.178304
-0.170319
-0.162574
-0.155067
-0.147797
-0.140761
-0.133959
-0.127386
-0.12104
-0.114917
-0.109014
-0.103328
-0.0978539
-0.0925883
-0.0875271
-0.0826661
-0.0780012
-0.0735281
-0.0692428
-0.065141
-0.0612188
-0.0574722
-0.0538972
-0.0504903
-0.0472476
-0.0441659
-0.041242
-0.0384727
-0.0358553
-0.0333873
-0.0310665
-0.0288911
-0.0268595
-0.0255303
-0.0255303
-0.0237624
-0.0221383
-0.0206583
-0.0193235
-0.0181359
-0.0170975
-0.0162126
-0.0154855
-0.0149213
-0.0145321
-0.0143123
-0.00604931
-0.00626892
-0.00665172
-0.00665172
-0.00667783
-0.00737705
-0.00822529
-0.00921777
-0.0103492
-0.0116164
-0.013016
-0.0145458
-0.0162037
-0.0179884
-0.0198988
-0.0219342
-0.0240943
-0.0263789
-0.0287881
-0.0313224
-0.0339823
-0.0367685
-0.0396818
-0.0427234
-0.0458942
-0.0491955
-0.0526287
-0.056195
-0.059896
-0.063733
-0.0677076
-0.0718213
-0.0760756
-0.080472
-0.0850121
-0.0896971
-0.0945286
-0.0995078
-0.104636
-0.109914
-0.115343
-0.120923
-0.126656
-0.132541
-0.132541
-0.135736
-0.141851
-0.148122
-0.154549
-0.161131
-0.167869
-0.174761
-0.181806
-0.189004
-0.196351
-0.203846
-0.211486
-0.219263
-0.227163
-0.235166
-0.243319
-0.251708
)
;
    }
    procBoundary2to3
    {
        type            processor;
        value           nonuniform List<scalar> 
204
(
-0.301451
-0.295071
-0.288291
-0.281114
-0.273541
-0.265574
-0.25722
-0.248483
-0.239372
-0.229894
-0.220061
-0.209885
-0.199382
-0.188569
-0.17747
-0.166111
-0.154521
-0.142738
-0.142738
-0.122011
-0.111678
-0.101196
-0.0906117
-0.0799773
-0.0693497
-0.0587895
-0.0483591
-0.0381213
-0.0281388
-0.0184731
-0.00918238
-0.000321069
0.00806132
0.00806132
0.0042764
0.0113299
0.0179397
0.0240805
0.0297315
0.03484
0.0392767
0.0431728
0.049434
0.0517746
0.0518202
0.0509787
0.0492948
0.0467114
0.0433384
0.0393496
0.034918
0.0302051
0.025358
0.0205023
0.0157375
0.0111353
0.00674351
0.0025903
-0.00130987
-0.0049515
-0.00833441
-0.0114612
-0.0143361
-0.0169639
-0.0193501
-0.0215005
-0.0234216
-0.0251204
-0.0266048
-0.0278831
-0.0289644
-0.0298582
-0.0305747
-0.0311244
-0.0315179
-0.0317664
-0.0318808
-0.0318724
-0.0317517
-0.0315305
-0.0312192
-0.0308286
-0.030369
-0.0298508
-0.0292841
-0.0286784
-0.0280433
-0.0273878
-0.026721
-0.0260515
-0.0253877
-0.0247377
-0.0241097
-0.0235112
-0.0229499
-0.0224334
-0.0219689
-0.0215639
-0.0212255
-0.020961
-0.0207775
-0.0206822
-0.0119035
-0.0120418
-0.0123097
-0.0126996
-0.0132046
-0.0138188
-0.0145372
-0.0153552
-0.0162691
-0.0172756
-0.018372
-0.0195562
-0.0208264
-0.0221817
-0.0236211
-0.0251445
-0.0267521
-0.0284444
-0.0302227
-0.0320884
-0.0340434
-0.0360901
-0.0382312
-0.0404698
-0.0428095
-0.045254
-0.0478075
-0.0504746
-0.0532599
-0.0561684
-0.0592054
-0.0623763
-0.0656865
-0.0691417
-0.0727476
-0.07651
-0.0804345
-0.0845267
-0.0887924
-0.0932368
-0.0978651
-0.102682
-0.107693
-0.112902
-0.118312
-0.123926
-0.129747
-0.135776
-0.142013
-0.148455
-0.155099
-0.161938
-0.168965
-0.176168
-0.183531
-0.191037
-0.198664
-0.206387
-0.214175
-0.221895
-0.228127
-0.230146
-0.228907
-0.227815
-0.227379
-0.227084
-0.226737
-0.226392
-0.283393
-0.283393
-0.28374
-0.284079
-0.284405
-0.284717
-0.28501
-0.285282
-0.285526
-0.285738
-0.285911
-0.286039
-0.286113
-0.286125
-0.286066
-0.354892
-0.354892
-0.354444
-0.353768
-0.35285
-0.351677
-0.350235
-0.34851
-0.346488
-0.344158
-0.341506
-0.33852
-0.335189
-0.331502
-0.327449
-0.323023
-0.318216
-0.313021
-0.307434
)
;
    }
}


// ************************************************************************* //
